0.00432594,-0.00061273,-0.000486828,-0.00020055,-0.000923858,0.00104425,-0.000131495,-0.00061273,0.000917302,-0.000656089,0.000436824,0.00111151,0.00120096,2.78767e-05,-0.000486828,-0.000656089,0.00447483,-0.000311253,-0.000923917,0.00111793,-0.000136831,-0.00020055,0.000436824,-0.000311253,0.00174623,0.00101547,0.000301146,0.000133782,-0.000923858,0.00111151,-0.000923917,0.00101547,0.034996,0.000838372,-0.00171053,0.00104425,0.00120096,0.00111793,0.000301146,0.000838372,0.0279564,-0.000283494,-0.000131495,2.78767e-05,-0.000136831,0.000133782,-0.00171053,-0.000283494,0.0467179,
0.00432517,-0.00061443,-0.000487654,-0.000200694,-0.000923742,0.00104632,-0.000130964,-0.00061443,0.000918199,-0.00065785,0.000434949,0.0011145,0.00120029,2.79146e-05,-0.000487654,-0.00065785,0.00447391,-0.000311876,-0.000923986,0.00111987,-0.000136259,-0.000200694,0.000434949,-0.000311876,0.00174393,0.00100532,0.000291718,0.000134605,-0.000923742,0.0011145,-0.000923986,0.00100532,0.0349996,0.000845884,-0.00170694,0.00104632,0.00120029,0.00111987,0.000291718,0.000845884,0.0279651,-0.000282643,-0.000130964,2.79146e-05,-0.000136259,0.000134605,-0.00170694,-0.000282643,0.0467174,
0.00432452,-0.000616845,-0.000488836,-0.000198566,-0.000924749,0.00104974,-0.000130085,-0.000616845,0.000919915,-0.000660729,0.000433334,0.00111825,0.00119892,2.79558e-05,-0.000488836,-0.000660729,0.00447169,-0.000314196,-0.000923356,0.00112464,-0.000135282,-0.000198566,0.000433334,-0.000314196,0.00174153,0.000989078,0.000283696,0.000135921,-0.000924749,0.00111825,-0.000923356,0.000989078,0.0350021,0.000854074,-0.00169983,0.00104974,0.00119892,0.00112464,0.000283696,0.000854074,0.0279777,-0.000281733,-0.000130085,2.79557e-05,-0.000135282,0.000135921,-0.00169983,-0.000281733,0.0467166,
0.00432422,-0.000619284,-0.000489816,-0.000194958,-0.000925733,0.00105257,-0.000129433,-0.000619284,0.000921696,-0.000663779,0.000431505,0.00112209,0.00119708,2.808e-05,-0.000489816,-0.000663779,0.00446934,-0.000316522,-0.000921906,0.00112926,-0.000134533,-0.000194958,0.000431505,-0.000316522,0.00173928,0.000976786,0.000273313,0.000136759,-0.000925733,0.00112209,-0.000921906,0.000976786,0.0350053,0.000861344,-0.00169558,0.00105257,0.00119708,0.00112926,0.000273313,0.000861344,0.0279888,-0.000280919,-0.000129433,2.808e-05,-0.000134533,0.000136759,-0.00169558,-0.000280919,0.0467161,
0.00432429,-0.000621614,-0.000490571,-0.000189963,-0.000927928,0.00105524,-0.000128613,-0.000621614,0.00092349,-0.000666898,0.000429549,0.00112608,0.00119556,2.81555e-05,-0.000490571,-0.000666898,0.00446679,-0.000319368,-0.000920932,0.00113436,-0.000133587,-0.000189963,0.000429549,-0.000319368,0.00173683,0.00096069,0.000264327,0.000137863,-0.000927928,0.00112608,-0.000920932,0.00096069,0.0350079,0.000869204,-0.00168913,0.00105524,0.00119556,0.00113436,0.000264327,0.000869204,0.028001,-0.000279968,-0.000128613,2.81555e-05,-0.000133587,0.000137863,-0.00168913,-0.000279968,0.0467154,
0.00432465,-0.000623865,-0.000491098,-0.000183807,-0.000930419,0.00105746,-0.000127891,-0.000623865,0.000925264,-0.00067005,0.000427428,0.00113005,0.00119392,2.82576e-05,-0.000491098,-0.00067005,0.00446418,-0.000322257,-0.000919726,0.00113936,-0.000132735,-0.000183807,0.000427428,-0.000322257,0.00173442,0.00094599,0.000254754,0.000138755,-0.000930419,0.00113005,-0.000919726,0.00094599,0.0350107,0.000876634,-0.00168375,0.00105746,0.00119392,0.00113936,0.000254754,0.000876634,0.0280124,-0.000279026,-0.000127891,2.82576e-05,-0.000132734,0.000138755,-0.00168375,-0.000279026,0.0467148,
0.00432518,-0.000626024,-0.000491451,-0.000176883,-0.000933425,0.00105945,-0.000127135,-0.000626024,0.000926997,-0.000673193,0.000425164,0.00113402,0.00119241,2.83448e-05,-0.000491452,-0.000673193,0.00446154,-0.000325264,-0.000918768,0.00114437,-0.000131837,-0.000176883,0.000425164,-0.000325264,0.00173194,0.000930199,0.000245625,0.000139686,-0.000933425,0.00113402,-0.000918767,0.000930199,0.0350133,0.000884177,-0.0016778,0.00105945,0.00119241,0.00114437,0.000245625,0.000884177,0.0280238,-0.000278024,-0.000127135,2.83448e-05,-0.000131837,0.000139686,-0.0016778,-0.000278024,0.0467142,
0.00432579,-0.00062812,-0.000491676,-0.000169462,-0.000936582,0.00106123,-0.000126412,-0.00062812,0.000928691,-0.000676315,0.000422793,0.00113792,0.00119088,2.84362e-05,-0.000491676,-0.000676315,0.00445891,-0.000328235,-0.000917854,0.00114927,-0.00013097,-0.000169462,0.000422793,-0.000328235,0.00172947,0.000914748,0.000236512,0.000140542,-0.000936582,0.00113792,-0.000917854,0.000914748,0.0350158,0.000891555,-0.00167212,0.00106123,0.00119088,0.00114927,0.000236512,0.000891555,0.0280348,-0.000277006,-0.000126412,2.84362e-05,-0.00013097,0.000140542,-0.00167212,-0.000277007,0.0467136,
0.00432642,-0.000630167,-0.000491814,-0.000161697,-0.000939894,0.0010629,-0.000125684,-0.000630167,0.000930364,-0.000679422,0.000420352,0.00114177,0.00118937,2.85238e-05,-0.000491814,-0.000679422,0.00445628,-0.000331225,-0.000917067,0.00115412,-0.000130094,-0.000161697,0.000420352,-0.000331225,0.00172702,0.000899009,0.000227558,0.000141391,-0.000939894,0.00114177,-0.000917067,0.000899009,0.035018,0.000898892,-0.00166632,0.0010629,0.00118937,0.00115412,0.000227558,0.000898892,0.0280457,-0.000275964,-0.000125684,2.85238e-05,-0.000130094,0.000141391,-0.00166632,-0.000275964,0.046713,
0.00432702,-0.00063218,-0.00049189,-0.000153708,-0.000943241,0.00106449,-0.000124965,-0.00063218,0.000932021,-0.000682513,0.000417863,0.00114555,0.00118783,2.86123e-05,-0.00049189,-0.000682513,0.00445364,-0.000334195,-0.000916348,0.0011589,-0.000129225,-0.000153708,0.000417863,-0.000334195,0.00172461,0.000883338,0.000218649,0.000142209,-0.000943241,0.00114555,-0.000916348,0.000883338,0.03502,0.000906126,-0.00166058,0.00106449,0.00118783,0.0011589,0.000218649,0.000906126,0.0280563,-0.00027491,-0.000124965,2.86123e-05,-0.000129225,0.000142209,-0.00166058,-0.00027491,0.0467125,
0.00432758,-0.000634164,-0.000491924,-0.000145568,-0.0009466,0.00106604,-0.000124246,-0.000634164,0.000933669,-0.00068559,0.000415343,0.00114926,0.00118627,2.87002e-05,-0.000491924,-0.00068559,0.004451,-0.000337153,-0.000915712,0.00116362,-0.000128355,-0.000145568,0.000415343,-0.000337153,0.00172225,0.000867605,0.000209809,0.000143014,-0.0009466,0.00114926,-0.000915712,0.000867605,0.0350217,0.000913279,-0.00165482,0.00106604,0.00118627,0.00116362,0.000209809,0.000913279,0.0280668,-0.000273843,-0.000124246,2.87002e-05,-0.000128355,0.000143014,-0.00165482,-0.000273843,0.0467119,
0.00432807,-0.000636127,-0.000491927,-0.000137333,-0.00094993,0.00106757,-0.00012353,-0.000636127,0.000935311,-0.000688653,0.000412801,0.00115291,0.00118467,2.87886e-05,-0.000491927,-0.000688653,0.00444836,-0.000340091,-0.000915143,0.00116827,-0.000127486,-0.000137333,0.000412801,-0.000340091,0.00171994,0.000851895,0.000201006,0.0001438,-0.00094993,0.00115291,-0.000915143,0.000851895,0.0350232,0.00092034,-0.00164908,0.00106757,0.00118467,0.00116827,0.000201006,0.00092034,0.0280771,-0.000272769,-0.00012353,2.87886e-05,-0.000127487,0.0001438,-0.00164908,-0.000272769,0.0467114,
0.00432849,-0.000638073,-0.000491908,-0.000129037,-0.000953215,0.00106909,-0.000122814,-0.000638073,0.00093695,-0.000691703,0.000410245,0.00115649,0.00118303,2.88772e-05,-0.000491908,-0.000691703,0.00444571,-0.000343009,-0.000914642,0.00117287,-0.000126618,-0.000129037,0.000410245,-0.000343009,0.0017177,0.000836187,0.000192242,0.000144573,-0.000953215,0.00115649,-0.000914641,0.000836187,0.0350243,0.000927311,-0.00164335,0.00106909,0.00118303,0.00117287,0.000192242,0.000927311,0.0280872,-0.000271687,-0.000122814,2.88772e-05,-0.000126618,0.000144573,-0.00164335,-0.000271687,0.0467108,
0.00432882,-0.000640002,-0.000491874,-0.000120706,-0.00095644,0.0010706,-0.000122099,-0.000640002,0.000938587,-0.00069474,0.00040768,0.00116,0.00118135,2.89662e-05,-0.000491874,-0.00069474,0.00444306,-0.000345904,-0.000914203,0.00117741,-0.000125749,-0.000120706,0.00040768,-0.000345904,0.00171551,0.000820501,0.000183509,0.000145332,-0.00095644,0.00116,-0.000914203,0.000820501,0.0350253,0.000934192,-0.00163763,0.0010706,0.00118135,0.00117741,0.000183509,0.000934192,0.0280972,-0.000270599,-0.000122099,2.89662e-05,-0.000125749,0.000145332,-0.00163763,-0.000270599,0.0467103,
0.00432907,-0.000641918,-0.000491828,-0.000112356,-0.000959597,0.00107212,-0.000121384,-0.000641918,0.000940224,-0.000697765,0.000405109,0.00116344,0.00117962,2.90556e-05,-0.000491828,-0.000697765,0.0044404,-0.000348776,-0.000913825,0.0011819,-0.00012488,-0.000112356,0.000405109,-0.000348776,0.00171339,0.000804836,0.000174803,0.00014608,-0.000959597,0.00116344,-0.000913825,0.000804836,0.0350259,0.000940982,-0.00163192,0.00107212,0.00117962,0.0011819,0.000174803,0.000940982,0.028107,-0.000269506,-0.000121384,2.90556e-05,-0.00012488,0.00014608,-0.00163192,-0.000269506,0.0467097,
0.00432923,-0.000643821,-0.000491774,-0.000103998,-0.00096268,0.00107364,-0.00012067,-0.000643821,0.000941862,-0.000700776,0.000402535,0.00116681,0.00117785,2.91453e-05,-0.000491774,-0.000700776,0.00443774,-0.000351623,-0.000913507,0.00118633,-0.000124011,-0.000103998,0.000402535,-0.000351623,0.00171134,0.000789197,0.000166124,0.000146816,-0.00096268,0.00116681,-0.000913507,0.000789197,0.0350263,0.000947682,-0.00162622,0.00107364,0.00117785,0.00118633,0.000166124,0.000947682,0.0281167,-0.000268408,-0.00012067,2.91453e-05,-0.000124011,0.000146816,-0.00162622,-0.000268408,0.0467092,
0.00432929,-0.000645711,-0.000491713,-9.56418e-05,-0.000965686,0.00107518,-0.000119954,-0.000645711,0.0009435,-0.000703775,0.000399959,0.00117011,0.00117603,2.92352e-05,-0.000491713,-0.000703775,0.00443507,-0.000354447,-0.000913248,0.00119071,-0.000123141,-9.56418e-05,0.000399959,-0.000354447,0.00170936,0.000773585,0.000157469,0.000147541,-0.000965686,0.00117011,-0.000913247,0.000773585,0.0350264,0.000954292,-0.00162053,0.00107518,0.00117603,0.00119071,0.000157469,0.000954292,0.0281262,-0.000267306,-0.000119954,2.92352e-05,-0.000123141,0.000147541,-0.00162053,-0.000267306,0.0467087,
0.00432926,-0.000647589,-0.000491647,-8.72914e-05,-0.000968613,0.00107672,-0.000119239,-0.000647589,0.000945139,-0.000706762,0.000397382,0.00117335,0.00117417,2.93254e-05,-0.000491647,-0.000706762,0.0044324,-0.000357247,-0.000913045,0.00119503,-0.000122271,-8.72914e-05,0.000397382,-0.000357247,0.00170743,0.000758002,0.000148838,0.000148255,-0.000968614,0.00117335,-0.000913045,0.000758002,0.0350262,0.000960813,-0.00161484,0.00107672,0.00117417,0.00119503,0.000148838,0.000960813,0.0281356,-0.0002662,-0.000119239,2.93254e-05,-0.000122271,0.000148255,-0.00161484,-0.0002662,0.0467081,
0.00432915,-0.000649456,-0.000491576,-7.8951e-05,-0.000971461,0.00107827,-0.000118523,-0.000649456,0.000946779,-0.000709735,0.000394805,0.00117652,0.00117227,2.94157e-05,-0.000491576,-0.000709735,0.00442972,-0.000360022,-0.000912898,0.0011993,-0.0001214,-7.8951e-05,0.000394805,-0.000360022,0.00170558,0.000742448,0.000140231,0.000148959,-0.000971461,0.00117652,-0.000912898,0.000742448,0.0350257,0.000967244,-0.00160917,0.00107827,0.00117227,0.0011993,0.000140231,0.000967244,0.0281448,-0.000265089,-0.000118523,2.94157e-05,-0.0001214,0.000148959,-0.00160917,-0.000265089,0.0467076,
0.00432894,-0.000651311,-0.000491501,-7.06232e-05,-0.000974229,0.00107984,-0.000117807,-0.000651311,0.00094842,-0.000712696,0.000392229,0.00117963,0.00117032,2.95062e-05,-0.000491501,-0.000712696,0.00442704,-0.000362773,-0.000912807,0.00120352,-0.000120529,-7.06232e-05,0.000392229,-0.000362773,0.00170379,0.000726926,0.000131647,0.000149653,-0.000974229,0.00117963,-0.000912807,0.000726926,0.035025,0.000973587,-0.0016035,0.00107984,0.00117032,0.00120352,0.000131647,0.000973587,0.0281538,-0.000263975,-0.000117807,2.95062e-05,-0.000120529,0.000149653,-0.0016035,-0.000263975,0.0467071,
0.00432864,-0.000653154,-0.000491424,-6.231e-05,-0.000976917,0.00108141,-0.00011709,-0.000653154,0.000950062,-0.000715645,0.000389654,0.00118267,0.00116833,2.95967e-05,-0.000491424,-0.000715645,0.00442436,-0.0003655,-0.000912771,0.00120769,-0.000119656,-6.231e-05,0.000389654,-0.0003655,0.00170206,0.000711435,0.000123088,0.000150337,-0.000976917,0.00118267,-0.000912771,0.000711435,0.035024,0.000979842,-0.00159784,0.00108141,0.00116833,0.00120769,0.000123088,0.000979842,0.0281628,-0.000262858,-0.00011709,2.95967e-05,-0.000119657,0.000150337,-0.00159784,-0.000262858,0.0467066,
0.00432825,-0.000654986,-0.000491344,-5.40129e-05,-0.000979525,0.001083,-0.000116373,-0.000654986,0.000951706,-0.000718581,0.00038708,0.00118565,0.00116629,2.96871e-05,-0.000491344,-0.000718581,0.00442167,-0.000368203,-0.000912788,0.0012118,-0.000118784,-5.40129e-05,0.00038708,-0.000368203,0.0017004,0.000695976,0.000114552,0.000151012,-0.000979525,0.00118565,-0.000912788,0.000695976,0.0350227,0.00098601,-0.00159219,0.001083,0.00116629,0.0012118,0.000114552,0.00098601,0.0281716,-0.000261737,-0.000116373,2.96871e-05,-0.000118784,0.000151012,-0.00159219,-0.000261737,0.0467061,
0.00432778,-0.000656806,-0.000491261,-4.57329e-05,-0.000982055,0.00108459,-0.000115655,-0.000656806,0.000953351,-0.000721504,0.000384508,0.00118857,0.00116422,2.97775e-05,-0.000491261,-0.000721504,0.00441898,-0.000370881,-0.000912858,0.00121587,-0.000117911,-4.57329e-05,0.000384508,-0.000370881,0.0016988,0.000680551,0.000106042,0.000151677,-0.000982055,0.00118857,-0.000912858,0.000680551,0.0350212,0.00099209,-0.00158655,0.00108459,0.00116422,0.00121587,0.000106042,0.00099209,0.0281802,-0.000260612,-0.000115655,2.97775e-05,-0.000117911,0.000151677,-0.00158655,-0.000260612,0.0467056,
0.00432721,-0.000658613,-0.000491176,-3.74709e-05,-0.000984506,0.00108619,-0.000114936,-0.000658613,0.000954996,-0.000724414,0.000381937,0.00119142,0.00116211,2.98678e-05,-0.000491176,-0.000724414,0.00441628,-0.000373536,-0.000912981,0.00121988,-0.000117037,-3.74709e-05,0.000381937,-0.000373536,0.00169726,0.000665159,9.75563e-05,0.000152333,-0.000984506,0.00119142,-0.000912981,0.000665159,0.0350195,0.000998083,-0.00158091,0.00108619,0.00116211,0.00121988,9.75563e-05,0.000998083,0.0281887,-0.000259484,-0.000114936,2.98678e-05,-0.000117037,0.000152333,-0.00158091,-0.000259484,0.0467051,
0.00432656,-0.000660409,-0.00049109,-2.92276e-05,-0.000986879,0.0010878,-0.000114217,-0.000660409,0.000956643,-0.000727312,0.000379368,0.00119421,0.00115995,2.99578e-05,-0.00049109,-0.000727312,0.00441358,-0.000376167,-0.000913156,0.00122385,-0.000116162,-2.92277e-05,0.000379368,-0.000376167,0.00169579,0.000649802,8.90963e-05,0.00015298,-0.000986879,0.00119421,-0.000913156,0.000649802,0.0350174,0.00100399,-0.00157528,0.0010878,0.00115995,0.00122385,8.90964e-05,0.00100399,0.0281971,-0.000258353,-0.000114217,2.99579e-05,-0.000116162,0.00015298,-0.00157528,-0.000258353,0.0467046,
0.00432583,-0.000662192,-0.000491001,-2.10038e-05,-0.000989175,0.00108941,-0.000113498,-0.000662192,0.00095829,-0.000730198,0.000376801,0.00119695,0.00115776,3.00476e-05,-0.000491001,-0.000730198,0.00441088,-0.000378773,-0.000913382,0.00122776,-0.000115288,-2.10038e-05,0.000376801,-0.000378773,0.00169437,0.00063448,8.06624e-05,0.000153617,-0.000989175,0.00119695,-0.000913382,0.00063448,0.0350151,0.00100981,-0.00156966,0.00108941,0.00115776,0.00122776,8.06625e-05,0.00100981,0.0282054,-0.000257219,-0.000113498,3.00476e-05,-0.000115288,0.000153617,-0.00156966,-0.000257219,0.0467041,
0.004325,-0.000663963,-0.000490911,-1.28e-05,-0.000991395,0.00109104,-0.000112778,-0.000663963,0.000959938,-0.00073307,0.000374235,0.00119962,0.00115553,3.01371e-05,-0.000490911,-0.00073307,0.00440818,-0.000381357,-0.000913659,0.00123163,-0.000114412,-1.28e-05,0.000374235,-0.000381357,0.00169302,0.000619195,7.22551e-05,0.000154246,-0.000991395,0.00119962,-0.000913659,0.000619195,0.0350126,0.00101555,-0.00156404,0.00109104,0.00115553,0.00123163,7.22551e-05,0.00101555,0.0282135,-0.000256082,-0.000112778,3.01371e-05,-0.000114412,0.000154246,-0.00156404,-0.000256082,0.0467036,
0.0043241,-0.000665722,-0.00049082,-4.61658e-06,-0.00099354,0.00109266,-0.000112058,-0.000665722,0.000961587,-0.000735931,0.000371672,0.00120223,0.00115326,3.02262e-05,-0.00049082,-0.000735931,0.00440547,-0.000383916,-0.000913985,0.00123545,-0.000113537,-4.61658e-06,0.000371672,-0.000383916,0.00169173,0.000603946,6.3875e-05,0.000154866,-0.00099354,0.00120223,-0.000913985,0.000603947,0.0350098,0.0010212,-0.00155844,0.00109266,0.00115326,0.00123545,6.3875e-05,0.0010212,0.0282215,-0.000254942,-0.000112058,3.02262e-05,-0.000113537,0.000154866,-0.00155844,-0.000254942,0.0467031,
0.00432311,-0.000667468,-0.000490727,3.54577e-06,-0.00099561,0.00109429,-0.000111337,-0.000667468,0.000963236,-0.000738778,0.000369111,0.00120479,0.00115096,3.03149e-05,-0.000490727,-0.000738778,0.00440276,-0.000386452,-0.00091436,0.00123922,-0.000112661,3.54577e-06,0.000369111,-0.000386452,0.0016905,0.000588736,5.55224e-05,0.000155476,-0.00099561,0.00120479,-0.00091436,0.000588736,0.0350068,0.00102677,-0.00155284,0.00109429,0.00115096,0.00123922,5.55224e-05,0.00102677,0.0282293,-0.000253799,-0.000111337,3.03149e-05,-0.000112661,0.000155476,-0.00155284,-0.000253799,0.0467026,
0.00432204,-0.000669201,-0.000490634,1.16866e-05,-0.000997605,0.00109593,-0.000110616,-0.000669201,0.000964886,-0.000741613,0.000366552,0.00120729,0.00114862,3.04032e-05,-0.000490634,-0.000741613,0.00440005,-0.000388964,-0.000914784,0.00124294,-0.000111785,1.16866e-05,0.000366552,-0.000388964,0.00168933,0.000573566,4.71981e-05,0.000156078,-0.000997605,0.00120729,-0.000914784,0.000573566,0.0350035,0.00103225,-0.00154725,0.00109593,0.00114862,0.00124294,4.71981e-05,0.00103225,0.028237,-0.000252653,-0.000110616,3.04031e-05,-0.000111785,0.000156078,-0.00154725,-0.000252653,0.0467021,
0.00432089,-0.000670922,-0.000490539,1.98055e-05,-0.000999528,0.00109757,-0.000109895,-0.000670922,0.000966536,-0.000744435,0.000363995,0.00120973,0.00114624,3.04909e-05,-0.000490539,-0.000744435,0.00439733,-0.000391453,-0.000915256,0.00124661,-0.000110909,1.98054e-05,0.000363995,-0.000391453,0.00168822,0.000558435,3.89025e-05,0.000156672,-0.000999528,0.00120973,-0.000915256,0.000558435,0.035,0.00103765,-0.00154166,0.00109757,0.00114624,0.00124661,3.89025e-05,0.00103765,0.0282446,-0.000251504,-0.000109895,3.04908e-05,-0.000110909,0.000156672,-0.00154166,-0.000251504,0.0467017,
0.00431966,-0.000672629,-0.000490443,2.79018e-05,-0.00100138,0.00109921,-0.000109174,-0.000672629,0.000968186,-0.000747245,0.000361441,0.00121211,0.00114383,3.0578e-05,-0.000490443,-0.000747245,0.00439461,-0.000393919,-0.000915775,0.00125024,-0.000110032,2.79018e-05,0.000361441,-0.000393919,0.00168717,0.000543346,3.06362e-05,0.000157256,-0.00100138,0.00121211,-0.000915775,0.000543346,0.0349963,0.00104296,-0.00153609,0.00109921,0.00114383,0.00125024,3.06362e-05,0.00104296,0.028252,-0.000250352,-0.000109174,3.0578e-05,-0.000110032,0.000157256,-0.00153609,-0.000250352,0.0467012,
0.00431836,-0.000674324,-0.000490347,3.59752e-05,-0.00100316,0.00110085,-0.000108452,-0.000674324,0.000969837,-0.000750042,0.00035889,0.00121445,0.00114139,3.06646e-05,-0.000490347,-0.000750042,0.00439189,-0.000396361,-0.00091634,0.00125382,-0.000109156,3.59752e-05,0.00035889,-0.000396361,0.00168617,0.000528298,2.23995e-05,0.000157833,-0.00100316,0.00121445,-0.00091634,0.000528298,0.0349923,0.0010482,-0.00153052,0.00110085,0.00114139,0.00125382,2.23995e-05,0.0010482,0.0282593,-0.000249198,-0.000108452,3.06646e-05,-0.000109156,0.000157833,-0.00153052,-0.000249198,0.0467007,
0.00431697,-0.000676005,-0.000490251,4.40252e-05,-0.00100486,0.00110249,-0.00010773,-0.000676005,0.000971487,-0.000752827,0.000356342,0.00121672,0.00113891,3.07505e-05,-0.000490251,-0.000752827,0.00438917,-0.00039878,-0.000916951,0.00125736,-0.00010828,4.40252e-05,0.000356342,-0.00039878,0.00168524,0.000513294,1.41931e-05,0.0001584,-0.00100486,0.00121672,-0.000916951,0.000513294,0.0349881,0.00105335,-0.00152496,0.00110249,0.00113891,0.00125736,1.41931e-05,0.00105335,0.0282665,-0.000248042,-0.00010773,3.07506e-05,-0.000108279,0.0001584,-0.00152496,-0.000248042,0.0467003,
0.00431551,-0.000677674,-0.000490154,5.20513e-05,-0.0010065,0.00110413,-0.000107008,-0.000677673,0.000973138,-0.000755599,0.000353796,0.00121894,0.0011364,3.08358e-05,-0.000490154,-0.000755599,0.00438645,-0.000401175,-0.000917607,0.00126085,-0.000107403,5.20513e-05,0.000353796,-0.000401175,0.00168436,0.000498334,6.01744e-06,0.00015896,-0.0010065,0.00121894,-0.000917607,0.000498335,0.0349836,0.00105842,-0.00151941,0.00110413,0.0011364,0.00126084,6.01741e-06,0.00105842,0.0282736,-0.000246883,-0.000107008,3.08358e-05,-0.000107403,0.00015896,-0.00151941,-0.000246883,0.0466998,
0.00431397,-0.000679328,-0.000490057,6.0053e-05,-0.00100807,0.00110578,-0.000106286,-0.000679328,0.000974788,-0.000758358,0.000351253,0.00122111,0.00113386,3.09203e-05,-0.000490057,-0.000758358,0.00438372,-0.000403548,-0.000918307,0.00126429,-0.000106527,6.0053e-05,0.000351253,-0.000403548,0.00168353,0.00048342,-2.12705e-06,0.000159511,-0.00100807,0.00122111,-0.000918307,0.00048342,0.0349789,0.00106341,-0.00151387,0.00110578,0.00113386,0.00126429,-2.12708e-06,0.00106341,0.0282805,-0.000245722,-0.000106286,3.09203e-05,-0.000106527,0.000159511,-0.00151387,-0.000245722,0.0466993,
0.00431235,-0.00068097,-0.000489959,6.803e-05,-0.00100957,0.00110742,-0.000105564,-0.00068097,0.000976439,-0.000761105,0.000348713,0.00122323,0.00113129,3.10041e-05,-0.000489959,-0.000761105,0.004381,-0.000405897,-0.000919051,0.00126769,-0.000105651,6.803e-05,0.000348713,-0.000405897,0.00168276,0.000468552,-1.02399e-05,0.000160053,-0.00100957,0.00122323,-0.000919051,0.000468552,0.034974,0.00106831,-0.00150834,0.00110742,0.00113129,0.00126769,-1.02399e-05,0.00106831,0.0282873,-0.000244558,-0.000105564,3.1004e-05,-0.000105651,0.000160053,-0.00150834,-0.000244558,0.0466989,
0.00431066,-0.000682598,-0.000489862,7.59817e-05,-0.001011,0.00110906,-0.000104841,-0.000682598,0.000978089,-0.000763839,0.000346176,0.00122529,0.00112868,3.1087e-05,-0.000489862,-0.000763839,0.00437827,-0.000408224,-0.000919838,0.00127104,-0.000104775,7.59817e-05,0.000346176,-0.000408224,0.00168205,0.000453731,-1.83206e-05,0.000160588,-0.001011,0.00122529,-0.000919838,0.000453731,0.0349689,0.00107314,-0.00150282,0.00110906,0.00112868,0.00127104,-1.83206e-05,0.00107314,0.028294,-0.000243392,-0.000104841,3.1087e-05,-0.000104775,0.000160588,-0.00150282,-0.000243392,0.0466984,
0.0043089,-0.000684213,-0.000489765,8.39078e-05,-0.00101236,0.00111069,-0.000104119,-0.000684213,0.000979738,-0.000766561,0.000343643,0.0012273,0.00112605,3.11691e-05,-0.000489765,-0.000766561,0.00437554,-0.000410528,-0.000920668,0.00127435,-0.0001039,8.39078e-05,0.000343643,-0.000410528,0.00168139,0.000438958,-2.63688e-05,0.000161114,-0.00101236,0.0012273,-0.000920668,0.000438958,0.0349636,0.00107789,-0.0014973,0.00111069,0.00112605,0.00127435,-2.63689e-05,0.00107789,0.0283006,-0.000242225,-0.000104119,3.11691e-05,-0.0001039,0.000161114,-0.0014973,-0.000242225,0.046698,
0.00430707,-0.000685814,-0.000489668,9.18077e-05,-0.00101366,0.00111233,-0.000103397,-0.000685814,0.000981388,-0.00076927,0.000341113,0.00122926,0.00112339,3.12503e-05,-0.000489668,-0.00076927,0.00437282,-0.000412809,-0.000921538,0.00127761,-0.000103025,9.18077e-05,0.000341113,-0.000412809,0.00168079,0.000424235,-3.43841e-05,0.000161633,-0.00101366,0.00122926,-0.000921538,0.000424235,0.034958,0.00108256,-0.0014918,0.00111233,0.00112339,0.00127761,-3.43841e-05,0.00108256,0.028307,-0.000241055,-0.000103397,3.12503e-05,-0.000103025,0.000161633,-0.0014918,-0.000241055,0.0466975,
0.00430517,-0.000687401,-0.000489571,9.96811e-05,-0.00101489,0.00111396,-0.000102675,-0.000687401,0.000983037,-0.000771966,0.000338586,0.00123117,0.0011207,3.13307e-05,-0.000489571,-0.000771966,0.00437009,-0.000415067,-0.00092245,0.00128083,-0.00010215,9.96811e-05,0.000338586,-0.000415067,0.00168023,0.000409562,-4.23659e-05,0.000162143,-0.00101489,0.00123117,-0.00092245,0.000409562,0.0349523,0.00108715,-0.00148631,0.00111396,0.0011207,0.00128083,-4.23659e-05,0.00108715,0.0283133,-0.000239883,-0.000102675,3.13306e-05,-0.00010215,0.000162143,-0.00148631,-0.000239883,0.0466971,
0.00430319,-0.000688975,-0.000489475,0.000107528,-0.00101606,0.00111558,-0.000101954,-0.000688975,0.000984685,-0.00077465,0.000336063,0.00123303,0.00111799,3.141e-05,-0.000489475,-0.00077465,0.00436736,-0.000417302,-0.000923402,0.00128401,-0.000101276,0.000107528,0.000336063,-0.000417302,0.00167974,0.00039494,-5.03141e-05,0.000162645,-0.00101606,0.00123303,-0.000923402,0.00039494,0.0349463,0.00109166,-0.00148083,0.00111558,0.00111799,0.00128401,-5.03141e-05,0.00109166,0.0283195,-0.000238709,-0.000101954,3.141e-05,-0.000101276,0.000162645,-0.00148083,-0.000238709,0.0466966,
0.00430115,-0.000690535,-0.00048938,0.000115347,-0.00101716,0.0011172,-0.000101232,-0.000690535,0.000986333,-0.000777322,0.000333544,0.00123484,0.00111524,3.14885e-05,-0.00048938,-0.000777322,0.00436463,-0.000419515,-0.000924394,0.00128715,-0.000100403,0.000115347,0.000333544,-0.000419515,0.00167929,0.00038037,-5.82281e-05,0.00016314,-0.00101716,0.00123484,-0.000924394,0.00038037,0.0349401,0.0010961,-0.00147536,0.0011172,0.00111524,0.00128715,-5.82281e-05,0.0010961,0.0283256,-0.000237534,-0.000101232,3.14884e-05,-0.000100403,0.00016314,-0.00147536,-0.000237534,0.0466962,
0.00429904,-0.000692081,-0.000489285,0.000123138,-0.0010182,0.00111882,-0.000100511,-0.000692081,0.00098798,-0.000779981,0.000331028,0.00123661,0.00111247,3.15658e-05,-0.000489285,-0.000779981,0.0043619,-0.000421705,-0.000925424,0.00129024,-9.95304e-05,0.000123138,0.000331028,-0.000421705,0.00167889,0.000365853,-6.61077e-05,0.000163626,-0.0010182,0.00123661,-0.000925424,0.000365853,0.0349337,0.00110046,-0.0014699,0.00111882,0.00111247,0.00129024,-6.61077e-05,0.00110046,0.0283316,-0.000236357,-0.000100511,3.15659e-05,-9.95304e-05,0.000163626,-0.0014699,-0.000236357,0.0466957,
0.00429686,-0.000693613,-0.000489191,0.000130901,-0.00101917,0.00112043,-9.97904e-05,-0.000693613,0.000989626,-0.000782627,0.000328517,0.00123832,0.00110968,3.16422e-05,-0.000489191,-0.000782627,0.00435917,-0.000423873,-0.000926493,0.00129329,-9.86584e-05,0.000130901,0.000328517,-0.000423873,0.00167855,0.00035139,-7.39525e-05,0.000164105,-0.00101917,0.00123832,-0.000926493,0.00035139,0.0349271,0.00110474,-0.00146445,0.00112043,0.00110968,0.00129329,-7.39525e-05,0.00110474,0.0283374,-0.000235178,-9.97905e-05,3.16422e-05,-9.86584e-05,0.000164105,-0.00146445,-0.000235178,0.0466953,
0.00429461,-0.000695131,-0.000489098,0.000138636,-0.00102009,0.00112203,-9.907e-05,-0.000695131,0.000991271,-0.000785261,0.000326009,0.00123999,0.00110686,3.17175e-05,-0.000489098,-0.000785261,0.00435644,-0.000426019,-0.000927599,0.0012963,-9.77872e-05,0.000138636,0.000326009,-0.000426019,0.00167826,0.000336982,-8.17621e-05,0.000164576,-0.00102009,0.00123999,-0.000927599,0.000336982,0.0349203,0.00110895,-0.00145901,0.00112203,0.00110686,0.0012963,-8.1762e-05,0.00110895,0.0283431,-0.000233998,-9.907e-05,3.17175e-05,-9.77872e-05,0.000164576,-0.00145901,-0.000233998,0.0466949,
0.0042923,-0.000696635,-0.000489006,0.000146342,-0.00102094,0.00112362,-9.835e-05,-0.000696635,0.000992915,-0.000787883,0.000323506,0.00124161,0.00110401,3.17917e-05,-0.000489006,-0.000787883,0.00435371,-0.000428142,-0.000928742,0.00129927,-9.69168e-05,0.000146342,0.000323506,-0.000428142,0.00167801,0.000322629,-8.95362e-05,0.000165039,-0.00102094,0.00124161,-0.000928742,0.000322629,0.0349133,0.00111309,-0.00145358,0.00112362,0.00110401,0.00129927,-8.95362e-05,0.00111309,0.0283487,-0.000232816,-9.83499e-05,3.17917e-05,-9.69168e-05,0.000165039,-0.00145358,-0.000232816,0.0466944,
0.00428992,-0.000698126,-0.000488916,0.000154018,-0.00102173,0.00112521,-9.76304e-05,-0.000698126,0.000994559,-0.000790491,0.000321007,0.00124319,0.00110114,3.18648e-05,-0.000488916,-0.000790491,0.00435098,-0.000430243,-0.000929921,0.0013022,-9.60474e-05,0.000154018,0.000321007,-0.000430243,0.00167782,0.000308333,-9.72745e-05,0.000165495,-0.00102173,0.00124319,-0.000929921,0.000308333,0.0349061,0.00111715,-0.00144817,0.00112521,0.00110114,0.0013022,-9.72745e-05,0.00111715,0.0283542,-0.000231633,-9.76304e-05,3.18648e-05,-9.60473e-05,0.000165495,-0.00144817,-0.000231633,0.046694,
0.00428748,-0.000699602,-0.000488826,0.000161665,-0.00102247,0.00112679,-9.69114e-05,-0.000699602,0.000996201,-0.000793088,0.000318512,0.00124472,0.00109825,3.19368e-05,-0.000488826,-0.000793088,0.00434826,-0.000432322,-0.000931136,0.00130508,-9.51789e-05,0.000161665,0.000318512,-0.000432322,0.00167768,0.000294093,-0.000104977,0.000165943,-0.00102247,0.00124472,-0.000931136,0.000294093,0.0348987,0.00112113,-0.00144276,0.00112679,0.00109825,0.00130508,-0.000104977,0.00112113,0.0283596,-0.000230449,-9.69114e-05,3.19368e-05,-9.51789e-05,0.000165943,-0.00144276,-0.000230449,0.0466936,
0.00428499,-0.000701062,-0.000488699,0.000169286,-0.00102305,0.00112877,-9.62866e-05,-0.000701052,0.000997844,-0.000795636,0.000316025,0.00124628,0.0010957,3.19231e-05,-0.000488723,-0.000795669,0.00434558,-0.000434374,-0.000932283,0.00130842,-9.44234e-05,0.000169236,0.000316014,-0.00043452,0.00167756,0.000279607,-0.000114095,0.000166719,-0.00102331,0.00124618,-0.0009329,0.000279858,0.0348901,0.00111975,-0.00143615,0.00112721,0.00109516,0.00130439,-0.000113014,0.00111738,0.0283283,-0.000220858,-9.61855e-05,3.20086e-05,-9.42886e-05,0.000166386,-0.00143732,-0.000229028,0.0466931,
0.00428243,-0.00070251,-0.000488612,0.000176873,-0.00102367,0.00113033,-9.55623e-05,-0.000702501,0.000999484,-0.000798208,0.000313539,0.00124772,0.00109276,3.19955e-05,-0.000488636,-0.000798241,0.00434285,-0.00043641,-0.000933562,0.00131123,-9.3549e-05,0.000176823,0.000313529,-0.000436555,0.00167752,0.000265491,-0.000121713,0.000167166,-0.00102392,0.00124762,-0.000934182,0.00026574,0.0348824,0.00112357,-0.00143073,0.00112876,0.00109223,0.00130716,-0.00012062,0.00112125,0.0283333,-0.000219723,-9.54617e-05,3.20782e-05,-9.34139e-05,0.000166839,-0.0014319,-0.000227867,0.0466927,
0.00427981,-0.000703943,-0.00048851,0.00018443,-0.00102418,0.00113204,-9.48726e-05,-0.00070393,0.00100112,-0.000800754,0.000311058,0.00124915,0.00108993,3.20348e-05,-0.000488543,-0.000800799,0.00434015,-0.000438421,-0.000934828,0.0013142,-9.27163e-05,0.000184361,0.000311045,-0.000438624,0.00167751,0.000251324,-0.000129874,0.000167751,-0.00102454,0.00124901,-0.000935704,0.000251673,0.0348741,0.00112517,-0.00142481,0.00112982,0.00108922,0.00130843,-0.000128319,0.00112195,0.0283232,-0.000215206,-9.4732e-05,3.21471e-05,-9.25258e-05,0.000167297,-0.00142644,-0.000226626,0.0466922,
0.00427713,-0.000705363,-0.000488425,0.000191955,-0.00102467,0.00113358,-9.41403e-05,-0.00070535,0.00100276,-0.000803302,0.000308581,0.0012505,0.00108694,3.2106e-05,-0.000488459,-0.000803346,0.00433743,-0.000440412,-0.000936162,0.00131694,-9.18312e-05,0.000191886,0.000308569,-0.000440615,0.00167755,0.000237343,-0.000137413,0.000168212,-0.00102503,0.00125037,-0.000937043,0.00023769,0.0348661,0.00112883,-0.00141935,0.00113134,0.00108626,0.00131111,-0.000135841,0.00112568,0.0283278,-0.000214119,-9.40005e-05,3.22143e-05,-9.16402e-05,0.000167765,-0.00142096,-0.000225502,0.0466917,
0.00427438,-0.000706769,-0.000488341,0.000199449,-0.0010251,0.00113512,-9.34054e-05,-0.000706756,0.0010044,-0.000805837,0.000306108,0.00125181,0.00108393,3.2176e-05,-0.000488375,-0.00080588,0.00433471,-0.00044238,-0.00093752,0.00131964,-9.09422e-05,0.000199381,0.000306097,-0.000442581,0.00167764,0.000223444,-0.000144913,0.000168679,-0.00102546,0.00125169,-0.000938404,0.000223789,0.034858,0.00113242,-0.00141387,0.00113285,0.00108328,0.00131376,-0.000143325,0.00112932,0.0283323,-0.000213049,-9.32666e-05,3.22806e-05,-9.07507e-05,0.000168239,-0.00141548,-0.000224394,0.0466913,
0.00427158,-0.00070816,-0.000488259,0.000206912,-0.00102547,0.00113664,-9.2667e-05,-0.000708148,0.00100603,-0.00080836,0.00030364,0.00125308,0.00108091,3.22447e-05,-0.000488292,-0.000808402,0.00433199,-0.000444328,-0.00093891,0.0013223,-9.00484e-05,0.000206845,0.00030363,-0.000444528,0.00167777,0.000209595,-0.000152376,0.000169151,-0.00102583,0.00125296,-0.000939798,0.000209938,0.0348497,0.00113593,-0.00140837,0.00113436,0.00108028,0.00131637,-0.000150772,0.00113289,0.0283366,-0.00021199,-9.25292e-05,3.23455e-05,-8.98566e-05,0.000168718,-0.00140996,-0.000223297,0.0466908,
0.00426873,-0.000709538,-0.000488178,0.000214344,-0.00102579,0.00113815,-9.19277e-05,-0.000709525,0.00100767,-0.00081087,0.000301177,0.0012543,0.00107786,3.23122e-05,-0.000488212,-0.000810911,0.00432928,-0.000446253,-0.000940323,0.00132492,-8.91529e-05,0.000214277,0.000301168,-0.000446451,0.00167795,0.000195825,-0.000159801,0.000169624,-0.00102615,0.00125419,-0.000941216,0.000196166,0.0348413,0.00113938,-0.00140287,0.00113585,0.00107726,0.00131894,-0.000158181,0.0011364,0.0283409,-0.000210941,-9.17909e-05,3.24092e-05,-8.89607e-05,0.000169197,-0.00140445,-0.000222209,0.0466903,
0.00426581,-0.000710901,-0.000488099,0.000221744,-0.00102605,0.00113964,-9.11865e-05,-0.000710888,0.0010093,-0.000813368,0.000298719,0.00125549,0.0010748,3.23784e-05,-0.000488133,-0.000813408,0.00432656,-0.000448157,-0.000941768,0.00132751,-8.82547e-05,0.000221677,0.000298711,-0.000448354,0.00167817,0.000182109,-0.000167189,0.000170096,-0.00102641,0.00125538,-0.000942664,0.000182448,0.0348328,0.00114275,-0.00139735,0.00113733,0.00107422,0.00132148,-0.000165552,0.00113983,0.028345,-0.000209898,-9.10506e-05,3.24716e-05,-8.80621e-05,0.000169677,-0.00139892,-0.000221125,0.0466897,
0.00426284,-0.000712249,-0.000488022,0.000229112,-0.00102626,0.00114113,-9.04445e-05,-0.000712237,0.00101093,-0.000815853,0.000296266,0.00125664,0.00107172,3.24431e-05,-0.000488056,-0.000815893,0.00432385,-0.00045004,-0.000943242,0.00133006,-8.73554e-05,0.000229046,0.000296259,-0.000450236,0.00167844,0.000168458,-0.000174539,0.000170567,-0.00102661,0.00125654,-0.000944141,0.000168794,0.0348241,0.00114606,-0.00139183,0.0011388,0.00107116,0.00132397,-0.000172887,0.00114319,0.028349,-0.000208859,-9.03096e-05,3.25328e-05,-8.71623e-05,0.000170154,-0.0013934,-0.000220045,0.0466892,
0.00425982,-0.000713584,-0.000487947,0.000236447,-0.00102641,0.0011426,-8.97021e-05,-0.000713572,0.00101256,-0.000818327,0.000293818,0.00125774,0.00106862,3.25065e-05,-0.00048798,-0.000818365,0.00432114,-0.000451902,-0.000944743,0.00133257,-8.64553e-05,0.000236382,0.000293812,-0.000452097,0.00167875,0.000154871,-0.000181851,0.000171035,-0.00102677,0.00125765,-0.000945645,0.000155205,0.0348152,0.0011493,-0.00138632,0.00114026,0.00106809,0.00132644,-0.000180183,0.00114649,0.0283528,-0.000207823,-8.95683e-05,3.25926e-05,-8.62618e-05,0.000170629,-0.00138787,-0.000218966,0.0466887,
0.00425674,-0.000714904,-0.000487874,0.00024375,-0.00102651,0.00114406,-8.89598e-05,-0.000714892,0.00101419,-0.000820787,0.000291376,0.00125881,0.0010655,3.25686e-05,-0.000487907,-0.000820825,0.00431844,-0.000453743,-0.00094627,0.00133505,-8.55551e-05,0.000243685,0.00029137,-0.000453936,0.0016791,0.000141352,-0.000189124,0.000171499,-0.00102687,0.00125872,-0.000947176,0.000141684,0.0348062,0.00115248,-0.0013808,0.00114171,0.001065,0.00132886,-0.000187442,0.00114973,0.0283566,-0.000206789,-8.88271e-05,3.26511e-05,-8.53614e-05,0.000171099,-0.00138234,-0.000217889,0.0466882,
0.00425361,-0.00071621,-0.000487804,0.000251019,-0.00102656,0.0011455,-8.82173e-05,-0.000716198,0.00101581,-0.000823236,0.000288939,0.00125984,0.00106237,3.26291e-05,-0.000487837,-0.000823272,0.00431573,-0.000455564,-0.000947827,0.00133749,-8.46546e-05,0.000250956,0.000288934,-0.000455756,0.00167949,0.000127891,-0.000196359,0.000171958,-0.00102692,0.00125975,-0.000948736,0.000128221,0.034797,0.0011556,-0.00137529,0.00114314,0.0010619,0.00133126,-0.000194662,0.0011529,0.0283603,-0.000205755,-8.80858e-05,3.27082e-05,-8.44606e-05,0.000171565,-0.00137682,-0.00021681,0.0466877,
0.00425043,-0.000717501,-0.000487735,0.000258255,-0.00102656,0.00114693,-8.74757e-05,-0.00071749,0.00101743,-0.000825672,0.000286507,0.00126083,0.00105922,3.26884e-05,-0.000487768,-0.000825708,0.00431303,-0.000457364,-0.000949409,0.0013399,-8.37552e-05,0.000258192,0.000286503,-0.000457554,0.00167992,0.000114504,-0.000203556,0.000172412,-0.00102692,0.00126075,-0.00095032,0.000114832,0.0347877,0.00115865,-0.00136979,0.00114456,0.00105878,0.00133361,-0.000201844,0.00115601,0.0283638,-0.000204721,-8.73453e-05,3.2764e-05,-8.35608e-05,0.000172026,-0.00137131,-0.00021573,0.0466872,
0.0042472,-0.000718779,-0.00048767,0.000265458,-0.00102651,0.00114835,-8.67344e-05,-0.000718768,0.00101906,-0.000828096,0.000284081,0.00126178,0.00105606,3.27461e-05,-0.000487702,-0.000828131,0.00431033,-0.000459143,-0.000951019,0.00134227,-8.2856e-05,0.000265396,0.000284078,-0.000459332,0.00168039,0.000101176,-0.000210714,0.00017286,-0.00102687,0.00126171,-0.000951932,0.000101502,0.0347783,0.00116165,-0.0013643,0.00114596,0.00105564,0.00133594,-0.000208987,0.00115906,0.0283673,-0.000203686,-8.66051e-05,3.28184e-05,-8.26614e-05,0.00017248,-0.0013658,-0.000214648,0.0466867,
0.00424391,-0.000720042,-0.000487606,0.000272627,-0.00102641,0.00114975,-8.59941e-05,-0.000720032,0.00102068,-0.000830508,0.000281661,0.0012627,0.00105289,3.28024e-05,-0.000487638,-0.000830541,0.00430764,-0.000460902,-0.000952654,0.00134461,-8.1958e-05,0.000272565,0.000281659,-0.000461089,0.00168091,8.79181e-05,-0.000217833,0.000173302,-0.00102677,0.00126263,-0.000953569,8.82422e-05,0.0347687,0.00116458,-0.00135882,0.00114736,0.00105249,0.00133822,-0.000216092,0.00116205,0.0283707,-0.000202649,-8.5866e-05,3.28713e-05,-8.17632e-05,0.000172929,-0.0013603,-0.000213565,0.0466861,
0.00424058,-0.000721291,-0.000487545,0.000279761,-0.00102627,0.00115114,-8.52546e-05,-0.000721281,0.00102229,-0.000832908,0.000279247,0.00126358,0.00104969,3.28572e-05,-0.000487577,-0.00083294,0.00430494,-0.000462641,-0.000954315,0.00134691,-8.1061e-05,0.000279701,0.000279245,-0.000462827,0.00168146,7.47242e-05,-0.000224913,0.000173738,-0.00102663,0.00126351,-0.000955233,7.50462e-05,0.0347589,0.00116746,-0.00135334,0.00114873,0.00104932,0.00134048,-0.000223158,0.00116498,0.0283739,-0.000201611,-8.51276e-05,3.29229e-05,-8.08659e-05,0.000173372,-0.00135482,-0.000212478,0.0466856,
0.0042372,-0.000722526,-0.000487487,0.000286862,-0.00102608,0.00115251,-8.45161e-05,-0.000722516,0.00102391,-0.000835295,0.000276838,0.00126442,0.00104649,3.29105e-05,-0.000487518,-0.000835326,0.00430225,-0.00046436,-0.000956001,0.00134918,-8.01654e-05,0.000286802,0.000276837,-0.000464544,0.00168205,6.15981e-05,-0.000231954,0.000174167,-0.00102643,0.00126436,-0.00095692,6.1918e-05,0.034749,0.00117028,-0.00134788,0.00115009,0.00104614,0.0013427,-0.000230186,0.00116785,0.0283771,-0.000200571,-8.43904e-05,3.29731e-05,-7.997e-05,0.000173807,-0.00134934,-0.000211389,0.0466851,
0.00423377,-0.000723747,-0.000487431,0.000293928,-0.00102584,0.00115386,-8.37788e-05,-0.000723737,0.00102552,-0.00083767,0.000274435,0.00126523,0.00104327,3.29624e-05,-0.000487463,-0.0008377,0.00429956,-0.000466059,-0.000957711,0.00135141,-7.92712e-05,0.000293869,0.000274434,-0.000466241,0.00168268,4.85382e-05,-0.000238957,0.00017459,-0.00102619,0.00126518,-0.000958633,4.88562e-05,0.034739,0.00117304,-0.00134243,0.00115144,0.00104295,0.00134489,-0.000237174,0.00117066,0.0283802,-0.000199529,-8.36543e-05,3.30218e-05,-7.90755e-05,0.000174237,-0.00134388,-0.000210297,0.0466846,
0.00423029,-0.000724953,-0.000487378,0.000300959,-0.00102556,0.0011552,-8.30427e-05,-0.000724944,0.00102714,-0.000840033,0.000272038,0.00126601,0.00104004,3.30127e-05,-0.000487409,-0.000840062,0.00429688,-0.000467738,-0.000959446,0.00135361,-7.83785e-05,0.000300901,0.000272038,-0.000467918,0.00168335,3.55458e-05,-0.00024592,0.000175006,-0.00102591,0.00126596,-0.00096037,3.58618e-05,0.0347288,0.00117574,-0.00133699,0.00115277,0.00103974,0.00134704,-0.000244124,0.00117342,0.0283831,-0.000198484,-8.29195e-05,3.30689e-05,-7.81827e-05,0.000174659,-0.00133843,-0.000209202,0.0466841,
