0.00288878,0.000163743,-0.00175991,-0.000227181,-0.00153692,9.72758e-05,-4.37647e-05,0.000163743,0.00115698,0.000185894,-0.00126667,-0.000200094,0.000778651,-3.26482e-07,-0.00175991,0.000185894,0.00334576,-0.000168705,-0.00169034,2.69681e-05,-1.37445e-05,-0.000227181,-0.00126667,-0.000168705,0.00331897,-8.068e-05,-0.000942166,-7.63151e-05,-0.00153692,-0.000200094,-0.00169034,-8.068e-05,0.0278037,-0.000162556,0.00137838,9.72758e-05,0.000778651,2.69681e-05,-0.000942166,-0.000162556,0.025248,0.000407837,-4.37647e-05,-3.26478e-07,-1.37445e-05,-7.63151e-05,0.00137838,0.000407837,0.0466789,
0.00288706,0.000164574,-0.001761,-0.000228714,-0.0015348,0,-4.37073e-05,0.000164574,0.00115728,0.000187173,-0.001266,-0.000198687,0,-6.85424e-08,-0.001761,0.000187173,0.00334505,-0.000169626,-0.00168897,0,-1.36017e-05,-0.000228714,-0.001266,-0.000169626,0.00331649,-7.64698e-05,0,-7.65297e-05,-0.0015348,-0.000198687,-0.00168897,-7.64698e-05,0.027787,0,0.00137694,9.69493e-05,0.000778201,2.5935e-05,-0.000944715,-0.000156608,0,0.000408749,-4.37073e-05,-6.86118e-08,-1.36018e-05,-7.65298e-05,0.00137694,0,0.0466788,
0.00288366,0.000165219,-0.00176255,-0.000230372,-0.00153165,0,-4.37118e-05,0.000165219,0.00115757,0.000188431,-0.00126529,-0.000196727,0,2.12053e-07,-0.00176255,0.000188431,0.00334477,-0.000170341,-0.00168727,0,-1.33635e-05,-0.000230372,-0.00126529,-0.000170341,0.00331365,-7.10233e-05,0,-7.67034e-05,-0.00153165,-0.000196727,-0.00168727,-7.10233e-05,0.0277644,0,0.00137424,9.62961e-05,0.000777438,2.41614e-05,-0.000948568,-0.00014892,0,0.000409744,-4.37117e-05,2.12053e-07,-1.33635e-05,-7.67035e-05,0.00137424,0,0.0466786,
0.00287835,0.000165734,-0.00176422,-0.000232285,-0.0015277,9.58627e-05,-4.3806e-05,0.000165734,0.00115785,0.000189755,-0.00126464,-0.000194898,0.000776477,4.68042e-07,-0.00176422,0.000189755,0.00334562,-0.000170852,-0.00168555,2.21264e-05,-1.29831e-05,-0.000232285,-0.00126464,-0.000170852,0.0033109,-6.56322e-05,-0.000952852,-7.68627e-05,-0.0015277,-0.000194898,-0.00168555,-6.56322e-05,0.0277401,-0.000141249,0.00137117,9.58628e-05,0.000776477,2.21264e-05,-0.000952852,-0.000141249,0.0252481,0.000410785,-4.3806e-05,4.6807e-07,-1.29831e-05,-7.68627e-05,0.00137117,0.000410785,0.0466784,
0.00287174,0.000166117,-0.00176604,-0.00023433,-0.00152312,0,-4.39583e-05,0.000166117,0.00115812,0.000191085,-0.00126402,-0.000192983,0,7.14012e-07,-0.00176604,0.000191085,0.00334714,-0.000171188,-0.00168378,0,-1.2512e-05,-0.00023433,-0.00126402,-0.000171188,0.00330815,-5.99685e-05,0,-7.70019e-05,-0.00152312,-0.000192983,-0.00168378,-5.99685e-05,0.0277137,0,0.00136768,9.54403e-05,0.000775344,1.97635e-05,-0.000957593,-0.000133172,0,0.000411859,-4.39583e-05,7.13984e-07,-1.2512e-05,-7.70019e-05,0.00136768,0,0.0466781,
0.00286447,0.000166403,-0.00176795,-0.000236395,-0.00151809,9.51936e-05,-4.41708e-05,0.000166403,0.00115839,0.000192398,-0.00126336,-0.000191062,0.000774394,9.55236e-07,-0.00176795,0.000192398,0.00334893,-0.000171395,-0.00168182,1.73791e-05,-1.20274e-05,-0.000236395,-0.00126336,-0.000171395,0.0033054,-5.43714e-05,-0.000962063,-7.71365e-05,-0.00151809,-0.000191062,-0.00168182,-5.43715e-05,0.0276885,-0.000125467,0.00136453,9.51936e-05,0.000774394,1.7379e-05,-0.000962063,-0.000125467,0.0252479,0.000412897,-4.41708e-05,9.55236e-07,-1.20274e-05,-7.71364e-05,0.00136453,0.000412897,0.0466779,
0.00285678,0.000166616,-0.00176991,-0.000238472,-0.00151278,9.49384e-05,-4.43992e-05,0.000166616,0.00115866,0.000193698,-0.0012627,-0.000189126,0.000773433,1.18955e-06,-0.00176991,0.000193698,0.00335087,-0.000171512,-0.0016798,1.48697e-05,-1.15171e-05,-0.000238472,-0.0012627,-0.000171512,0.00330263,-4.87049e-05,-0.000966694,-7.72613e-05,-0.00151278,-0.000189126,-0.0016798,-4.87049e-05,0.0276626,-0.000117646,0.00136126,9.49384e-05,0.000773433,1.48697e-05,-0.000966694,-0.000117645,0.0252479,0.000413926,-4.43992e-05,1.18955e-06,-1.15172e-05,-7.72613e-05,0.00136126,0.000413926,0.0466776,
0.00284887,0.000166779,-0.00177188,-0.000240551,-0.00150728,9.47281e-05,-4.4645e-05,0.000166779,0.00115893,0.000194989,-0.00126202,-0.000187189,0.000772527,1.42042e-06,-0.00177188,0.000194989,0.00335291,-0.000171564,-0.00167775,1.23211e-05,-1.09996e-05,-0.000240551,-0.00126202,-0.000171564,0.00329986,-4.30485e-05,-0.000971238,-7.73818e-05,-0.00150728,-0.000187189,-0.00167775,-4.30485e-05,0.0276371,-0.000109922,0.00135809,9.47282e-05,0.000772527,1.23211e-05,-0.000971238,-0.000109922,0.025248,0.000414922,-4.4645e-05,1.42036e-06,-1.09996e-05,-7.73818e-05,0.00135809,0.000414922,0.0466774,
0.00284084,0.000166902,-0.00177384,-0.000242626,-0.00150166,9.45114e-05,-4.48935e-05,0.000166902,0.00115921,0.000196275,-0.00126134,-0.000185259,0.000771627,1.64724e-06,-0.00177384,0.000196275,0.003355,-0.00017157,-0.00167568,9.71606e-06,-1.04739e-05,-0.000242626,-0.00126134,-0.00017157,0.00329709,-3.73793e-05,-0.000975806,-7.74974e-05,-0.00150166,-0.000185258,-0.00167568,-3.73793e-05,0.0276115,-0.000102177,0.00135489,9.45113e-05,0.000771627,9.71606e-06,-0.000975806,-0.000102177,0.0252482,0.000415892,-4.48935e-05,1.64718e-06,-1.0474e-05,-7.74975e-05,0.00135489,0.000415892,0.0466771,
0.00283276,0.000166994,-0.00177577,-0.000244695,-0.00149597,9.42979e-05,-4.51432e-05,0.000166994,0.00115948,0.000197557,-0.00126065,-0.000183337,0.000770747,1.87123e-06,-0.00177577,0.000197557,0.00335711,-0.00017154,-0.00167362,7.07936e-06,-9.94582e-06,-0.000244695,-0.00126065,-0.00017154,0.00329432,-3.1717e-05,-0.000980334,-7.761e-05,-0.00149597,-0.000183337,-0.00167362,-3.1717e-05,0.0275862,-9.44593e-05,0.00135173,9.42978e-05,0.000770747,7.07939e-06,-0.000980334,-9.44592e-05,0.0252485,0.00041683,-4.51432e-05,1.87117e-06,-9.94582e-06,-7.761e-05,0.00135173,0.00041683,0.0466769,
0.00282469,0.000167062,-0.00177766,-0.000246755,-0.00149023,9.40733e-05,-4.53893e-05,0.000167062,0.00115976,0.000198836,-0.00125997,-0.000181429,0.000769872,2.09233e-06,-0.00177766,0.000198836,0.00335922,-0.000171482,-0.00167158,4.40997e-06,-9.41591e-06,-0.000246755,-0.00125997,-0.000171482,0.00329157,-2.60586e-05,-0.000984846,-7.77195e-05,-0.00149023,-0.000181429,-0.00167158,-2.60586e-05,0.0275609,-8.67406e-05,0.00134856,9.40732e-05,0.000769872,4.40997e-06,-0.000984846,-8.67407e-05,0.0252487,0.000417739,-4.53893e-05,2.09233e-06,-9.41591e-06,-7.77196e-05,0.00134856,0.000417739,0.0466767,
0.00281666,0.000167109,-0.00177952,-0.000248805,-0.00148446,9.38389e-05,-4.56309e-05,0.000167109,0.00116004,0.000200115,-0.00125928,-0.000179535,0.000769006,2.31098e-06,-0.00177952,0.000200115,0.00336132,-0.000171401,-0.00166956,1.71593e-06,-8.88609e-06,-0.000248805,-0.00125928,-0.000171401,0.00328882,-2.041e-05,-0.000989326,-7.78267e-05,-0.00148446,-0.000179535,-0.00166956,-2.04099e-05,0.0275359,-7.90328e-05,0.00134541,9.38389e-05,0.000769006,1.71596e-06,-0.000989326,-7.90328e-05,0.0252491,0.000418618,-4.56309e-05,2.31098e-06,-8.88606e-06,-7.78267e-05,0.00134541,0.000418618,0.0466765,
0.00280867,0.000167138,-0.00178134,-0.000250844,-0.00147868,9.35906e-05,-4.58666e-05,0.000167138,0.00116032,0.000201392,-0.00125859,-0.000177657,0.000768144,2.5272e-06,-0.00178134,0.000201392,0.0033634,-0.0001713,-0.00166757,-1.00156e-06,-8.3569e-06,-0.000250844,-0.00125859,-0.0001713,0.00328608,-1.47711e-05,-0.00099378,-7.79318e-05,-0.00147868,-0.000177657,-0.00166757,-1.47711e-05,0.027511,-7.13294e-05,0.00134226,9.35906e-05,0.000768144,-1.00159e-06,-0.00099378,-7.13294e-05,0.0252494,0.000419467,-4.58666e-05,2.5272e-06,-8.35687e-06,-7.79318e-05,0.00134226,0.000419467,0.0466762,
0.00280075,0.00016715,-0.00178312,-0.000252872,-0.00147289,9.33286e-05,-4.60958e-05,0.00016715,0.0011606,0.000202669,-0.0012579,-0.000175796,0.000767286,2.74114e-06,-0.00178312,0.000202669,0.00336546,-0.000171182,-0.00166561,-3.73951e-06,-7.82902e-06,-0.000252872,-0.0012579,-0.000171182,0.00328335,-9.14435e-06,-0.000998202,-7.8035e-05,-0.00147289,-0.000175796,-0.00166561,-9.1443e-06,0.0274863,-6.36337e-05,0.00133913,9.33286e-05,0.000767286,-3.73951e-06,-0.000998202,-6.36337e-05,0.0252498,0.000420288,-4.60958e-05,2.74109e-06,-7.82902e-06,-7.8035e-05,0.00133913,0.000420288,0.046676,
0.0027929,0.000167147,-0.00178485,-0.000254888,-0.0014671,9.30518e-05,-4.63181e-05,0.000167147,0.00116089,0.000203946,-0.00125721,-0.000173951,0.000766432,2.9528e-06,-0.00178485,0.000203946,0.0033675,-0.000171047,-0.00166368,-6.4968e-06,-7.30274e-06,-0.000254888,-0.00125721,-0.000171047,0.00328063,-3.53012e-06,-0.00100259,-7.81364e-05,-0.0014671,-0.000173951,-0.00166368,-3.53007e-06,0.0274618,-5.59446e-05,0.00133599,9.30518e-05,0.000766432,-6.4968e-06,-0.00100259,-5.59446e-05,0.0252503,0.000421081,-4.63182e-05,2.9528e-06,-7.30277e-06,-7.81364e-05,0.00133599,0.000421081,0.0466758,
0.00278511,0.00016713,-0.00178654,-0.000256892,-0.0014613,9.27605e-05,-4.65337e-05,0.00016713,0.00116118,0.000205222,-0.00125651,-0.000172124,0.000765581,3.16236e-06,-0.00178654,0.000205222,0.00336951,-0.000170897,-0.00166178,-9.27208e-06,-6.77833e-06,-0.000256892,-0.00125651,-0.000170897,0.00327792,2.07079e-06,-0.00100695,-7.82361e-05,-0.0014613,-0.000172124,-0.00166178,2.07079e-06,0.0274375,-4.82638e-05,0.00133287,9.27605e-05,0.000765581,-9.27208e-06,-0.00100695,-4.82638e-05,0.0252507,0.000421848,-4.65337e-05,3.1623e-06,-6.77836e-06,-7.82361e-05,0.00133287,0.000421848,0.0466756,
0.00277741,0.000167098,-0.00178819,-0.000258885,-0.00145551,9.24545e-05,-4.67423e-05,0.000167098,0.00116147,0.000206499,-0.00125582,-0.000170313,0.000764734,3.36969e-06,-0.00178819,0.000206499,0.00337149,-0.000170733,-0.00165991,-1.20646e-05,-6.256e-06,-0.000258885,-0.00125582,-0.000170733,0.00327523,7.65776e-06,-0.00101128,-7.83344e-05,-0.00145551,-0.000170313,-0.00165991,7.65782e-06,0.0274134,-4.05915e-05,0.00132974,9.24545e-05,0.000764734,-1.20646e-05,-0.00101128,-4.05915e-05,0.0252513,0.000422589,-4.67423e-05,3.36964e-06,-6.256e-06,-7.83344e-05,0.00132974,0.000422589,0.0466754,
0.00276977,0.000167053,-0.00178979,-0.000260865,-0.00144972,9.21341e-05,-4.69442e-05,0.000167053,0.00116176,0.000207775,-0.00125512,-0.00016852,0.000763889,3.57486e-06,-0.00178979,0.000207775,0.00337345,-0.000170554,-0.00165807,-1.48737e-05,-5.73577e-06,-0.000260865,-0.00125512,-0.000170554,0.00327254,1.32305e-05,-0.00101558,-7.84312e-05,-0.00144972,-0.00016852,-0.00165807,1.32305e-05,0.0273894,-3.29287e-05,0.00132663,9.21341e-05,0.000763889,-1.48737e-05,-0.00101558,-3.29287e-05,0.0252518,0.000423305,-4.69442e-05,3.57486e-06,-5.73575e-06,-7.84312e-05,0.00132663,0.000423305,0.0466752,
0.00276222,0.000166996,-0.00179136,-0.000262834,-0.00144394,9.17997e-05,-4.71394e-05,0.000166996,0.00116206,0.000209052,-0.00125443,-0.000166744,0.000763047,3.77792e-06,-0.00179136,0.000209052,0.00337538,-0.000170363,-0.00165626,-1.76985e-05,-5.21777e-06,-0.000262834,-0.00125443,-0.000170363,0.00326987,1.87884e-05,-0.00101984,-7.85266e-05,-0.00144394,-0.000166744,-0.00165626,1.87884e-05,0.0273657,-2.52761e-05,0.00132352,9.17997e-05,0.000763047,-1.76986e-05,-0.00101984,-2.52761e-05,0.0252524,0.000423998,-4.71394e-05,3.77792e-06,-5.21777e-06,-7.85266e-05,0.00132352,0.000423998,0.046675,
0.00275473,0.000166925,-0.00179288,-0.000264791,-0.00143816,9.14515e-05,-4.73282e-05,0.000166925,0.00116236,0.000210329,-0.00125373,-0.000164985,0.000762209,3.97887e-06,-0.00179288,0.000210329,0.00337728,-0.000170157,-0.00165448,-2.05388e-05,-4.70207e-06,-0.000264791,-0.00125373,-0.000170157,0.0032672,2.43314e-05,-0.00102407,-7.86207e-05,-0.00143816,-0.000164985,-0.00165448,2.43314e-05,0.0273422,-1.76344e-05,0.00132042,9.14515e-05,0.000762209,-2.05388e-05,-0.00102407,-1.76344e-05,0.025253,0.000424669,-4.73281e-05,3.97887e-06,-4.70207e-06,-7.86207e-05,0.00132042,0.000424669,0.0466748,
0.00274732,0.000166842,-0.00179437,-0.000266736,-0.00143239,9.10899e-05,-4.75105e-05,0.000166842,0.00116266,0.000211606,-0.00125304,-0.000163243,0.000761373,4.17774e-06,-0.00179437,0.000211606,0.00337916,-0.000169939,-0.00165273,-2.3394e-05,-4.18865e-06,-0.000266736,-0.00125304,-0.000169939,0.00326455,2.9859e-05,-0.00102827,-7.87135e-05,-0.00143239,-0.000163243,-0.00165273,2.9859e-05,0.0273188,-1.00043e-05,0.00131733,9.10899e-05,0.000761373,-2.3394e-05,-0.00102827,-1.00043e-05,0.0252537,0.000425317,-4.75106e-05,4.17777e-06,-4.18865e-06,-7.87135e-05,0.00131733,0.000425317,0.0466746,
0.00273999,0.000166748,-0.00179582,-0.00026867,-0.00142662,9.07152e-05,-4.76867e-05,0.000166748,0.00116297,0.000212883,-0.00125234,-0.000161518,0.000760541,4.3745e-06,-0.00179582,0.000212883,0.00338101,-0.000169709,-0.00165102,-2.62637e-05,-3.67764e-06,-0.00026867,-0.00125234,-0.000169709,0.00326191,3.5371e-05,-0.00103243,-7.88052e-05,-0.00142662,-0.000161518,-0.00165102,3.5371e-05,0.0272956,-2.38654e-06,0.00131424,9.07152e-05,0.000760541,-2.62637e-05,-0.00103243,-2.38654e-06,0.0252543,0.000425944,-4.76867e-05,4.3745e-06,-3.67761e-06,-7.88052e-05,0.00131424,0.000425944,0.0466744,
0.00273272,0.000166641,-0.00179723,-0.000270591,-0.00142086,9.03279e-05,-4.78569e-05,0.000166641,0.00116327,0.00021416,-0.00125164,-0.00015981,0.000759711,4.56921e-06,-0.00179723,0.00021416,0.00338283,-0.000169466,-0.00164933,-2.91474e-05,-3.16902e-06,-0.000270591,-0.00125164,-0.000169466,0.00325928,4.08673e-05,-0.00103657,-7.88957e-05,-0.00142086,-0.00015981,-0.00164933,4.08673e-05,0.0272727,5.21833e-06,0.00131115,9.03279e-05,0.000759711,-2.91474e-05,-0.00103657,5.21838e-06,0.0252551,0.000426552,-4.78569e-05,4.56923e-06,-3.16897e-06,-7.88956e-05,0.00131115,0.000426552,0.0466742,
0.00272553,0.000166523,-0.0017986,-0.000272501,-0.00141511,8.99282e-05,-4.80213e-05,0.000166523,0.00116358,0.000215438,-0.00125095,-0.000158118,0.000758885,4.76183e-06,-0.0017986,0.000215438,0.00338463,-0.00016921,-0.00164767,-3.20447e-05,-2.66279e-06,-0.000272501,-0.00125095,-0.00016921,0.00325666,4.63474e-05,-0.00104067,-7.8985e-05,-0.00141511,-0.000158118,-0.00164767,4.63474e-05,0.0272499,1.28098e-05,0.00130808,8.99282e-05,0.000758885,-3.20448e-05,-0.00104067,1.28098e-05,0.0252558,0.000427139,-4.80213e-05,4.76186e-06,-2.66276e-06,-7.8985e-05,0.00130808,0.000427139,0.0466741,
0.0027184,0.000166393,-0.00179993,-0.000274399,-0.00140937,8.95166e-05,-4.81799e-05,0.000166393,0.00116389,0.000216715,-0.00125025,-0.000156442,0.000758062,4.95243e-06,-0.00179993,0.000216715,0.0033864,-0.000168943,-0.00164603,-3.49554e-05,-2.15905e-06,-0.000274399,-0.00125025,-0.000168943,0.00325405,5.18113e-05,-0.00104473,-7.90732e-05,-0.00140937,-0.000156442,-0.00164603,5.18113e-05,0.0272273,2.03871e-05,0.00130501,8.95166e-05,0.000758062,-3.49554e-05,-0.00104473,2.03871e-05,0.0252566,0.000427708,-4.818e-05,4.95243e-06,-2.15905e-06,-7.90733e-05,0.00130501,0.000427708,0.0466739,
0.00271135,0.000166252,-0.00180124,-0.000276285,-0.00140364,8.90933e-05,-4.8333e-05,0.000166252,0.00116421,0.000217993,-0.00124955,-0.000154783,0.000757242,5.141e-06,-0.00180124,0.000217993,0.00338815,-0.000168664,-0.00164443,-3.78789e-05,-1.6577e-06,-0.000276285,-0.00124955,-0.000168664,0.00325145,5.72586e-05,-0.00104877,-7.91605e-05,-0.00140364,-0.000154783,-0.00164443,5.72586e-05,0.0272049,2.79499e-05,0.00130195,8.90933e-05,0.000757242,-3.78789e-05,-0.00104877,2.79499e-05,0.0252575,0.000428258,-4.8333e-05,5.141e-06,-1.65773e-06,-7.91605e-05,0.00130195,0.000428258,0.0466737,
0.00270436,0.0001661,-0.0018025,-0.000278159,-0.00139792,8.86588e-05,-4.84807e-05,0.0001661,0.00116452,0.00021927,-0.00124885,-0.00015314,0.000756425,5.32752e-06,-0.0018025,0.00021927,0.00338987,-0.000168373,-0.00164286,-4.0815e-05,-1.15888e-06,-0.000278159,-0.00124885,-0.000168373,0.00324887,6.26891e-05,-0.00105277,-7.92468e-05,-0.00139792,-0.000153141,-0.00164286,6.26891e-05,0.0271827,3.54975e-05,0.00129889,8.86588e-05,0.000756425,-4.08151e-05,-0.00105277,3.54975e-05,0.0252583,0.000428791,-4.84807e-05,5.32752e-06,-1.15891e-06,-7.92468e-05,0.00129889,0.000428791,0.0466735,
0.00269744,0.000165938,-0.00180373,-0.000280022,-0.00139221,8.82133e-05,-4.86231e-05,0.000165938,0.00116484,0.000220548,-0.00124815,-0.000151514,0.000755612,5.51204e-06,-0.00180373,0.000220548,0.00339156,-0.000168071,-0.00164131,-4.37634e-05,-6.62526e-07,-0.000280022,-0.00124815,-0.000168071,0.00324629,6.81027e-05,-0.00105673,-7.93321e-05,-0.00139221,-0.000151514,-0.00164131,6.81027e-05,0.0271607,4.30296e-05,0.00129584,8.82133e-05,0.000755612,-4.37633e-05,-0.00105673,4.30296e-05,0.0252592,0.000429307,-4.86232e-05,5.51204e-06,-6.62526e-07,-7.93321e-05,0.00129584,0.000429307,0.0466734,
0.00269059,0.000165764,-0.00180493,-0.000281873,-0.0013865,8.77571e-05,-4.87604e-05,0.000165764,0.00116516,0.000221826,-0.00124745,-0.000149903,0.000754801,5.69458e-06,-0.00180493,0.000221826,0.00339323,-0.000167758,-0.00163979,-4.67235e-05,-1.68698e-07,-0.000281873,-0.00124745,-0.000167758,0.00324373,7.3499e-05,-0.00106067,-7.94165e-05,-0.0013865,-0.000149903,-0.00163979,7.3499e-05,0.0271389,5.05457e-05,0.0012928,8.77571e-05,0.000754801,-4.67235e-05,-0.00106067,5.05457e-05,0.0252602,0.000429806,-4.87604e-05,5.69456e-06,-1.68698e-07,-7.94165e-05,0.0012928,0.000429806,0.0466732,
0.0026838,0.000165581,-0.0018061,-0.000283713,-0.00138081,8.72906e-05,-4.88927e-05,0.000165581,0.00116548,0.000223104,-0.00124675,-0.000148308,0.000753994,5.87513e-06,-0.0018061,0.000223104,0.00339488,-0.000167433,-0.00163829,-4.96951e-05,3.22659e-07,-0.000283713,-0.00124675,-0.000167433,0.00324117,7.8878e-05,-0.00106457,-7.95e-05,-0.00138081,-0.000148308,-0.00163829,7.88781e-05,0.0271173,5.80453e-05,0.00128977,8.72906e-05,0.000753994,-4.96951e-05,-0.00106457,5.80453e-05,0.0252611,0.000430288,-4.88927e-05,5.87513e-06,3.22631e-07,-7.95e-05,0.00128977,0.000430288,0.046673,
0.00267708,0.000165387,-0.00180723,-0.000285541,-0.00137513,8.6814e-05,-4.90202e-05,0.000165387,0.00116581,0.000224382,-0.00124605,-0.000146729,0.000753191,6.05371e-06,-0.00180723,0.000224382,0.0033965,-0.000167098,-0.00163682,-5.26779e-05,8.11434e-07,-0.000285541,-0.00124605,-0.000167098,0.00323863,8.42394e-05,-0.00106844,-7.95826e-05,-0.00137513,-0.000146729,-0.00163682,8.42394e-05,0.0270958,6.5528e-05,0.00128674,8.6814e-05,0.000753191,-5.26779e-05,-0.00106844,6.55281e-05,0.0252621,0.000430756,-4.90202e-05,6.05371e-06,8.11406e-07,-7.95827e-05,0.00128674,0.000430756,0.0466729,
0.00267042,0.000165184,-0.00180834,-0.000287358,-0.00136946,8.63277e-05,-4.91429e-05,0.000165184,0.00116613,0.000225661,-0.00124534,-0.000145165,0.00075239,6.23035e-06,-0.00180834,0.000225661,0.00339809,-0.000166753,-0.00163538,-5.56716e-05,1.29768e-06,-0.000287358,-0.00124534,-0.000166753,0.0032361,8.95831e-05,-0.00107228,-7.96645e-05,-0.00136946,-0.000145165,-0.00163538,8.9583e-05,0.0270746,7.29935e-05,0.00128371,8.63277e-05,0.00075239,-5.56716e-05,-0.00107228,7.29936e-05,0.0252632,0.000431208,-4.91429e-05,6.23041e-06,1.29774e-06,-7.96644e-05,0.00128371,0.000431208,0.0466727,
0.00266383,0.000164971,-0.00180941,-0.000289163,-0.0013638,8.5832e-05,-4.9261e-05,0.000164971,0.00116646,0.000226939,-0.00124464,-0.000143617,0.000751593,6.40507e-06,-0.00180941,0.000226939,0.00339966,-0.000166397,-0.00163396,-5.86758e-05,1.78141e-06,-0.000289163,-0.00124464,-0.000166397,0.00323358,9.49087e-05,-0.00107609,-7.97455e-05,-0.0013638,-0.000143617,-0.00163396,9.49086e-05,0.0270535,8.04413e-05,0.0012807,8.5832e-05,0.000751593,-5.86758e-05,-0.00107609,8.04414e-05,0.0252643,0.000431645,-4.9261e-05,6.40504e-06,1.78141e-06,-7.97455e-05,0.0012807,0.000431645,0.0466725,
0.0026573,0.000164748,-0.00181045,-0.000290957,-0.00135815,8.53271e-05,-4.93746e-05,0.000164748,0.00116679,0.000228217,-0.00124394,-0.000142084,0.000750799,6.57785e-06,-0.00181045,0.000228217,0.00340121,-0.000166031,-0.00163257,-6.16901e-05,2.26258e-06,-0.000290957,-0.00124394,-0.000166031,0.00323108,0.000100216,-0.00107986,-7.98259e-05,-0.00135815,-0.000142084,-0.00163257,0.000100216,0.0270326,8.78712e-05,0.00127769,8.53271e-05,0.000750799,-6.16901e-05,-0.00107986,8.78712e-05,0.0252654,0.000432067,-4.93746e-05,6.57785e-06,2.26258e-06,-7.98259e-05,0.00127769,0.000432067,0.0466724,
0.00265083,0.000164516,-0.00181147,-0.000292739,-0.00135252,8.48133e-05,-4.94838e-05,0.000164516,0.00116712,0.000229495,-0.00124323,-0.000140567,0.000750008,6.74871e-06,-0.00181147,0.000229495,0.00340273,-0.000165655,-0.0016312,-6.47143e-05,2.74117e-06,-0.000292739,-0.00124323,-0.000165655,0.00322858,0.000105505,-0.0010836,-7.99055e-05,-0.00135252,-0.000140567,-0.0016312,0.000105505,0.0270119,9.52827e-05,0.00127469,8.48133e-05,0.000750008,-6.47143e-05,-0.0010836,9.52827e-05,0.0252665,0.000432476,-4.94838e-05,6.74871e-06,2.74114e-06,-7.99055e-05,0.00127469,0.000432476,0.0466722,
0.00264442,0.000164275,-0.00181245,-0.00029451,-0.0013469,8.42909e-05,-4.95886e-05,0.000164275,0.00116746,0.000230773,-0.00124253,-0.000139065,0.00074922,6.91772e-06,-0.00181245,0.000230773,0.00340423,-0.000165269,-0.00162986,-6.77481e-05,3.2172e-06,-0.00029451,-0.00124253,-0.000165269,0.0032261,0.000110776,-0.00108731,-7.99844e-05,-0.0013469,-0.000139065,-0.00162986,0.000110776,0.0269914,0.000102675,0.00127169,8.42909e-05,0.00074922,-6.77481e-05,-0.00108731,0.000102675,0.0252677,0.000432871,-4.95887e-05,6.91769e-06,3.2172e-06,-7.99844e-05,0.00127169,0.000432871,0.0466721,
0.00263807,0.000164025,-0.00181341,-0.00029627,-0.00134129,8.37601e-05,-4.96893e-05,0.000164025,0.0011678,0.000232052,-0.00124183,-0.000137578,0.000748436,7.08483e-06,-0.00181341,0.000232052,0.00340571,-0.000164874,-0.00162854,-7.07912e-05,3.69066e-06,-0.00029627,-0.00124183,-0.000164874,0.00322362,0.000116028,-0.00109098,-8.00626e-05,-0.00134129,-0.000137578,-0.00162854,0.000116028,0.0269711,0.000110049,0.0012687,8.37601e-05,0.000748436,-7.07912e-05,-0.00109098,0.000110049,0.0252689,0.000433252,-4.96893e-05,7.08483e-06,3.69066e-06,-8.00626e-05,0.0012687,0.000433252,0.0466719,
0.00263178,0.000163766,-0.00181433,-0.000298018,-0.00133569,8.32213e-05,-4.9786e-05,0.000163766,0.00116813,0.00023333,-0.00124112,-0.000136105,0.000747655,7.25009e-06,-0.00181433,0.00023333,0.00340716,-0.000164469,-0.00162725,-7.38432e-05,4.16156e-06,-0.000298018,-0.00124112,-0.000164469,0.00322116,0.000121261,-0.00109463,-8.01402e-05,-0.00133569,-0.000136105,-0.00162725,0.000121261,0.026951,0.000117404,0.00126572,8.32213e-05,0.000747655,-7.38432e-05,-0.00109463,0.000117404,0.0252701,0.00043362,-4.9786e-05,7.25009e-06,4.16156e-06,-8.01402e-05,0.00126572,0.00043362,0.0466718,
0.00262555,0.000163498,-0.00181524,-0.000299755,-0.00133011,8.26746e-05,-4.98786e-05,0.000163498,0.00116847,0.000234608,-0.00124042,-0.000134648,0.000746877,7.41351e-06,-0.00181524,0.000234608,0.0034086,-0.000164055,-0.00162598,-7.69039e-05,4.62985e-06,-0.000299755,-0.00124042,-0.000164055,0.00321871,0.000126475,-0.00109824,-8.02172e-05,-0.00133011,-0.000134648,-0.00162598,0.000126475,0.026931,0.000124739,0.00126275,8.26746e-05,0.000746877,-7.69039e-05,-0.00109824,0.000124739,0.0252714,0.000433976,-4.98786e-05,7.41346e-06,4.62985e-06,-8.02172e-05,0.00126275,0.000433976,0.0466716,
0.00261938,0.000163222,-0.00181611,-0.000301481,-0.00132454,8.21204e-05,-4.99673e-05,0.000163222,0.00116882,0.000235886,-0.00123971,-0.000133206,0.000746102,7.57511e-06,-0.00181611,0.000235886,0.00341,-0.000163633,-0.00162473,-7.9973e-05,5.09559e-06,-0.000301481,-0.00123971,-0.000163633,0.00321627,0.00013167,-0.00110182,-8.02936e-05,-0.00132454,-0.000133206,-0.00162473,0.00013167,0.0269112,0.000132053,0.00125978,8.21203e-05,0.000746102,-7.9973e-05,-0.00110182,0.000132053,0.0252727,0.000434318,-4.99674e-05,7.57511e-06,5.09559e-06,-8.02936e-05,0.00125978,0.000434319,0.0466715,
0.00261326,0.000162938,-0.00181696,-0.000303196,-0.00131899,8.15588e-05,-5.00523e-05,0.000162938,0.00116916,0.000237164,-0.00123901,-0.000131778,0.000745331,7.73484e-06,-0.00181696,0.000237164,0.00341139,-0.000163201,-0.00162351,-8.30502e-05,5.55872e-06,-0.000303196,-0.00123901,-0.000163201,0.00321384,0.000136845,-0.00110537,-8.03695e-05,-0.00131899,-0.000131778,-0.00162351,0.000136845,0.0268916,0.000139348,0.00125682,8.15588e-05,0.000745331,-8.30502e-05,-0.00110537,0.000139348,0.025274,0.000434649,-5.00523e-05,7.73487e-06,5.55872e-06,-8.03695e-05,0.00125682,0.000434649,0.0466713,
0.00260721,0.000162646,-0.00181778,-0.0003049,-0.00131345,8.09901e-05,-5.01335e-05,0.000162646,0.00116951,0.000238441,-0.0012383,-0.000130365,0.000744562,7.89285e-06,-0.00181778,0.000238441,0.00341275,-0.000162761,-0.00162231,-8.61353e-05,6.01927e-06,-0.0003049,-0.0012383,-0.000162761,0.00321142,0.000142002,-0.00110889,-8.04448e-05,-0.00131345,-0.000130365,-0.00162231,0.000142002,0.0268722,0.000146623,0.00125386,8.09901e-05,0.000744562,-8.61353e-05,-0.00110889,0.000146623,0.0252754,0.000434967,-5.01335e-05,7.89285e-06,6.0193e-06,-8.04448e-05,0.00125386,0.000434967,0.0466712,
0.00260121,0.000162346,-0.00181858,-0.000306593,-0.00130793,8.04146e-05,-5.02112e-05,0.000162346,0.00116985,0.000239719,-0.00123759,-0.000128967,0.000743797,8.04906e-06,-0.00181858,0.000239719,0.00341409,-0.000162312,-0.00162113,-8.92278e-05,6.47726e-06,-0.000306593,-0.00123759,-0.000162312,0.00320901,0.000147138,-0.00111238,-8.05196e-05,-0.00130793,-0.000128967,-0.00162113,0.000147138,0.026853,0.000153876,0.00125091,8.04147e-05,0.000743797,-8.92278e-05,-0.00111238,0.000153876,0.0252768,0.000435274,-5.02112e-05,8.04906e-06,6.47726e-06,-8.05196e-05,0.00125091,0.000435274,0.046671,
0.00259526,0.000162039,-0.00181935,-0.000308275,-0.00130242,7.98325e-05,-5.02853e-05,0.000162039,0.0011702,0.000240996,-0.00123689,-0.000127582,0.000743035,8.20349e-06,-0.00181935,0.000240996,0.00341541,-0.000161855,-0.00161997,-9.23277e-05,6.93265e-06,-0.000308275,-0.00123689,-0.000161855,0.00320661,0.000152255,-0.00111583,-8.05939e-05,-0.00130242,-0.000127582,-0.00161997,0.000152255,0.0268339,0.000161109,0.00124797,7.98325e-05,0.000743035,-9.23277e-05,-0.00111583,0.000161109,0.0252782,0.000435568,-5.02853e-05,8.20349e-06,6.93262e-06,-8.05939e-05,0.00124797,0.000435568,0.0466709,
0.00258937,0.000161723,-0.0018201,-0.000309946,-0.00129693,7.9244e-05,-5.0356e-05,0.000161723,0.00117055,0.000242273,-0.00123618,-0.000126213,0.000742277,8.3562e-06,-0.0018201,0.000242273,0.00341671,-0.00016139,-0.00161884,-9.54347e-05,7.38545e-06,-0.000309946,-0.00123618,-0.00016139,0.00320423,0.000157352,-0.00111926,-8.06677e-05,-0.00129693,-0.000126213,-0.00161884,0.000157352,0.0268151,0.00016832,0.00124504,7.9244e-05,0.000742277,-9.54347e-05,-0.00111926,0.00016832,0.0252797,0.000435852,-5.03559e-05,8.3562e-06,7.38548e-06,-8.06677e-05,0.00124504,0.000435852,0.0466707,
0.00258354,0.000161401,-0.00182082,-0.000311606,-0.00129145,7.86493e-05,-5.04233e-05,0.000161401,0.0011709,0.00024355,-0.00123547,-0.000124857,0.000741521,8.50717e-06,-0.00182082,0.00024355,0.00341798,-0.000160917,-0.00161772,-9.85483e-05,7.83568e-06,-0.000311606,-0.00123547,-0.000160917,0.00320185,0.000162429,-0.00112265,-8.07411e-05,-0.00129145,-0.000124857,-0.00161772,0.000162429,0.0267964,0.00017551,0.00124211,7.86494e-05,0.000741521,-9.85483e-05,-0.00112265,0.00017551,0.0252812,0.000436124,-5.04233e-05,8.50714e-06,7.83568e-06,-8.07411e-05,0.00124211,0.000436124,0.0466706,
0.00257776,0.000161071,-0.00182153,-0.000313255,-0.00128599,7.80487e-05,-5.04873e-05,0.000161071,0.00117126,0.000244827,-0.00123477,-0.000123515,0.000740769,8.65641e-06,-0.00182153,0.000244827,0.00341923,-0.000160436,-0.00161663,-0.000101669,8.28335e-06,-0.000313255,-0.00123477,-0.000160436,0.00319949,0.000167486,-0.00112601,-8.0814e-05,-0.00128599,-0.000123515,-0.00161663,0.000167486,0.0267779,0.000182679,0.00123919,7.80487e-05,0.000740769,-0.000101669,-0.00112601,0.000182679,0.0252827,0.000436385,-5.04873e-05,8.65635e-06,8.28332e-06,-8.08141e-05,0.00123919,0.000436385,0.0466704,
0.00257203,0.000160734,-0.0018222,-0.000314894,-0.00128055,7.74424e-05,-5.05481e-05,0.000160734,0.00117161,0.000246103,-0.00123406,-0.000122188,0.000740019,8.80396e-06,-0.0018222,0.000246103,0.00342047,-0.000159947,-0.00161556,-0.000104795,8.72841e-06,-0.000314894,-0.00123406,-0.000159947,0.00319714,0.000172523,-0.00112935,-8.08866e-05,-0.00128055,-0.000122188,-0.00161556,0.000172522,0.0267595,0.000189826,0.00123627,7.74424e-05,0.000740019,-0.000104795,-0.00112935,0.000189826,0.0252843,0.000436635,-5.05481e-05,8.80396e-06,8.72841e-06,-8.08866e-05,0.00123627,0.000436635,0.0466703,
0.00256635,0.000160391,-0.00182286,-0.000316522,-0.00127512,7.68306e-05,-5.06058e-05,0.000160391,0.00117197,0.000247379,-0.00123335,-0.000120874,0.000739273,8.94981e-06,-0.00182286,0.000247379,0.00342168,-0.000159451,-0.00161451,-0.000107928,9.17091e-06,-0.000316522,-0.00123335,-0.000159451,0.00319479,0.000177539,-0.00113265,-8.09587e-05,-0.00127512,-0.000120874,-0.00161451,0.000177539,0.0267413,0.00019695,0.00123336,7.68305e-05,0.000739273,-0.000107928,-0.00113265,0.00019695,0.0252859,0.000436874,-5.06059e-05,8.94979e-06,9.17089e-06,-8.09587e-05,0.00123336,0.000436874,0.0466702,
0.00256073,0.00016004,-0.0018235,-0.000318139,-0.00126971,7.62134e-05,-5.06605e-05,0.00016004,0.00117233,0.000248655,-0.00123264,-0.000119574,0.00073853,9.09403e-06,-0.0018235,0.000248655,0.00342287,-0.000158948,-0.00161348,-0.000111066,9.61084e-06,-0.000318139,-0.00123264,-0.000158948,0.00319246,0.000182535,-0.00113592,-8.10305e-05,-0.00126971,-0.000119574,-0.00161348,0.000182535,0.0267234,0.000204052,0.00123046,7.62134e-05,0.00073853,-0.000111066,-0.00113592,0.000204052,0.0252875,0.000437103,-5.06605e-05,9.094e-06,9.61081e-06,-8.10305e-05,0.00123046,0.000437103,0.04667,
0.00255516,0.000159683,-0.00182411,-0.000319745,-0.00126431,7.55912e-05,-5.07121e-05,0.000159683,0.00117269,0.00024993,-0.00123194,-0.000118288,0.00073779,9.23656e-06,-0.00182411,0.00024993,0.00342404,-0.000158438,-0.00161247,-0.00011421,1.00482e-05,-0.000319745,-0.00123194,-0.000158438,0.00319014,0.00018751,-0.00113916,-8.11019e-05,-0.00126431,-0.000118288,-0.00161247,0.00018751,0.0267055,0.000211132,0.00122757,7.55912e-05,0.00073779,-0.00011421,-0.00113916,0.000211132,0.0252892,0.000437321,-5.07122e-05,9.23656e-06,1.00482e-05,-8.1102e-05,0.00122757,0.000437321,0.0466699,
0.00254964,0.00015932,-0.0018247,-0.000321341,-0.00125893,7.49641e-05,-5.07609e-05,0.00015932,0.00117305,0.000251205,-0.00123123,-0.000117016,0.000737053,9.37744e-06,-0.0018247,0.000251205,0.00342519,-0.000157921,-0.00161148,-0.000117359,1.0483e-05,-0.000321341,-0.00123123,-0.000157921,0.00318783,0.000192465,-0.00114237,-8.1173e-05,-0.00125893,-0.000117016,-0.00161148,0.000192465,0.0266879,0.00021819,0.00122468,7.4964e-05,0.000737053,-0.000117359,-0.00114237,0.00021819,0.0252908,0.000437529,-5.07609e-05,9.3775e-06,1.04831e-05,-8.1173e-05,0.00122468,0.000437529,0.0466698,
0.00254417,0.00015895,-0.00182527,-0.000322927,-0.00125357,7.43322e-05,-5.08068e-05,0.00015895,0.00117342,0.00025248,-0.00123052,-0.000115757,0.000736319,9.51675e-06,-0.00182527,0.00025248,0.00342632,-0.000157397,-0.00161051,-0.000120513,1.09153e-05,-0.000322927,-0.00123052,-0.000157397,0.00318554,0.000197399,-0.00114555,-8.12437e-05,-0.00125357,-0.000115757,-0.00161051,0.000197399,0.0266704,0.000225224,0.0012218,7.43322e-05,0.000736319,-0.000120513,-0.00114555,0.000225224,0.0252925,0.000437727,-5.08068e-05,9.51678e-06,1.09153e-05,-8.12437e-05,0.0012218,0.000437727,0.0466696,
0.00253875,0.000158575,-0.00182582,-0.000324502,-0.00124823,7.36959e-05,-5.085e-05,0.000158575,0.00117378,0.000253754,-0.00122981,-0.000114511,0.000735589,9.65442e-06,-0.00182582,0.000253754,0.00342742,-0.000156866,-0.00160955,-0.000123672,1.1345e-05,-0.000324502,-0.00122981,-0.000156866,0.00318325,0.000202313,-0.0011487,-8.13142e-05,-0.00124823,-0.000114511,-0.00160955,0.000202313,0.0266531,0.000232235,0.00121892,7.36959e-05,0.000735589,-0.000123673,-0.0011487,0.000232235,0.0252943,0.000437915,-5.085e-05,9.65439e-06,1.1345e-05,-8.13142e-05,0.00121892,0.000437915,0.0466695,
0.00253337,0.000158193,-0.00182635,-0.000326067,-0.00124291,7.30552e-05,-5.08904e-05,0.000158193,0.00117415,0.000255027,-0.0012291,-0.000113279,0.000734861,9.79053e-06,-0.00182635,0.000255027,0.00342851,-0.000156329,-0.00160862,-0.000126836,1.17722e-05,-0.000326067,-0.0012291,-0.000156329,0.00318097,0.000207205,-0.00115182,-8.13843e-05,-0.00124291,-0.000113279,-0.00160862,0.000207205,0.026636,0.000239224,0.00121606,7.30552e-05,0.000734861,-0.000126836,-0.00115182,0.000239224,0.025296,0.000438093,-5.08904e-05,9.7905e-06,1.17722e-05,-8.13843e-05,0.00121606,0.000438093,0.0466694,
0.00252805,0.000157805,-0.00182686,-0.000327622,-0.0012376,7.24104e-05,-5.09282e-05,0.000157805,0.00117452,0.0002563,-0.00122839,-0.00011206,0.000734136,9.92501e-06,-0.00182686,0.0002563,0.00342958,-0.000155785,-0.0016077,-0.000130005,1.21969e-05,-0.000327622,-0.00122839,-0.000155785,0.0031787,0.000212077,-0.00115492,-8.14542e-05,-0.0012376,-0.00011206,-0.0016077,0.000212077,0.026619,0.000246189,0.00121319,7.24104e-05,0.000734136,-0.000130005,-0.00115492,0.000246189,0.0252978,0.000438262,-5.09282e-05,9.92501e-06,1.21969e-05,-8.14542e-05,0.00121319,0.000438262,0.0466692,
0.00252278,0.000157412,-0.00182736,-0.000329166,-0.00123231,7.17617e-05,-5.09634e-05,0.000157412,0.00117489,0.000257573,-0.00122769,-0.000110854,0.000733415,1.0058e-05,-0.00182736,0.000257573,0.00343063,-0.000155235,-0.00160681,-0.000133177,1.2619e-05,-0.000329166,-0.00122769,-0.000155235,0.00317645,0.000216927,-0.00115798,-8.15238e-05,-0.00123231,-0.000110854,-0.00160681,0.000216927,0.0266022,0.00025313,0.00121034,7.17617e-05,0.000733415,-0.000133177,-0.00115798,0.00025313,0.0252997,0.000438421,-5.09634e-05,1.0058e-05,1.2619e-05,-8.15238e-05,0.00121034,0.000438421,0.0466691,
0.00251755,0.000157013,-0.00182783,-0.0003307,-0.00122704,7.11091e-05,-5.09961e-05,0.000157013,0.00117526,0.000258845,-0.00122698,-0.000109662,0.000732696,1.01893e-05,-0.00182783,0.000258845,0.00343166,-0.000154679,-0.00160593,-0.000136354,1.30386e-05,-0.0003307,-0.00122698,-0.000154679,0.0031742,0.000221757,-0.00116101,-8.15932e-05,-0.00122704,-0.000109662,-0.00160593,0.000221757,0.0265856,0.000260048,0.00120749,7.11091e-05,0.000732696,-0.000136354,-0.00116101,0.000260048,0.0253015,0.00043857,-5.09961e-05,1.01893e-05,1.30386e-05,-8.15932e-05,0.00120749,0.00043857,0.046669,
0.00251237,0.000156608,-0.00182828,-0.000332224,-0.00122179,7.0453e-05,-5.10263e-05,0.000156608,0.00117563,0.000260116,-0.00122627,-0.000108482,0.000731981,1.03192e-05,-0.00182828,0.000260116,0.00343267,-0.000154118,-0.00160507,-0.000139534,1.34557e-05,-0.000332224,-0.00122627,-0.000154118,0.00317197,0.000226565,-0.00116402,-8.16623e-05,-0.00122179,-0.000108482,-0.00160507,0.000226565,0.0265691,0.000266942,0.00120465,7.0453e-05,0.000731981,-0.000139534,-0.00116402,0.000266942,0.0253034,0.00043871,-5.10263e-05,1.03192e-05,1.34556e-05,-8.16623e-05,0.00120465,0.00043871,0.0466688,
0.00250724,0.000156198,-0.00182872,-0.000333738,-0.00121655,6.97934e-05,-5.10542e-05,0.000156198,0.001176,0.000261387,-0.00122556,-0.000107315,0.000731268,1.04476e-05,-0.00182872,0.000261387,0.00343366,-0.00015355,-0.00160422,-0.000142718,1.38702e-05,-0.000333738,-0.00122556,-0.00015355,0.00316974,0.000231352,-0.00116699,-8.17312e-05,-0.00121655,-0.000107315,-0.00160422,0.000231352,0.0265528,0.000273813,0.00120182,6.97934e-05,0.000731268,-0.000142718,-0.00116699,0.000273813,0.0253053,0.000438841,-5.10542e-05,1.04476e-05,1.38702e-05,-8.17312e-05,0.00120182,0.000438841,0.0466687,
0.00250215,0.000155783,-0.00182914,-0.000335242,-0.00121134,6.91306e-05,-5.10797e-05,0.000155783,0.00117638,0.000262657,-0.00122485,-0.00010616,0.000730558,1.05744e-05,-0.00182914,0.000262657,0.00343463,-0.000152977,-0.0016034,-0.000145906,1.42823e-05,-0.000335242,-0.00122485,-0.000152977,0.00316753,0.000236118,-0.00116994,-8.17999e-05,-0.00121134,-0.00010616,-0.0016034,0.000236118,0.0265367,0.000280659,0.00119899,6.91306e-05,0.000730558,-0.000145906,-0.00116994,0.000280659,0.0253072,0.000438962,-5.10797e-05,1.05744e-05,1.42824e-05,-8.17999e-05,0.00119899,0.000438962,0.0466686,
0.00249711,0.000155363,-0.00182954,-0.000336736,-0.00120614,6.84647e-05,-5.11029e-05,0.000155363,0.00117675,0.000263926,-0.00122414,-0.000105019,0.000729852,1.06998e-05,-0.00182954,0.000263926,0.00343559,-0.000152398,-0.00160259,-0.000149097,1.46919e-05,-0.000336736,-0.00122414,-0.000152398,0.00316532,0.000240863,-0.00117285,-8.18684e-05,-0.00120614,-0.000105019,-0.00160259,0.000240863,0.0265207,0.000287481,0.00119617,6.84647e-05,0.000729852,-0.000149097,-0.00117285,0.000287481,0.0253092,0.000439074,-5.11029e-05,1.06998e-05,1.46919e-05,-8.18684e-05,0.00119617,0.000439074,0.0466684,
0.00249211,0.000154938,-0.00182993,-0.00033822,-0.00120096,6.77958e-05,-5.11239e-05,0.000154938,0.00117713,0.000265195,-0.00122343,-0.00010389,0.000729148,1.08237e-05,-0.00182993,0.000265195,0.00343652,-0.000151814,-0.00160179,-0.00015229,1.50991e-05,-0.00033822,-0.00122343,-0.000151814,0.00316313,0.000245586,-0.00117574,-8.19367e-05,-0.00120096,-0.00010389,-0.00160179,0.000245586,0.0265049,0.000294279,0.00119335,6.77958e-05,0.000729148,-0.00015229,-0.00117574,0.000294279,0.0253112,0.000439178,-5.11238e-05,1.08237e-05,1.5099e-05,-8.19367e-05,0.00119335,0.000439178,0.0466683,
0.00248716,0.000154508,-0.00183029,-0.000339695,-0.00119581,6.71242e-05,-5.11427e-05,0.000154508,0.00117751,0.000266462,-0.00122272,-0.000102773,0.000728447,1.09461e-05,-0.00183029,0.000266462,0.00343744,-0.000151224,-0.00160102,-0.000155487,1.55037e-05,-0.000339695,-0.00122272,-0.000151224,0.00316095,0.000250288,-0.0011786,-8.20048e-05,-0.00119581,-0.000102773,-0.00160102,0.000250288,0.0264893,0.000301053,0.00119054,6.71242e-05,0.000728447,-0.000155487,-0.0011786,0.000301053,0.0253132,0.000439273,-5.11427e-05,1.09461e-05,1.55037e-05,-8.20048e-05,0.00119054,0.000439273,0.0466682,
0.00248225,0.000154073,-0.00183065,-0.000341159,-0.00119067,6.64499e-05,-5.11593e-05,0.000154073,0.00117789,0.000267729,-0.00122201,-0.000101669,0.000727749,1.10671e-05,-0.00183065,0.000267729,0.00343834,-0.00015063,-0.00160026,-0.000158687,1.59059e-05,-0.000341159,-0.00122201,-0.00015063,0.00315878,0.000254969,-0.00118144,-8.20728e-05,-0.00119067,-0.000101669,-0.00160026,0.000254969,0.0264738,0.000307802,0.00118774,6.64499e-05,0.000727749,-0.000158687,-0.00118144,0.000307802,0.0253152,0.000439358,-5.11594e-05,1.10671e-05,1.59058e-05,-8.20728e-05,0.00118774,0.000439358,0.0466681,
0.00247739,0.000153634,-0.00183098,-0.000342614,-0.00118555,6.57732e-05,-5.11739e-05,0.000153634,0.00117827,0.000268996,-0.00122131,-0.000100577,0.000727054,1.11867e-05,-0.00183098,0.000268996,0.00343922,-0.00015003,-0.00159951,-0.000161888,1.63056e-05,-0.000342614,-0.00122131,-0.00015003,0.00315661,0.000259628,-0.00118424,-8.21407e-05,-0.00118555,-0.000100577,-0.00159951,0.000259628,0.0264584,0.000314526,0.00118495,6.57732e-05,0.000727054,-0.000161889,-0.00118424,0.000314526,0.0253173,0.000439436,-5.1174e-05,1.11867e-05,1.63056e-05,-8.21406e-05,0.00118495,0.000439436,0.0466679,
0.00247257,0.00015319,-0.0018313,-0.00034406,-0.00118045,6.50941e-05,-5.11865e-05,0.00015319,0.00117865,0.000270261,-0.0012206,-9.94976e-05,0.000726362,1.13048e-05,-0.0018313,0.000270261,0.00344008,-0.000149426,-0.00159878,-0.000165093,1.67029e-05,-0.00034406,-0.0012206,-0.000149426,0.00315446,0.000264265,-0.00118702,-8.22083e-05,-0.00118045,-9.94976e-05,-0.00159878,0.000264265,0.0264433,0.000321226,0.00118216,6.50941e-05,0.000726362,-0.000165093,-0.00118702,0.000321226,0.0253194,0.000439504,-5.11865e-05,1.13048e-05,1.67029e-05,-8.22083e-05,0.00118216,0.000439504,0.0466678,
0.00246779,0.000152742,-0.0018316,-0.000345495,-0.00117536,6.44129e-05,-5.11971e-05,0.000152742,0.00117903,0.000271526,-0.00121989,-9.843e-05,0.000725672,1.14215e-05,-0.0018316,0.000271526,0.00344093,-0.000148816,-0.00159807,-0.000168299,1.70977e-05,-0.000345495,-0.00121989,-0.000148816,0.00315232,0.000268882,-0.00118977,-8.22759e-05,-0.00117536,-9.843e-05,-0.00159807,0.000268882,0.0264283,0.000327901,0.00117938,6.44129e-05,0.000725672,-0.000168299,-0.00118977,0.000327901,0.0253215,0.000439564,-5.11971e-05,1.14215e-05,1.70977e-05,-8.22759e-05,0.00117938,0.000439564,0.0466677,
