0.00414414,0.000474285,-0.000823107,0.000335985,-0.00197519,-0.000910463,-1.18785e-05,0.000474285,0.00107699,0.000526623,0.00108617,-0.000227728,0.000620421,-3.10405e-05,-0.000823107,0.000526623,0.00386106,0.000637986,-0.00215906,-0.00122261,-1.5397e-05,0.000335985,0.00108617,0.000637986,0.00282667,0.000955408,9.8189e-06,-8.74571e-05,-0.00197519,-0.000227728,-0.00215906,0.000955408,0.0293521,0.00125842,-0.000409584,-0.000910463,0.000620421,-0.00122261,9.8189e-06,0.00125842,0.0263001,0.000154125,-1.18785e-05,-3.10405e-05,-1.5397e-05,-8.74571e-05,-0.000409584,0.000154125,0.0466153,
0.00414551,0.000473326,-0.000823647,0.000332604,-0.0019754,-0.00091071,-1.15118e-05,0.000473326,0.00107785,0.000526143,0.00108848,-0.0002308,0.000614856,-3.08089e-05,-0.000823647,0.000526143,0.00385434,0.000638626,-0.00216085,-0.00122766,-1.51358e-05,0.000332604,0.00108848,0.000638626,0.00283128,0.000955707,7.43905e-06,-8.73425e-05,-0.0019754,-0.0002308,-0.00216085,0.000955707,0.0293366,0.00125814,-0.000405577,-0.00091071,0.000614856,-0.00122766,7.43899e-06,0.00125814,0.0262939,0.000155177,-1.15117e-05,-3.08089e-05,-1.51358e-05,-8.73425e-05,-0.000405577,0.000155177,0.0466152,
0.00414767,0.00047218,-0.000823152,0.000328594,-0.00197612,-0.000913278,-1.11869e-05,0.000472143,0.00107858,0.000526227,0.00109098,-0.000237441,0.000605848,-3.05831e-05,-0.000823562,0.000525652,0.00384756,0.000639418,-0.00216337,-0.00123616,-1.49443e-05,0.000328516,0.00109085,0.000639156,0.0028363,0.000958388,1.07028e-05,-8.73097e-05,-0.00197523,-0.000235717,-0.00215814,0.000958803,0.029305,0.00123772,-0.000400664,-0.000912083,0.00060871,-0.00122298,1.24236e-05,0.00122425,0.0262283,0.00015621,-1.11892e-05,-3.05856e-05,-1.49383e-05,-8.73072e-05,-0.000400705,0.000156122,0.0466151,
0.00415047,0.000471007,-0.000822472,0.000324014,-0.00197517,-0.000914007,-1.09227e-05,0.00047097,0.00107922,0.000525837,0.00109323,-0.000243249,0.000599612,-3.03912e-05,-0.000822882,0.00052526,0.00384033,0.00064025,-0.00216461,-0.00124397,-1.4826e-05,0.000323936,0.00109309,0.000639991,0.00284127,0.00096151,1.57399e-05,-8.73234e-05,-0.00197427,-0.00024151,-0.00215936,0.000961928,0.0292852,0.0012385,-0.000395813,-0.000912801,0.000602488,-0.00123083,1.74474e-05,0.00122508,0.0262188,0.000157091,-1.09227e-05,-3.03902e-05,-1.4817e-05,-8.73218e-05,-0.000395831,0.000157069,0.046615,
0.0041538,0.000469795,-0.000821284,0.000318975,-0.00197406,-0.000914335,-1.06664e-05,0.000469758,0.00107981,0.000525518,0.00109536,-0.00024916,0.000593422,-3.02042e-05,-0.000821695,0.000524939,0.00383293,0.000641184,-0.00216598,-0.00125204,-1.47284e-05,0.000318899,0.00109523,0.000640928,0.00284615,0.000964985,2.13442e-05,-8.73389e-05,-0.00197315,-0.000247406,-0.00216071,0.000965406,0.0292651,0.00123917,-0.000390963,-0.000913119,0.000596312,-0.00123894,2.30369e-05,0.00122581,0.026209,0.000157983,-1.06639e-05,-3.01996e-05,-1.47163e-05,-8.73381e-05,-0.000390958,0.000158026,0.0466149,
0.00415754,0.000468532,-0.000820095,0.00031345,-0.00197175,-0.000912253,-1.03939e-05,0.000468532,0.0010804,0.000524656,0.00109733,-0.000253135,0.000590125,-3.00071e-05,-0.000820095,0.000524656,0.00382496,0.000642123,-0.0021666,-0.00125852,-1.46267e-05,0.00031345,0.00109733,0.000642123,0.00285102,0.000967952,2.57092e-05,-8.73412e-05,-0.00197175,-0.000253135,-0.0021666,0.000967951,0.0292579,0.00126073,-0.000386091,-0.000912253,0.000590125,-0.00125852,2.57092e-05,0.00126073,0.0262554,0.000159045,-1.03939e-05,-3.00071e-05,-1.46267e-05,-8.73412e-05,-0.000386091,0.000159045,0.0466147,
0.00416147,0.000467243,-0.00081823,0.000307845,-0.0019705,-0.000911846,-1.01319e-05,0.000467243,0.00108096,0.000524397,0.00109935,-0.000258847,0.000584059,-2.98199e-05,-0.00081823,0.000524397,0.00381731,0.000643149,-0.00216825,-0.00126668,-1.45424e-05,0.000307845,0.00109935,0.000643149,0.00285577,0.000971585,3.12141e-05,-8.73433e-05,-0.0019705,-0.000258847,-0.00216825,0.000971585,0.0292379,0.00126122,-0.000381299,-0.000911846,0.000584058,-0.00126668,3.12141e-05,0.00126122,0.0262454,0.000160019,-1.01318e-05,-2.98199e-05,-1.45424e-05,-8.73434e-05,-0.000381299,0.000160019,0.0466146,
0.0041655,0.000465929,-0.000816176,0.000302155,-0.00196922,-0.000911198,-9.86994e-06,0.000465929,0.0010815,0.000524141,0.00110133,-0.00026444,0.000578064,-2.96347e-05,-0.000816176,0.000524141,0.00380965,0.000644161,-0.00216994,-0.00127474,-1.44644e-05,0.000302155,0.00110133,0.000644161,0.00286048,0.000975186,3.65643e-05,-8.73381e-05,-0.00196922,-0.00026444,-0.00216994,0.000975186,0.029218,0.0012616,-0.00037656,-0.000911198,0.000578064,-0.00127474,3.65643e-05,0.0012616,0.0262356,0.000161003,-9.86994e-06,-2.96348e-05,-1.44644e-05,-8.73381e-05,-0.00037656,0.000161003,0.0466145,
0.00416955,0.0004646,-0.000813992,0.000296437,-0.00196788,-0.000910424,-9.61234e-06,0.0004646,0.00108203,0.000523887,0.00110328,-0.000270014,0.0005721,-2.94534e-05,-0.000813992,0.000523887,0.00380198,0.000645149,-0.00217161,-0.00128278,-1.43959e-05,0.000296437,0.00110328,0.000645149,0.00286515,0.000978778,4.19407e-05,-8.73309e-05,-0.00196788,-0.000270014,-0.00217161,0.000978778,0.0291981,0.001262,-0.000371866,-0.000910424,0.0005721,-0.00128278,4.19407e-05,0.001262,0.0262259,0.000161992,-9.61237e-06,-2.94535e-05,-1.43959e-05,-8.73309e-05,-0.000371866,0.000161992,0.0466143,
0.00417359,0.000463258,-0.000811716,0.000290723,-0.00196649,-0.00090953,-9.3566e-06,0.000463258,0.00108255,0.000523628,0.0011052,-0.000275532,0.000566165,-2.92748e-05,-0.000811716,0.000523628,0.00379431,0.000646104,-0.00217325,-0.00129074,-1.4334e-05,0.000290723,0.0011052,0.000646104,0.0028698,0.000982311,4.72147e-05,-8.7319e-05,-0.00196649,-0.000275532,-0.00217325,0.000982311,0.0291784,0.00126241,-0.000367215,-0.00090953,0.000566165,-0.00129074,4.72147e-05,0.00126241,0.0262163,0.000162989,-9.35657e-06,-2.92748e-05,-1.4334e-05,-8.7319e-05,-0.000367215,0.000162989,0.0466142,
0.00417759,0.000461908,-0.000809368,0.000285034,-0.00196505,-0.000908554,-9.104e-06,0.000461908,0.00108307,0.000523364,0.00110709,-0.00028102,0.000560248,-2.90994e-05,-0.000809368,0.000523364,0.00378664,0.000647022,-0.00217483,-0.00129864,-1.42796e-05,0.000285034,0.00110709,0.000647022,0.00287443,0.000985784,5.24325e-05,-8.73042e-05,-0.00196505,-0.00028102,-0.00217483,0.000985784,0.0291588,0.00126286,-0.000362609,-0.000908554,0.000560248,-0.00129864,5.24325e-05,0.00126286,0.0262068,0.000163993,-9.104e-06,-2.90994e-05,-1.42795e-05,-8.73042e-05,-0.000362609,0.000163993,0.046614,
0.00418154,0.000460548,-0.000806964,0.000279382,-0.00196357,-0.000907501,-8.85358e-06,0.000460548,0.00108357,0.000523092,0.00110897,-0.000286472,0.000554344,-2.89267e-05,-0.000806964,0.000523092,0.00377897,0.0006479,-0.00217635,-0.00130647,-1.42314e-05,0.000279382,0.00110897,0.0006479,0.00287904,0.000989189,5.7562e-05,-8.72859e-05,-0.00196357,-0.000286472,-0.00217635,0.000989189,0.0291394,0.00126335,-0.000358041,-0.000907501,0.000554344,-0.00130647,5.75621e-05,0.00126335,0.0261975,0.000165003,-8.85358e-06,-2.89266e-05,-1.42313e-05,-8.72859e-05,-0.000358041,0.000165003,0.0466139,
0.00418543,0.000459182,-0.00080451,0.000273774,-0.00196204,-0.000906386,-8.60575e-06,0.000459182,0.00108407,0.000522813,0.00111084,-0.000291893,0.000548452,-2.87569e-05,-0.00080451,0.000522813,0.00377131,0.000648736,-0.00217781,-0.00131424,-1.41895e-05,0.000273774,0.00111084,0.000648736,0.00288364,0.000992522,6.26134e-05,-8.72646e-05,-0.00196204,-0.000291893,-0.00217781,0.000992522,0.02912,0.0012639,-0.000353514,-0.000906386,0.000548452,-0.00131424,6.26135e-05,0.0012639,0.0261883,0.000166019,-8.60578e-06,-2.87569e-05,-1.41895e-05,-8.72646e-05,-0.000353514,0.000166019,0.0466137,
0.00418926,0.00045781,-0.000802012,0.000268212,-0.00196047,-0.000905211,-8.36001e-06,0.00045781,0.00108457,0.000522524,0.00111268,-0.000297283,0.000542571,-2.85898e-05,-0.000802012,0.000522524,0.00376364,0.000649531,-0.00217921,-0.00132194,-1.41537e-05,0.000268212,0.00111268,0.000649531,0.00288822,0.000995782,6.75799e-05,-8.72402e-05,-0.00196047,-0.000297283,-0.00217921,0.000995782,0.0291008,0.0012645,-0.000349022,-0.000905211,0.000542571,-0.00132194,6.75798e-05,0.0012645,0.0261793,0.00016704,-8.36003e-06,-2.85897e-05,-1.41537e-05,-8.72402e-05,-0.000349022,0.00016704,0.0466136,
0.00419302,0.000456431,-0.000799471,0.000262698,-0.00195886,-0.000903979,-8.11645e-06,0.000456431,0.00108506,0.000522227,0.00111451,-0.000302642,0.0005367,-2.84254e-05,-0.000799471,0.000522227,0.00375599,0.000650284,-0.00218054,-0.00132957,-1.41236e-05,0.000262698,0.00111451,0.000650284,0.00289278,0.000998971,7.24642e-05,-8.72129e-05,-0.00195886,-0.000302642,-0.00218054,0.000998971,0.0290817,0.00126516,-0.000344566,-0.000903979,0.0005367,-0.00132957,7.24643e-05,0.00126516,0.0261705,0.000168066,-8.11645e-06,-2.84254e-05,-1.41236e-05,-8.7213e-05,-0.000344566,0.000168066,0.0466134,
0.00419672,0.000455046,-0.000796889,0.000257234,-0.00195721,-0.000902693,-7.87478e-06,0.000455046,0.00108554,0.000521922,0.00111632,-0.00030797,0.000530839,-2.82636e-05,-0.000796889,0.000521922,0.00374833,0.000650996,-0.00218181,-0.00133713,-1.40991e-05,0.000257234,0.00111632,0.000650996,0.00289733,0.00100209,7.72658e-05,-8.71829e-05,-0.00195721,-0.00030797,-0.00218181,0.00100209,0.0290627,0.00126587,-0.000340143,-0.000902693,0.000530839,-0.00133713,7.72657e-05,0.00126587,0.0261617,0.000169097,-7.87476e-06,-2.82636e-05,-1.40991e-05,-8.71829e-05,-0.000340143,0.000169097,0.0466132,
0.00420036,0.000453654,-0.000794268,0.000251819,-0.00195553,-0.000901355,-7.63492e-06,0.000453655,0.00108602,0.000521607,0.00111812,-0.000313266,0.00052499,-2.81044e-05,-0.000794268,0.000521607,0.00374068,0.000651667,-0.00218301,-0.00134461,-1.40799e-05,0.000251819,0.00111812,0.000651667,0.00290187,0.00100513,8.19861e-05,-8.71502e-05,-0.00195553,-0.000313266,-0.00218301,0.00100513,0.0290439,0.00126664,-0.000335752,-0.000901355,0.000524989,-0.00134461,8.19861e-05,0.00126664,0.0261532,0.000170132,-7.63489e-06,-2.81044e-05,-1.40799e-05,-8.71502e-05,-0.000335752,0.000170132,0.0466131,
0.00420394,0.000452258,-0.000791606,0.000246453,-0.0019538,-0.000899965,-7.39672e-06,0.000452258,0.0010865,0.000521284,0.0011199,-0.000318532,0.000519151,-2.79477e-05,-0.000791606,0.000521284,0.00373304,0.000652298,-0.00218414,-0.00135203,-1.40659e-05,0.000246453,0.0011199,0.000652298,0.00290639,0.00100811,8.6626e-05,-8.7115e-05,-0.0019538,-0.000318532,-0.00218414,0.00100811,0.0290251,0.00126746,-0.000331391,-0.000899965,0.000519151,-0.00135203,8.6626e-05,0.00126746,0.0261448,0.00017117,-7.39675e-06,-2.79477e-05,-1.40659e-05,-8.7115e-05,-0.000331391,0.00017117,0.0466129,
0.00420745,0.000450855,-0.000788905,0.000241136,-0.00195204,-0.000898524,-7.16011e-06,0.000450855,0.00108697,0.000520952,0.00112167,-0.000323766,0.000513323,-2.77934e-05,-0.000788905,0.000520952,0.0037254,0.000652888,-0.00218521,-0.00135938,-1.40569e-05,0.000241136,0.00112167,0.000652888,0.00291089,0.00101102,9.11867e-05,-8.70773e-05,-0.00195204,-0.000323766,-0.00218521,0.00101102,0.0290065,0.00126833,-0.000327059,-0.000898524,0.000513323,-0.00135938,9.11867e-05,0.00126833,0.0261365,0.000172212,-7.16011e-06,-2.77935e-05,-1.40569e-05,-8.70773e-05,-0.000327059,0.000172211,0.0466127,
0.0042109,0.000449446,-0.000786165,0.000235867,-0.00195025,-0.000897034,-6.92496e-06,0.000449446,0.00108743,0.000520612,0.00112342,-0.000328969,0.000507508,-2.76416e-05,-0.000786165,0.000520612,0.00371777,0.000653439,-0.00218621,-0.00136666,-1.40528e-05,0.000235867,0.00112342,0.000653439,0.00291537,0.00101386,9.56693e-05,-8.70372e-05,-0.00195025,-0.000328969,-0.00218621,0.00101386,0.028988,0.00126925,-0.000322755,-0.000897034,0.000507508,-0.00136666,9.56693e-05,0.00126925,0.0261283,0.000173256,-6.92496e-06,-2.76416e-05,-1.40528e-05,-8.70372e-05,-0.000322755,0.000173256,0.0466126,
0.00421428,0.000448032,-0.000783386,0.000230646,-0.00194843,-0.000895496,-6.69115e-06,0.000448032,0.00108789,0.000520263,0.00112515,-0.00033414,0.000501705,-2.74922e-05,-0.000783386,0.000520263,0.00371014,0.000653951,-0.00218715,-0.00137386,-1.40534e-05,0.000230646,0.00112515,0.000653951,0.00291984,0.00101664,0.000100075,-8.69949e-05,-0.00194843,-0.00033414,-0.00218715,0.00101664,0.0289696,0.00127023,-0.000318478,-0.000895496,0.000501705,-0.00137386,0.000100075,0.00127023,0.0261204,0.000174302,-6.69115e-06,-2.74922e-05,-1.40534e-05,-8.69949e-05,-0.000318478,0.000174302,0.0466124,
0.00421761,0.000446613,-0.000780568,0.000225473,-0.00194657,-0.00089391,-6.45864e-06,0.000446613,0.00108835,0.000519906,0.00112687,-0.000339279,0.000495914,-2.73451e-05,-0.000780568,0.000519906,0.00370252,0.000654424,-0.00218803,-0.001381,-1.40585e-05,0.000225473,0.00112687,0.000654424,0.00292428,0.00101936,0.000104405,-8.69504e-05,-0.00194657,-0.000339279,-0.00218803,0.00101936,0.0289514,0.00127125,-0.000314227,-0.00089391,0.000495914,-0.001381,0.000104405,0.00127125,0.0261125,0.000175351,-6.45867e-06,-2.73451e-05,-1.40586e-05,-8.69504e-05,-0.000314227,0.000175351,0.0466122,
0.00422088,0.000445188,-0.000777712,0.000220348,-0.00194468,-0.000892277,-6.22727e-06,0.000445188,0.0010888,0.000519541,0.00112858,-0.000344386,0.000490137,-2.72002e-05,-0.000777712,0.000519541,0.00369491,0.000654859,-0.00218884,-0.00138806,-1.40681e-05,0.000220348,0.00112858,0.000654859,0.00292871,0.00102201,0.00010866,-8.69038e-05,-0.00194468,-0.000344386,-0.00218884,0.00102201,0.0289332,0.00127232,-0.000310001,-0.000892277,0.000490137,-0.00138806,0.00010866,0.00127232,0.0261048,0.000176402,-6.22724e-06,-2.72002e-05,-1.40681e-05,-8.69038e-05,-0.000310001,0.000176402,0.0466121,
0.00422409,0.000443757,-0.000774817,0.00021527,-0.00194277,-0.000890599,-5.99701e-06,0.000443757,0.00108925,0.000519167,0.00113027,-0.00034946,0.000484374,-2.70577e-05,-0.000774817,0.000519167,0.00368731,0.000655257,-0.00218959,-0.00139505,-1.4082e-05,0.000215269,0.00113027,0.000655257,0.00293312,0.0010246,0.000112841,-8.68552e-05,-0.00194277,-0.00034946,-0.00218959,0.0010246,0.0289152,0.00127344,-0.000305798,-0.000890599,0.000484374,-0.00139505,0.000112841,0.00127344,0.0260972,0.000177454,-5.99698e-06,-2.70577e-05,-1.4082e-05,-8.68552e-05,-0.000305798,0.000177454,0.0466119,
0.00422724,0.000442321,-0.000771885,0.000210238,-0.00194083,-0.000888876,-5.76778e-06,0.000442321,0.0010897,0.000518785,0.00113195,-0.000354502,0.000478624,-2.69174e-05,-0.000771885,0.000518785,0.00367972,0.000655617,-0.00219028,-0.00140197,-1.41e-05,0.000210238,0.00113195,0.000655617,0.00293751,0.00102713,0.00011695,-8.68046e-05,-0.00194083,-0.000354502,-0.00219028,0.00102713,0.0288973,0.0012746,-0.000301619,-0.000888876,0.000478624,-0.00140197,0.00011695,0.0012746,0.0260898,0.000178507,-5.76772e-06,-2.69174e-05,-1.40999e-05,-8.68046e-05,-0.000301619,0.000178507,0.0466117,
0.00423033,0.00044088,-0.000768915,0.000205254,-0.00193886,-0.000887111,-5.53951e-06,0.00044088,0.00109014,0.000518395,0.00113361,-0.000359512,0.000472889,-2.67793e-05,-0.000768915,0.000518395,0.00367213,0.00065594,-0.00219091,-0.00140882,-1.4122e-05,0.000205254,0.00113361,0.00065594,0.00294188,0.0010296,0.000120987,-8.67522e-05,-0.00193886,-0.000359512,-0.00219091,0.0010296,0.0288796,0.00127582,-0.000297462,-0.000887111,0.000472889,-0.00140882,0.000120987,0.00127582,0.0260825,0.000179561,-5.53946e-06,-2.67793e-05,-1.4122e-05,-8.67522e-05,-0.000297462,0.000179561,0.0466116,
0.00423336,0.000439434,-0.000765909,0.000200317,-0.00193686,-0.000885303,-5.31211e-06,0.000439434,0.00109057,0.000517997,0.00113525,-0.000364489,0.000467168,-2.66434e-05,-0.000765909,0.000517997,0.00366456,0.000656227,-0.00219147,-0.0014156,-1.41481e-05,0.000200317,0.00113525,0.000656227,0.00294623,0.00103201,0.000124954,-8.66979e-05,-0.00193686,-0.000364489,-0.00219147,0.00103201,0.0288619,0.00127707,-0.000293327,-0.000885303,0.000467168,-0.0014156,0.000124954,0.00127707,0.0260753,0.000180617,-5.31208e-06,-2.66433e-05,-1.4148e-05,-8.66979e-05,-0.000293327,0.000180617,0.0466114,
0.00423634,0.000437983,-0.000762867,0.000195426,-0.00193485,-0.000883454,-5.08557e-06,0.000437983,0.001091,0.000517591,0.00113689,-0.000369434,0.000461462,-2.65096e-05,-0.000762867,0.000517591,0.00365699,0.000656478,-0.00219197,-0.00142231,-1.41778e-05,0.000195426,0.00113689,0.000656478,0.00295056,0.00103436,0.000128852,-8.66418e-05,-0.00193485,-0.000369434,-0.00219197,0.00103436,0.0288443,0.00127837,-0.000289214,-0.000883454,0.000461462,-0.00142231,0.000128851,0.00127837,0.0260683,0.000181672,-5.08554e-06,-2.65095e-05,-1.41778e-05,-8.66418e-05,-0.000289213,0.000181672,0.0466112,
0.00423926,0.000436527,-0.000759788,0.000190582,-0.00193281,-0.000881565,-4.85983e-06,0.000436527,0.00109143,0.000517176,0.0011385,-0.000374346,0.000455771,-2.63779e-05,-0.000759788,0.000517176,0.00364944,0.000656693,-0.00219241,-0.00142895,-1.42114e-05,0.000190582,0.0011385,0.000656693,0.00295487,0.00103666,0.00013268,-8.65841e-05,-0.00193281,-0.000374346,-0.00219241,0.00103666,0.0288269,0.00127972,-0.00028512,-0.000881565,0.000455771,-0.00142895,0.00013268,0.00127972,0.0260614,0.000182728,-4.85978e-06,-2.63778e-05,-1.42113e-05,-8.65841e-05,-0.00028512,0.000182728,0.0466111,
0.00424212,0.000435067,-0.000756675,0.000185784,-0.00193074,-0.000879637,-4.63482e-06,0.000435067,0.00109186,0.000516754,0.00114011,-0.000379225,0.000450095,-2.62483e-05,-0.000756675,0.000516754,0.0036419,0.000656873,-0.00219279,-0.00143551,-1.42485e-05,0.000185784,0.00114011,0.000656873,0.00295916,0.00103891,0.000136441,-8.65247e-05,-0.00193074,-0.000379225,-0.00219279,0.00103891,0.0288096,0.00128111,-0.000281047,-0.000879637,0.000450095,-0.00143551,0.000136441,0.00128111,0.0260546,0.000183785,-4.63479e-06,-2.62483e-05,-1.42485e-05,-8.65247e-05,-0.000281047,0.000183785,0.0466109,
0.00424492,0.000433601,-0.000753526,0.000181033,-0.00192866,-0.000877672,-4.41047e-06,0.000433601,0.00109228,0.000516323,0.0011417,-0.000384072,0.000444435,-2.61209e-05,-0.000753526,0.000516323,0.00363436,0.000657018,-0.00219311,-0.001442,-1.42891e-05,0.000181033,0.0011417,0.000657018,0.00296343,0.00104109,0.000140136,-8.64638e-05,-0.00192866,-0.000384072,-0.00219311,0.00104109,0.0287924,0.00128254,-0.000276993,-0.000877672,0.000444435,-0.001442,0.000140136,0.00128254,0.026048,0.000184841,-4.41053e-06,-2.61209e-05,-1.42891e-05,-8.64638e-05,-0.000276993,0.000184841,0.0466107,
0.00424767,0.000432131,-0.000750344,0.000176327,-0.00192656,-0.00087567,-4.18682e-06,0.000432131,0.00109269,0.000515885,0.00114327,-0.000388885,0.000438791,-2.59954e-05,-0.000750344,0.000515885,0.00362684,0.000657129,-0.00219337,-0.00144842,-1.43331e-05,0.000176327,0.00114327,0.000657129,0.00296767,0.00104323,0.000143765,-8.64013e-05,-0.00192656,-0.000388885,-0.00219337,0.00104323,0.0287753,0.00128401,-0.000272957,-0.00087567,0.000438791,-0.00144842,0.000143765,0.00128401,0.0260415,0.000185897,-4.18682e-06,-2.59954e-05,-1.43331e-05,-8.64013e-05,-0.000272957,0.000185897,0.0466106,
0.00425037,0.000430657,-0.000747127,0.000171668,-0.00192443,-0.000873633,-3.96375e-06,0.000430657,0.00109311,0.000515439,0.00114483,-0.000393666,0.000433162,-2.5872e-05,-0.000747127,0.000515439,0.00361933,0.000657206,-0.00219357,-0.00145477,-1.43804e-05,0.000171668,0.00114483,0.000657206,0.00297189,0.00104532,0.000147329,-8.63373e-05,-0.00192443,-0.000393666,-0.00219357,0.00104532,0.0287583,0.00128553,-0.000268941,-0.000873633,0.000433162,-0.00145477,0.000147329,0.00128553,0.0260351,0.000186953,-3.96377e-06,-2.5872e-05,-1.43804e-05,-8.63373e-05,-0.000268941,0.000186953,0.0466104,
0.004253,0.000429178,-0.000743878,0.000167055,-0.00192229,-0.000871562,-3.74126e-06,0.000429178,0.00109351,0.000514984,0.00114638,-0.000398415,0.00042755,-2.57506e-05,-0.000743878,0.000514984,0.00361184,0.00065725,-0.00219371,-0.00146105,-1.4431e-05,0.000167055,0.00114638,0.00065725,0.00297609,0.00104735,0.000150829,-8.62718e-05,-0.00192229,-0.000398415,-0.00219371,0.00104735,0.0287415,0.00128708,-0.000264942,-0.000871562,0.00042755,-0.00146105,0.000150829,0.00128708,0.0260288,0.000188009,-3.74129e-06,-2.57506e-05,-1.4431e-05,-8.62718e-05,-0.000264942,0.000188009,0.0466102,
0.00425559,0.000427695,-0.000740596,0.000162487,-0.00192014,-0.000869457,-3.51935e-06,0.000427695,0.00109392,0.000514522,0.00114792,-0.00040313,0.000421955,-2.56312e-05,-0.000740596,0.000514522,0.00360435,0.00065726,-0.00219379,-0.00146726,-1.44846e-05,0.000162487,0.00114792,0.00065726,0.00298027,0.00104933,0.000154266,-8.6205e-05,-0.00192014,-0.00040313,-0.00219379,0.00104933,0.0287247,0.00128867,-0.000260961,-0.000869457,0.000421955,-0.00146726,0.000154266,0.00128867,0.0260227,0.000189064,-3.51935e-06,-2.56312e-05,-1.44846e-05,-8.6205e-05,-0.000260961,0.000189064,0.0466101,
0.00425811,0.000426208,-0.000737281,0.000157966,-0.00191796,-0.00086732,-3.29792e-06,0.000426209,0.00109432,0.000514052,0.00114944,-0.000407813,0.000416376,-2.55138e-05,-0.000737281,0.000514052,0.00359688,0.000657237,-0.00219381,-0.00147339,-1.45414e-05,0.000157966,0.00114944,0.000657237,0.00298443,0.00105127,0.000157642,-8.61368e-05,-0.00191796,-0.000407813,-0.00219381,0.00105127,0.0287081,0.0012903,-0.000256997,-0.00086732,0.000416376,-0.00147339,0.000157642,0.0012903,0.0260167,0.000190119,-3.29792e-06,-2.55138e-05,-1.45414e-05,-8.61368e-05,-0.000256997,0.000190119,0.0466099,
0.00426059,0.000424718,-0.000733936,0.000153489,-0.00191578,-0.000865153,-3.07698e-06,0.000424718,0.00109472,0.000513575,0.00115095,-0.000412462,0.000410814,-2.53984e-05,-0.000733936,0.000513575,0.00358943,0.000657182,-0.00219377,-0.00147945,-1.4601e-05,0.000153489,0.00115095,0.000657182,0.00298856,0.00105315,0.000160957,-8.60673e-05,-0.00191578,-0.000412462,-0.00219377,0.00105315,0.0286916,0.00129197,-0.00025305,-0.000865153,0.000410814,-0.00147945,0.000160957,0.00129197,0.0260108,0.000191173,-3.07698e-06,-2.53984e-05,-1.4601e-05,-8.60673e-05,-0.00025305,0.000191173,0.0466097,
0.00426301,0.000423223,-0.000730559,0.000149059,-0.00191358,-0.000862955,-2.85652e-06,0.000423223,0.00109512,0.000513089,0.00115244,-0.000417079,0.000405269,-2.52849e-05,-0.000730559,0.000513089,0.00358198,0.000657095,-0.00219368,-0.00148544,-1.46637e-05,0.000149059,0.00115244,0.000657095,0.00299267,0.00105499,0.000164211,-8.59965e-05,-0.00191358,-0.000417079,-0.00219368,0.00105499,0.0286752,0.00129368,-0.00024912,-0.000862955,0.000405269,-0.00148544,0.000164211,0.00129368,0.026005,0.000192226,-2.85649e-06,-2.52848e-05,-1.46637e-05,-8.59965e-05,-0.00024912,0.000192226,0.0466096,
0.00426537,0.000421724,-0.000727152,0.000144673,-0.00191136,-0.000860728,-2.63647e-06,0.000421724,0.00109551,0.000512596,0.00115392,-0.000421664,0.000399741,-2.51733e-05,-0.000727152,0.000512596,0.00357456,0.000656977,-0.00219353,-0.00149136,-1.47291e-05,0.000144673,0.00115392,0.000656977,0.00299676,0.00105678,0.000167406,-8.59245e-05,-0.00191136,-0.000421664,-0.00219353,0.00105678,0.0286589,0.00129542,-0.000245205,-0.000860728,0.000399741,-0.00149136,0.000167406,0.00129542,0.0259993,0.000193278,-2.6365e-06,-2.51733e-05,-1.47291e-05,-8.59245e-05,-0.000245205,0.000193278,0.0466094,
0.00426769,0.000420222,-0.000723715,0.000140333,-0.00190914,-0.000858474,-2.41684e-06,0.000420222,0.0010959,0.000512095,0.00115539,-0.000426215,0.00039423,-2.50636e-05,-0.000723715,0.000512095,0.00356714,0.000656827,-0.00219332,-0.00149721,-1.47972e-05,0.000140333,0.00115539,0.000656827,0.00300082,0.00105853,0.000170543,-8.58512e-05,-0.00190914,-0.000426215,-0.00219332,0.00105853,0.0286427,0.0012972,-0.000241307,-0.000858474,0.00039423,-0.00149721,0.000170543,0.0012972,0.0259938,0.00019433,-2.4169e-06,-2.50637e-05,-1.47972e-05,-8.58512e-05,-0.000241307,0.00019433,0.0466092,
0.00426995,0.000418717,-0.000720249,0.000136038,-0.0019069,-0.000856192,-2.19763e-06,0.000418717,0.00109629,0.000511586,0.00115685,-0.000430734,0.000388737,-2.49559e-05,-0.000720249,0.000511586,0.00355974,0.000656647,-0.00219305,-0.00150299,-1.48679e-05,0.000136038,0.00115685,0.000656647,0.00300486,0.00106023,0.000173623,-8.57768e-05,-0.0019069,-0.000430734,-0.00219305,0.00106023,0.0286266,0.00129901,-0.000237424,-0.000856192,0.000388737,-0.00150299,0.000173623,0.00129901,0.0259884,0.00019538,-2.19763e-06,-2.49559e-05,-1.48679e-05,-8.57768e-05,-0.000237424,0.00019538,0.0466091,
0.00427215,0.000417208,-0.000716754,0.000131788,-0.00190465,-0.000853885,-1.97881e-06,0.000417208,0.00109667,0.00051107,0.00115829,-0.00043522,0.000383262,-2.485e-05,-0.000716754,0.00051107,0.00355236,0.000656436,-0.00219273,-0.0015087,-1.49413e-05,0.000131788,0.00115829,0.000656436,0.00300888,0.00106189,0.000176646,-8.57013e-05,-0.00190465,-0.00043522,-0.00219273,0.00106189,0.0286106,0.00130086,-0.000233557,-0.000853885,0.000383262,-0.0015087,0.000176646,0.00130086,0.0259831,0.000196429,-1.97881e-06,-2.485e-05,-1.49413e-05,-8.57012e-05,-0.000233557,0.000196429,0.0466089,
0.00427431,0.000415695,-0.00071323,0.000127582,-0.0019024,-0.000851552,-1.76031e-06,0.000415695,0.00109705,0.000510545,0.00115973,-0.000439674,0.000377805,-2.47459e-05,-0.00071323,0.000510545,0.003545,0.000656195,-0.00219235,-0.00151433,-1.50172e-05,0.000127582,0.00115973,0.000656195,0.00301287,0.0010635,0.000179613,-8.56246e-05,-0.0019024,-0.000439674,-0.00219235,0.0010635,0.0285947,0.00130274,-0.000229705,-0.000851552,0.000377805,-0.00151433,0.000179613,0.00130274,0.0259779,0.000197478,-1.76031e-06,-2.47459e-05,-1.50172e-05,-8.56246e-05,-0.000229705,0.000197478,0.0466088,
0.00427641,0.00041418,-0.000709679,0.000123421,-0.00190013,-0.000849196,-1.54221e-06,0.00041418,0.00109743,0.000510014,0.00116114,-0.000444094,0.000372366,-2.46438e-05,-0.000709679,0.000510014,0.00353765,0.000655925,-0.00219191,-0.00151989,-1.50955e-05,0.000123421,0.00116114,0.000655925,0.00301684,0.00106507,0.000182526,-8.55468e-05,-0.00190013,-0.000444094,-0.00219191,0.00106507,0.028579,0.00130466,-0.000225868,-0.000849196,0.000372366,-0.00151989,0.000182526,0.00130466,0.0259728,0.000198525,-1.54216e-06,-2.46437e-05,-1.50955e-05,-8.55468e-05,-0.000225868,0.000198525,0.0466086,
0.00427846,0.000412661,-0.000706101,0.000119305,-0.00189786,-0.000846817,-1.32439e-06,0.000412661,0.0010978,0.000509474,0.00116255,-0.000448483,0.000366945,-2.45435e-05,-0.000706101,0.000509474,0.00353031,0.000655625,-0.00219143,-0.00152539,-1.51762e-05,0.000119305,0.00116255,0.000655625,0.00302079,0.0010666,0.000185384,-8.5468e-05,-0.00189786,-0.000448483,-0.00219143,0.0010666,0.0285633,0.0013066,-0.000222045,-0.000846817,0.000366945,-0.00152539,0.000185384,0.0013066,0.0259679,0.00019957,-1.32439e-06,-2.45434e-05,-1.51762e-05,-8.5468e-05,-0.000222045,0.00019957,0.0466085,
0.00428046,0.00041114,-0.000702496,0.000115232,-0.00189558,-0.000844415,-1.10692e-06,0.00041114,0.00109818,0.000508927,0.00116395,-0.000452838,0.000361542,-2.44449e-05,-0.000702496,0.000508927,0.003523,0.000655297,-0.00219088,-0.00153081,-1.52592e-05,0.000115232,0.00116395,0.000655297,0.00302471,0.00106809,0.00018819,-8.53882e-05,-0.00189558,-0.000452838,-0.00219088,0.00106809,0.0285478,0.00130858,-0.000218238,-0.000844415,0.000361542,-0.00153081,0.00018819,0.00130858,0.025963,0.000200615,-1.10695e-06,-2.44449e-05,-1.52592e-05,-8.53882e-05,-0.000218238,0.000200615,0.0466083,
0.00428241,0.000409616,-0.000698864,0.000111204,-0.0018933,-0.000841993,-8.89733e-07,0.000409616,0.00109855,0.000508373,0.00116533,-0.000457162,0.000356158,-2.43482e-05,-0.000698864,0.000508373,0.0035157,0.00065494,-0.00219028,-0.00153616,-1.53444e-05,0.000111204,0.00116533,0.00065494,0.0030286,0.00106954,0.000190943,-8.53074e-05,-0.0018933,-0.000457162,-0.00219028,0.00106954,0.0285323,0.00131059,-0.000214444,-0.000841993,0.000356158,-0.00153616,0.000190943,0.00131059,0.0259583,0.000201658,-8.89733e-07,-2.43482e-05,-1.53444e-05,-8.53074e-05,-0.000214444,0.000201658,0.0466081,
0.00428431,0.000408089,-0.000695208,0.000107219,-0.00189101,-0.00083955,-6.72878e-07,0.000408089,0.00109891,0.000507811,0.0011667,-0.000461452,0.000350792,-2.42533e-05,-0.000695208,0.000507811,0.00350842,0.000654555,-0.00218963,-0.00154144,-1.54319e-05,0.000107219,0.0011667,0.000654555,0.00303248,0.00107095,0.000193645,-8.52256e-05,-0.00189101,-0.000461452,-0.00218963,0.00107095,0.028517,0.00131263,-0.000210664,-0.00083955,0.000350792,-0.00154144,0.000193645,0.00131263,0.0259537,0.0002027,-6.72906e-07,-2.42534e-05,-1.54319e-05,-8.52256e-05,-0.000210664,0.0002027,0.046608,
0.00428616,0.000406559,-0.000691526,0.000103278,-0.00188871,-0.000837087,-4.56329e-07,0.000406559,0.00109928,0.000507241,0.00116806,-0.000465711,0.000345445,-2.41602e-05,-0.000691526,0.000507241,0.00350116,0.000654142,-0.00218892,-0.00154665,-1.55214e-05,0.000103278,0.00116806,0.000654142,0.00303633,0.00107233,0.000196296,-8.51428e-05,-0.00188871,-0.000465711,-0.00218892,0.00107233,0.0285017,0.00131469,-0.000206899,-0.000837087,0.000345445,-0.00154665,0.000196296,0.00131469,0.0259491,0.00020374,-4.56302e-07,-2.41602e-05,-1.55214e-05,-8.51428e-05,-0.000206899,0.00020374,0.0466078,
0.00428796,0.000405028,-0.000687819,9.9381e-05,-0.00188641,-0.000834606,-2.4003e-07,0.000405028,0.00109964,0.000506665,0.00116941,-0.000469937,0.000340117,-2.40689e-05,-0.000687819,0.000506665,0.00349391,0.000653702,-0.00218816,-0.00155179,-1.5613e-05,9.9381e-05,0.00116941,0.000653702,0.00304015,0.00107366,0.000198898,-8.50592e-05,-0.00188641,-0.000469937,-0.00218816,0.00107366,0.0284866,0.00131679,-0.000203147,-0.000834606,0.000340117,-0.00155179,0.000198898,0.00131679,0.0259447,0.000204779,-2.4003e-07,-2.40689e-05,-1.5613e-05,-8.50591e-05,-0.000203147,0.000204779,0.0466077,
0.00428972,0.000403493,-0.000684088,9.55269e-05,-0.00188411,-0.000832108,-2.40086e-08,0.000403493,0.0011,0.00050608,0.00117074,-0.000474131,0.000334808,-2.39793e-05,-0.000684088,0.00050608,0.00348669,0.000653236,-0.00218735,-0.00155686,-1.57067e-05,9.55269e-05,0.00117074,0.000653236,0.00304395,0.00107496,0.00020145,-8.49746e-05,-0.00188411,-0.000474131,-0.00218735,0.00107496,0.0284716,0.00131891,-0.000199409,-0.000832108,0.000334808,-0.00155686,0.00020145,0.00131891,0.0259404,0.000205817,-2.39808e-08,-2.39793e-05,-1.57067e-05,-8.49746e-05,-0.000199409,0.000205817,0.0466075,
0.00429142,0.000401957,-0.000680334,9.17158e-05,-0.00188181,-0.000829593,1.91708e-07,0.000401957,0.00110035,0.000505488,0.00117207,-0.000478293,0.000329518,-2.38915e-05,-0.000680334,0.000505488,0.00347948,0.000652742,-0.00218649,-0.00156186,-1.58022e-05,9.17158e-05,0.00117207,0.000652742,0.00304772,0.00107623,0.000203954,-8.48891e-05,-0.00188181,-0.000478293,-0.00218649,0.00107623,0.0284566,0.00132106,-0.000195685,-0.000829593,0.000329518,-0.00156186,0.000203954,0.00132106,0.0259362,0.000206853,1.9168e-07,-2.38915e-05,-1.58022e-05,-8.48892e-05,-0.000195685,0.000206853,0.0466074,
0.00429307,0.000400418,-0.000676557,8.79476e-05,-0.0018795,-0.000827061,4.07202e-07,0.000400418,0.00110071,0.000504889,0.00117338,-0.000482422,0.000324247,-2.38054e-05,-0.000676557,0.000504889,0.0034723,0.000652223,-0.00218557,-0.00156679,-1.58997e-05,8.79476e-05,0.00117338,0.000652223,0.00305147,0.00107746,0.000206411,-8.48028e-05,-0.0018795,-0.000482422,-0.00218557,0.00107746,0.0284418,0.00132324,-0.000191973,-0.000827061,0.000324247,-0.00156679,0.000206411,0.00132324,0.0259321,0.000207887,4.07174e-07,-2.38054e-05,-1.58997e-05,-8.48029e-05,-0.000191973,0.000207887,0.0466072,
0.00429468,0.000398877,-0.000672757,8.42222e-05,-0.00187719,-0.000824515,6.22419e-07,0.000398877,0.00110106,0.000504283,0.00117468,-0.00048652,0.000318995,-2.3721e-05,-0.000672757,0.000504283,0.00346513,0.000651678,-0.00218461,-0.00157165,-1.5999e-05,8.42222e-05,0.00117468,0.000651678,0.00305519,0.00107865,0.000208821,-8.47157e-05,-0.00187719,-0.00048652,-0.00218461,0.00107865,0.0284271,0.00132544,-0.000188275,-0.000824515,0.000318995,-0.00157165,0.000208822,0.00132544,0.0259281,0.00020892,6.22391e-07,-2.3721e-05,-1.5999e-05,-8.47157e-05,-0.000188275,0.00020892,0.0466071,
0.00429623,0.000397335,-0.000668935,8.05391e-05,-0.00187488,-0.000821954,8.37386e-07,0.000397335,0.00110141,0.000503669,0.00117597,-0.000490585,0.000313763,-2.36384e-05,-0.000668935,0.000503669,0.00345799,0.000651107,-0.00218359,-0.00157645,-1.61e-05,8.05391e-05,0.00117597,0.000651107,0.00305889,0.00107981,0.000211186,-8.46277e-05,-0.00187488,-0.000490585,-0.00218359,0.00107981,0.0284124,0.00132767,-0.00018459,-0.000821954,0.000313763,-0.00157645,0.000211186,0.00132767,0.0259242,0.000209952,8.37386e-07,-2.36384e-05,-1.61e-05,-8.46277e-05,-0.000184591,0.000209952,0.046607,
0.00429774,0.00039579,-0.000665091,7.68983e-05,-0.00187258,-0.00081938,1.05205e-06,0.00039579,0.00110175,0.000503048,0.00117725,-0.000494619,0.000308551,-2.35574e-05,-0.000665091,0.000503048,0.00345086,0.000650512,-0.00218252,-0.00158117,-1.62028e-05,7.68983e-05,0.00117725,0.000650512,0.00306257,0.00108094,0.000213505,-8.4539e-05,-0.00187258,-0.000494619,-0.00218252,0.00108094,0.0283979,0.00132992,-0.000180919,-0.00081938,0.000308551,-0.00158117,0.000213505,0.00132992,0.0259204,0.000210982,1.0521e-06,-2.35574e-05,-1.62028e-05,-8.4539e-05,-0.000180919,0.000210982,0.0466068,
0.00429921,0.000394244,-0.000661227,7.32996e-05,-0.00187027,-0.000816793,1.26651e-06,0.000394244,0.0011021,0.00050242,0.00117852,-0.000498621,0.000303358,-2.34781e-05,-0.000661227,0.00050242,0.00344376,0.000649892,-0.00218141,-0.00158582,-1.63072e-05,7.32996e-05,0.00117852,0.000649892,0.00306622,0.00108203,0.00021578,-8.44495e-05,-0.00187027,-0.000498621,-0.00218141,0.00108203,0.0283834,0.00133219,-0.00017726,-0.000816793,0.000303358,-0.00158582,0.00021578,0.00133219,0.0259167,0.000212011,1.26649e-06,-2.34782e-05,-1.63072e-05,-8.44495e-05,-0.00017726,0.000212011,0.0466067,
0.00430062,0.000392696,-0.000657341,6.97427e-05,-0.00186797,-0.000814194,1.4807e-06,0.000392696,0.00110244,0.000501784,0.00117978,-0.000502591,0.000298184,-2.34006e-05,-0.000657341,0.000501784,0.00343667,0.000649247,-0.00218024,-0.00159041,-1.64133e-05,6.97426e-05,0.00117978,0.000649247,0.00306984,0.0010831,0.000218012,-8.43592e-05,-0.00186797,-0.000502591,-0.00218024,0.0010831,0.0283691,0.00133449,-0.000173613,-0.000814194,0.000298184,-0.00159041,0.000218012,0.00133449,0.0259131,0.000213038,1.4807e-06,-2.34006e-05,-1.64133e-05,-8.43592e-05,-0.000173613,0.000213038,0.0466065,
0.00430199,0.000391147,-0.000653436,6.62273e-05,-0.00186566,-0.000811583,1.69464e-06,0.000391147,0.00110278,0.000501142,0.00118103,-0.00050653,0.000293031,-2.33246e-05,-0.000653436,0.000501142,0.00342961,0.000648579,-0.00217903,-0.00159493,-1.65209e-05,6.62273e-05,0.00118103,0.000648579,0.00307344,0.00108413,0.0002202,-8.42682e-05,-0.00186566,-0.00050653,-0.00217903,0.00108413,0.0283549,0.00133681,-0.00016998,-0.000811584,0.000293031,-0.00159493,0.0002202,0.00133681,0.0259096,0.000214063,1.69464e-06,-2.33246e-05,-1.65209e-05,-8.42681e-05,-0.00016998,0.000214063,0.0466064,
0.00430332,0.000389597,-0.000649511,6.27533e-05,-0.00186336,-0.000808963,1.90836e-06,0.000389597,0.00110312,0.000500492,0.00118226,-0.000510437,0.000287897,-2.32504e-05,-0.000649511,0.000500492,0.00342257,0.000647887,-0.00217776,-0.00159938,-1.663e-05,6.27533e-05,0.00118226,0.000647887,0.00307701,0.00108513,0.000222347,-8.41764e-05,-0.00186336,-0.000510437,-0.00217776,0.00108513,0.0283407,0.00133915,-0.000166359,-0.000808963,0.000287897,-0.00159938,0.000222347,0.00133915,0.0259061,0.000215087,1.90831e-06,-2.32504e-05,-1.663e-05,-8.41764e-05,-0.000166359,0.000215087,0.0466063,
0.0043046,0.000388045,-0.000645567,5.93204e-05,-0.00186107,-0.000806332,2.1218e-06,0.000388045,0.00110345,0.000499835,0.00118349,-0.000514313,0.000282783,-2.31777e-05,-0.000645567,0.000499835,0.00341555,0.000647172,-0.00217645,-0.00160376,-1.67406e-05,5.93204e-05,0.00118349,0.000647172,0.00308056,0.00108611,0.000224452,-8.4084e-05,-0.00186107,-0.000514313,-0.00217645,0.00108611,0.0283266,0.00134151,-0.00016275,-0.000806332,0.000282783,-0.00160376,0.000224452,0.00134151,0.0259028,0.000216109,2.1218e-06,-2.31777e-05,-1.67406e-05,-8.4084e-05,-0.00016275,0.000216109,0.0466061,
0.00430583,0.000386492,-0.000641604,5.59285e-05,-0.00185877,-0.000803692,2.33499e-06,0.000386492,0.00110378,0.000499171,0.0011847,-0.000518157,0.00027769,-2.31067e-05,-0.000641604,0.000499171,0.00340855,0.000646434,-0.00217509,-0.00160807,-1.68527e-05,5.59285e-05,0.0011847,0.000646434,0.00308408,0.00108705,0.000226516,-8.39908e-05,-0.00185877,-0.000518157,-0.00217509,0.00108705,0.0283127,0.00134389,-0.000159154,-0.000803692,0.00027769,-0.00160807,0.000226516,0.00134389,0.0258996,0.00021713,2.33502e-06,-2.31067e-05,-1.68526e-05,-8.39908e-05,-0.000159154,0.00021713,0.046606,
0.00430702,0.000384938,-0.000637623,5.25772e-05,-0.00185648,-0.000801044,2.54793e-06,0.000384938,0.00110411,0.0004985,0.00118591,-0.00052197,0.000272616,-2.30373e-05,-0.000637623,0.0004985,0.00340158,0.000645674,-0.00217369,-0.00161232,-1.6966e-05,5.25772e-05,0.00118591,0.000645674,0.00308758,0.00108797,0.000228541,-8.3897e-05,-0.00185648,-0.00052197,-0.00217369,0.00108797,0.0282988,0.00134629,-0.00015557,-0.000801044,0.000272616,-0.00161232,0.000228541,0.00134629,0.0258964,0.000218149,2.54796e-06,-2.30373e-05,-1.6966e-05,-8.38969e-05,-0.00015557,0.000218149,0.0466058,
0.00430817,0.000383383,-0.000633624,4.92663e-05,-0.0018542,-0.000798388,2.76063e-06,0.000383383,0.00110444,0.000497822,0.0011871,-0.000525752,0.000267563,-2.29696e-05,-0.000633624,0.000497822,0.00339463,0.000644892,-0.00217224,-0.0016165,-1.70807e-05,4.92663e-05,0.0011871,0.000644892,0.00309106,0.00108885,0.000230526,-8.38025e-05,-0.0018542,-0.000525752,-0.00217224,0.00108885,0.028285,0.00134871,-0.000151999,-0.000798388,0.000267563,-0.0016165,0.000230526,0.00134871,0.0258934,0.000219166,2.76063e-06,-2.29696e-05,-1.70807e-05,-8.38025e-05,-0.000151999,0.000219166,0.0466057,
0.00430927,0.000381827,-0.000629608,4.59957e-05,-0.00185192,-0.000795725,2.97309e-06,0.000381827,0.00110477,0.000497137,0.00118829,-0.000529503,0.00026253,-2.29034e-05,-0.000629608,0.000497137,0.0033877,0.000644087,-0.00217074,-0.00162061,-1.71967e-05,4.59956e-05,0.00118829,0.000644087,0.0030945,0.00108972,0.000232473,-8.37074e-05,-0.00185192,-0.000529503,-0.00217074,0.00108972,0.0282714,0.00135115,-0.000148439,-0.000795725,0.00026253,-0.00162061,0.000232473,0.00135115,0.0258904,0.000220182,2.97312e-06,-2.29034e-05,-1.71967e-05,-8.37074e-05,-0.000148439,0.000220182,0.0466056,
0.00431033,0.000380271,-0.000625575,4.27649e-05,-0.00184965,-0.000793056,3.18526e-06,0.000380271,0.00110509,0.000496445,0.00118946,-0.000533223,0.000257517,-2.28388e-05,-0.000625575,0.000496445,0.0033808,0.000643262,-0.0021692,-0.00162466,-1.73139e-05,4.27649e-05,0.00118946,0.000643262,0.00309793,0.00109055,0.000234382,-8.36116e-05,-0.00184965,-0.000533223,-0.0021692,0.00109055,0.0282578,0.0013536,-0.000144892,-0.000793056,0.000257517,-0.00162466,0.000234382,0.0013536,0.0258875,0.000221197,3.18523e-06,-2.28388e-05,-1.73139e-05,-8.36116e-05,-0.000144892,0.000221196,0.0466054,
0.00431134,0.000378714,-0.000621526,3.95739e-05,-0.00184738,-0.000790381,3.3972e-06,0.000378714,0.00110542,0.000495746,0.00119063,-0.000536912,0.000252525,-2.27758e-05,-0.000621526,0.000495747,0.00337391,0.000642416,-0.00216761,-0.00162864,-1.74323e-05,3.95739e-05,0.00119063,0.000642416,0.00310132,0.00109136,0.000236253,-8.35152e-05,-0.00184738,-0.000536912,-0.00216761,0.00109136,0.0282443,0.00135607,-0.000141357,-0.000790381,0.000252525,-0.00162864,0.000236253,0.00135607,0.0258847,0.000222209,3.39723e-06,-2.27758e-05,-1.74323e-05,-8.35153e-05,-0.000141357,0.000222209,0.0466053,
0.00431231,0.000377156,-0.000617461,3.64223e-05,-0.00184512,-0.0007877,3.60889e-06,0.000377156,0.00110574,0.000495041,0.00119178,-0.00054057,0.000247553,-2.27144e-05,-0.000617461,0.000495041,0.00336706,0.000641549,-0.00216598,-0.00163256,-1.75518e-05,3.64224e-05,0.00119178,0.000641549,0.00310469,0.00109215,0.000238088,-8.34182e-05,-0.00184512,-0.00054057,-0.00216598,0.00109215,0.0282309,0.00135856,-0.000137833,-0.0007877,0.000247553,-0.00163256,0.000238088,0.00135856,0.025882,0.00022322,3.60884e-06,-2.27144e-05,-1.75518e-05,-8.34183e-05,-0.000137833,0.00022322,0.0466052,
