0.00310373,-0.000386131,-0.0016583,-0.000415614,-0.00161003,0.000290313,-5.65807e-07,-0.000386131,0.00121273,-0.000432854,0.00120298,0.000591292,-0.000618757,-4.75013e-05,-0.0016583,-0.000432854,0.00335591,-0.000377354,-0.00172484,0.000280074,1.04664e-05,-0.000415614,0.00120298,-0.000377354,0.00308535,-0.000437251,-0.00127102,-4.82128e-05,-0.00161003,0.000591292,-0.00172484,-0.000437251,0.0271399,0.000129662,0.000754511,0.000290313,-0.000618757,0.000280074,-0.00127102,0.000129662,0.0249837,-0.000189457,-5.65808e-07,-4.75013e-05,1.04664e-05,-4.82128e-05,0.000754511,-0.000189457,0.0466342,
0.00310437,-0.000386363,-0.00165963,-0.000414527,-0.00160881,0,-3.75686e-07,-0.000386363,0.00121335,-0.000432813,0.0012026,0.000591336,0,-4.75323e-05,-0.00165963,-0.000432813,0.00335284,-0.000377462,-0.00172301,0,1.04343e-05,-0.000414527,0.0012026,-0.000377462,0.00308338,-0.000436543,0,-4.81342e-05,-0.00160881,0.000591336,-0.00172301,-0.000436543,0.0271333,0,0.000750471,0.000289768,-0.00061877,0.000280009,-0.00127543,0.000132079,0,-0.000188756,-3.75699e-07,-4.75323e-05,1.04343e-05,-4.81342e-05,0.000750471,0,0.0466339,
0.00310537,-0.000387087,-0.00166045,-0.000413981,-0.00160851,0,-9.69502e-08,-0.000387087,0.0012141,-0.000433322,0.00120205,0.000591154,0,-4.76481e-05,-0.00166045,-0.000433322,0.0033504,-0.000377956,-0.00172214,0,1.05011e-05,-0.000413981,0.00120205,-0.000377956,0.00308072,-0.000434865,0,-4.80631e-05,-0.00160851,0.000591154,-0.00172214,-0.000434865,0.0271266,0,0.000745364,0.000288947,-0.000617991,0.000279588,-0.00128023,0.000136022,0,-0.000188166,-9.6978e-08,-4.76481e-05,1.05011e-05,-4.80631e-05,0.000745364,0,0.0466336,
0.00310699,-0.000388211,-0.00166084,-0.000413672,-0.00160907,0.000287736,2.42417e-07,-0.000388211,0.001215,-0.000434208,0.00120134,0.000590629,-0.000616875,-4.78406e-05,-0.00166084,-0.000434208,0.0033482,-0.000378791,-0.00172203,0.000278783,1.06049e-05,-0.000413672,0.00120134,-0.000378791,0.00307754,-0.000432379,-0.00128482,-4.80327e-05,-0.00160907,0.000590629,-0.00172203,-0.000432379,0.0271208,0.000140993,0.000740018,0.000287736,-0.000616875,0.000278783,-0.00128482,0.000140993,0.02499,-0.000187573,2.42473e-07,-4.78406e-05,1.06049e-05,-4.80326e-05,0.000740018,-0.000187573,0.0466332,
0.00310966,-0.000389657,-0.00166094,-0.000413168,-0.00161042,0.000285949,6.21031e-07,-0.000389657,0.00121607,-0.000435266,0.00120048,0.00058958,-0.000616065,-4.81156e-05,-0.00166094,-0.000435266,0.00334562,-0.000379931,-0.00172237,0.000277544,1.0668e-05,-0.000413168,0.00120048,-0.000379931,0.00307387,-0.000429228,-0.00128851,-4.80852e-05,-0.00161042,0.00058958,-0.00172237,-0.000429228,0.0271165,0.000146506,0.000735487,0.000285949,-0.000616065,0.000277544,-0.00128851,0.000146506,0.0249914,-0.000186894,6.21059e-07,-4.81155e-05,1.0668e-05,-4.80852e-05,0.000735487,-0.000186894,0.0466328,
0.00311316,-0.00039128,-0.00166091,-0.000412384,-0.00161219,0.000283879,1.07114e-06,-0.00039128,0.00121721,-0.000436334,0.00119956,0.000588495,-0.000615122,-4.84074e-05,-0.00166091,-0.000436334,0.00334252,-0.000381299,-0.00172284,0.000276234,1.07229e-05,-0.000412384,0.00119956,-0.000381299,0.00306998,-0.000425902,-0.0012925,-4.81359e-05,-0.00161219,0.000588495,-0.00172284,-0.000425902,0.027112,0.000152592,0.000730592,0.000283879,-0.000615122,0.000276234,-0.0012925,0.000152592,0.0249931,-0.000186202,1.07114e-06,-4.84074e-05,1.07229e-05,-4.81359e-05,0.000730592,-0.000186202,0.0466325,
0.0031174,-0.000393051,-0.00166074,-0.000411336,-0.00161422,0.000281737,1.56619e-06,-0.000393051,0.0012184,-0.000437396,0.00119861,0.000587552,-0.000614205,-4.87e-05,-0.00166074,-0.000437396,0.00333899,-0.000382859,-0.00172331,0.000275054,1.07557e-05,-0.000411336,0.00119861,-0.000382859,0.00306597,-0.000422767,-0.00129646,-4.81918e-05,-0.00161422,0.000587552,-0.00172331,-0.000422767,0.0271076,0.00015864,0.000725711,0.000281737,-0.000614205,0.000275054,-0.00129646,0.00015864,0.0249947,-0.000185479,1.56619e-06,-4.87e-05,1.07556e-05,-4.81918e-05,0.000725711,-0.000185479,0.0466321,
0.0031223,-0.000394935,-0.00166045,-0.000410029,-0.00161656,0.000279372,2.10609e-06,-0.000394935,0.00121962,-0.000438428,0.00119763,0.000586587,-0.000613258,-4.89999e-05,-0.00166045,-0.000438428,0.00333506,-0.000384583,-0.00172387,0.000273832,1.0773e-05,-0.000410029,0.00119763,-0.000384583,0.00306187,-0.000419574,-0.00130046,-4.82516e-05,-0.00161656,0.000586587,-0.00172387,-0.000419574,0.0271033,0.000164961,0.000720776,0.000279372,-0.000613258,0.000273832,-0.00130046,0.000164961,0.0249965,-0.000184734,2.10609e-06,-4.89999e-05,1.0773e-05,-4.82516e-05,0.000720776,-0.000184734,0.0466318,
0.00312775,-0.00039692,-0.00166005,-0.000408492,-0.00161913,0.00027688,2.68283e-06,-0.00039692,0.00122088,-0.000439434,0.00119663,0.000585689,-0.000612292,-4.93003e-05,-0.00166005,-0.000439434,0.0033308,-0.000386448,-0.00172445,0.000272651,1.07767e-05,-0.000408492,0.00119663,-0.000386448,0.00305771,-0.000416452,-0.0013045,-4.83121e-05,-0.00161913,0.000585689,-0.00172445,-0.000416452,0.0270991,0.000171382,0.000715795,0.00027688,-0.000612292,0.000272651,-0.0013045,0.000171382,0.0249983,-0.000183969,2.68285e-06,-4.93002e-05,1.07768e-05,-4.83121e-05,0.000715795,-0.000183969,0.0466315,
0.00313367,-0.000398993,-0.00165954,-0.000406746,-0.00162191,0.000274233,3.2912e-06,-0.000398993,0.00122216,-0.000440413,0.00119562,0.000584813,-0.00061131,-4.96028e-05,-0.00165954,-0.000440413,0.00332623,-0.000388436,-0.00172509,0.000271464,1.0769e-05,-0.000406746,0.00119562,-0.000388436,0.00305348,-0.000413338,-0.00130854,-4.83745e-05,-0.00162191,0.000584813,-0.00172509,-0.000413338,0.027095,0.000177947,0.000710793,0.000274233,-0.00061131,0.000271464,-0.00130854,0.000177947,0.0250001,-0.000183188,3.2912e-06,-4.96028e-05,1.0769e-05,-4.83745e-05,0.000710793,-0.000183188,0.0466312,
0.00313999,-0.000401144,-0.00165893,-0.000404811,-0.00162485,0.000271461,3.92678e-06,-0.000401144,0.00122347,-0.000441369,0.00119458,0.000583983,-0.00061031,-4.99056e-05,-0.00165893,-0.000441369,0.00332141,-0.000390531,-0.00172574,0.000270289,1.07523e-05,-0.000404811,0.00119458,-0.000390531,0.00304921,-0.000410262,-0.00131261,-4.84372e-05,-0.00162485,0.000583983,-0.00172574,-0.000410262,0.027091,0.00018461,0.000705764,0.000271461,-0.00061031,0.000270289,-0.00131261,0.00018461,0.025002,-0.000182392,3.92675e-06,-4.99056e-05,1.07523e-05,-4.84372e-05,0.000705764,-0.000182392,0.0466309,
0.00314665,-0.000403364,-0.00165824,-0.000402706,-0.00162793,0.000268565,4.58533e-06,-0.000403364,0.0012248,-0.000442302,0.00119354,0.000583187,-0.000609296,-5.02087e-05,-0.00165824,-0.000442302,0.00331637,-0.000392719,-0.00172642,0.000269114,1.07282e-05,-0.000402706,0.00119354,-0.000392719,0.00304491,-0.000407211,-0.00131667,-4.85003e-05,-0.00162793,0.000583187,-0.00172642,-0.000407211,0.0270872,0.000191367,0.000700724,0.000268565,-0.000609296,0.000269114,-0.00131667,0.000191367,0.025004,-0.000181585,4.58533e-06,-5.02087e-05,1.07282e-05,-4.85003e-05,0.000700724,-0.000181585,0.0466306,
0.0031535,-0.00040564,-0.00165745,-0.000400504,-0.0016311,0.000265587,5.25685e-06,-0.00040564,0.00122614,-0.000443233,0.00119248,0.000582433,-0.000608251,-5.0511e-05,-0.00165745,-0.000443233,0.00331124,-0.000394973,-0.00172715,0.000267939,1.07029e-05,-0.000400504,0.00119248,-0.000394973,0.00304058,-0.000404184,-0.0013207,-4.8564e-05,-0.0016311,0.000582433,-0.00172715,-0.000404184,0.0270835,0.000198165,0.000695695,0.000265587,-0.000608251,0.000267939,-0.0013207,0.000198165,0.025006,-0.000180769,5.25685e-06,-5.0511e-05,1.07028e-05,-4.8564e-05,0.000695695,-0.000180769,0.0466303,
0.00316044,-0.000407955,-0.00165658,-0.00039824,-0.00163434,0.000262547,5.9342e-06,-0.000407955,0.0012275,-0.000444166,0.0011914,0.000581714,-0.000607184,-5.08119e-05,-0.00165658,-0.000444166,0.00330607,-0.000397268,-0.00172791,0.000266756,1.06787e-05,-0.00039824,0.0011914,-0.000397268,0.00303625,-0.000401175,-0.00132466,-4.86285e-05,-0.00163434,0.000581714,-0.00172791,-0.000401175,0.02708,0.000204974,0.000690702,0.000262547,-0.000607184,0.000266756,-0.00132466,0.000204974,0.025008,-0.000179946,5.9342e-06,-5.08119e-05,1.06787e-05,-4.86285e-05,0.000690702,-0.000179946,0.04663,
0.00316743,-0.000410298,-0.00165565,-0.000395924,-0.00163759,0.000259449,6.61432e-06,-0.000410298,0.00122886,-0.000445099,0.00119032,0.000581027,-0.0006061,-5.11109e-05,-0.00165565,-0.000445099,0.0033009,-0.000399588,-0.00172869,0.000265562,1.06566e-05,-0.000395924,0.00119032,-0.000399588,0.00303193,-0.00039818,-0.00132858,-4.8693e-05,-0.00163759,0.000581027,-0.00172869,-0.00039818,0.0270766,0.000211789,0.00068574,0.00025945,-0.0006061,0.000265562,-0.00132858,0.000211789,0.02501,-0.000179119,6.61432e-06,-5.11109e-05,1.06566e-05,-4.8693e-05,0.00068574,-0.000179119,0.0466298,
0.00317441,-0.00041266,-0.00165468,-0.000393564,-0.00164084,0.0002563,7.29497e-06,-0.00041266,0.00123024,-0.000446028,0.00118924,0.00058037,-0.000605001,-5.14077e-05,-0.00165468,-0.000446028,0.00329572,-0.000401923,-0.00172947,0.000264352,1.06374e-05,-0.000393564,0.00118924,-0.000401923,0.0030276,-0.000395196,-0.00133246,-4.8757e-05,-0.00164084,0.00058037,-0.00172947,-0.000395196,0.0270734,0.000218606,0.00068081,0.0002563,-0.000605001,0.000264352,-0.00133246,0.000218606,0.0250121,-0.000178288,7.295e-06,-5.14077e-05,1.06374e-05,-4.8757e-05,0.00068081,-0.000178288,0.0466295,
0.00318137,-0.000415036,-0.00165366,-0.000391164,-0.00164407,0.000253103,7.97468e-06,-0.000415036,0.00123162,-0.000446952,0.00118814,0.000579739,-0.000603891,-5.17019e-05,-0.00165366,-0.000446952,0.00329055,-0.000404265,-0.00173026,0.000263125,1.06212e-05,-0.000391164,0.00118814,-0.000404265,0.00302329,-0.000392221,-0.00133629,-4.88201e-05,-0.00164407,0.000579739,-0.00173026,-0.000392221,0.0270703,0.000225422,0.00067591,0.000253103,-0.000603891,0.000263125,-0.00133629,0.000225422,0.0250142,-0.000177455,7.97468e-06,-5.17019e-05,1.06212e-05,-4.88201e-05,0.00067591,-0.000177455,0.0466293,
0.0031883,-0.000417422,-0.00165261,-0.000388729,-0.00164729,0.000249858,8.65241e-06,-0.000417422,0.00123302,-0.000447871,0.00118704,0.000579134,-0.000602771,-5.19935e-05,-0.00165261,-0.000447871,0.00328538,-0.000406609,-0.00173103,0.000261878,1.06083e-05,-0.000388729,0.00118704,-0.000406609,0.00301898,-0.000389253,-0.00134009,-4.88822e-05,-0.00164729,0.000579134,-0.00173103,-0.000389253,0.0270673,0.000232237,0.000671042,0.000249858,-0.000602771,0.000261878,-0.00134009,0.000232237,0.0250162,-0.000176621,8.65247e-06,-5.19934e-05,1.06083e-05,-4.88822e-05,0.000671042,-0.000176621,0.046629,
0.00319518,-0.000419815,-0.00165152,-0.00038626,-0.00165047,0.00024657,9.32757e-06,-0.000419815,0.00123442,-0.000448785,0.00118594,0.000578552,-0.000601642,-5.22823e-05,-0.00165152,-0.000448785,0.00328024,-0.000408954,-0.00173181,0.000260611,1.05989e-05,-0.00038626,0.00118594,-0.000408954,0.00301469,-0.000386291,-0.00134385,-4.8943e-05,-0.00165047,0.000578552,-0.00173181,-0.000386291,0.0270644,0.000239048,0.000666202,0.00024657,-0.000601642,0.000260611,-0.00134385,0.000239048,0.0250184,-0.000175786,9.32754e-06,-5.22823e-05,1.05989e-05,-4.89431e-05,0.000666202,-0.000175786,0.0466288,
0.003202,-0.000422213,-0.0016504,-0.00038376,-0.00165363,0.000243238,9.99967e-06,-0.000422213,0.00123583,-0.000449692,0.00118483,0.000577995,-0.000600504,-5.25683e-05,-0.0016504,-0.000449692,0.00327511,-0.000411295,-0.00173257,0.000259323,1.05928e-05,-0.00038376,0.00118483,-0.000411295,0.00301041,-0.000383335,-0.00134758,-4.90026e-05,-0.00165363,0.000577995,-0.00173257,-0.000383335,0.0270616,0.000245855,0.000661393,0.000243238,-0.000600504,0.000259323,-0.00134758,0.000245855,0.0250205,-0.000174952,9.99967e-06,-5.25684e-05,1.05928e-05,-4.90026e-05,0.000661393,-0.000174952,0.0466286,
0.00320877,-0.000424616,-0.00164925,-0.00038123,-0.00165675,0.000239864,1.06684e-05,-0.000424616,0.00123724,-0.000450593,0.00118371,0.00057746,-0.000599359,-5.28517e-05,-0.00164925,-0.000450593,0.00326999,-0.000413633,-0.00173333,0.000258014,1.05902e-05,-0.00038123,0.00118371,-0.000413633,0.00300614,-0.000380384,-0.00135128,-4.90608e-05,-0.00165675,0.00057746,-0.00173333,-0.000380384,0.027059,0.000252658,0.000656611,0.000239864,-0.000599359,0.000258014,-0.00135128,0.000252658,0.0250227,-0.000174118,1.06685e-05,-5.28517e-05,1.05902e-05,-4.90608e-05,0.000656611,-0.000174118,0.0466283,
0.00321549,-0.000427023,-0.00164808,-0.00037867,-0.00165983,0.000236448,1.13336e-05,-0.000427023,0.00123866,-0.000451488,0.00118259,0.000576947,-0.000598205,-5.31323e-05,-0.00164808,-0.000451488,0.0032649,-0.000415967,-0.00173407,0.000256683,1.05909e-05,-0.00037867,0.00118259,-0.000415967,0.00300188,-0.000377439,-0.00135494,-4.91176e-05,-0.00165983,0.000576947,-0.00173407,-0.000377439,0.0270564,0.000259457,0.000651857,0.000236448,-0.000598205,0.000256683,-0.00135494,0.000259457,0.0250249,-0.000173286,1.13336e-05,-5.31323e-05,1.05909e-05,-4.91177e-05,0.000651857,-0.000173286,0.0466281,
0.00322214,-0.000429433,-0.00164687,-0.000376081,-0.00166288,0.000232994,1.19951e-05,-0.000429433,0.00124009,-0.000452377,0.00118146,0.000576456,-0.000597044,-5.34101e-05,-0.00164687,-0.000452377,0.00325982,-0.000418295,-0.0017348,0.000255332,1.0595e-05,-0.000376081,0.00118146,-0.000418295,0.00299764,-0.0003745,-0.00135857,-4.9173e-05,-0.00166288,0.000576456,-0.0017348,-0.0003745,0.027054,0.000266248,0.000647132,0.000232994,-0.000597044,0.000255332,-0.00135857,0.000266248,0.0250271,-0.000172455,1.19951e-05,-5.34101e-05,1.0595e-05,-4.91729e-05,0.000647132,-0.000172455,0.0466279,
0.00322873,-0.000431845,-0.00164564,-0.000373464,-0.0016659,0.000229499,1.26527e-05,-0.000431845,0.00124153,-0.00045326,0.00118033,0.000575986,-0.000595876,-5.36853e-05,-0.00164564,-0.00045326,0.00325476,-0.000420616,-0.00173553,0.000253959,1.06024e-05,-0.000373464,0.00118033,-0.000420616,0.00299341,-0.000371566,-0.00136217,-4.92268e-05,-0.0016659,0.000575986,-0.00173553,-0.000371566,0.0270516,0.000273035,0.000642431,0.000229499,-0.000595876,0.000253959,-0.00136217,0.000273035,0.0250294,-0.000171627,1.26527e-05,-5.36853e-05,1.06024e-05,-4.92268e-05,0.000642431,-0.000171627,0.0466277,
0.00323525,-0.00043426,-0.00164438,-0.00037082,-0.00166887,0.000225967,1.33064e-05,-0.00043426,0.00124297,-0.000454137,0.0011792,0.000575538,-0.0005947,-5.39577e-05,-0.00164438,-0.000454137,0.00324972,-0.000422932,-0.00173624,0.000252565,1.06129e-05,-0.00037082,0.0011792,-0.000422932,0.0029892,-0.000368638,-0.00136574,-4.92792e-05,-0.00166887,0.000575538,-0.00173624,-0.000368638,0.0270494,0.000279816,0.000637758,0.000225967,-0.0005947,0.000252565,-0.00136574,0.000279816,0.0250317,-0.000170802,1.33064e-05,-5.39577e-05,1.06128e-05,-4.92792e-05,0.000637758,-0.000170802,0.0466275,
0.00324172,-0.000436678,-0.0016431,-0.000368148,-0.00167181,0.000222397,1.39561e-05,-0.000436678,0.00124442,-0.000455008,0.00117806,0.000575111,-0.000593517,-5.42275e-05,-0.0016431,-0.000455008,0.00324471,-0.000425242,-0.00173694,0.000251151,1.06266e-05,-0.000368148,0.00117806,-0.000425242,0.002985,-0.000365716,-0.00136928,-4.933e-05,-0.00167181,0.000575111,-0.00173694,-0.000365716,0.0270472,0.00028659,0.00063311,0.000222397,-0.000593517,0.000251151,-0.00136928,0.00028659,0.025034,-0.000169979,1.39561e-05,-5.42275e-05,1.06266e-05,-4.933e-05,0.00063311,-0.000169979,0.0466273,
0.00324812,-0.000439097,-0.00164179,-0.00036545,-0.00167472,0.00021879,1.46018e-05,-0.000439097,0.00124588,-0.000455873,0.00117691,0.000574705,-0.000592327,-5.44948e-05,-0.00164179,-0.000455873,0.00323971,-0.000427545,-0.00173763,0.000249715,1.06434e-05,-0.00036545,0.00117691,-0.000427545,0.00298081,-0.0003628,-0.00137279,-4.93793e-05,-0.00167472,0.000574705,-0.00173763,-0.0003628,0.0270451,0.000293358,0.000628486,0.00021879,-0.000592327,0.000249715,-0.00137279,0.000293358,0.0250364,-0.00016916,1.46018e-05,-5.44947e-05,1.06434e-05,-4.93793e-05,0.000628486,-0.00016916,0.046627,
0.00325446,-0.000441517,-0.00164046,-0.000362725,-0.00167759,0.000215147,1.52433e-05,-0.000441517,0.00124734,-0.000456733,0.00117576,0.000574319,-0.00059113,-5.47594e-05,-0.00164046,-0.000456733,0.00323473,-0.000429841,-0.00173831,0.00024826,1.06632e-05,-0.000362725,0.00117576,-0.000429841,0.00297664,-0.000359891,-0.00137627,-4.94271e-05,-0.00167759,0.000574319,-0.00173831,-0.000359891,0.0270432,0.000300118,0.000623888,0.000215147,-0.00059113,0.00024826,-0.00137627,0.000300118,0.0250388,-0.000168345,1.52433e-05,-5.47594e-05,1.06632e-05,-4.94271e-05,0.000623888,-0.000168345,0.0466268,
0.00326074,-0.00044394,-0.0016391,-0.000359974,-0.00168042,0.000211468,1.58807e-05,-0.00044394,0.00124881,-0.000457587,0.0011746,0.000573953,-0.000589925,-5.50214e-05,-0.0016391,-0.000457587,0.00322977,-0.00043213,-0.00173898,0.000246783,1.0686e-05,-0.000359974,0.0011746,-0.00043213,0.00297248,-0.000356988,-0.00137971,-4.94733e-05,-0.00168042,0.000573953,-0.00173898,-0.000356988,0.0270413,0.000306872,0.000619313,0.000211468,-0.000589925,0.000246783,-0.00137971,0.000306872,0.0250412,-0.000167534,1.58807e-05,-5.50215e-05,1.0686e-05,-4.94733e-05,0.000619313,-0.000167534,0.0466267,
0.00326695,-0.000446364,-0.00163771,-0.000357198,-0.00168322,0.000207755,1.6514e-05,-0.000446364,0.00125028,-0.000458437,0.00117344,0.000573606,-0.000588714,-5.52811e-05,-0.00163771,-0.000458437,0.00322483,-0.000434412,-0.00173964,0.000245287,1.07117e-05,-0.000357198,0.00117344,-0.000434412,0.00296834,-0.000354092,-0.00138313,-4.9518e-05,-0.00168322,0.000573606,-0.00173964,-0.000354092,0.0270395,0.000313619,0.000614762,0.000207755,-0.000588714,0.000245287,-0.00138313,0.000313619,0.0250437,-0.000166727,1.6514e-05,-5.5281e-05,1.07117e-05,-4.95179e-05,0.000614762,-0.000166727,0.0466265,
0.0032731,-0.000448788,-0.00163631,-0.000354396,-0.00168598,0.000204007,1.7143e-05,-0.000448789,0.00125176,-0.000459281,0.00117228,0.00057328,-0.000587496,-5.55381e-05,-0.00163631,-0.000459281,0.00321991,-0.000436687,-0.00174028,0.000243771,1.07402e-05,-0.000354396,0.00117228,-0.000436687,0.00296422,-0.000351203,-0.00138652,-4.9561e-05,-0.00168598,0.00057328,-0.00174028,-0.000351203,0.0270379,0.000320358,0.000610234,0.000204007,-0.000587496,0.000243771,-0.00138652,0.000320358,0.0250462,-0.000165924,1.7143e-05,-5.55381e-05,1.07402e-05,-4.9561e-05,0.000610234,-0.000165924,0.0466263,
0.00327919,-0.000451214,-0.00163487,-0.000351569,-0.00168871,0.000200227,1.77678e-05,-0.000451214,0.00125325,-0.000460121,0.0011711,0.000572973,-0.00058627,-5.57927e-05,-0.00163487,-0.000460121,0.00321501,-0.000438955,-0.00174092,0.000242234,1.07715e-05,-0.000351569,0.0011711,-0.000438955,0.00296011,-0.000348321,-0.00138988,-4.96026e-05,-0.00168871,0.000572973,-0.00174092,-0.000348321,0.0270363,0.00032709,0.000605728,0.000200227,-0.00058627,0.000242234,-0.00138988,0.00032709,0.0250487,-0.000165126,1.77678e-05,-5.57927e-05,1.07715e-05,-4.96025e-05,0.000605729,-0.000165126,0.0466261,
0.00328522,-0.000453641,-0.00163342,-0.000348717,-0.00169141,0.000196413,1.83883e-05,-0.000453641,0.00125474,-0.000460955,0.00116993,0.000572685,-0.000585038,-5.60449e-05,-0.00163342,-0.000460955,0.00321013,-0.000441216,-0.00174155,0.000240678,1.08055e-05,-0.000348717,0.00116993,-0.000441216,0.00295601,-0.000345447,-0.00139321,-4.96425e-05,-0.00169141,0.000572685,-0.00174155,-0.000345447,0.0270348,0.000333813,0.000601246,0.000196413,-0.000585038,0.000240678,-0.00139321,0.000333813,0.0250512,-0.000164333,1.83883e-05,-5.60449e-05,1.08055e-05,-4.96425e-05,0.000601246,-0.000164333,0.0466259,
0.00329119,-0.000456069,-0.00163194,-0.000345841,-0.00169407,0.000192568,1.90045e-05,-0.000456069,0.00125624,-0.000461785,0.00116875,0.000572416,-0.000583799,-5.62946e-05,-0.00163194,-0.000461786,0.00320527,-0.000443469,-0.00174217,0.000239103,1.08422e-05,-0.000345841,0.00116875,-0.000443469,0.00295194,-0.000342579,-0.00139652,-4.96809e-05,-0.00169407,0.000572416,-0.00174217,-0.00034258,0.0270334,0.000340528,0.000596785,0.000192568,-0.000583799,0.000239103,-0.00139652,0.000340528,0.0250538,-0.000163545,1.90045e-05,-5.62946e-05,1.08422e-05,-4.96809e-05,0.000596785,-0.000163545,0.0466257,
0.00329709,-0.000458497,-0.00163043,-0.000342942,-0.00169669,0.000188691,1.96164e-05,-0.000458497,0.00125774,-0.000462611,0.00116756,0.000572166,-0.000582553,-5.6542e-05,-0.00163043,-0.000462611,0.00320043,-0.000445715,-0.00174278,0.000237508,1.08815e-05,-0.000342942,0.00116756,-0.000445715,0.00294787,-0.00033972,-0.00139979,-4.97177e-05,-0.00169669,0.000572166,-0.00174278,-0.00033972,0.027032,0.000347236,0.000592345,0.000188691,-0.000582553,0.000237508,-0.00139979,0.000347236,0.0250564,-0.000162762,1.96164e-05,-5.65419e-05,1.08815e-05,-4.97177e-05,0.000592345,-0.000162762,0.0466256,
0.00330293,-0.000460925,-0.00162891,-0.000340018,-0.00169928,0.000184783,2.02239e-05,-0.000460925,0.00125925,-0.000463433,0.00116637,0.000571934,-0.0005813,-5.6787e-05,-0.00162891,-0.000463433,0.00319561,-0.000447953,-0.00174338,0.000235894,1.09233e-05,-0.000340018,0.00116637,-0.000447953,0.00294383,-0.000336869,-0.00140304,-4.97529e-05,-0.00169928,0.000571934,-0.00174338,-0.000336869,0.0270308,0.000353934,0.000587927,0.000184783,-0.0005813,0.000235894,-0.00140304,0.000353934,0.0250591,-0.000161984,2.02239e-05,-5.6787e-05,1.09233e-05,-4.97529e-05,0.000587927,-0.000161984,0.0466254,
0.00330871,-0.000463354,-0.00162736,-0.000337072,-0.00170184,0.000180846,2.08271e-05,-0.000463354,0.00126077,-0.00046425,0.00116517,0.00057172,-0.00058004,-5.70296e-05,-0.00162736,-0.00046425,0.0031908,-0.000450183,-0.00174397,0.000234262,1.09677e-05,-0.000337072,0.00116517,-0.000450183,0.0029398,-0.000334025,-0.00140626,-4.97866e-05,-0.00170184,0.00057172,-0.00174397,-0.000334025,0.0270297,0.000360624,0.00058353,0.000180846,-0.00058004,0.000234262,-0.00140626,0.000360624,0.0250618,-0.000161212,2.0827e-05,-5.70297e-05,1.09677e-05,-4.97866e-05,0.00058353,-0.000161212,0.0466252,
0.00331443,-0.000465782,-0.00162579,-0.000334102,-0.00170436,0.000176879,2.14258e-05,-0.000465782,0.00126229,-0.000465063,0.00116397,0.000571524,-0.000578774,-5.72699e-05,-0.00162579,-0.000465063,0.00318602,-0.000452405,-0.00174455,0.00023261,1.10145e-05,-0.000334102,0.00116397,-0.000452405,0.00293578,-0.00033119,-0.00140945,-4.98186e-05,-0.00170436,0.000571524,-0.00174455,-0.00033119,0.0270286,0.000367304,0.000579154,0.000176879,-0.000578774,0.00023261,-0.00140945,0.000367304,0.0250645,-0.000160445,2.14258e-05,-5.727e-05,1.10145e-05,-4.98186e-05,0.000579154,-0.000160445,0.046625,
0.00332009,-0.000468211,-0.00162419,-0.00033111,-0.00170685,0.000172883,2.20201e-05,-0.000468211,0.00126381,-0.000465873,0.00116277,0.000571345,-0.000577501,-5.7508e-05,-0.00162419,-0.000465873,0.00318126,-0.000454619,-0.00174512,0.00023094,1.10637e-05,-0.00033111,0.00116277,-0.000454619,0.00293179,-0.000328363,-0.00141262,-4.98492e-05,-0.00170685,0.000571346,-0.00174512,-0.000328363,0.0270276,0.000373975,0.000574798,0.000172883,-0.000577501,0.00023094,-0.00141262,0.000373975,0.0250672,-0.000159683,2.20201e-05,-5.75079e-05,1.10637e-05,-4.98491e-05,0.000574798,-0.000159683,0.0466249,
0.00332568,-0.000470639,-0.00162258,-0.000328096,-0.00170931,0.000168859,2.26099e-05,-0.000470639,0.00126534,-0.000466678,0.00116156,0.000571184,-0.000576221,-5.77437e-05,-0.00162258,-0.000466678,0.00317651,-0.000456826,-0.00174568,0.000229251,1.11153e-05,-0.000328096,0.00116156,-0.000456826,0.0029278,-0.000325544,-0.00141576,-4.98781e-05,-0.00170931,0.000571184,-0.00174568,-0.000325544,0.0270267,0.000380637,0.000570462,0.000168859,-0.000576221,0.000229251,-0.00141576,0.000380637,0.02507,-0.000158928,2.261e-05,-5.77436e-05,1.11153e-05,-4.9878e-05,0.000570462,-0.000158928,0.0466247,
0.00333122,-0.000473066,-0.00162094,-0.00032506,-0.00171173,0.000164808,2.31953e-05,-0.000473066,0.00126688,-0.00046748,0.00116034,0.00057104,-0.000574935,-5.79772e-05,-0.00162094,-0.00046748,0.00317179,-0.000459024,-0.00174624,0.000227544,1.11692e-05,-0.00032506,0.00116034,-0.000459024,0.00292384,-0.000322734,-0.00141887,-4.99054e-05,-0.00171173,0.00057104,-0.00174624,-0.000322734,0.0270259,0.000387289,0.000566146,0.000164808,-0.000574935,0.000227544,-0.00141887,0.000387289,0.0250728,-0.000158178,2.31953e-05,-5.79771e-05,1.11692e-05,-4.99054e-05,0.000566146,-0.000158178,0.0466245,
0.00333669,-0.000475493,-0.00161928,-0.000322002,-0.00171412,0.00016073,2.37762e-05,-0.000475493,0.00126842,-0.000468279,0.00115912,0.000570913,-0.000573642,-5.82084e-05,-0.00161928,-0.000468279,0.00316708,-0.000461213,-0.00174678,0.000225819,1.12253e-05,-0.000322002,0.00115912,-0.000461213,0.00291989,-0.000319933,-0.00142196,-4.99313e-05,-0.00171412,0.000570913,-0.00174678,-0.000319933,0.0270252,0.000393932,0.00056185,0.00016073,-0.000573642,0.000225819,-0.00142196,0.000393932,0.0250756,-0.000157434,2.37762e-05,-5.82083e-05,1.12254e-05,-4.99312e-05,0.00056185,-0.000157434,0.0466244,
0.0033421,-0.000477919,-0.0016176,-0.000318923,-0.00171648,0.000156626,2.43525e-05,-0.000477919,0.00126996,-0.000469074,0.00115789,0.000570803,-0.000572343,-5.84374e-05,-0.0016176,-0.000469074,0.00316239,-0.000463395,-0.00174732,0.000224076,1.12837e-05,-0.000318923,0.00115789,-0.000463395,0.00291596,-0.00031714,-0.00142502,-4.99555e-05,-0.00171648,0.000570803,-0.00174732,-0.00031714,0.0270245,0.000400564,0.000557573,0.000156626,-0.000572343,0.000224076,-0.00142502,0.000400564,0.0250785,-0.000156695,2.43526e-05,-5.84374e-05,1.12837e-05,-4.99555e-05,0.000557573,-0.000156695,0.0466242,
0.00334745,-0.000480344,-0.0016159,-0.000315824,-0.0017188,0.000152496,2.49244e-05,-0.000480344,0.00127151,-0.000469865,0.00115666,0.000570708,-0.000571037,-5.86641e-05,-0.0016159,-0.000469865,0.00315772,-0.000465567,-0.00174785,0.000222315,1.13443e-05,-0.000315824,0.00115666,-0.000465567,0.00291205,-0.000314357,-0.00142806,-4.99782e-05,-0.0017188,0.000570708,-0.00174785,-0.000314357,0.027024,0.000407185,0.000553315,0.000152496,-0.000571037,0.000222315,-0.00142806,0.000407185,0.0250814,-0.000155962,2.49244e-05,-5.86641e-05,1.13443e-05,-4.99782e-05,0.000553315,-0.000155962,0.0466241,
0.00335274,-0.000482768,-0.00161418,-0.000312704,-0.0017211,0.000148342,2.54917e-05,-0.000482768,0.00127307,-0.000470654,0.00115543,0.00057063,-0.000569725,-5.88887e-05,-0.00161418,-0.000470654,0.00315308,-0.000467731,-0.00174837,0.000220536,1.1407e-05,-0.000312704,0.00115543,-0.000467731,0.00290815,-0.000311582,-0.00143107,-4.99994e-05,-0.0017211,0.00057063,-0.00174837,-0.000311582,0.0270235,0.000413796,0.000549077,0.000148342,-0.000569725,0.000220536,-0.00143107,0.000413796,0.0250843,-0.000155236,2.54917e-05,-5.88887e-05,1.14069e-05,-4.99994e-05,0.000549077,-0.000155236,0.0466239,
0.00335797,-0.00048519,-0.00161243,-0.000309564,-0.00172336,0.000144163,2.60544e-05,-0.00048519,0.00127463,-0.00047144,0.00115419,0.000570568,-0.000568406,-5.91111e-05,-0.00161243,-0.00047144,0.00314845,-0.000469887,-0.00174888,0.00021874,1.14717e-05,-0.000309564,0.00115419,-0.000469887,0.00290427,-0.000308816,-0.00143406,-5.0019e-05,-0.00172336,0.000570568,-0.00174888,-0.000308816,0.0270231,0.000420397,0.000544856,0.000144163,-0.000568406,0.00021874,-0.00143406,0.000420397,0.0250872,-0.000154515,2.60544e-05,-5.91111e-05,1.14717e-05,-5.0019e-05,0.000544856,-0.000154515,0.0466238,
0.00336314,-0.000487611,-0.00161067,-0.000306404,-0.00172559,0.00013996,2.66126e-05,-0.000487611,0.00127619,-0.000472222,0.00115294,0.000570521,-0.000567081,-5.93313e-05,-0.00161067,-0.000472222,0.00314384,-0.000472033,-0.00174938,0.000216926,1.15385e-05,-0.000306404,0.00115294,-0.000472033,0.00290041,-0.00030606,-0.00143702,-5.00371e-05,-0.00172559,0.000570521,-0.00174938,-0.00030606,0.0270227,0.000426986,0.000540655,0.00013996,-0.000567081,0.000216926,-0.00143702,0.000426986,0.0250902,-0.0001538,2.66127e-05,-5.93313e-05,1.15385e-05,-5.00371e-05,0.000540655,-0.0001538,0.0466236,
0.00336824,-0.00049003,-0.00160889,-0.000303225,-0.00172778,0.000135734,2.71663e-05,-0.00049003,0.00127776,-0.000473002,0.00115169,0.00057049,-0.000565748,-5.95493e-05,-0.00160889,-0.000473002,0.00313925,-0.000474171,-0.00174987,0.000215094,1.16075e-05,-0.000303225,0.00115169,-0.000474171,0.00289657,-0.000303312,-0.00143996,-5.00537e-05,-0.00172778,0.00057049,-0.00174987,-0.000303312,0.0270225,0.000433567,0.000536469,0.000135734,-0.000565748,0.000215094,-0.00143996,0.000433567,0.0250932,-0.000153091,2.71663e-05,-5.95493e-05,1.16075e-05,-5.00537e-05,0.000536469,-0.000153091,0.0466235,
0.00337329,-0.000492447,-0.00160709,-0.000300028,-0.00172995,0.000131488,2.77151e-05,-0.000492447,0.00127933,-0.000473779,0.00115043,0.000570474,-0.000564413,-5.97653e-05,-0.00160709,-0.000473779,0.00313468,-0.0004763,-0.00175036,0.000213249,1.1678e-05,-0.000300028,0.00115043,-0.0004763,0.00289274,-0.000300577,-0.00144287,-5.0069e-05,-0.00172995,0.000570474,-0.00175036,-0.000300577,0.0270223,0.000440127,0.00053231,0.000131488,-0.000564413,0.000213249,-0.00144287,0.000440127,0.0250963,-0.000152387,2.77151e-05,-5.97653e-05,1.1678e-05,-5.00689e-05,0.00053231,-0.000152387,0.0466233,
0.00337828,-0.000494862,-0.00160527,-0.000296811,-0.00173208,0.000127216,2.82597e-05,-0.000494862,0.00128091,-0.000474554,0.00114917,0.000570472,-0.000563067,-5.9979e-05,-0.00160527,-0.000474554,0.00313012,-0.000478419,-0.00175084,0.000211382,1.1751e-05,-0.000296811,0.00114917,-0.000478419,0.00288893,-0.000297847,-0.00144577,-5.00823e-05,-0.00173208,0.000570472,-0.00175084,-0.000297847,0.0270221,0.000446688,0.000528157,0.000127216,-0.000563067,0.000211382,-0.00144577,0.000446688,0.0250993,-0.00015169,2.82597e-05,-5.9979e-05,1.1751e-05,-5.00823e-05,0.000528157,-0.00015169,0.0466232,
0.0033832,-0.000497275,-0.00160343,-0.000293576,-0.00173419,0.000122926,2.87993e-05,-0.000497275,0.00128249,-0.000475326,0.00114791,0.000570485,-0.000561718,-6.01907e-05,-0.00160343,-0.000475326,0.00312559,-0.000480529,-0.00175131,0.000209502,1.18254e-05,-0.000293576,0.00114791,-0.000480529,0.00288514,-0.00029513,-0.00144863,-5.00946e-05,-0.00173419,0.000570485,-0.00175131,-0.00029513,0.0270221,0.000453228,0.000524031,0.000122926,-0.000561718,0.000209502,-0.00144863,0.000453227,0.0251024,-0.000150999,2.87994e-05,-6.01907e-05,1.18254e-05,-5.00946e-05,0.000524031,-0.000150999,0.046623,
0.00338807,-0.000499685,-0.00160157,-0.000290323,-0.00173626,0.000118613,2.93346e-05,-0.000499685,0.00128407,-0.000476095,0.00114664,0.000570513,-0.000560361,-6.04003e-05,-0.00160157,-0.000476095,0.00312107,-0.00048263,-0.00175178,0.000207603,1.1902e-05,-0.000290323,0.00114664,-0.00048263,0.00288137,-0.000292421,-0.00145148,-5.01051e-05,-0.00173626,0.000570513,-0.00175178,-0.000292421,0.0270221,0.000459761,0.000519917,0.000118613,-0.000560361,0.000207603,-0.00145148,0.000459761,0.0251056,-0.000150314,2.93346e-05,-6.04003e-05,1.1902e-05,-5.01051e-05,0.000519917,-0.000150314,0.0466229,
0.00339288,-0.000502093,-0.00159969,-0.000287052,-0.0017383,0.000114281,2.98651e-05,-0.000502093,0.00128566,-0.000476863,0.00114536,0.000570554,-0.000558999,-6.06078e-05,-0.00159969,-0.000476863,0.00311658,-0.000484722,-0.00175223,0.000205689,1.19803e-05,-0.000287052,0.00114536,-0.000484722,0.00287761,-0.000289722,-0.0014543,-5.01143e-05,-0.0017383,0.000570554,-0.00175223,-0.000289722,0.0270222,0.00046628,0.000515823,0.000114281,-0.000558999,0.000205689,-0.0014543,0.00046628,0.0251087,-0.000149634,2.98651e-05,-6.06078e-05,1.19802e-05,-5.01143e-05,0.000515823,-0.000149634,0.0466227,
0.00339763,-0.000504498,-0.0015978,-0.000283765,-0.00174031,0.00010993,3.03909e-05,-0.000504498,0.00128725,-0.000477628,0.00114408,0.00057061,-0.000557632,-6.08132e-05,-0.0015978,-0.000477628,0.0031121,-0.000486804,-0.00175268,0.000203759,1.20602e-05,-0.000283765,0.00114408,-0.000486804,0.00287387,-0.000287034,-0.0014571,-5.0122e-05,-0.00174031,0.00057061,-0.00175268,-0.000287034,0.0270224,0.000472784,0.000511748,0.00010993,-0.000557632,0.000203759,-0.0014571,0.000472784,0.0251119,-0.00014896,3.03909e-05,-6.08132e-05,1.20602e-05,-5.01221e-05,0.000511748,-0.00014896,0.0466226,
0.00340231,-0.0005069,-0.00159588,-0.00028046,-0.00174229,0.000105559,3.09122e-05,-0.0005069,0.00128884,-0.000478391,0.0011428,0.000570679,-0.000556257,-6.10166e-05,-0.00159588,-0.000478391,0.00310765,-0.000488877,-0.00175312,0.000201811,1.21421e-05,-0.00028046,0.0011428,-0.000488877,0.00287015,-0.000284354,-0.00145988,-5.01282e-05,-0.00174229,0.000570679,-0.00175312,-0.000284354,0.0270226,0.00047928,0.000507686,0.000105559,-0.000556257,0.000201811,-0.00145988,0.00047928,0.0251151,-0.000148293,3.09122e-05,-6.10166e-05,1.2142e-05,-5.01282e-05,0.000507686,-0.000148293,0.0466225,
0.00340694,-0.000509299,-0.00159395,-0.000277139,-0.00174424,0.000101171,3.14288e-05,-0.000509299,0.00129044,-0.000479152,0.00114151,0.000570761,-0.000554878,-6.12179e-05,-0.00159395,-0.000479152,0.00310321,-0.000490939,-0.00175355,0.000199849,1.22255e-05,-0.000277139,0.00114151,-0.000490939,0.00286645,-0.000281686,-0.00146263,-5.01331e-05,-0.00174424,0.000570761,-0.00175355,-0.000281686,0.0270229,0.000485759,0.000503644,0.000101171,-0.000554878,0.000199849,-0.00146263,0.000485759,0.0251184,-0.00014763,3.14288e-05,-6.12179e-05,1.22255e-05,-5.01331e-05,0.000503644,-0.00014763,0.0466223,
0.00341151,-0.000511695,-0.001592,-0.000273801,-0.00174616,9.6764e-05,3.19408e-05,-0.000511695,0.00129205,-0.000479911,0.00114022,0.000570857,-0.000553491,-6.14171e-05,-0.001592,-0.000479911,0.00309879,-0.000492993,-0.00175398,0.00019787,1.23107e-05,-0.000273801,0.00114022,-0.000492993,0.00286277,-0.000279026,-0.00146536,-5.01364e-05,-0.00174616,0.000570857,-0.00175398,-0.000279026,0.0270233,0.000492228,0.000499617,9.6764e-05,-0.000553491,0.00019787,-0.00146536,0.000492228,0.0251217,-0.000146974,3.19408e-05,-6.14171e-05,1.23107e-05,-5.01364e-05,0.000499617,-0.000146974,0.0466222,
0.00341602,-0.000514087,-0.00159004,-0.000270448,-0.00174804,9.23404e-05,3.24481e-05,-0.000514087,0.00129365,-0.000480668,0.00113892,0.000570965,-0.0005521,-6.16144e-05,-0.00159004,-0.000480668,0.00309439,-0.000495036,-0.0017544,0.000195876,1.23974e-05,-0.000270448,0.00113892,-0.000495036,0.00285911,-0.000276378,-0.00146807,-5.01384e-05,-0.00174804,0.000570965,-0.0017544,-0.000276378,0.0270237,0.000498682,0.000495608,9.23404e-05,-0.0005521,0.000195876,-0.00146807,0.000498682,0.025125,-0.000146324,3.24481e-05,-6.16144e-05,1.23974e-05,-5.01384e-05,0.000495608,-0.000146324,0.0466221,
0.00342047,-0.000516476,-0.00158806,-0.000267079,-0.0017499,8.78998e-05,3.29508e-05,-0.000516476,0.00129526,-0.000481423,0.00113761,0.000571087,-0.000550702,-6.18096e-05,-0.00158806,-0.000481423,0.00309001,-0.000497069,-0.00175481,0.000193866,1.24858e-05,-0.000267079,0.00113761,-0.000497069,0.00285546,-0.000273739,-0.00147077,-5.0139e-05,-0.0017499,0.000571087,-0.00175481,-0.000273739,0.0270242,0.000505123,0.000491615,8.78998e-05,-0.000550702,0.000193866,-0.00147077,0.000505123,0.0251283,-0.000145679,3.29507e-05,-6.18096e-05,1.24858e-05,-5.0139e-05,0.000491615,-0.000145679,0.0466219,
0.00342484,-0.000518901,-0.00158599,-0.000263818,-0.00175215,8.44767e-05,3.32318e-05,-0.000518828,0.00129692,-0.000482251,0.00113644,0.00057169,-0.000550469,-6.17574e-05,-0.00158609,-0.000482226,0.00308573,-0.000499244,-0.00175573,0.000193118,1.23076e-05,-0.000263715,0.00113628,-0.000499048,0.00285175,-0.000271395,-0.00147273,-5.02867e-05,-0.00175209,0.000570726,-0.00175441,-0.000272623,0.0270196,0.000524343,0.000484955,8.43569e-05,-0.000548052,0.000189804,-0.00146962,0.000524498,0.0250994,-0.000138271,3.34308e-05,-6.20272e-05,1.26155e-05,-5.02127e-05,0.000487386,-0.000144409,0.0466217,
0.00342917,-0.000521282,-0.00158398,-0.000260419,-0.00175394,8.00038e-05,3.37268e-05,-0.000521209,0.00129853,-0.000483003,0.00113513,0.000571833,-0.000549062,-6.19509e-05,-0.00158408,-0.000482979,0.00308138,-0.000501258,-0.00175613,0.000191083,1.23999e-05,-0.000260317,0.00113496,-0.000501061,0.00284814,-0.000268777,-0.00147537,-5.02831e-05,-0.0017539,0.000570875,-0.00175481,-0.000270001,0.0270202,0.000530727,0.00048101,7.99092e-05,-0.000546646,0.000187757,-0.00147226,0.000530856,0.0251027,-0.000137694,3.39232e-05,-6.22185e-05,1.27064e-05,-5.02094e-05,0.000483413,-0.000143788,0.0466215,
0.00343345,-0.000523659,-0.00158195,-0.000257005,-0.00175571,7.55161e-05,3.42167e-05,-0.000523585,0.00130015,-0.000483754,0.00113381,0.000571988,-0.00054765,-6.21427e-05,-0.00158205,-0.000483729,0.00307706,-0.000503262,-0.00175652,0.000189034,1.24934e-05,-0.000256905,0.00113365,-0.000503065,0.00284455,-0.000266171,-0.00147799,-5.02775e-05,-0.00175568,0.000571036,-0.00175521,-0.000267391,0.027021,0.000537097,0.000477072,7.54469e-05,-0.000545235,0.000185696,-0.00147488,0.0005372,0.0251061,-0.000137129,3.44106e-05,-6.24081e-05,1.27983e-05,-5.02041e-05,0.000479445,-0.00014318,0.0466214,
0.00343767,-0.000526032,-0.0015799,-0.000253578,-0.00175744,7.10139e-05,3.47016e-05,-0.000525957,0.00130177,-0.000484503,0.00113249,0.000572155,-0.000546232,-6.23327e-05,-0.00158,-0.000484478,0.00307276,-0.000505256,-0.00175691,0.00018697,1.25882e-05,-0.000253478,0.00113232,-0.000505057,0.00284098,-0.000263575,-0.0014806,-5.02703e-05,-0.00175742,0.000571209,-0.00175559,-0.000264792,0.0270218,0.000543453,0.000473142,7.09703e-05,-0.000543818,0.00018362,-0.00147748,0.00054353,0.0251095,-0.000136574,3.48929e-05,-6.25959e-05,1.28915e-05,-5.01973e-05,0.000475487,-0.000142581,0.0466213,
0.00344181,-0.000528417,-0.00157781,-0.000250186,-0.00175931,6.69164e-05,3.50971e-05,-0.00052831,0.00130342,-0.000485281,0.00113122,0.00057252,-0.000545288,-6.24241e-05,-0.00157796,-0.000485246,0.0030685,-0.000507302,-0.00175749,0.00018542,1.25773e-05,-0.000250047,0.00113099,-0.000507022,0.00283739,-0.000261104,-0.00148288,-5.03208e-05,-0.0017593,0.000571198,-0.00175565,-0.000262812,0.0270206,0.000554947,0.000468182,6.6891e-05,-0.000541893,0.000180691,-0.00147849,0.000555019,0.0250996,-0.000133348,3.53626e-05,-6.27914e-05,1.3002e-05,-5.02185e-05,0.000471442,-0.000141739,0.0466211,
0.00344591,-0.000530781,-0.00157573,-0.000246731,-0.00176099,6.23864e-05,3.5573e-05,-0.000530673,0.00130504,-0.000486028,0.00112989,0.000572709,-0.00054386,-6.26113e-05,-0.00157588,-0.000485993,0.00306424,-0.000509275,-0.00175786,0.000183329,1.2675e-05,-0.000246593,0.00112966,-0.000508994,0.00283385,-0.00025853,-0.00148545,-5.031e-05,-0.00176099,0.000571396,-0.00175602,-0.000260233,0.0270216,0.000561262,0.00046428,6.23973e-05,-0.000540467,0.000178583,-0.00148104,0.000561298,0.025103,-0.00013283,3.5835e-05,-6.29755e-05,1.30975e-05,-5.0208e-05,0.000467501,-0.000141161,0.0466209,
0.00344996,-0.00053314,-0.00157364,-0.000243263,-0.00176263,5.78437e-05,3.6044e-05,-0.000533032,0.00130667,-0.000486774,0.00112855,0.000572909,-0.000542427,-6.27965e-05,-0.00157379,-0.000486738,0.00305999,-0.000511238,-0.00175822,0.000181224,1.27738e-05,-0.000243126,0.00112832,-0.000510956,0.00283034,-0.000255967,-0.00148799,-5.02974e-05,-0.00176265,0.000571604,-0.00175639,-0.000257665,0.0270226,0.000567563,0.000460387,5.7891e-05,-0.000539036,0.000176462,-0.00148357,0.000567561,0.0251064,-0.000132321,3.63024e-05,-6.31578e-05,1.31942e-05,-5.01959e-05,0.000463569,-0.000140592,0.0466208,
0.00345395,-0.000535494,-0.00157153,-0.000239783,-0.00176425,5.32885e-05,3.651e-05,-0.000535385,0.0013083,-0.000487518,0.00112721,0.000573119,-0.000540989,-6.298e-05,-0.00157169,-0.000487482,0.00305576,-0.000513191,-0.00175858,0.000179104,1.28737e-05,-0.000239646,0.00112698,-0.000512907,0.00282684,-0.000253415,-0.00149051,-5.02833e-05,-0.00176429,0.000571823,-0.00175675,-0.000255108,0.0270236,0.000573849,0.000456502,5.33724e-05,-0.0005376,0.000174326,-0.00148609,0.000573809,0.0251099,-0.000131819,3.67649e-05,-6.33383e-05,1.3292e-05,-5.01822e-05,0.000459647,-0.000140032,0.0466206,
0.00345788,-0.000537844,-0.00156941,-0.000236289,-0.00176584,4.87215e-05,3.69711e-05,-0.000537734,0.00130994,-0.000488261,0.00112587,0.000573341,-0.000539546,-6.31616e-05,-0.00156957,-0.000488225,0.00305155,-0.000515133,-0.00175893,0.000176971,1.29748e-05,-0.000236154,0.00112563,-0.000514848,0.00282336,-0.000250874,-0.00149301,-5.02677e-05,-0.00176589,0.000572053,-0.00175711,-0.000252562,0.0270247,0.000580119,0.000452628,4.8842e-05,-0.000536159,0.000172177,-0.00148858,0.000580043,0.0251134,-0.000131325,3.72225e-05,-6.35169e-05,1.3391e-05,-5.0167e-05,0.000455735,-0.00013948,0.0466205,
