0.0031473,0.000840447,-0.00143527,0.00065343,-4.72777e-05,-0.000690825,-2.50458e-05,0.000840447,0.00182568,0.00101647,0.000515942,-0.00147851,-0.000517055,-3.86425e-05,-0.00143527,0.00101647,0.00353912,9.91228e-05,4.07808e-06,-0.000281265,-2.38814e-05,0.00065343,0.000515942,9.91228e-05,0.002083,0.000982972,0.0014159,3.61383e-05,-4.72778e-05,-0.00147851,4.07807e-06,0.000982972,0.0256349,0.00101632,0.000859166,-0.000690825,-0.000517055,-0.000281265,0.0014159,0.00101632,0.0264275,0.000424046,-2.50458e-05,-3.86425e-05,-2.38814e-05,3.61383e-05,0.000859166,0.000424046,0.0466405,
0.00315017,0.000840956,-0.00143765,0,-4.70906e-05,-0.000690473,-2.52431e-05,0.000840956,0.00182517,0.00101474,0,-0.00147691,-0.000519967,-3.85657e-05,-0.00143765,0.00101474,0.00353822,0,2.5917e-06,-0.00028721,-2.41732e-05,0.000649314,0.00051822,0.000103542,0,0.00098373,0.00141803,3.58077e-05,-4.70906e-05,-0.00147691,2.5917e-06,0,0.0256298,0.00102282,0.000857443,-0.000690473,-0.000519967,-0.00028721,0,0.00102282,0.0264348,0.000424694,-2.52431e-05,-3.85657e-05,-2.41732e-05,0,0.000857443,0.000424694,0.0466404,
0.003155,0.000842383,-0.00143959,0,-4.82112e-05,-0.000689512,-2.54902e-05,0.000842383,0.00182436,0.0010131,0,-0.00147575,-0.000522334,-3.84741e-05,-0.00143959,0.0010131,0.00353784,0,-2.18325e-07,-0.000294315,-2.4507e-05,0.000644021,0.000520045,0.000108752,0,0.000985016,0.0014213,3.54093e-05,-4.82112e-05,-0.00147575,-2.18325e-07,0,0.0256241,0.00103002,0.000855016,-0.000689512,-0.000522334,-0.000294315,0,0.00103002,0.0264429,0.000425217,-2.54902e-05,-3.84741e-05,-2.4507e-05,0,0.000855016,0.000425217,0.0466403,
0.00316033,0.000844093,-0.00144086,0,-5.0699e-05,-0.000689092,-2.58307e-05,0.000844093,0.00182295,0.00101172,0,-0.00147498,-0.000524293,-3.83914e-05,-0.00144086,0.00101172,0.0035381,0,-4.30028e-06,-0.000302066,-2.49464e-05,0.000639001,0.00052183,0.000114045,0,0.000986502,0.00142604,3.48522e-05,-5.0699e-05,-0.00147498,-4.30028e-06,0,0.0256172,0.00103835,0.000851247,-0.000689092,-0.000524293,-0.000302066,0,0.00103835,0.0264542,0.000425733,-2.58306e-05,-3.83913e-05,-2.49463e-05,0,0.000851247,0.000425733,0.04664,
0.00316578,0.000845845,-0.00144162,0,-5.39722e-05,-0.000688675,-2.61444e-05,0.000845845,0.00182106,0.00101049,0,-0.00147476,-0.00052601,-3.82662e-05,-0.00144162,0.00101049,0.00353882,0,-9.15662e-06,-0.00030978,-2.53282e-05,0.000634428,0.000523694,0.000119362,0,0.000987794,0.00143008,3.43414e-05,-5.39722e-05,-0.00147476,-9.15662e-06,0,0.025611,0.00104668,0.000847936,-0.000688675,-0.00052601,-0.00030978,0,0.00104668,0.0264642,0.000426194,-2.61443e-05,-3.82662e-05,-2.53282e-05,0,0.000847936,0.000426194,0.0466398,
0.00317131,0.000847632,-0.00144224,0.000629877,-5.74112e-05,-0.000688343,-2.64833e-05,0.000847631,0.00181905,0.00100929,0.000525582,-0.00147457,-0.000527595,-3.81544e-05,-0.00144224,0.00100929,0.00353962,0.000124723,-1.41689e-05,-0.000317588,-2.5744e-05,0.000629877,0.000525582,0.000124723,0.00208191,0.000988939,0.00143463,3.37774e-05,-5.74113e-05,-0.00147457,-1.41689e-05,0.000988939,0.0256046,0.00105524,0.000844191,-0.000688343,-0.000527595,-0.000317588,0.00143463,0.00105524,0.0264753,0.000426626,-2.64833e-05,-3.81544e-05,-2.5744e-05,3.37774e-05,0.000844191,0.000426626,0.0466396,
0.00317682,0.000849405,-0.00144279,0.000625342,-6.09079e-05,-0.000687966,-2.68035e-05,0.000849405,0.00181701,0.0010081,0.000527458,-0.00147445,-0.000529155,-3.80281e-05,-0.00144279,0.0010081,0.00354038,0.000130084,-1.92079e-05,-0.000325347,-2.61304e-05,0.000625342,0.000527458,0.000130084,0.00208187,0.000990091,0.00143879,3.32431e-05,-6.09079e-05,-0.00147445,-1.92078e-05,0.000990092,0.0255987,0.00106367,0.000840737,-0.000687966,-0.000529155,-0.000325347,0.00143879,0.00106367,0.0264856,0.000427026,-2.68034e-05,-3.80281e-05,-2.61304e-05,3.32431e-05,0.000840737,0.000427026,0.0466394,
0.0031823,0.000851164,-0.00144328,0.000620814,-6.43948e-05,-0.000687617,-2.71277e-05,0.000851164,0.00181498,0.00100691,0.000529318,-0.0014743,-0.00053065,-3.7907e-05,-0.00144328,0.00100691,0.0035411,0.000135418,-2.42018e-05,-0.000333071,-2.65227e-05,0.000620814,0.000529318,0.000135418,0.00208184,0.000991186,0.00144305,3.26952e-05,-6.43949e-05,-0.0014743,-2.42019e-05,0.000991186,0.0255928,0.00107208,0.000837189,-0.000687617,-0.00053065,-0.000333071,0.00144305,0.00107208,0.0264962,0.0004274,-2.71277e-05,-3.79071e-05,-2.65227e-05,3.26952e-05,0.000837189,0.0004274,0.0466392,
0.00318775,0.000852908,-0.00144372,0.000616295,-6.79077e-05,-0.000687276,-2.74447e-05,0.000852908,0.00181296,0.00100574,0.000531156,-0.00147416,-0.000532113,-3.77808e-05,-0.00144372,0.00100574,0.00354178,0.000140731,-2.9183e-05,-0.000340762,-2.69035e-05,0.000616294,0.000531156,0.000140731,0.00208185,0.000992295,0.00144714,3.21559e-05,-6.79077e-05,-0.00147416,-2.91829e-05,0.000992295,0.0255872,0.00108043,0.00083374,-0.000687276,-0.000532113,-0.000340762,0.00144714,0.00108043,0.0265066,0.000427747,-2.74448e-05,-3.77808e-05,-2.69035e-05,3.21559e-05,0.00083374,0.000427747,0.046639,
0.00319317,0.00085464,-0.00144411,0.000611776,-7.14228e-05,-0.000686951,-2.77608e-05,0.00085464,0.00181094,0.00100458,0.000532972,-0.00147401,-0.000533525,-3.76554e-05,-0.00144411,0.00100458,0.0035424,0.000146019,-3.41299e-05,-0.000348419,-2.72827e-05,0.000611776,0.000532972,0.000146019,0.00208188,0.000993382,0.00145123,3.16129e-05,-7.14228e-05,-0.00147401,-3.41299e-05,0.000993382,0.0255817,0.00108874,0.000830282,-0.000686951,-0.000533525,-0.000348419,0.00145123,0.00108874,0.0265169,0.000428069,-2.77608e-05,-3.76554e-05,-2.72827e-05,3.16129e-05,0.000830282,0.000428069,0.0466388,
0.00319857,0.000856361,-0.00144445,0.000607258,-7.49565e-05,-0.000686641,-2.80733e-05,0.000856361,0.00180892,0.00100343,0.000534765,-0.00147385,-0.000534897,-3.75277e-05,-0.00144445,0.00100343,0.00354298,0.000151285,-3.90581e-05,-0.000356051,-2.7656e-05,0.000607258,0.000534765,0.000151285,0.00208193,0.000994476,0.00145524,3.10718e-05,-7.49565e-05,-0.00147385,-3.9058e-05,0.000994476,0.0255764,0.001097,0.000826863,-0.000686641,-0.000534897,-0.000356051,0.00145524,0.001097,0.0265272,0.000428367,-2.80733e-05,-3.75278e-05,-2.7656e-05,3.10718e-05,0.000826863,0.000428367,0.0466386,
0.00320394,0.000858071,-0.00144474,0.000602738,-7.85002e-05,-0.000686344,-2.83836e-05,0.000858071,0.00180691,0.00100229,0.000536535,-0.00147369,-0.000536224,-3.73997e-05,-0.00144474,0.00100229,0.00354351,0.000156528,-4.39604e-05,-0.000363655,-2.80258e-05,0.000602738,0.000536535,0.000156528,0.002082,0.000995563,0.00145921,3.05296e-05,-7.85002e-05,-0.00147369,-4.39603e-05,0.000995563,0.0255713,0.00110523,0.000823455,-0.000686344,-0.000536224,-0.000363655,0.00145921,0.00110523,0.0265374,0.000428641,-2.83837e-05,-3.73997e-05,-2.80258e-05,3.05296e-05,0.000823455,0.000428641,0.0466384,
0.00320929,0.000859771,-0.00144498,0.000598215,-8.20591e-05,-0.000686062,-2.86913e-05,0.000859771,0.00180491,0.00100116,0.000538281,-0.00147352,-0.000537509,-3.72704e-05,-0.00144498,0.00100116,0.00354399,0.00016175,-4.88422e-05,-0.000371235,-2.83912e-05,0.000598215,0.000538281,0.00016175,0.0020821,0.000996652,0.00146313,2.99877e-05,-8.20591e-05,-0.00147352,-4.88423e-05,0.000996652,0.0255663,0.00111341,0.000820069,-0.000686062,-0.000537509,-0.000371235,0.00146313,0.00111341,0.0265476,0.000428892,-2.86913e-05,-3.72704e-05,-2.83913e-05,2.99876e-05,0.000820069,0.000428892,0.0466383,
0.00321462,0.000861461,-0.00144517,0.000593689,-8.56303e-05,-0.000685794,-2.89966e-05,0.000861462,0.00180292,0.00100004,0.000540003,-0.00147334,-0.00053875,-3.71403e-05,-0.00144517,0.00100004,0.00354443,0.000166949,-5.37017e-05,-0.000378788,-2.8753e-05,0.000593689,0.000540003,0.000166949,0.00208221,0.000997741,0.001467,2.94453e-05,-8.56302e-05,-0.00147334,-5.37017e-05,0.000997741,0.0255615,0.00112155,0.000816697,-0.000685794,-0.00053875,-0.000378788,0.001467,0.00112155,0.0265577,0.000429121,-2.89966e-05,-3.71404e-05,-2.8753e-05,2.94453e-05,0.000816697,0.000429121,0.0466381,
0.00321992,0.000863142,-0.00144532,0.00058916,-8.92148e-05,-0.000685539,-2.92995e-05,0.000863142,0.00180093,0.000998931,0.000541701,-0.00147315,-0.000539949,-3.70095e-05,-0.00144532,0.000998931,0.00354482,0.000172126,-5.85405e-05,-0.000386317,-2.91108e-05,0.00058916,0.000541701,0.000172126,0.00208235,0.00099883,0.00147082,2.89028e-05,-8.92148e-05,-0.00147315,-5.85405e-05,0.00099883,0.0255568,0.00112965,0.000813344,-0.000685539,-0.000539949,-0.000386317,0.00147082,0.00112965,0.0265677,0.00042933,-2.92995e-05,-3.70095e-05,-2.91108e-05,2.89028e-05,0.000813344,0.00042933,0.0466379,
0.0032252,0.000864812,-0.00144541,0.000584628,-9.28115e-05,-0.000685297,-2.95999e-05,0.000864812,0.00179895,0.000997833,0.000543375,-0.00147296,-0.000541105,-3.68779e-05,-0.00144541,0.000997833,0.00354517,0.000177282,-6.33583e-05,-0.00039382,-2.94649e-05,0.000584628,0.000543375,0.000177282,0.0020825,0.000999919,0.0014746,2.83601e-05,-9.28115e-05,-0.00147296,-6.33583e-05,0.000999919,0.0255523,0.00113771,0.000810005,-0.000685297,-0.000541105,-0.00039382,0.0014746,0.00113771,0.0265777,0.000429518,-2.95999e-05,-3.68779e-05,-2.94649e-05,2.83601e-05,0.000810005,0.000429518,0.0466378,
0.00323046,0.000866473,-0.00144546,0.000580093,-9.64205e-05,-0.000685067,-2.98979e-05,0.000866473,0.00179697,0.000996746,0.000545027,-0.00147276,-0.00054222,-3.67455e-05,-0.00144546,0.000996746,0.00354548,0.000182415,-6.81558e-05,-0.000401297,-2.98153e-05,0.000580093,0.000545027,0.000182414,0.00208267,0.00100101,0.00147834,2.78174e-05,-9.64205e-05,-0.00147276,-6.81558e-05,0.00100101,0.025548,0.00114573,0.000806682,-0.000685067,-0.00054222,-0.000401297,0.00147834,0.00114573,0.0265877,0.000429687,-2.98979e-05,-3.67455e-05,-2.98153e-05,2.78174e-05,0.000806682,0.000429687,0.0466376,
0.0032357,0.000868124,-0.00144546,0.000575554,-0.000100041,-0.00068485,-3.01935e-05,0.000868124,0.00179501,0.000995671,0.000546655,-0.00147256,-0.000543292,-3.66124e-05,-0.00144546,0.000995671,0.00354574,0.000187525,-7.29331e-05,-0.000408749,-3.0162e-05,0.000575555,0.000546655,0.000187525,0.00208286,0.0010021,0.00148203,2.72747e-05,-0.000100041,-0.00147256,-7.29332e-05,0.0010021,0.0255438,0.0011537,0.000803374,-0.00068485,-0.000543292,-0.000408749,0.00148203,0.0011537,0.0265976,0.000429837,-3.01935e-05,-3.66125e-05,-3.0162e-05,2.72746e-05,0.000803374,0.000429837,0.0466374,
0.00324092,0.000869764,-0.00144541,0.000571014,-0.000103673,-0.000684644,-3.04867e-05,0.000869764,0.00179304,0.000994606,0.00054826,-0.00147234,-0.000544324,-3.64788e-05,-0.00144541,0.000994606,0.00354596,0.000192612,-7.76907e-05,-0.000416175,-3.05052e-05,0.000571014,0.00054826,0.000192612,0.00208307,0.00100319,0.00148568,2.67319e-05,-0.000103673,-0.00147234,-7.76907e-05,0.00100319,0.0255398,0.00116164,0.000800081,-0.000684644,-0.000544324,-0.000416175,0.00148568,0.00116164,0.0266074,0.000429969,-3.04867e-05,-3.64788e-05,-3.05052e-05,2.67319e-05,0.000800081,0.000429969,0.0466373,
0.00324612,0.000871395,-0.00144532,0.000566471,-0.000107315,-0.00068445,-3.07774e-05,0.000871395,0.00179109,0.000993553,0.000549842,-0.00147213,-0.000545314,-3.63445e-05,-0.00144532,0.000993553,0.00354614,0.000197677,-8.24287e-05,-0.000423576,-3.08447e-05,0.000566471,0.000549842,0.000197677,0.0020833,0.00100428,0.00148928,2.61893e-05,-0.000107316,-0.00147213,-8.24287e-05,0.00100428,0.0255359,0.00116953,0.000796802,-0.00068445,-0.000545314,-0.000423576,0.00148928,0.00116953,0.0266172,0.000430085,-3.07774e-05,-3.63445e-05,-3.08448e-05,2.61893e-05,0.000796802,0.000430085,0.0466371,
0.00325129,0.000873014,-0.00144518,0.000561925,-0.000110969,-0.000684268,-3.10657e-05,0.000873014,0.00178914,0.000992511,0.000551402,-0.0014719,-0.000546264,-3.62096e-05,-0.00144518,0.000992511,0.00354627,0.000202719,-8.71474e-05,-0.00043095,-3.11808e-05,0.000561925,0.000551402,0.000202719,0.00208355,0.00100537,0.00149284,2.56468e-05,-0.000110969,-0.0014719,-8.71474e-05,0.00100537,0.0255322,0.00117739,0.000793538,-0.000684268,-0.000546264,-0.00043095,0.00149284,0.00117739,0.0266269,0.000430183,-3.10657e-05,-3.62096e-05,-3.11808e-05,2.56468e-05,0.000793538,0.000430183,0.046637,
0.00325644,0.000874623,-0.00144499,0.000557378,-0.000114631,-0.000684097,-3.13516e-05,0.000874623,0.0017872,0.00099148,0.00055294,-0.00147167,-0.000547173,-3.60742e-05,-0.00144499,0.00099148,0.00354637,0.000207737,-9.18472e-05,-0.000438298,-3.15135e-05,0.000557378,0.00055294,0.000207737,0.00208382,0.00100646,0.00149636,2.51046e-05,-0.000114631,-0.00147167,-9.18472e-05,0.00100646,0.0255286,0.0011852,0.000790289,-0.000684097,-0.000547173,-0.000438298,0.00149636,0.0011852,0.0266366,0.000430266,-3.13515e-05,-3.60742e-05,-3.15135e-05,2.51046e-05,0.000790289,0.000430265,0.0466368,
0.00326157,0.000876222,-0.00144476,0.00055283,-0.000118304,-0.000683937,-3.16349e-05,0.000876222,0.00178527,0.000990461,0.000554456,-0.00147143,-0.000548043,-3.59383e-05,-0.00144476,0.000990461,0.00354643,0.000212732,-9.65283e-05,-0.000445619,-3.18427e-05,0.00055283,0.000554456,0.000212732,0.0020841,0.00100755,0.00149984,2.45625e-05,-0.000118304,-0.00147143,-9.65283e-05,0.00100755,0.0255252,0.00119297,0.000787053,-0.000683937,-0.000548043,-0.000445619,0.00149984,0.00119297,0.0266462,0.000430332,-3.16349e-05,-3.59383e-05,-3.18426e-05,2.45625e-05,0.000787053,0.000430332,0.0466367,
0.00326668,0.000877809,-0.00144448,0.00054828,-0.000121985,-0.000683787,-3.19159e-05,0.000877809,0.00178334,0.000989454,0.00055595,-0.00147118,-0.000548874,-3.5802e-05,-0.00144448,0.000989454,0.00354645,0.000217704,-0.000101191,-0.000452914,-3.21685e-05,0.00054828,0.00055595,0.000217704,0.0020844,0.00100864,0.00150328,2.40208e-05,-0.000121985,-0.00147118,-0.000101191,0.00100864,0.0255219,0.0012007,0.000783831,-0.000683787,-0.000548874,-0.000452914,0.00150328,0.0012007,0.0266558,0.000430385,-3.19159e-05,-3.5802e-05,-3.21685e-05,2.40208e-05,0.000783831,0.000430385,0.0466366,
0.00327177,0.000879386,-0.00144416,0.000543729,-0.000125676,-0.000683648,-3.21943e-05,0.000879386,0.00178142,0.000988458,0.000557423,-0.00147093,-0.000549665,-3.56651e-05,-0.00144416,0.000988458,0.00354643,0.000222651,-0.000105835,-0.000460182,-3.2491e-05,0.000543729,0.000557423,0.000222651,0.00208472,0.00100973,0.00150667,2.34795e-05,-0.000125676,-0.00147093,-0.000105835,0.00100973,0.0255188,0.00120839,0.000780623,-0.000683648,-0.000549665,-0.000460182,0.00150667,0.00120839,0.0266653,0.000430422,-3.21944e-05,-3.56651e-05,-3.2491e-05,2.34794e-05,0.000780623,0.000430422,0.0466364,
0.00327683,0.000880951,-0.00144379,0.000539177,-0.000129375,-0.000683519,-3.24704e-05,0.000880951,0.0017795,0.000987473,0.000558875,-0.00147067,-0.000550418,-3.55279e-05,-0.00144379,0.000987473,0.00354638,0.000227575,-0.000110462,-0.000467424,-3.28102e-05,0.000539177,0.000558875,0.000227575,0.00208505,0.00101082,0.00151003,2.29385e-05,-0.000129375,-0.00147067,-0.000110462,0.00101082,0.0255158,0.00121604,0.000777429,-0.000683519,-0.000550418,-0.000467424,0.00151003,0.00121604,0.0266748,0.000430446,-3.24703e-05,-3.55279e-05,-3.28101e-05,2.29385e-05,0.000777429,0.000430446,0.0466363,
0.00328187,0.000882505,-0.00144338,0.000534624,-0.000133081,-0.000683399,-3.27438e-05,0.000882505,0.0017776,0.0009865,0.000560307,-0.00147041,-0.000551133,-3.53902e-05,-0.00144338,0.0009865,0.00354628,0.000232475,-0.000115071,-0.000474638,-3.31261e-05,0.000534624,0.000560306,0.000232475,0.0020854,0.00101192,0.00151334,2.23979e-05,-0.000133081,-0.00147041,-0.000115071,0.00101192,0.0255129,0.00122365,0.000774248,-0.000683399,-0.000551133,-0.000474638,0.00151334,0.00122365,0.0266842,0.000430456,-3.27439e-05,-3.53902e-05,-3.31261e-05,2.23979e-05,0.000774248,0.000430456,0.0466362,
0.00328689,0.000884048,-0.00144293,0.000530071,-0.000136796,-0.00068329,-3.30149e-05,0.000884048,0.00177569,0.000985539,0.000561717,-0.00147014,-0.00055181,-3.52522e-05,-0.00144293,0.000985539,0.00354616,0.000237351,-0.000119663,-0.000481826,-3.34388e-05,0.000530071,0.000561717,0.000237351,0.00208577,0.00101301,0.00151662,2.18579e-05,-0.000136796,-0.00147014,-0.000119663,0.00101301,0.0255102,0.00123121,0.00077108,-0.00068329,-0.00055181,-0.000481826,0.00151662,0.00123121,0.0266935,0.000430453,-3.30149e-05,-3.52522e-05,-3.34388e-05,2.18579e-05,0.00077108,0.000430453,0.046636,
0.00329189,0.000885579,-0.00144244,0.000525518,-0.000140517,-0.00068319,-3.32835e-05,0.000885579,0.0017738,0.00098459,0.000563107,-0.00146986,-0.00055245,-3.51139e-05,-0.00144244,0.00098459,0.00354599,0.000242202,-0.000124238,-0.000488987,-3.37483e-05,0.000525518,0.000563107,0.000242202,0.00208616,0.0010141,0.00151986,2.13183e-05,-0.000140517,-0.00146986,-0.000124238,0.0010141,0.0255076,0.00123874,0.000767925,-0.00068319,-0.00055245,-0.000488987,0.00151986,0.00123874,0.0267028,0.000430437,-3.32835e-05,-3.51139e-05,-3.37483e-05,2.13183e-05,0.000767925,0.000430437,0.0466359,
0.00329686,0.000887098,-0.0014419,0.000520965,-0.000144246,-0.000683099,-3.35496e-05,0.000887098,0.00177191,0.000983653,0.000564477,-0.00146958,-0.000553052,-3.49752e-05,-0.0014419,0.000983653,0.0035458,0.000247029,-0.000128796,-0.00049612,-3.40547e-05,0.000520965,0.000564477,0.000247029,0.00208656,0.00101519,0.00152306,2.07794e-05,-0.000144246,-0.00146958,-0.000128796,0.00101519,0.0255052,0.00124623,0.000764784,-0.000683099,-0.000553052,-0.00049612,0.00152306,0.00124623,0.0267121,0.000430409,-3.35496e-05,-3.49752e-05,-3.40548e-05,2.07793e-05,0.000764784,0.000430409,0.0466358,
0.00330181,0.000888606,-0.00144132,0.000516412,-0.000147981,-0.000683016,-3.38132e-05,0.000888606,0.00177002,0.000982727,0.000565828,-0.00146929,-0.000553618,-3.48362e-05,-0.00144132,0.000982727,0.00354556,0.000251832,-0.000133337,-0.000503227,-3.4358e-05,0.000516412,0.000565828,0.000251832,0.00208698,0.00101629,0.00152622,2.02409e-05,-0.000147981,-0.00146929,-0.000133337,0.00101629,0.0255029,0.00125367,0.000761655,-0.000683016,-0.000553618,-0.000503227,0.00152622,0.00125367,0.0267212,0.000430369,-3.38132e-05,-3.48362e-05,-3.43581e-05,2.02409e-05,0.000761655,0.000430369,0.0466357,
0.00330674,0.000890102,-0.0014407,0.00051186,-0.000151722,-0.000682943,-3.40742e-05,0.000890102,0.00176814,0.000981813,0.000567158,-0.001469,-0.000554148,-3.46969e-05,-0.0014407,0.000981813,0.0035453,0.00025661,-0.000137862,-0.000510306,-3.46583e-05,0.00051186,0.000567158,0.00025661,0.00208741,0.00101738,0.00152934,1.97032e-05,-0.000151722,-0.001469,-0.000137862,0.00101738,0.0255008,0.00126108,0.000758539,-0.000682943,-0.000554148,-0.000510306,0.00152934,0.00126108,0.0267304,0.000430317,-3.40742e-05,-3.4697e-05,-3.46583e-05,1.97032e-05,0.000758539,0.000430317,0.0466356,
0.00331164,0.000891586,-0.00144003,0.000507309,-0.00015547,-0.000682878,-3.43329e-05,0.000891586,0.00176627,0.000980911,0.000568469,-0.0014687,-0.000554641,-3.45574e-05,-0.00144003,0.000980911,0.003545,0.000261363,-0.000142372,-0.000517358,-3.49555e-05,0.000507309,0.000568469,0.000261363,0.00208786,0.00101847,0.00153243,1.91661e-05,-0.00015547,-0.0014687,-0.000142372,0.00101847,0.0254988,0.00126844,0.000755435,-0.000682878,-0.000554641,-0.000517358,0.00153243,0.00126844,0.0267394,0.000430254,-3.43329e-05,-3.45575e-05,-3.49555e-05,1.91661e-05,0.000755435,0.000430254,0.0466354,
0.00331652,0.000893058,-0.00143933,0.000502758,-0.000159222,-0.000682821,-3.45889e-05,0.000893058,0.00176441,0.000980021,0.000569762,-0.00146839,-0.0005551,-3.44177e-05,-0.00143933,0.000980021,0.00354467,0.000266092,-0.000146865,-0.000524383,-3.52497e-05,0.000502758,0.000569762,0.000266092,0.00208833,0.00101957,0.00153548,1.86297e-05,-0.000159222,-0.00146839,-0.000146865,0.00101957,0.0254969,0.00127577,0.000752344,-0.000682821,-0.0005551,-0.000524383,0.00153548,0.00127577,0.0267484,0.00043018,-3.45889e-05,-3.44177e-05,-3.52497e-05,1.86297e-05,0.000752344,0.00043018,0.0466353,
0.00332138,0.000894518,-0.00143858,0.000498209,-0.00016298,-0.000682772,-3.48426e-05,0.000894518,0.00176254,0.000979142,0.000571035,-0.00146808,-0.000555523,-3.42777e-05,-0.00143858,0.000979142,0.00354431,0.000270796,-0.000151343,-0.000531381,-3.55409e-05,0.000498209,0.000571035,0.000270796,0.00208881,0.00102066,0.00153849,1.80939e-05,-0.00016298,-0.00146808,-0.000151343,0.00102066,0.0254951,0.00128305,0.000749265,-0.000682772,-0.000555523,-0.000531381,0.00153849,0.00128305,0.0267574,0.000430095,-3.48426e-05,-3.42777e-05,-3.5541e-05,1.8094e-05,0.000749265,0.000430095,0.0466352,
0.00332622,0.000895966,-0.0014378,0.00049366,-0.000166743,-0.000682731,-3.50937e-05,0.000895966,0.00176069,0.000978276,0.00057229,-0.00146776,-0.000555911,-3.41375e-05,-0.0014378,0.000978276,0.00354392,0.000275474,-0.000155806,-0.000538352,-3.58293e-05,0.00049366,0.00057229,0.000275474,0.0020893,0.00102175,0.00154147,1.7559e-05,-0.000166743,-0.00146776,-0.000155806,0.00102175,0.0254935,0.0012903,0.000746199,-0.000682731,-0.000555911,-0.000538352,0.00154147,0.0012903,0.0267663,0.00043,-3.50937e-05,-3.41375e-05,-3.58292e-05,1.7559e-05,0.000746199,0.00043,0.0466351,
0.00333103,0.000897401,-0.00143697,0.000489114,-0.000170511,-0.000682697,-3.53423e-05,0.000897401,0.00175884,0.000977421,0.000573526,-0.00146744,-0.000556265,-3.39972e-05,-0.00143697,0.000977421,0.00354349,0.000280128,-0.000160254,-0.000545295,-3.61147e-05,0.000489114,0.000573526,0.000280128,0.00208981,0.00102285,0.00154441,1.70249e-05,-0.000170511,-0.00146744,-0.000160254,0.00102285,0.025492,0.00129751,0.000743144,-0.000682697,-0.000556265,-0.000545295,0.00154441,0.00129751,0.0267751,0.000429895,-3.53424e-05,-3.39972e-05,-3.61147e-05,1.70248e-05,0.000743144,0.000429895,0.046635,
0.00333583,0.000898824,-0.00143611,0.000484569,-0.000174283,-0.00068267,-3.55885e-05,0.000898824,0.001757,0.000976579,0.000574744,-0.00146711,-0.000556585,-3.38566e-05,-0.00143611,0.000976579,0.00354304,0.000284757,-0.000164687,-0.000552211,-3.63973e-05,0.000484569,0.000574744,0.000284757,0.00209034,0.00102395,0.00154732,1.64915e-05,-0.000174283,-0.00146711,-0.000164687,0.00102395,0.0254906,0.00130467,0.000740102,-0.00068267,-0.000556585,-0.000552211,0.00154732,0.00130467,0.0267839,0.000429779,-3.55885e-05,-3.38567e-05,-3.63973e-05,1.64914e-05,0.000740102,0.000429779,0.0466349,
0.00334059,0.000900235,-0.00143521,0.000480026,-0.000178059,-0.00068265,-3.58321e-05,0.000900235,0.00175516,0.000975748,0.000575944,-0.00146677,-0.000556872,-3.3716e-05,-0.00143521,0.000975748,0.00354256,0.00028936,-0.000169105,-0.0005591,-3.66771e-05,0.000480026,0.000575944,0.00028936,0.00209088,0.00102504,0.00155019,1.59589e-05,-0.000178059,-0.00146677,-0.000169105,0.00102504,0.0254894,0.0013118,0.000737072,-0.00068265,-0.000556872,-0.0005591,0.00155019,0.0013118,0.0267927,0.000429654,-3.58321e-05,-3.3716e-05,-3.66771e-05,1.5959e-05,0.000737072,0.000429654,0.0466348,
0.00334534,0.000901633,-0.00143427,0.000475484,-0.000181838,-0.000682637,-3.60733e-05,0.000901633,0.00175333,0.000974929,0.000577126,-0.00146643,-0.000557125,-3.35752e-05,-0.00143427,0.000974929,0.00354205,0.000293938,-0.00017351,-0.000565962,-3.69541e-05,0.000475484,0.000577126,0.000293938,0.00209143,0.00102614,0.00155303,1.54273e-05,-0.000181838,-0.00146643,-0.00017351,0.00102614,0.0254883,0.00131889,0.000734053,-0.000682637,-0.000557125,-0.000565962,0.00155303,0.00131889,0.0268013,0.00042952,-3.60733e-05,-3.35752e-05,-3.69541e-05,1.54273e-05,0.000734053,0.00042952,0.0466347,
0.00335006,0.000903018,-0.00143329,0.000470945,-0.000185621,-0.000682631,-3.63119e-05,0.000903018,0.0017515,0.000974122,0.000578291,-0.00146609,-0.000557345,-3.34343e-05,-0.00143329,0.000974122,0.00354151,0.000298491,-0.0001779,-0.000572796,-3.72282e-05,0.000470945,0.000578291,0.000298491,0.002092,0.00102724,0.00155583,1.48965e-05,-0.000185621,-0.00146609,-0.0001779,0.00102724,0.0254873,0.00132593,0.000731047,-0.000682631,-0.000557345,-0.000572796,0.00155583,0.00132593,0.0268099,0.000429376,-3.63119e-05,-3.34343e-05,-3.72283e-05,1.48965e-05,0.000731047,0.000429376,0.0466346,
0.00335476,0.000904392,-0.00143227,0.000466409,-0.000189407,-0.000682631,-3.6548e-05,0.000904391,0.00174968,0.000973326,0.000579439,-0.00146573,-0.000557533,-3.32933e-05,-0.00143227,0.000973326,0.00354095,0.000303019,-0.000182276,-0.000579603,-3.74998e-05,0.000466409,0.000579439,0.000303019,0.00209258,0.00102833,0.0015586,1.43666e-05,-0.000189407,-0.00146573,-0.000182276,0.00102833,0.0254864,0.00133294,0.000728052,-0.000682631,-0.000557533,-0.000579603,0.0015586,0.00133294,0.0268185,0.000429223,-3.6548e-05,-3.32932e-05,-3.74998e-05,1.43666e-05,0.000728052,0.000429223,0.0466345,
0.00335943,0.000905752,-0.00143122,0.000461875,-0.000193195,-0.000682636,-3.67817e-05,0.000905752,0.00174787,0.000972543,0.000580569,-0.00146538,-0.000557689,-3.31521e-05,-0.00143122,0.000972543,0.00354036,0.000307521,-0.000186639,-0.000586384,-3.77685e-05,0.000461875,0.000580569,0.000307521,0.00209318,0.00102943,0.00156134,1.38377e-05,-0.000193195,-0.00146538,-0.000186639,0.00102943,0.0254857,0.00133991,0.000725068,-0.000682636,-0.000557689,-0.000586384,0.00156134,0.00133991,0.026827,0.000429062,-3.67817e-05,-3.31521e-05,-3.77686e-05,1.38377e-05,0.000725068,0.000429062,0.0466344,
0.00336409,0.000907099,-0.00143013,0.000457344,-0.000196986,-0.000682647,-3.70128e-05,0.000907099,0.00174606,0.000971771,0.000581683,-0.00146501,-0.000557812,-3.30109e-05,-0.00143013,0.000971771,0.00353974,0.000311998,-0.000190989,-0.000593136,-3.80347e-05,0.000457344,0.000581683,0.000311998,0.00209379,0.00103053,0.00156404,1.33097e-05,-0.000196986,-0.00146501,-0.000190989,0.00103053,0.0254851,0.00134684,0.000722096,-0.000682647,-0.000557812,-0.000593136,0.00156404,0.00134684,0.0268354,0.000428891,-3.70128e-05,-3.30109e-05,-3.80347e-05,1.33096e-05,0.000722096,0.000428891,0.0466343,
0.00336872,0.000908434,-0.001429,0.000452815,-0.000200779,-0.000682664,-3.72415e-05,0.000908434,0.00174425,0.000971011,0.00058278,-0.00146464,-0.000557905,-3.28697e-05,-0.001429,0.000971011,0.00353909,0.000316449,-0.000195325,-0.000599862,-3.82982e-05,0.000452815,0.00058278,0.000316449,0.00209441,0.00103163,0.00156671,1.27826e-05,-0.000200779,-0.00146464,-0.000195325,0.00103163,0.0254846,0.00135374,0.000719136,-0.000682664,-0.000557905,-0.000599862,0.00156671,0.00135374,0.0268438,0.000428713,-3.72415e-05,-3.28697e-05,-3.82981e-05,1.27826e-05,0.000719136,0.000428713,0.0466342,
0.00337332,0.000909756,-0.00142783,0.00044829,-0.000204574,-0.000682686,-3.74678e-05,0.000909756,0.00174245,0.000970263,0.00058386,-0.00146427,-0.000557966,-3.27284e-05,-0.00142783,0.000970263,0.00353843,0.000320875,-0.000199649,-0.000606561,-3.8559e-05,0.00044829,0.00058386,0.000320875,0.00209505,0.00103273,0.00156935,1.22566e-05,-0.000204574,-0.00146427,-0.000199649,0.00103273,0.0254842,0.00136059,0.000716186,-0.000682686,-0.000557966,-0.000606561,0.00156935,0.00136059,0.0268522,0.000428526,-3.74678e-05,-3.27284e-05,-3.8559e-05,1.22565e-05,0.000716186,0.000428525,0.0466341,
0.0033779,0.000911065,-0.00142664,0.000443767,-0.000208371,-0.000682713,-3.76914e-05,0.000911065,0.00174066,0.000969527,0.000584925,-0.00146389,-0.000557996,-3.2587e-05,-0.00142664,0.000969527,0.00353773,0.000325276,-0.000203959,-0.000613232,-3.88173e-05,0.000443767,0.000584925,0.000325276,0.0020957,0.00103383,0.00157196,1.17316e-05,-0.000208371,-0.00146389,-0.000203959,0.00103383,0.0254839,0.00136741,0.000713248,-0.000682713,-0.000557996,-0.000613232,0.00157196,0.00136741,0.0268604,0.00042833,-3.76915e-05,-3.2587e-05,-3.88174e-05,1.17315e-05,0.000713248,0.00042833,0.046634,
0.00338246,0.00091236,-0.0014254,0.000439249,-0.000212169,-0.000682745,-3.79127e-05,0.00091236,0.00173887,0.000968802,0.000585973,-0.0014635,-0.000557996,-3.24457e-05,-0.0014254,0.000968802,0.00353701,0.000329651,-0.000208257,-0.000619877,-3.90731e-05,0.000439249,0.000585973,0.000329651,0.00209636,0.00103494,0.00157454,1.12075e-05,-0.000212169,-0.0014635,-0.000208257,0.00103494,0.0254837,0.00137419,0.000710321,-0.000682745,-0.000557996,-0.000619877,0.00157454,0.00137419,0.0268687,0.000428127,-3.79127e-05,-3.24457e-05,-3.90731e-05,1.12075e-05,0.000710321,0.000428127,0.0466339,
0.003387,0.000913643,-0.00142413,0.000434733,-0.000215968,-0.000682782,-3.81314e-05,0.000913643,0.00173709,0.000968089,0.000587006,-0.00146311,-0.000557966,-3.23044e-05,-0.00142413,0.000968089,0.00353627,0.000334,-0.000212543,-0.000626495,-3.93263e-05,0.000434733,0.000587006,0.000334,0.00209703,0.00103604,0.00157708,1.06846e-05,-0.000215968,-0.00146311,-0.000212543,0.00103604,0.0254837,0.00138092,0.000707405,-0.000682782,-0.000557966,-0.000626495,0.00157708,0.00138092,0.0268768,0.000427916,-3.81314e-05,-3.23044e-05,-3.93263e-05,1.06846e-05,0.000707405,0.000427916,0.0466338,
0.00339151,0.000914913,-0.00142283,0.000430221,-0.000219768,-0.000682823,-3.83477e-05,0.000914913,0.00173531,0.000967388,0.000588023,-0.00146272,-0.000557906,-3.2163e-05,-0.00142283,0.000967388,0.00353551,0.000338324,-0.000216817,-0.000633085,-3.95771e-05,0.000430221,0.000588023,0.000338324,0.00209772,0.00103714,0.0015796,1.01627e-05,-0.000219768,-0.00146272,-0.000216817,0.00103714,0.0254838,0.00138763,0.000704501,-0.000682823,-0.000557905,-0.000633085,0.0015796,0.00138763,0.0268849,0.000427698,-3.83477e-05,-3.21631e-05,-3.95771e-05,1.01626e-05,0.000704501,0.000427698,0.0466338,
0.003396,0.00091617,-0.00142149,0.000425714,-0.000223568,-0.000682867,-3.85615e-05,0.00091617,0.00173354,0.000966698,0.000589025,-0.00146231,-0.000557816,-3.20217e-05,-0.00142149,0.000966698,0.00353472,0.000342622,-0.000221078,-0.000639649,-3.98253e-05,0.000425714,0.000589025,0.000342622,0.00209842,0.00103825,0.00158208,9.64184e-06,-0.000223568,-0.00146231,-0.000221078,0.00103825,0.0254839,0.00139429,0.000701607,-0.000682867,-0.000557816,-0.000639649,0.00158208,0.00139429,0.026893,0.000427472,-3.85615e-05,-3.20217e-05,-3.98253e-05,9.64184e-06,0.000701607,0.000427472,0.0466337,
0.00340047,0.000917413,-0.00142011,0.00042121,-0.000227368,-0.000682916,-3.87729e-05,0.000917413,0.00173177,0.00096602,0.000590011,-0.00146191,-0.000557697,-3.18804e-05,-0.00142011,0.00096602,0.00353392,0.000346894,-0.000225328,-0.000646186,-4.00711e-05,0.00042121,0.000590011,0.000346894,0.00209913,0.00103935,0.00158453,9.12215e-06,-0.000227368,-0.00146191,-0.000225328,0.00103935,0.0254842,0.00140092,0.000698724,-0.000682916,-0.000557697,-0.000646186,0.00158453,0.00140092,0.026901,0.000427239,-3.87729e-05,-3.18804e-05,-4.00712e-05,9.12215e-06,0.000698724,0.000427239,0.0466336,
0.00340491,0.000918644,-0.00141871,0.00041671,-0.000231169,-0.000682968,-3.89818e-05,0.000918644,0.00173001,0.000965354,0.000590983,-0.00146149,-0.00055755,-3.17392e-05,-0.00141871,0.000965354,0.00353309,0.000351141,-0.000229566,-0.000652696,-4.03145e-05,0.00041671,0.000590983,0.000351141,0.00209986,0.00104046,0.00158696,8.60353e-06,-0.000231169,-0.00146149,-0.000229566,0.00104046,0.0254846,0.00140751,0.000695851,-0.000682968,-0.00055755,-0.000652696,0.00158696,0.00140751,0.0269089,0.000426998,-3.89818e-05,-3.17392e-05,-4.03145e-05,8.60351e-06,0.000695851,0.000426998,0.0466335,
0.00340933,0.000919861,-0.00141727,0.000412214,-0.000234969,-0.000683024,-3.91882e-05,0.000919861,0.00172825,0.000964699,0.00059194,-0.00146108,-0.000557374,-3.1598e-05,-0.00141727,0.000964699,0.00353224,0.000355362,-0.000233793,-0.000659179,-4.05556e-05,0.000412214,0.00059194,0.000355362,0.00210059,0.00104157,0.00158935,8.08603e-06,-0.000234969,-0.00146108,-0.000233793,0.00104157,0.0254851,0.00141406,0.00069299,-0.000683024,-0.000557374,-0.000659179,0.00158935,0.00141406,0.0269168,0.000426751,-3.91882e-05,-3.1598e-05,-4.05556e-05,8.08603e-06,0.00069299,0.000426751,0.0466334,
0.00341373,0.000921065,-0.0014158,0.000407723,-0.000238768,-0.000683083,-3.93922e-05,0.000921065,0.00172649,0.000964055,0.000592882,-0.00146065,-0.00055717,-3.14569e-05,-0.0014158,0.000964055,0.00353137,0.000359558,-0.000238009,-0.000665635,-4.07942e-05,0.000407723,0.000592882,0.000359558,0.00210134,0.00104267,0.00159172,7.56969e-06,-0.000238768,-0.00146065,-0.000238009,0.00104267,0.0254858,0.00142057,0.000690139,-0.000683083,-0.00055717,-0.000665635,0.00159172,0.00142057,0.0269246,0.000426496,-3.93922e-05,-3.14569e-05,-4.07942e-05,7.56967e-06,0.000690139,0.000426496,0.0466333,
0.0034181,0.000922255,-0.00141429,0.000403236,-0.000242567,-0.000683145,-3.95938e-05,0.000922255,0.00172475,0.000963423,0.00059381,-0.00146022,-0.000556939,-3.13158e-05,-0.00141429,0.000963423,0.00353047,0.000363728,-0.000242213,-0.000672065,-4.10305e-05,0.000403236,0.00059381,0.000363728,0.0021021,0.00104378,0.00159406,7.05452e-06,-0.000242567,-0.00146022,-0.000242213,0.00104378,0.0254865,0.00142705,0.000687299,-0.000683145,-0.000556939,-0.000672065,0.00159406,0.00142705,0.0269324,0.000426235,-3.95938e-05,-3.13158e-05,-4.10305e-05,7.05452e-06,0.000687299,0.000426235,0.0466333,
0.00342245,0.000923432,-0.00141276,0.000398754,-0.000246365,-0.000683209,-3.97929e-05,0.000923432,0.001723,0.000962802,0.000594724,-0.00145979,-0.000556679,-3.11749e-05,-0.00141276,0.000962802,0.00352956,0.000367873,-0.000246407,-0.000678468,-4.12645e-05,0.000398754,0.000594724,0.000367873,0.00210287,0.00104489,0.00159637,6.54049e-06,-0.000246365,-0.00145979,-0.000246407,0.00104489,0.0254873,0.00143349,0.000684469,-0.000683209,-0.000556679,-0.000678468,0.00159637,0.00143349,0.0269401,0.000425967,-3.97929e-05,-3.11749e-05,-4.12645e-05,6.54049e-06,0.000684469,0.000425967,0.0466332,
0.00342678,0.000924596,-0.00141119,0.000394277,-0.000250161,-0.000683276,-3.99896e-05,0.000924596,0.00172126,0.000962192,0.000595623,-0.00145935,-0.000556393,-3.1034e-05,-0.00141119,0.000962192,0.00352864,0.000371991,-0.000250589,-0.000684845,-4.14962e-05,0.000394277,0.000595623,0.000371991,0.00210365,0.001046,0.00159865,6.02765e-06,-0.000250161,-0.00145935,-0.000250589,0.001046,0.0254882,0.00143989,0.000681649,-0.000683276,-0.000556393,-0.000684845,0.00159865,0.00143989,0.0269477,0.000425692,-3.99896e-05,-3.1034e-05,-4.14962e-05,6.02762e-06,0.000681649,0.000425692,0.0466331,
0.00343108,0.000925747,-0.00140959,0.000389804,-0.000253956,-0.000683346,-4.01839e-05,0.000925747,0.00171953,0.000961594,0.000596509,-0.00145891,-0.00055608,-3.08933e-05,-0.00140959,0.000961594,0.00352769,0.000376084,-0.000254761,-0.000691195,-4.17257e-05,0.000389804,0.000596509,0.000376084,0.00210444,0.00104711,0.0016009,5.51598e-06,-0.000253956,-0.00145891,-0.000254761,0.00104711,0.0254892,0.00144626,0.00067884,-0.000683346,-0.00055608,-0.000691195,0.0016009,0.00144626,0.0269553,0.000425412,-4.01839e-05,-3.08933e-05,-4.17257e-05,5.51598e-06,0.00067884,0.000425412,0.046633,
0.00343536,0.000926884,-0.00140796,0.000385337,-0.000257749,-0.000683417,-4.03758e-05,0.000926884,0.0017178,0.000961007,0.000597382,-0.00145846,-0.00055574,-3.07527e-05,-0.00140796,0.000961007,0.00352672,0.000380152,-0.000258923,-0.000697518,-4.19528e-05,0.000385337,0.000597382,0.000380152,0.00210525,0.00104823,0.00160312,5.00552e-06,-0.000257749,-0.00145846,-0.000258923,0.00104823,0.0254904,0.00145259,0.000676042,-0.000683417,-0.00055574,-0.000697518,0.00160312,0.00145259,0.0269629,0.000425124,-4.03758e-05,-3.07527e-05,-4.19528e-05,5.0055e-06,0.000676042,0.000425124,0.046633,
0.00343962,0.000928008,-0.0014063,0.000380874,-0.00026154,-0.00068349,-4.05653e-05,0.000928008,0.00171608,0.000960431,0.000598241,-0.001458,-0.000555374,-3.06122e-05,-0.0014063,0.000960431,0.00352574,0.000384194,-0.000263075,-0.000703816,-4.21778e-05,0.000380875,0.000598241,0.000384194,0.00210606,0.00104934,0.00160532,4.49629e-06,-0.00026154,-0.001458,-0.000263075,0.00104934,0.0254916,0.00145888,0.000673253,-0.00068349,-0.000555374,-0.000703816,0.00160532,0.00145888,0.0269704,0.000424831,-4.05652e-05,-3.06121e-05,-4.21778e-05,4.49629e-06,0.000673253,0.000424831,0.0466329,
0.00344385,0.000929118,-0.0014046,0.000376418,-0.000265328,-0.000683565,-4.07523e-05,0.000929118,0.00171436,0.000959866,0.000599087,-0.00145754,-0.000554982,-3.04718e-05,-0.0014046,0.000959866,0.00352474,0.000388211,-0.000267216,-0.000710086,-4.24005e-05,0.000376418,0.000599087,0.000388211,0.00210688,0.00105045,0.00160749,3.98828e-06,-0.000265328,-0.00145754,-0.000267216,0.00105045,0.0254929,0.00146514,0.000670475,-0.000683565,-0.000554982,-0.000710086,0.00160749,0.00146514,0.0269778,0.000424531,-4.07523e-05,-3.04718e-05,-4.24006e-05,3.98825e-06,0.000670475,0.000424531,0.0466328,
0.00344806,0.000930215,-0.00140288,0.000371966,-0.000269114,-0.000683641,-4.0937e-05,0.000930215,0.00171264,0.000959312,0.00059992,-0.00145708,-0.000554564,-3.03316e-05,-0.00140288,0.000959312,0.00352372,0.000392202,-0.000271347,-0.000716331,-4.26211e-05,0.000371966,0.00059992,0.000392202,0.00210772,0.00105157,0.00160964,3.48152e-06,-0.000269114,-0.00145708,-0.000271347,0.00105157,0.0254943,0.00147136,0.000667707,-0.000683641,-0.000554564,-0.000716331,0.00160964,0.00147136,0.0269852,0.000424226,-4.0937e-05,-3.03316e-05,-4.26211e-05,3.48155e-06,0.000667707,0.000424226,0.0466328,
0.00345224,0.000931295,-0.00140113,0.000367502,-0.0002731,-0.000683793,-4.12179e-05,0.000931292,0.00171089,0.000958759,0.000600534,-0.00145896,-0.000554988,-3.13413e-05,-0.00140113,0.000958766,0.00352269,0.000396151,-0.000275652,-0.000722617,-4.29291e-05,0.000367517,0.00060072,0.000396163,0.00210848,0.00105169,0.00161139,2.49273e-06,-0.000272989,-0.00145722,-0.000275607,0.00104994,0.0254644,0.00146599,0.000649618,-0.00068374,-0.000554269,-0.000722583,0.0016111,0.00147,0.0269897,0.000420238,-4.11226e-05,-3.02137e-05,-4.28445e-05,2.8777e-06,0.000663819,0.0004235,0.0466322,
0.00345641,0.000932365,-0.00139935,0.000363062,-0.000276884,-0.000683872,-4.13999e-05,0.000932362,0.00170918,0.000958228,0.000601342,-0.00145849,-0.000554514,-3.11973e-05,-0.00139935,0.000958234,0.00352164,0.000400091,-0.000279762,-0.000728808,-4.31446e-05,0.000363077,0.000601528,0.000400103,0.00210933,0.00105281,0.00161349,1.9959e-06,-0.000276767,-0.00145674,-0.000279709,0.00105106,0.0254659,0.00147219,0.000646906,-0.000683818,-0.000553798,-0.000728772,0.0016132,0.00147622,0.026997,0.000420021,-4.1303e-05,-3.00734e-05,-4.3061e-05,2.37577e-06,0.000661066,0.000423237,0.0466321,
0.00346054,0.000933421,-0.00139755,0.000358627,-0.000280664,-0.00068395,-4.15797e-05,0.000933419,0.00170748,0.000957707,0.000602137,-0.00145801,-0.000554016,-3.10533e-05,-0.00139754,0.000957713,0.00352057,0.000404005,-0.000283861,-0.000734971,-4.33584e-05,0.000358643,0.000602323,0.000404017,0.0021102,0.00105393,0.00161556,1.50169e-06,-0.000280541,-0.00145626,-0.000283801,0.00105218,0.0254676,0.00147835,0.0006442,-0.000683895,-0.000553301,-0.000734934,0.00161528,0.00148239,0.0270043,0.000419833,-4.14813e-05,-2.99332e-05,-4.32757e-05,1.87653e-06,0.000658319,0.000423003,0.046632,
0.00346466,0.000934462,-0.00139571,0.000354191,-0.000284528,-0.00068406,-4.17994e-05,0.000934459,0.00170577,0.000957194,0.000602837,-0.00145849,-0.000553839,-3.13721e-05,-0.00139571,0.000957201,0.0035195,0.000407888,-0.000288023,-0.000741133,-4.36052e-05,0.000354213,0.000603098,0.000407905,0.00211104,0.00105465,0.00161747,8.199e-07,-0.000284346,-0.00145601,-0.000287927,0.00105219,0.0254565,0.00147983,0.000635319,-0.000683979,-0.000552837,-0.000741079,0.00161707,0.00148554,0.0270104,0.000418227,-4.16587e-05,-2.98018e-05,-4.34902e-05,1.34015e-06,0.000655122,0.000422624,0.0466317,
0.00346875,0.000935492,-0.00139384,0.000349768,-0.000288302,-0.000684139,-4.19758e-05,0.000935489,0.00170407,0.000956696,0.000603609,-0.001458,-0.000553289,-3.12265e-05,-0.00139384,0.000956701,0.0035184,0.000411752,-0.000292102,-0.000747243,-4.3815e-05,0.000349791,0.000603868,0.000411769,0.00211192,0.00105577,0.00161949,3.32873e-07,-0.000288111,-0.00145552,-0.000291995,0.00105331,0.0254583,0.00148593,0.000632641,-0.000684055,-0.00055229,-0.000747186,0.0016191,0.00149166,0.0270175,0.000418114,-4.1833e-05,-2.96615e-05,-4.37013e-05,8.46101e-07,0.000652387,0.000422449,0.0466316,
0.00347282,0.000936508,-0.00139195,0.000345351,-0.000292071,-0.000684214,-4.21502e-05,0.000936505,0.00170239,0.000956208,0.000604368,-0.00145751,-0.000552714,-3.10812e-05,-0.00139195,0.000956213,0.0035173,0.00041559,-0.00029617,-0.000753323,-4.40232e-05,0.000345374,0.000604627,0.000415607,0.00211282,0.00105689,0.00162149,-1.51518e-07,-0.000291871,-0.00145502,-0.000296052,0.00105442,0.0254602,0.00149199,0.00062997,-0.000684128,-0.000551718,-0.000753264,0.00162111,0.00149774,0.0270247,0.00041803,-4.20051e-05,-2.95213e-05,-4.39107e-05,3.54827e-07,0.000649659,0.000422302,0.0466315,
