0.00175987,0.000246566,-0.00121685,-0.00106659,0.000474794,9.36539e-05,1.63942e-05,0.000246566,0.00153594,0.00108946,-0.000797148,-0.000218671,0.000694994,-6.33739e-05,-0.00121685,0.00108946,0.00351101,0.000118142,-0.000565982,-0.00117973,-0.000102649,-0.00106659,-0.000797148,0.000118142,0.00275145,0.00143035,0.00189179,-3.99665e-05,0.000474794,-0.000218671,-0.000565982,0.00143035,0.0294349,0.00207633,-0.000792795,9.36539e-05,0.000694994,-0.00117973,0.00189179,0.00207633,0.0291095,-0.000313915,1.63942e-05,-6.33739e-05,-0.000102649,-3.99665e-05,-0.000792795,-0.000313915,0.0466327,
0,0,-0.00121393,0,0.00047304,9.32986e-05,1.63843e-05,0,0,0.00109137,0,-0.000219435,0.000693677,-6.35216e-05,0,0,0.00351008,0,-0.000568699,-0.0011846,-0.000102558,0,0,0.000119284,0,0.00143117,0.00188942,-4.00962e-05,0,0,-0.000568698,0,0.029439,0.00207675,-0.000793732,0,0,-0.0011846,0,0.00207675,0.0291052,-0.000313195,0,0,-0.000102558,0,-0.000793732,-0.000313195,0.0466327,
0,0,-0.00121206,0,0.000471635,9.1998e-05,1.6376e-05,0,0,0.0010924,0,-0.000219839,0.000692992,-6.34946e-05,0,0,0.00351043,0,-0.000571752,-0.00118908,-0.000102316,0,0,0.000119904,0,0.00143335,0.001885,-4.0281e-05,0,0,-0.000571752,0,0.029434,0.00207711,-0.000792752,0,0,-0.00118908,0,0.00207711,0.0290985,-0.000312312,0,0,-0.000102316,0,-0.000792752,-0.000312312,0.0466326,
0.00176069,0,-0.00121041,0,0.000470946,9.12981e-05,1.63115e-05,0.000249157,0,0.00109325,0,-0.000220695,0.000692649,-6.34264e-05,-0.00121041,0,0.00351143,0,-0.000574292,-0.00119203,-0.000102068,-0.00107083,0,0.000120401,0,0.00143591,0.00188095,-4.04234e-05,0.000470946,0,-0.000574292,0,0.0294234,0.0020771,-0.000790565,9.12981e-05,0,-0.00119203,0,0.0020771,0.029091,-0.000311391,1.63115e-05,0,-0.000102068,0,-0.000790565,-0.000311391,0.0466325,
0.0017619,0.000250789,-0.00120832,0,0.000470145,9.01993e-05,1.6225e-05,0.000250789,0.00153771,0.00109413,0,-0.000221635,0.000692572,-6.33046e-05,-0.00120832,0.00109413,0.00351339,0,-0.000577825,-0.00119506,-0.000101793,-0.00107255,-0.000791775,0.000120829,0,0.00143891,0.00187598,-4.0601e-05,0.000470145,-0.000221635,-0.000577825,0,0.0294109,0.00207738,-0.000787888,9.01992e-05,0.000692572,-0.00119506,0,0.00207738,0.0290826,-0.000310418,1.62251e-05,-6.33045e-05,-0.000101793,0,-0.000787888,-0.000310418,0.0466323,
0.00176323,0,-0.00120547,0,0.000469553,8.95986e-05,1.60874e-05,0.000252866,0,0.00109535,0,-0.000223118,0.000692631,-6.31851e-05,-0.00120547,0,0.00351596,0,-0.000581782,-0.00119754,-0.000101551,-0.00107482,0,0.000121396,0,0.00144197,0.00187119,-4.07684e-05,0.000469553,0,-0.000581782,0,0.0293969,0.0020777,-0.000784763,8.95986e-05,0,-0.00119754,0,0.0020777,0.0290736,-0.000309402,1.60874e-05,0,-0.000101551,0,-0.000784763,-0.000309402,0.0466322,
0.00176526,0,-0.00120331,0,0.000469356,8.90188e-05,1.59345e-05,0.000255101,0,0.00109616,0,-0.00022464,0.000692878,-6.30057e-05,-0.00120331,0,0.00351879,0,-0.000585228,-0.00119929,-0.000101252,-0.00107677,0,0.000121762,0,0.00144562,0.00186617,-4.0926e-05,0.000469356,0,-0.000585228,0,0.0293776,0.00207766,-0.000780571,8.90188e-05,0,-0.00119929,0,0.00207766,0.0290636,-0.000308328,1.59345e-05,0,-0.000101252,0,-0.000780571,-0.000308327,0.046632,
0.00176769,0,-0.00120118,0,0.000469265,8.8525e-05,1.5757e-05,0.000257577,0,0.00109693,0,-0.000226336,0.000693184,-6.28141e-05,-0.00120118,0,0.00352188,0,-0.000588634,-0.0012006,-0.000100944,-0.00107878,0,0.000122095,0,0.00144947,0.00186124,-4.10709e-05,0.000469265,0,-0.000588634,0,0.0293568,0.0020775,-0.000776008,8.8525e-05,0,-0.0012006,0,0.0020775,0.0290532,-0.00030723,1.5757e-05,0,-0.000100944,0,-0.000776009,-0.00030723,0.0466318,
0.00177047,0,-0.00119908,0,0.000469181,8.79645e-05,1.55638e-05,0.000260255,0,0.00109765,0,-0.000228125,0.000693531,-6.26049e-05,-0.00119908,0,0.00352523,0,-0.000592134,-0.00120172,-0.00010062,-0.00108086,0,0.000122388,0,0.00145357,0.00185621,-4.12143e-05,0.000469181,0,-0.000592134,0,0.0293345,0.00207728,-0.000771132,8.79645e-05,0,-0.00120172,0,0.00207728,0.0290423,-0.000306113,1.55638e-05,0,-0.00010062,0,-0.000771132,-0.000306113,0.0466316,
0.00177357,0,-0.00119703,-0.00108297,0.000469064,8.73318e-05,1.5357e-05,0.000263099,0,0.00109832,-0.000787115,-0.000229976,0.000693888,-6.23887e-05,-0.00119703,0,0.00352874,0.000122642,-0.000595667,-0.00120263,-0.000100286,-0.00108297,0,0.000122642,0.00274713,0.0014578,0.00185123,-4.13499e-05,0.000469064,0,-0.000595667,0.0014578,0.0293117,0.00207701,-0.000766125,8.73318e-05,0,-0.00120263,0.00185123,0.00207701,0.0290311,-0.000304987,1.5357e-05,0,-0.000100286,-4.13499e-05,-0.000766125,-0.000304987,0.0466313,
0.00177704,0,-0.00119518,-0.001085,0.000468843,8.65649e-05,1.51441e-05,0.000266035,0,0.0010989,-0.000786316,-0.000231818,0.000694163,-6.21708e-05,-0.00119518,0,0.0035322,0.000122862,-0.000599092,-0.00120352,-9.9936e-05,-0.001085,0,0.000122862,0.00274638,0.00146219,0.0018463,-4.14799e-05,0.000468843,0,-0.000599092,0.00146219,0.0292885,0.00207663,-0.000761059,8.6565e-05,0,-0.00120352,0.0018463,0.00207663,0.0290198,-0.000303855,1.51441e-05,0,-9.9936e-05,-4.14799e-05,-0.000761059,-0.000303855,0.0466311,
0.00178075,0,-0.00119339,-0.00108703,0.000468521,8.57005e-05,1.49236e-05,0.000269068,0,0.00109945,-0.000785517,-0.000233666,0.000694396,-6.19585e-05,-0.00119339,0,0.00353568,0.000123052,-0.000602498,-0.0012043,-9.9586e-05,-0.00108703,0,0.000123052,0.00274552,0.00146658,0.00184155,-4.15989e-05,0.000468521,0,-0.000602498,0.00146658,0.0292659,0.00207621,-0.000756104,8.57005e-05,0,-0.0012043,0.00184155,0.00207621,0.0290086,-0.000302728,1.49236e-05,0,-9.9586e-05,-4.15989e-05,-0.000756104,-0.000302728,0.0466309,
0.00178469,0,-0.00119167,-0.00108906,0.000468115,8.47388e-05,1.4699e-05,0.000272183,0,0.00109996,-0.000784716,-0.000235524,0.000694589,-6.1744e-05,-0.00119167,0,0.0035392,0.000123222,-0.000605917,-0.00120503,-9.92273e-05,-0.00108906,0,0.000123222,0.00274455,0.00147107,0.00183682,-4.17146e-05,0.000468114,0,-0.000605917,0.00147107,0.0292432,0.00207574,-0.000751126,8.47388e-05,0,-0.00120503,0.00183682,0.00207574,0.0289972,-0.0003016,1.4699e-05,0,-9.92273e-05,-4.17146e-05,-0.000751126,-0.0003016,0.0466307,
0.00178884,0,-0.00119001,-0.00109108,0.000467614,8.36846e-05,1.44703e-05,0.000275369,0,0.00110044,-0.000783912,-0.000237383,0.000694741,-6.15326e-05,-0.00119001,0,0.00354272,0.000123368,-0.000609328,-0.00120569,-9.88667e-05,-0.00109108,0,0.000123368,0.00274348,0.00147558,0.00183221,-4.18228e-05,0.000467614,0,-0.000609328,0.00147558,0.0292208,0.00207525,-0.00074623,8.36846e-05,0,-0.00120569,0.00183221,0.00207525,0.0289859,-0.000300478,1.44703e-05,0,-9.88667e-05,-4.18228e-05,-0.00074623,-0.000300478,0.0466305,
0.00179316,0,-0.00118839,-0.00109308,0.000467035,8.25498e-05,1.42391e-05,0.000278619,0,0.00110089,-0.000783105,-0.000239247,0.000694856,-6.13208e-05,-0.00118839,0,0.00354627,0.000123495,-0.000612745,-0.00120631,-9.8501e-05,-0.00109308,0,0.000123495,0.00274232,0.00148014,0.00182764,-4.19269e-05,0.000467035,0,-0.000612745,0.00148014,0.0291985,0.00207471,-0.000741351,8.25499e-05,0,-0.00120631,0.00182764,0.00207471,0.0289744,-0.000299361,1.42391e-05,0,-9.8501e-05,-4.19269e-05,-0.000741351,-0.000299361,0.0466303,
0.00179766,0,-0.00118682,-0.00109507,0.000466377,8.13394e-05,1.40058e-05,0.000281924,0,0.00110132,-0.000782294,-0.000241114,0.000694934,-6.11106e-05,-0.00118682,0,0.00354981,0.000123604,-0.00061616,-0.00120687,-9.81328e-05,-0.00109507,0,0.000123604,0.00274108,0.00148474,0.00182316,-4.20254e-05,0.000466377,0,-0.00061616,0.00148474,0.0291764,0.00207414,-0.000736525,8.13394e-05,0,-0.00120687,0.00182316,0.00207414,0.028963,-0.00029825,1.40058e-05,0,-9.81328e-05,-4.20254e-05,-0.000736525,-0.00029825,0.0466301,
0.0018023,0,-0.00118529,-0.00109705,0.000465647,8.00602e-05,1.37714e-05,0.000285278,0,0.00110171,-0.000781478,-0.000242985,0.000694978,-6.09006e-05,-0.00118529,0,0.00355337,0.000123697,-0.000619579,-0.00120739,-9.77613e-05,-0.00109705,0,0.000123697,0.00273976,0.00148936,0.00181872,-4.21199e-05,0.000465647,0,-0.000619579,0.00148936,0.0291545,0.00207354,-0.000731733,8.00601e-05,0,-0.00120739,0.00181872,0.00207354,0.0289515,-0.000297147,1.37714e-05,0,-9.77613e-05,-4.21199e-05,-0.000731733,-0.000297147,0.0466298,
0.00180709,0,-0.0011838,-0.00109902,0.000464846,7.87174e-05,1.35364e-05,0.000288675,0,0.00110209,-0.000780657,-0.00024486,0.000694988,-6.06916e-05,-0.0011838,0,0.00355692,0.000123774,-0.000622999,-0.00120785,-9.73874e-05,-0.00109902,0,0.000123774,0.00273837,0.00149402,0.00181435,-4.22099e-05,0.000464846,0,-0.000622999,0.00149402,0.0291327,0.00207291,-0.000726985,7.87174e-05,0,-0.00120785,0.00181435,0.00207291,0.0289399,-0.000296051,1.35364e-05,0,-9.73874e-05,-4.22099e-05,-0.000726985,-0.000296051,0.0466296,
0.00181201,0,-0.00118234,-0.00110097,0.000463978,7.73158e-05,1.33013e-05,0.000292111,0,0.00110244,-0.000779828,-0.000246738,0.000694967,-6.0483e-05,-0.00118234,0,0.00356048,0.000123837,-0.000626422,-0.00120828,-9.70113e-05,-0.00110097,0,0.000123837,0.00273692,0.0014987,0.00181002,-4.22962e-05,0.000463978,0,-0.000626422,0.0014987,0.0291111,0.00207226,-0.000722274,7.73159e-05,0,-0.00120828,0.00181002,0.00207226,0.0289284,-0.000294964,1.33012e-05,0,-9.70113e-05,-4.22962e-05,-0.000722274,-0.000294964,0.0466294,
0.00181705,0,-0.0011809,-0.0011029,0.000463046,7.586e-05,1.30665e-05,0.000295581,0,0.00110277,-0.000778992,-0.000248621,0.000694914,-6.02751e-05,-0.0011809,0,0.00356403,0.000123887,-0.000629848,-0.00120866,-9.66333e-05,-0.0011029,0,0.000123887,0.0027354,0.0015034,0.00180575,-4.23788e-05,0.000463046,0,-0.000629848,0.0015034,0.0290896,0.00207157,-0.000717603,7.586e-05,0,-0.00120866,0.00180575,0.00207157,0.0289168,-0.000293885,1.30664e-05,0,-9.66333e-05,-4.23788e-05,-0.000717603,-0.000293885,0.0466292,
0.00182219,0,-0.00117949,-0.00110481,0.000462051,7.43532e-05,1.28323e-05,0.000299081,0,0.00110309,-0.000778148,-0.000250507,0.000694831,-6.00677e-05,-0.00117949,0,0.00356758,0.000123925,-0.000633276,-0.001209,-9.62536e-05,-0.00110481,0,0.000123925,0.00273383,0.00150812,0.00180153,-4.2458e-05,0.000462051,0,-0.000633276,0.00150812,0.0290683,0.00207086,-0.000712971,7.43532e-05,0,-0.001209,0.00180153,0.00207086,0.0289052,-0.000292814,1.28323e-05,0,-9.62536e-05,-4.24581e-05,-0.000712971,-0.000292814,0.046629,
0.00182743,0.000302601,-0.00117808,-0.00110671,0.000461001,7.28077e-05,1.25997e-05,0.000302601,0.00153146,0.00110339,-0.000777293,-0.000252397,0.00069472,-5.98611e-05,-0.00117808,0.00110339,0.00357111,0.000123955,-0.00063671,-0.00120931,-9.58733e-05,-0.00110671,-0.000777293,0.000123955,0.00273222,0.00151284,0.00179735,-4.25342e-05,0.000461001,-0.000252397,-0.00063671,0.00151284,0.0290472,0.00207013,-0.000708382,7.28077e-05,0.000694721,-0.00120931,0.00179735,0.00207013,0.0288936,-0.000291753,1.25997e-05,-5.98611e-05,-9.58733e-05,-4.25342e-05,-0.000708382,-0.000291753,0.0466288,
0.00183275,0,-0.00117667,-0.00110861,0.000459906,7.1245e-05,1.23676e-05,0.000306153,0,0.00110369,-0.000776416,-0.000254315,0.000694582,-5.96536e-05,-0.00117667,0,0.00357465,0.000123985,-0.000640162,-0.00120958,-9.54911e-05,-0.00110861,0,0.000123985,0.00273056,0.0015176,0.00179319,-4.26083e-05,0.000459906,0,-0.000640162,0.0015176,0.029026,0.00206936,-0.000703785,7.1245e-05,0,-0.00120958,0.00179319,0.00206936,0.0288818,-0.000290699,1.23676e-05,0,-9.54911e-05,-4.26083e-05,-0.000703785,-0.000290699,0.0466286,
0.00183819,0,-0.00117532,-0.00111047,0.00045874,6.96077e-05,1.21372e-05,0.000309723,0,0.00110396,-0.000775547,-0.000256211,0.000694415,-5.94479e-05,-0.00117532,0,0.00357817,0.00012399,-0.000643594,-0.0012098,-9.51083e-05,-0.00111047,0,0.00012399,0.00272885,0.00152235,0.00178911,-4.26779e-05,0.00045874,0,-0.000643594,0.00152235,0.0290051,0.00206858,-0.000699272,6.96077e-05,0,-0.0012098,0.00178911,0.00206858,0.0288702,-0.000289654,1.21372e-05,0,-9.51083e-05,-4.26779e-05,-0.000699272,-0.000289654,0.0466284,
0.0018437,0.000313306,-0.00117397,-0.0011123,0.000457536,6.79512e-05,1.19089e-05,0.000313306,0.00153053,0.00110421,-0.00077467,-0.000258119,0.000694224,-5.92418e-05,-0.00117397,0.00110421,0.00358168,0.000123989,-0.000647022,-0.00120998,-9.47245e-05,-0.0011123,-0.00077467,0.000123989,0.00272709,0.00152711,0.00178505,-4.27449e-05,0.000457536,-0.000258119,-0.000647022,0.00152711,0.0289843,0.00206777,-0.00069477,6.79512e-05,0.000694224,-0.00120998,0.00178505,0.00206777,0.0288585,-0.000288618,1.19089e-05,-5.92418e-05,-9.47245e-05,-4.27449e-05,-0.00069477,-0.000288618,0.0466282,
0.00184926,0.000316895,-0.00117263,-0.00111413,0.000456282,6.62675e-05,1.16833e-05,0.000316895,0.00153022,0.00110446,-0.000773779,-0.00026003,0.000694008,-5.90362e-05,-0.00117263,0.00110446,0.00358518,0.000123984,-0.00065046,-0.00121014,-9.43408e-05,-0.00111413,-0.000773779,0.000123984,0.00272531,0.00153188,0.00178104,-4.28096e-05,0.000456282,-0.00026003,-0.00065046,0.00153188,0.0289637,0.00206694,-0.000690312,6.62675e-05,0.000694008,-0.00121014,0.00178104,0.00206694,0.0288468,-0.000287591,1.16834e-05,-5.90362e-05,-9.43409e-05,-4.28096e-05,-0.000690312,-0.000287591,0.046628,
0.00185487,0.000320487,-0.00117128,-0.00111593,0.000454987,6.45642e-05,1.14611e-05,0.000320487,0.00152991,0.0011047,-0.000772875,-0.000261946,0.00069377,-5.88308e-05,-0.00117128,0.0011047,0.00358865,0.000123976,-0.000653905,-0.00121027,-9.39571e-05,-0.00111593,-0.000772875,0.000123976,0.0027235,0.00153664,0.00177704,-4.28726e-05,0.000454987,-0.000261946,-0.000653905,0.00153664,0.0289431,0.0020661,-0.000685886,6.45642e-05,0.000693769,-0.00121027,0.00177704,0.0020661,0.028835,-0.000286573,1.14611e-05,-5.88308e-05,-9.39571e-05,-4.28725e-05,-0.000685886,-0.000286573,0.0466278,
0.00186051,0.000324077,-0.00116994,-0.00111771,0.000453652,6.28427e-05,1.12423e-05,0.000324077,0.00152959,0.00110493,-0.000771959,-0.000263865,0.000693508,-5.86255e-05,-0.00116994,0.00110493,0.00359211,0.000123965,-0.000657355,-0.00121038,-9.35737e-05,-0.00111771,-0.000771959,0.000123965,0.00272167,0.00154139,0.00177308,-4.29338e-05,0.000453652,-0.000263865,-0.000657355,0.00154139,0.0289227,0.00206524,-0.000681494,6.28427e-05,0.000693508,-0.00121038,0.00177308,0.00206524,0.0288233,-0.000285565,1.12423e-05,-5.86255e-05,-9.35737e-05,-4.29338e-05,-0.000681494,-0.000285565,0.0466275,
0.00186619,0.000327663,-0.00116859,-0.00111947,0.000452277,6.11048e-05,1.10271e-05,0.000327663,0.00152927,0.00110516,-0.000771032,-0.000265786,0.000693225,-5.84203e-05,-0.00116859,0.00110516,0.00359555,0.000123952,-0.000660812,-0.00121046,-9.31904e-05,-0.00111947,-0.000771032,0.000123952,0.00271982,0.00154614,0.00176913,-4.29933e-05,0.000452277,-0.000265786,-0.000660812,0.00154614,0.0289025,0.00206436,-0.000677135,6.11048e-05,0.000693225,-0.00121046,0.00176913,0.00206436,0.0288115,-0.000284566,1.10272e-05,-5.84203e-05,-9.31903e-05,-4.29933e-05,-0.000677135,-0.000284566,0.0466273,
0.00187189,0.000331245,-0.00116724,-0.00112122,0.000450864,5.93511e-05,1.08157e-05,0.000331245,0.00152895,0.00110538,-0.000770093,-0.000267709,0.000692921,-5.82151e-05,-0.00116724,0.00110538,0.00359896,0.000123937,-0.000664273,-0.00121052,-9.28073e-05,-0.00112122,-0.000770093,0.000123937,0.00271795,0.00155088,0.00176521,-4.30513e-05,0.000450864,-0.000267709,-0.000664273,0.00155088,0.0288823,0.00206346,-0.000672807,5.93511e-05,0.000692921,-0.00121052,0.00176521,0.00206346,0.0287997,-0.000283576,1.08157e-05,-5.8215e-05,-9.28073e-05,-4.30513e-05,-0.000672807,-0.000283576,0.0466271,
0.00187763,0.000334821,-0.00116588,-0.00112294,0.000449415,5.75824e-05,1.0608e-05,0.000334821,0.00152862,0.0011056,-0.000769143,-0.000269634,0.000692596,-5.80098e-05,-0.00116588,0.0011056,0.00360236,0.000123919,-0.000667739,-0.00121056,-9.24246e-05,-0.00112294,-0.000769143,0.000123919,0.00271607,0.00155562,0.00176131,-4.31077e-05,0.000449415,-0.000269634,-0.000667739,0.00155562,0.0288623,0.00206255,-0.000668511,5.75824e-05,0.000692596,-0.00121056,0.00176131,0.00206255,0.0287879,-0.000282595,1.06079e-05,-5.80098e-05,-9.24246e-05,-4.31077e-05,-0.000668511,-0.000282595,0.0466269,
0.00188339,0.000338391,-0.00116453,-0.00112463,0.000447928,5.57991e-05,1.04039e-05,0.000338391,0.00152829,0.0011058,-0.000768183,-0.00027156,0.000692251,-5.78045e-05,-0.00116453,0.0011058,0.00360573,0.000123899,-0.000671209,-0.00121058,-9.20421e-05,-0.00112463,-0.000768183,0.000123899,0.00271416,0.00156034,0.00175743,-4.31627e-05,0.000447928,-0.00027156,-0.000671209,0.00156034,0.0288424,0.00206163,-0.000664245,5.57991e-05,0.000692251,-0.00121058,0.00175743,0.00206163,0.0287761,-0.000281621,1.04039e-05,-5.78045e-05,-9.20422e-05,-4.31627e-05,-0.000664245,-0.000281621,0.0466267,
0.00188918,0.000341954,-0.00116318,-0.00112631,0.000446405,5.40015e-05,1.02036e-05,0.000341954,0.00152796,0.00110601,-0.000767212,-0.000273487,0.000691886,-5.75991e-05,-0.00116318,0.00110601,0.00360909,0.000123877,-0.000674684,-0.00121058,-9.166e-05,-0.00112631,-0.000767212,0.000123877,0.00271224,0.00156506,0.00175358,-4.32162e-05,0.000446405,-0.000273487,-0.000674684,0.00156506,0.0288227,0.00206069,-0.000660009,5.40015e-05,0.000691886,-0.00121058,0.00175358,0.00206069,0.0287643,-0.000280655,1.02036e-05,-5.75991e-05,-9.166e-05,-4.32162e-05,-0.000660009,-0.000280655,0.0466265,
0.001895,0.00034551,-0.00116182,-0.00112796,0.000444845,5.21899e-05,1.00069e-05,0.00034551,0.00152762,0.0011062,-0.00076623,-0.000275415,0.000691501,-5.73937e-05,-0.00116182,0.0011062,0.00361242,0.000123854,-0.000678162,-0.00121056,-9.12784e-05,-0.00112796,-0.00076623,0.000123853,0.00271031,0.00156977,0.00174974,-4.32683e-05,0.000444845,-0.000275415,-0.000678162,0.00156977,0.028803,0.00205974,-0.000655803,5.21899e-05,0.000691501,-0.00121056,0.00174974,0.00205974,0.0287525,-0.000279697,1.00069e-05,-5.73938e-05,-9.12784e-05,-4.32683e-05,-0.000655803,-0.000279697,0.0466263,
0.00190084,0.000349059,-0.00116046,-0.0011296,0.000443249,5.03644e-05,9.81384e-06,0.000349059,0.00152727,0.00110639,-0.000765238,-0.000277344,0.000691098,-5.71882e-05,-0.00116046,0.00110639,0.00361573,0.000123828,-0.000681644,-0.00121052,-9.08972e-05,-0.0011296,-0.000765238,0.000123828,0.00270835,0.00157447,0.00174593,-4.3319e-05,0.000443249,-0.000277344,-0.000681644,0.00157447,0.0287835,0.00205877,-0.000651626,5.03644e-05,0.000691098,-0.00121052,0.00174593,0.00205877,0.0287407,-0.000278745,9.81387e-06,-5.71883e-05,-9.08972e-05,-4.3319e-05,-0.000651626,-0.000278745,0.0466261,
0.0019067,0.0003526,-0.0011591,-0.00113121,0.000441618,4.85253e-05,9.62438e-06,0.0003526,0.00152692,0.00110658,-0.000764236,-0.000279274,0.000690676,-5.69826e-05,-0.0011591,0.00110658,0.00361902,0.0001238,-0.00068513,-0.00121046,-9.05165e-05,-0.00113121,-0.000764236,0.0001238,0.00270638,0.00157916,0.00174213,-4.33683e-05,0.000441618,-0.000279274,-0.00068513,0.00157916,0.0287641,0.00205779,-0.000647478,4.85252e-05,0.000690676,-0.00121046,0.00174213,0.00205779,0.0287289,-0.000277801,9.62436e-06,-5.69826e-05,-9.05164e-05,-4.33683e-05,-0.000647478,-0.000277801,0.0466258,
0.00191259,0.000356134,-0.00115774,-0.00113279,0.000439951,4.66727e-05,9.43845e-06,0.000356134,0.00152657,0.00110676,-0.000763223,-0.000281204,0.000690235,-5.6777e-05,-0.00115774,0.00110676,0.0036223,0.00012377,-0.000688618,-0.00121038,-9.01362e-05,-0.00113279,-0.000763223,0.00012377,0.0027044,0.00158384,0.00173835,-4.34162e-05,0.000439951,-0.000281204,-0.000688618,0.00158384,0.0287448,0.0020568,-0.000643357,4.66727e-05,0.000690235,-0.00121038,0.00173835,0.0020568,0.028717,-0.000276863,9.43845e-06,-5.6777e-05,-9.01362e-05,-4.34162e-05,-0.000643357,-0.000276863,0.0466256,
0.0019185,0.00035966,-0.00115638,-0.00113436,0.000438248,4.48068e-05,9.25601e-06,0.00035966,0.00152621,0.00110693,-0.0007622,-0.000283135,0.000689777,-5.65713e-05,-0.00115638,0.00110693,0.00362555,0.000123738,-0.000692109,-0.00121028,-8.97565e-05,-0.00113436,-0.0007622,0.000123738,0.0027024,0.00158851,0.0017346,-4.34628e-05,0.000438248,-0.000283135,-0.000692109,0.00158851,0.0287257,0.0020558,-0.000639265,4.48068e-05,0.000689776,-0.00121028,0.0017346,0.0020558,0.0287052,-0.000275931,9.25598e-06,-5.65712e-05,-8.97564e-05,-4.34628e-05,-0.000639265,-0.000275931,0.0466254,
0.00192444,0.000363178,-0.00115502,-0.0011359,0.000436509,4.29279e-05,9.07702e-06,0.000363178,0.00152585,0.0011071,-0.000761167,-0.000285066,0.0006893,-5.63655e-05,-0.00115502,0.0011071,0.00362878,0.000123704,-0.000695603,-0.00121016,-8.93773e-05,-0.0011359,-0.000761167,0.000123704,0.00270038,0.00159317,0.00173086,-4.35081e-05,0.000436509,-0.000285066,-0.000695603,0.00159317,0.0287066,0.00205479,-0.0006352,4.29279e-05,0.0006893,-0.00121016,0.00173086,0.00205479,0.0286934,-0.000275005,9.07702e-06,-5.63655e-05,-8.93772e-05,-4.35081e-05,-0.0006352,-0.000275005,0.0466252,
0.0019304,0.000366689,-0.00115365,-0.00113742,0.000434736,4.10359e-05,8.90141e-06,0.000366689,0.00152548,0.00110726,-0.000760124,-0.000286998,0.000688806,-5.61596e-05,-0.00115365,0.00110726,0.00363199,0.000123668,-0.000699099,-0.00121002,-8.89986e-05,-0.00113742,-0.000760124,0.000123668,0.00269835,0.00159781,0.00172715,-4.35521e-05,0.000434736,-0.000286998,-0.000699099,0.00159781,0.0286877,0.00205376,-0.000631162,4.10359e-05,0.000688806,-0.00121002,0.00172715,0.00205376,0.0286815,-0.000274085,8.90144e-06,-5.61596e-05,-8.89986e-05,-4.35521e-05,-0.000631162,-0.000274085,0.046625,
0.00193638,0.000370192,-0.00115229,-0.00113892,0.000432927,3.91311e-05,8.72918e-06,0.000370192,0.00152511,0.00110741,-0.00075907,-0.00028893,0.000688294,-5.59537e-05,-0.00115229,0.00110741,0.00363519,0.000123631,-0.000702597,-0.00120986,-8.86207e-05,-0.00113892,-0.00075907,0.000123631,0.00269631,0.00160245,0.00172345,-4.35948e-05,0.000432927,-0.00028893,-0.000702597,0.00160245,0.028669,0.00205272,-0.000627151,3.91311e-05,0.000688294,-0.00120986,0.00172345,0.00205272,0.0286697,-0.000273171,8.72918e-06,-5.59537e-05,-8.86207e-05,-4.35948e-05,-0.000627151,-0.000273171,0.0466248,
0.00194239,0.000373686,-0.00115092,-0.0011404,0.000431083,3.72137e-05,8.56029e-06,0.000373686,0.00152473,0.00110756,-0.000758006,-0.000290862,0.000687766,-5.57478e-05,-0.00115092,0.00110756,0.00363836,0.000123592,-0.000706096,-0.00120969,-8.82432e-05,-0.0011404,-0.000758006,0.000123592,0.00269424,0.00160708,0.00171977,-4.36362e-05,0.000431083,-0.000290862,-0.000706096,0.00160708,0.0286503,0.00205168,-0.000623166,3.72137e-05,0.000687766,-0.00120969,0.00171977,0.00205168,0.0286578,-0.000272261,8.56032e-06,-5.57478e-05,-8.82432e-05,-4.36362e-05,-0.000623166,-0.000272261,0.0466246,
0.00194841,0.000377173,-0.00114955,-0.00114185,0.000429205,3.52838e-05,8.39467e-06,0.000377173,0.00152435,0.00110771,-0.000756933,-0.000292794,0.000687221,-5.55418e-05,-0.00114955,0.00110771,0.00364151,0.000123551,-0.000709598,-0.0012095,-8.78665e-05,-0.00114185,-0.000756933,0.000123551,0.00269217,0.0016117,0.00171611,-4.36764e-05,0.000429205,-0.000292794,-0.000709598,0.0016117,0.0286318,0.00205062,-0.000619207,3.52838e-05,0.000687221,-0.0012095,0.00171611,0.00205062,0.028646,-0.000271357,8.39467e-06,-5.55418e-05,-8.78665e-05,-4.36764e-05,-0.000619207,-0.000271357,0.0466243,
0.00195446,0.000380651,-0.00114819,-0.00114328,0.000427291,3.33415e-05,8.23228e-06,0.000380651,0.00152396,0.00110785,-0.000755849,-0.000294726,0.000686659,-5.53358e-05,-0.00114819,0.00110785,0.00364465,0.000123508,-0.0007131,-0.00120929,-8.74904e-05,-0.00114328,-0.000755849,0.000123508,0.00269008,0.0016163,0.00171247,-4.37153e-05,0.000427291,-0.000294726,-0.0007131,0.0016163,0.0286133,0.00204955,-0.000615274,3.33415e-05,0.000686659,-0.00120929,0.00171247,0.00204955,0.0286341,-0.000270458,8.2323e-06,-5.53357e-05,-8.74904e-05,-4.37153e-05,-0.000615274,-0.000270458,0.0466241,
0.00196053,0.000384121,-0.00114682,-0.00114468,0.000425343,3.1387e-05,8.0731e-06,0.000384121,0.00152357,0.00110798,-0.000754755,-0.000296659,0.000686081,-5.51297e-05,-0.00114682,0.00110798,0.00364777,0.000123464,-0.000716604,-0.00120906,-8.7115e-05,-0.00114468,-0.000754755,0.000123464,0.00268798,0.00162089,0.00170885,-4.3753e-05,0.000425343,-0.000296659,-0.000716604,0.00162089,0.028595,0.00204848,-0.000611367,3.13871e-05,0.000686081,-0.00120906,0.00170885,0.00204848,0.0286223,-0.000269564,8.0731e-06,-5.51297e-05,-8.7115e-05,-4.3753e-05,-0.000611367,-0.000269564,0.0466239,
0.00196662,0.000387582,-0.00114545,-0.00114606,0.00042336,2.94205e-05,7.91708e-06,0.000387582,0.00152318,0.00110811,-0.000753652,-0.000298591,0.000685487,-5.49236e-05,-0.00114545,0.00110811,0.00365086,0.000123417,-0.000720109,-0.00120882,-8.67404e-05,-0.00114606,-0.000753652,0.000123417,0.00268586,0.00162548,0.00170524,-4.37894e-05,0.00042336,-0.000298591,-0.000720109,0.00162548,0.0285769,0.0020474,-0.000607485,2.94205e-05,0.000685487,-0.00120882,0.00170524,0.00204739,0.0286105,-0.000268675,7.91711e-06,-5.49237e-05,-8.67403e-05,-4.37894e-05,-0.000607485,-0.000268675,0.0466237,
0.00197273,0.000391035,-0.00114407,-0.00114742,0.000421343,2.74421e-05,7.76421e-06,0.000391035,0.00152278,0.00110823,-0.000752539,-0.000300523,0.000684878,-5.47176e-05,-0.00114407,0.00110823,0.00365394,0.00012337,-0.000723614,-0.00120856,-8.63664e-05,-0.00114742,-0.000752539,0.00012337,0.00268373,0.00163004,0.00170166,-4.38246e-05,0.000421343,-0.000300523,-0.000723614,0.00163004,0.0285588,0.0020463,-0.000603628,2.74422e-05,0.000684878,-0.00120856,0.00170166,0.0020463,0.0285986,-0.00026779,7.76418e-06,-5.47176e-05,-8.63664e-05,-4.38246e-05,-0.000603628,-0.00026779,0.0466235,
0.00197887,0.000394479,-0.0011427,-0.00114876,0.000419292,2.5452e-05,7.61444e-06,0.000394479,0.00152238,0.00110835,-0.000751415,-0.000302454,0.000684253,-5.45115e-05,-0.0011427,0.00110835,0.003657,0.00012332,-0.00072712,-0.00120828,-8.59932e-05,-0.00114876,-0.000751415,0.00012332,0.00268158,0.0016346,0.00169809,-4.38586e-05,0.000419292,-0.000302454,-0.00072712,0.0016346,0.0285409,0.0020452,-0.000599795,2.5452e-05,0.000684253,-0.00120828,0.00169809,0.0020452,0.0285868,-0.000266909,7.61441e-06,-5.45115e-05,-8.59932e-05,-4.38586e-05,-0.000599795,-0.000266909,0.0466233,
0.00198502,0.000397915,-0.00114133,-0.00115007,0.000417207,2.34503e-05,7.46769e-06,0.000397915,0.00152197,0.00110846,-0.000750282,-0.000304385,0.000683613,-5.43054e-05,-0.00114133,0.00110846,0.00366005,0.000123269,-0.000730626,-0.00120799,-8.56208e-05,-0.00115007,-0.000750282,0.000123269,0.00267943,0.00163915,0.00169455,-4.38914e-05,0.000417207,-0.000304385,-0.000730626,0.00163915,0.0285231,0.00204409,-0.000595987,2.34504e-05,0.000683613,-0.00120799,0.00169455,0.00204409,0.028575,-0.000266033,7.46769e-06,-5.43054e-05,-8.56208e-05,-4.38914e-05,-0.000595987,-0.000266033,0.046623,
0.00199119,0.000401342,-0.00113996,-0.00115136,0.000415088,2.14372e-05,7.32403e-06,0.000401342,0.00152156,0.00110857,-0.00074914,-0.000306316,0.000682958,-5.40993e-05,-0.00113996,0.00110857,0.00366307,0.000123217,-0.000734132,-0.00120768,-8.52491e-05,-0.00115136,-0.00074914,0.000123217,0.00267726,0.00164368,0.00169101,-4.3923e-05,0.000415088,-0.000306316,-0.000734132,0.00164368,0.0285054,0.00204297,-0.000592203,2.14372e-05,0.000682958,-0.00120768,0.00169101,0.00204297,0.0285632,-0.000265161,7.32403e-06,-5.40993e-05,-8.52491e-05,-4.3923e-05,-0.000592203,-0.000265161,0.0466228,
0.00199738,0.000404761,-0.00113858,-0.00115263,0.000412935,1.94129e-05,7.18331e-06,0.000404761,0.00152115,0.00110867,-0.000747987,-0.000308247,0.000682289,-5.38933e-05,-0.00113858,0.00110867,0.00366608,0.000123163,-0.000737638,-0.00120736,-8.48783e-05,-0.00115263,-0.000747987,0.000123163,0.00267507,0.0016482,0.0016875,-4.39534e-05,0.000412935,-0.000308247,-0.000737638,0.0016482,0.0284878,0.00204185,-0.000588444,1.94129e-05,0.000682289,-0.00120736,0.0016875,0.00204185,0.0285513,-0.000264293,7.18331e-06,-5.38933e-05,-8.48783e-05,-4.39535e-05,-0.000588444,-0.000264293,0.0466226,
0.0020036,0.00040817,-0.00113721,-0.00115387,0.000410749,1.73774e-05,7.04559e-06,0.00040817,0.00152073,0.00110876,-0.000746825,-0.000310176,0.000681605,-5.36873e-05,-0.00113721,0.00110876,0.00366907,0.000123108,-0.000741143,-0.00120702,-8.45083e-05,-0.00115387,-0.000746826,0.000123108,0.00267287,0.00165271,0.00168401,-4.39827e-05,0.000410749,-0.000310176,-0.000741143,0.00165271,0.0284703,0.00204072,-0.000584708,1.73774e-05,0.000681605,-0.00120702,0.00168401,0.00204072,0.0285395,-0.000263429,7.04559e-06,-5.36873e-05,-8.45082e-05,-4.39826e-05,-0.000584708,-0.000263429,0.0466224,
0.00200983,0.00041157,-0.00113583,-0.00115509,0.000408529,1.5331e-05,6.91078e-06,0.00041157,0.0015203,0.00110886,-0.000745654,-0.000312106,0.000680907,-5.34814e-05,-0.00113583,0.00110886,0.00367204,0.000123051,-0.000744648,-0.00120666,-8.41391e-05,-0.00115509,-0.000745654,0.000123051,0.00267066,0.0016572,0.00168053,-4.40107e-05,0.000408529,-0.000312106,-0.000744648,0.0016572,0.028453,0.00203958,-0.000580996,1.5331e-05,0.000680907,-0.00120666,0.00168053,0.00203958,0.0285277,-0.00026257,6.91075e-06,-5.34813e-05,-8.41391e-05,-4.40107e-05,-0.000580996,-0.000262569,0.0466222,
0.00201607,0.000414962,-0.00113446,-0.00115629,0.000406276,1.32738e-05,6.77886e-06,0.000414962,0.00151987,0.00110894,-0.000744473,-0.000314034,0.000680195,-5.32754e-05,-0.00113446,0.00110894,0.00367499,0.000122992,-0.000748153,-0.00120629,-8.37708e-05,-0.00115629,-0.000744473,0.000122992,0.00266844,0.00166168,0.00167707,-4.40376e-05,0.000406276,-0.000314034,-0.000748152,0.00166168,0.0284358,0.00203844,-0.000577307,1.32738e-05,0.000680195,-0.00120629,0.00167707,0.00203844,0.028516,-0.000261713,6.77886e-06,-5.32754e-05,-8.37708e-05,-4.40376e-05,-0.000577307,-0.000261713,0.046622,
0.00202234,0.000418344,-0.00113308,-0.00115746,0.00040399,1.1206e-05,6.64982e-06,0.000418344,0.00151944,0.00110902,-0.000743283,-0.000315962,0.00067947,-5.30696e-05,-0.00113308,0.00110902,0.00367793,0.000122933,-0.000751656,-0.00120591,-8.34033e-05,-0.00115746,-0.000743283,0.000122933,0.00266621,0.00166615,0.00167362,-4.40633e-05,0.00040399,-0.000315962,-0.000751656,0.00166615,0.0284187,0.00203728,-0.000573642,1.1206e-05,0.00067947,-0.00120591,0.00167362,0.00203728,0.0285042,-0.000260861,6.64979e-06,-5.30696e-05,-8.34033e-05,-4.40633e-05,-0.000573642,-0.000260861,0.0466218,
0.00202863,0.000421717,-0.00113171,-0.00115861,0.000401671,9.1277e-06,6.52359e-06,0.000421717,0.00151901,0.0011091,-0.000742083,-0.000317888,0.000678731,-5.28638e-05,-0.00113171,0.0011091,0.00368084,0.000122872,-0.000755158,-0.00120551,-8.30368e-05,-0.00115861,-0.000742083,0.000122872,0.00266396,0.0016706,0.0016702,-4.40878e-05,0.000401671,-0.000317888,-0.000755158,0.0016706,0.0284017,0.00203613,-0.00057,9.1277e-06,0.000678731,-0.00120551,0.0016702,0.00203613,0.0284924,-0.000260013,6.52361e-06,-5.28638e-05,-8.30367e-05,-4.40878e-05,-0.00057,-0.000260013,0.0466216,
0.00203493,0.000425081,-0.00113033,-0.00115974,0.00039932,7.03912e-06,6.40019e-06,0.000425081,0.00151857,0.00110917,-0.000740874,-0.000319814,0.000677979,-5.26581e-05,-0.00113033,0.00110917,0.00368375,0.000122809,-0.000758659,-0.0012051,-8.26711e-05,-0.00115974,-0.000740874,0.000122809,0.0026617,0.00167504,0.00166679,-4.41112e-05,0.00039932,-0.000319814,-0.000758659,0.00167504,0.0283848,0.00203496,-0.000566381,7.03915e-06,0.000677979,-0.0012051,0.00166679,0.00203496,0.0284807,-0.000259168,6.40021e-06,-5.26581e-05,-8.26711e-05,-4.41112e-05,-0.000566381,-0.000259168,0.0466213,
0.00204125,0.000428436,-0.00112895,-0.00116084,0.000396935,4.94038e-06,6.27959e-06,0.000428436,0.00151812,0.00110924,-0.000739656,-0.000321739,0.000677214,-5.24525e-05,-0.00112895,0.00110924,0.00368663,0.000122746,-0.000762158,-0.00120467,-8.23064e-05,-0.00116084,-0.000739656,0.000122746,0.00265943,0.00167946,0.00166339,-4.41334e-05,0.000396935,-0.000321739,-0.000762158,0.00167946,0.0283681,0.0020338,-0.000562784,4.94038e-06,0.000677214,-0.00120467,0.00166339,0.0020338,0.0284689,-0.000258326,6.27959e-06,-5.24525e-05,-8.23063e-05,-4.41335e-05,-0.000562784,-0.000258326,0.0466211,
0.00204758,0.000431781,-0.00112757,-0.00116191,0.000394519,2.83168e-06,6.16168e-06,0.000431781,0.00151767,0.0011093,-0.000738428,-0.000323663,0.000676437,-5.2247e-05,-0.00112757,0.0011093,0.0036895,0.000122681,-0.000765656,-0.00120423,-8.19425e-05,-0.00116191,-0.000738428,0.000122681,0.00265715,0.00168387,0.00166002,-4.41546e-05,0.000394519,-0.000323663,-0.000765656,0.00168387,0.0283515,0.00203262,-0.00055921,2.83168e-06,0.000676437,-0.00120423,0.00166002,0.00203262,0.0284572,-0.000257488,6.16168e-06,-5.2247e-05,-8.19425e-05,-4.41546e-05,-0.00055921,-0.000257488,0.0466209,
0.00205394,0.000435116,-0.0011262,-0.00116297,0.00039207,7.13152e-07,6.04652e-06,0.000435116,0.00151722,0.00110936,-0.000737191,-0.000325585,0.000675647,-5.20416e-05,-0.0011262,0.00110936,0.00369235,0.000122615,-0.000769152,-0.00120378,-8.15797e-05,-0.00116297,-0.000737191,0.000122615,0.00265485,0.00168827,0.00165666,-4.41745e-05,0.00039207,-0.000325585,-0.000769152,0.00168827,0.028335,0.00203145,-0.000555659,7.13152e-07,0.000675647,-0.00120378,0.00165666,0.00203145,0.0284455,-0.000256654,6.0465e-06,-5.20416e-05,-8.15797e-05,-4.41746e-05,-0.000555659,-0.000256654,0.0466207,
0.00206031,0.000438443,-0.00112482,-0.001164,0.000389589,-1.41501e-06,5.93406e-06,0.000438443,0.00151676,0.00110942,-0.000735945,-0.000327507,0.000674845,-5.18364e-05,-0.00112482,0.00110942,0.00369518,0.000122547,-0.000772646,-0.00120331,-8.12178e-05,-0.001164,-0.000735945,0.000122547,0.00265255,0.00169265,0.00165331,-4.41933e-05,0.000389589,-0.000327507,-0.000772646,0.00169265,0.0283186,0.00203026,-0.00055213,-1.41503e-06,0.000674845,-0.00120331,0.00165331,0.00203026,0.0284338,-0.000255823,5.93403e-06,-5.18364e-05,-8.12178e-05,-4.41934e-05,-0.00055213,-0.000255823,0.0466205,
0.00206669,0.000441759,-0.00112344,-0.001165,0.000387076,-3.55271e-06,5.82423e-06,0.000441759,0.0015163,0.00110946,-0.000734691,-0.000329427,0.000674031,-5.16313e-05,-0.00112344,0.00110946,0.003698,0.000122479,-0.000776138,-0.00120283,-8.08568e-05,-0.001165,-0.000734691,0.000122479,0.00265023,0.00169702,0.00164998,-4.42111e-05,0.000387076,-0.000329427,-0.000776138,0.00169702,0.0283023,0.00202908,-0.000548623,-3.55271e-06,0.000674031,-0.00120283,0.00164998,0.00202908,0.0284221,-0.000254996,5.82423e-06,-5.16313e-05,-8.08568e-05,-4.4211e-05,-0.000548623,-0.000254996,0.0466203,
0.00207309,0.000445066,-0.00112206,-0.00116599,0.000384531,-5.69969e-06,5.71707e-06,0.000445066,0.00151584,0.00110951,-0.000733427,-0.000331346,0.000673206,-5.14263e-05,-0.00112206,0.00110951,0.0037008,0.000122409,-0.000779628,-0.00120234,-8.04969e-05,-0.00116599,-0.000733427,0.000122409,0.0026479,0.00170137,0.00164667,-4.42276e-05,0.000384531,-0.000331346,-0.000779628,0.00170137,0.0282861,0.00202788,-0.000545138,-5.69972e-06,0.000673206,-0.00120234,0.00164667,0.00202788,0.0284104,-0.000254172,5.71704e-06,-5.14263e-05,-8.04968e-05,-4.42276e-05,-0.000545138,-0.000254172,0.0466201,
0.00207951,0.000448363,-0.00112069,-0.00116694,0.000381955,-7.85588e-06,5.61245e-06,0.000448363,0.00151537,0.00110955,-0.000732154,-0.000333263,0.000672369,-5.12214e-05,-0.00112069,0.00110955,0.00370358,0.000122338,-0.000783115,-0.00120184,-8.01379e-05,-0.00116694,-0.000732154,0.000122338,0.00264556,0.00170571,0.00164338,-4.42431e-05,0.000381955,-0.000333263,-0.000783115,0.00170571,0.0282701,0.00202669,-0.000541675,-7.85588e-06,0.000672369,-0.00120184,0.00164338,0.00202669,0.0283988,-0.000253351,5.61251e-06,-5.12214e-05,-8.01378e-05,-4.42431e-05,-0.000541675,-0.000253351,0.0466199,
0.00208594,0.00045165,-0.00111931,-0.00116788,0.000379348,-1.00211e-05,5.51045e-06,0.00045165,0.0015149,0.00110959,-0.000730873,-0.000335179,0.00067152,-5.10168e-05,-0.00111931,0.00110959,0.00370635,0.000122267,-0.0007866,-0.00120132,-7.97799e-05,-0.00116788,-0.000730873,0.000122267,0.00264322,0.00171003,0.00164009,-4.42574e-05,0.000379348,-0.000335179,-0.0007866,0.00171003,0.0282541,0.00202549,-0.000538233,-1.00211e-05,0.00067152,-0.00120132,0.00164009,0.00202549,0.0283872,-0.000252533,5.51048e-06,-5.10167e-05,-7.97799e-05,-4.42574e-05,-0.000538233,-0.000252533,0.0466197,
0.00209238,0.000454927,-0.00111793,-0.00116879,0.00037671,-1.21951e-05,5.411e-06,0.000454927,0.00151442,0.00110962,-0.000729582,-0.000337093,0.000670661,-5.08123e-05,-0.00111793,0.00110962,0.00370911,0.000122194,-0.000790082,-0.00120079,-7.9423e-05,-0.00116879,-0.000729582,0.000122194,0.00264086,0.00171434,0.00163683,-4.42706e-05,0.00037671,-0.000337093,-0.000790082,0.00171434,0.0282383,0.00202429,-0.000534814,-1.21951e-05,0.000670661,-0.00120079,0.00163683,0.00202429,0.0283755,-0.000251719,5.411e-06,-5.08123e-05,-7.9423e-05,-4.42706e-05,-0.000534814,-0.000251719,0.0466195,
0.00209884,0.000458195,-0.00111655,-0.00116967,0.00037404,-1.43778e-05,5.31405e-06,0.000458195,0.00151395,0.00110964,-0.000728283,-0.000339006,0.000669791,-5.0608e-05,-0.00111655,0.00110964,0.00371184,0.00012212,-0.00079356,-0.00120025,-7.90671e-05,-0.00116967,-0.000728283,0.00012212,0.00263849,0.00171863,0.00163358,-4.42827e-05,0.00037404,-0.000339006,-0.00079356,0.00171863,0.0282226,0.00202308,-0.000531415,-1.43778e-05,0.000669791,-0.00120025,0.00163358,0.00202308,0.028364,-0.000250908,5.31403e-06,-5.0608e-05,-7.90671e-05,-4.42827e-05,-0.000531415,-0.000250908,0.0466193,
0.00210532,0.000461452,-0.00111518,-0.00117054,0.00037134,-1.65691e-05,5.21963e-06,0.000461452,0.00151346,0.00110967,-0.000726975,-0.000340917,0.00066891,-5.04039e-05,-0.00111518,0.00110967,0.00371456,0.000122045,-0.000797036,-0.0011997,-7.87122e-05,-0.00117054,-0.000726975,0.000122045,0.00263611,0.0017229,0.00163034,-4.42937e-05,0.00037134,-0.000340917,-0.000797036,0.0017229,0.028207,0.00202187,-0.000528038,-1.65691e-05,0.00066891,-0.0011997,0.00163034,0.00202187,0.0283524,-0.0002501,5.21966e-06,-5.04038e-05,-7.87121e-05,-4.42936e-05,-0.000528038,-0.0002501,0.046619,
0.00211181,0.000464699,-0.0011138,-0.00117137,0.00036861,-1.87687e-05,5.12765e-06,0.000464699,0.00151298,0.00110968,-0.000725659,-0.000342826,0.000668019,-5.02e-05,-0.0011138,0.00110968,0.00371727,0.000121969,-0.000800509,-0.00119913,-7.83583e-05,-0.00117137,-0.000725659,0.000121969,0.00263372,0.00172716,0.00162712,-4.43036e-05,0.00036861,-0.000342826,-0.000800509,0.00172716,0.0281915,0.00202066,-0.000524683,-1.87687e-05,0.000668019,-0.00119913,0.00162712,0.00202066,0.0283408,-0.000249295,5.12762e-06,-5.02e-05,-7.83584e-05,-4.43036e-05,-0.000524683,-0.000249295,0.0466188,
0.00211831,0.000467936,-0.00111242,-0.00117219,0.000365849,-2.09764e-05,5.03811e-06,0.000467936,0.00151248,0.0011097,-0.000724334,-0.000344733,0.000667118,-4.99963e-05,-0.00111242,0.0011097,0.00371996,0.000121892,-0.000803979,-0.00119856,-7.80056e-05,-0.00117219,-0.000724334,0.000121892,0.00263132,0.0017314,0.00162391,-4.43123e-05,0.000365849,-0.000344733,-0.000803979,0.0017314,0.0281762,0.00201945,-0.000521348,-2.09764e-05,0.000667118,-0.00119856,0.00162391,0.00201945,0.0283293,-0.000248493,5.03808e-06,-4.99962e-05,-7.80056e-05,-4.43123e-05,-0.000521348,-0.000248493,0.0466186,
0.00212482,0.000471163,-0.00111105,-0.00117298,0.000363058,-2.31922e-05,4.95098e-06,0.000471163,0.00151199,0.00110971,-0.000723001,-0.000346639,0.000666207,-4.97928e-05,-0.00111105,0.00110971,0.00372263,0.000121815,-0.000807445,-0.00119797,-7.76539e-05,-0.00117298,-0.000723001,0.000121815,0.00262891,0.00173563,0.00162072,-4.432e-05,0.000363058,-0.000346639,-0.000807445,0.00173563,0.0281609,0.00201823,-0.000518034,-2.31922e-05,0.000666207,-0.00119797,0.00162072,0.00201823,0.0283178,-0.000247695,4.95098e-06,-4.97928e-05,-7.76539e-05,-4.432e-05,-0.000518034,-0.000247695,0.0466184,
0.00213135,0.000474379,-0.00110967,-0.00117374,0.000360237,-2.54159e-05,4.86625e-06,0.000474379,0.00151149,0.00110971,-0.000721659,-0.000348542,0.000665286,-4.95895e-05,-0.00110967,0.00110971,0.00372529,0.000121736,-0.000810907,-0.00119737,-7.73033e-05,-0.00117374,-0.000721659,0.000121736,0.0026265,0.00173984,0.00161754,-4.43266e-05,0.000360237,-0.000348542,-0.000810907,0.00173984,0.0281458,0.00201701,-0.000514741,-2.54159e-05,0.000665286,-0.00119737,0.00161754,0.00201701,0.0283063,-0.000246899,4.86627e-06,-4.95895e-05,-7.73033e-05,-4.43265e-05,-0.000514741,-0.000246899,0.0466182,
