0.00361454,0.000944004,-0.00111587,-0.000368731,-0.00106867,0.00136457,3.2533e-05,0.000944004,0.00167097,0.00090306,0.000647412,-0.00102961,-2.40838e-05,3.28273e-05,-0.00111587,0.00090306,0.00306545,0.000667065,-0.000188055,0.000919753,6.98438e-05,-0.000368731,0.000647412,0.000667065,0.00225805,-0.00213629,-0.000303365,5.6556e-05,-0.00106867,-0.00102961,-0.000188055,-0.00213629,0.0253461,-0.000170807,0.000474295,0.00136457,-2.40838e-05,0.000919753,-0.000303365,-0.000170807,0.0269332,0.00048527,3.2533e-05,3.28273e-05,6.98438e-05,5.6556e-05,0.000474295,0.00048527,0.0466232,
0.00361573,0,-0.00111523,0,-0.00107181,0,3.28071e-05,0.000944004,0,0.000903541,0,-0.00102929,0,3.29826e-05,-0.00111523,0,0.0030673,0,-0.000192281,0,7.00791e-05,-0.000368213,0,0.000667055,0,-0.00213644,0,5.66519e-05,-0.00107181,0,-0.000192281,0,0.0253481,0,0.000475105,0.00136336,0,0.000920568,0,-0.000170355,0,0.000485899,3.28071e-05,0,7.00791e-05,0,0.000475105,0,0.0466232,
0.00361799,0,-0.00111459,-0.000366602,-0.00107564,0,3.31086e-05,0.000943719,0,0.000903625,0.000648292,-0.00102793,0,3.3164e-05,-0.00111459,0,0.00306941,0.000667254,-0.000197265,0,7.02987e-05,-0.000366602,0,0.000667254,0.00225848,-0.00213685,0,5.68684e-05,-0.00107564,0,-0.000197265,-0.00213685,0.0253525,0,0.00047447,0.00136169,0,0.000922537,-0.000313226,-0.000169733,0,0.000486444,3.31086e-05,0,7.02987e-05,5.68684e-05,0.00047447,0,0.0466232,
0.00362056,0,-0.00111471,-0.000363771,-0.00107836,0.00135978,3.34288e-05,0.000943112,0,0.000902872,0.00065057,-0.00102532,-2.87459e-05,3.33598e-05,-0.00111471,0,0.00307062,0.000667608,-0.000200799,0.000924307,7.04834e-05,-0.000363771,0,0.000667608,0.00225968,-0.0021377,-0.000318847,5.7154e-05,-0.00107836,0,-0.000200799,-0.0021377,0.0253557,-0.000168179,0.000473679,0.00135978,0,0.000924307,-0.000318847,-0.000168179,0.0269309,0.000486952,3.34288e-05,0,7.04833e-05,5.71539e-05,0.000473678,0.000486952,0.0466231,
0.00362345,0,-0.00111521,-0.000360217,-0.00108057,0,3.37152e-05,0.000942413,0,0.000901929,0.000653218,-0.00102254,0,3.35172e-05,-0.00111521,0,0.00307216,0.000667883,-0.000204362,0,7.0594e-05,-0.000360217,0,0.000667883,0.00226072,-0.00213867,0,5.75563e-05,-0.00108057,0,-0.000204362,-0.00213867,0.0253608,0,0.000471801,0.00135798,0,0.00092707,-0.000324776,-0.000165682,0,0.000487419,3.37152e-05,0,7.0594e-05,5.75564e-05,0.000471801,0,0.0466231,
0.00362651,0,-0.00111635,-0.000355755,-0.00108199,0,3.39952e-05,0.000941568,0,0.000900607,0.00065644,-0.00101927,0,3.36635e-05,-0.00111635,0,0.00307367,0.000668088,-0.000207616,0,7.06485e-05,-0.000355755,0,0.000668088,0.00226179,-0.00213986,0,5.80482e-05,-0.00108199,0,-0.000207616,-0.00213986,0.0253668,0,0.000469161,0.00135615,0,0.000930346,-0.000330955,-0.000162266,0,0.000487838,3.39953e-05,0,7.06485e-05,5.80483e-05,0.000469161,0,0.0466229,
0.00362974,0,-0.00111838,-0.000350054,-0.00108246,0.00135374,3.43312e-05,0.000940576,0,0.000898874,0.000660292,-0.00101532,-3.79913e-05,3.38367e-05,-0.00111838,0,0.00307532,0.000668137,-0.000210562,0.000933205,7.06976e-05,-0.000350054,0,0.000668137,0.00226302,-0.00214152,-0.000336781,5.85402e-05,-0.00108246,0,-0.000210562,-0.00214152,0.0253717,-0.00015844,0.000466677,0.00135374,0,0.000933205,-0.000336781,-0.00015844,0.026943,0.000488251,3.43312e-05,0,7.06976e-05,5.85402e-05,0.000466677,0.000488251,0.0466228,
0.00363303,0.000939527,-0.00112117,-0.000343391,-0.00108213,0.00135101,3.46969e-05,0.000939527,0.00165537,0.000896962,0.000664386,-0.00101112,-4.15037e-05,3.40158e-05,-0.00112117,0.000896962,0.00307742,0.000667942,-0.000213669,0.000936107,7.07229e-05,-0.000343391,0.000664386,0.000667942,0.00226405,-0.00214349,-0.00034252,5.90561e-05,-0.00108213,-0.00101112,-0.000213669,-0.00214349,0.0253767,-0.000154088,0.000463961,0.00135101,-4.15037e-05,0.000936107,-0.00034252,-0.000154088,0.0269473,0.000488655,3.46969e-05,3.40158e-05,7.07229e-05,5.9056e-05,0.000463961,0.000488655,0.0466227,
0.00363627,0.000938406,-0.00112432,-0.000336268,-0.00108134,0.00134806,3.50834e-05,0.000938406,0.0016526,0.000894898,0.000668683,-0.00100668,-4.50742e-05,3.4204e-05,-0.00112432,0.000894898,0.00307956,0.000667657,-0.000216625,0.00093879,7.0746e-05,-0.000336268,0.000668683,0.000667657,0.00226515,-0.00214561,-0.000348083,5.95674e-05,-0.00108134,-0.00100668,-0.000216625,-0.00214561,0.0253813,-0.000149583,0.000461356,0.00134806,-4.50742e-05,0.00093879,-0.000348083,-0.000149583,0.0269512,0.000489057,3.50834e-05,3.42039e-05,7.0746e-05,5.95674e-05,0.000461356,0.000489057,0.0466226,
0.00363943,0.000937225,-0.00112774,-0.000328827,-0.00108017,0.00134505,3.54744e-05,0.000937225,0.00164982,0.000892735,0.000673102,-0.0010021,-4.86708e-05,3.43896e-05,-0.00112774,0.000892735,0.00308176,0.000667293,-0.000219469,0.00094145,7.07578e-05,-0.000328827,0.000673102,0.000667293,0.00226627,-0.0021478,-0.000353546,6.00884e-05,-0.00108017,-0.0010021,-0.000219469,-0.0021478,0.0253858,-0.000144871,0.000458701,0.00134505,-4.86709e-05,0.00094145,-0.000353546,-0.000144871,0.0269552,0.000489464,3.54744e-05,3.43896e-05,7.07578e-05,6.00884e-05,0.000458701,0.000489464,0.0466225,
0.0036425,0.000935994,-0.00113134,-0.000321177,-0.00107874,0.00134195,3.58729e-05,0.000935994,0.00164704,0.000890511,0.000677593,-0.00099742,-5.22694e-05,3.45767e-05,-0.00113134,0.000890511,0.00308399,0.000666867,-0.000222261,0.000944025,7.07675e-05,-0.000321177,0.000677593,0.000666867,0.00226743,-0.00215004,-0.000358947,6.06083e-05,-0.00107874,-0.00099742,-0.000222261,-0.00215004,0.0253901,-0.000140085,0.000456081,0.00134195,-5.22694e-05,0.000944025,-0.000358947,-0.000140085,0.026959,0.00048988,3.58729e-05,3.45767e-05,7.07675e-05,6.06084e-05,0.000456081,0.00048988,0.0466224,
0.00364547,0.000934717,-0.00113504,-0.000313398,-0.0010771,0.00133882,3.62724e-05,0.000934717,0.00164427,0.000888249,0.000682122,-0.000992676,-5.58549e-05,3.47612e-05,-0.00113504,0.000888249,0.00308624,0.00066639,-0.000225005,0.000946581,7.07726e-05,-0.000313398,0.000682122,0.00066639,0.00226862,-0.00215228,-0.000364318,6.11315e-05,-0.0010771,-0.000992676,-0.000225005,-0.00215228,0.0253945,-0.000135223,0.000453447,0.00133882,-5.58549e-05,0.000946581,-0.000364318,-0.000135223,0.0269629,0.000490308,3.62724e-05,3.47612e-05,7.07726e-05,6.11315e-05,0.000453447,0.000490308,0.0466222,
0.00364833,0.000933399,-0.00113881,-0.00030554,-0.00107532,0.00133567,3.66729e-05,0.000933399,0.00164149,0.000885965,0.000686667,-0.000987889,-5.94167e-05,3.49437e-05,-0.00113881,0.000885965,0.00308852,0.000665871,-0.000227725,0.000949104,7.07761e-05,-0.00030554,0.000686667,0.000665871,0.00226986,-0.0021545,-0.000369673,6.16545e-05,-0.00107532,-0.000987889,-0.000227725,-0.0021545,0.0253989,-0.000130334,0.000450825,0.00133567,-5.94166e-05,0.000949104,-0.000369673,-0.000130334,0.0269668,0.000490749,3.66729e-05,3.49437e-05,7.07761e-05,6.16545e-05,0.000450825,0.000490749,0.0466221,
0.00365108,0.000932043,-0.00114263,-0.00029764,-0.00107341,0.00133252,3.70723e-05,0.000932043,0.00163872,0.00088367,0.00069121,-0.000983076,-6.29477e-05,3.51232e-05,-0.00114263,0.00088367,0.00309081,0.000665316,-0.000230425,0.000951615,7.07776e-05,-0.00029764,0.00069121,0.000665316,0.00227113,-0.0021567,-0.000375027,6.21781e-05,-0.00107341,-0.000983076,-0.000230425,-0.0021567,0.0254033,-0.000125424,0.0004482,0.00133252,-6.29477e-05,0.000951615,-0.000375027,-0.000125424,0.0269707,0.000491203,3.70723e-05,3.51232e-05,7.07776e-05,6.21781e-05,0.000448201,0.000491203,0.046622,
0.00365372,0.000930652,-0.00114647,-0.000289722,-0.00107141,0.00132937,3.74703e-05,0.000930652,0.00163596,0.000881373,0.000695743,-0.000978246,-6.64432e-05,3.52996e-05,-0.00114647,0.000881373,0.00309312,0.000664727,-0.000233115,0.000954111,7.07781e-05,-0.000289722,0.000695743,0.000664727,0.00227244,-0.00215886,-0.000380384,6.27014e-05,-0.00107141,-0.000978246,-0.000233115,-0.00215886,0.0254078,-0.000120511,0.000445581,0.00132937,-6.64432e-05,0.000954111,-0.000380384,-0.000120511,0.0269745,0.00049167,3.74703e-05,3.52996e-05,7.07781e-05,6.27014e-05,0.000445581,0.00049167,0.0466218,
0.00365625,0.000929228,-0.00115032,-0.000281803,-0.00106932,0.00132624,3.7866e-05,0.000929228,0.0016332,0.000879077,0.000700256,-0.000973409,-6.99e-05,3.54727e-05,-0.00115032,0.000879077,0.00309543,0.00066411,-0.000235796,0.000956599,7.07776e-05,-0.000281803,0.000700257,0.00066411,0.00227379,-0.00216098,-0.00038575,6.32244e-05,-0.00106932,-0.000973409,-0.000235796,-0.00216098,0.0254124,-0.000115602,0.000442965,0.00132624,-6.99e-05,0.000956599,-0.00038575,-0.000115602,0.0269784,0.000492149,3.7866e-05,3.54726e-05,7.07776e-05,6.32244e-05,0.000442965,0.000492149,0.0466217,
0.00365866,0.000927772,-0.00115417,-0.000273895,-0.00106716,0.00132312,3.82592e-05,0.000927772,0.00163045,0.000876788,0.000704747,-0.000968568,-7.33161e-05,3.56423e-05,-0.00115417,0.000876788,0.00309775,0.000663464,-0.000238474,0.000959078,7.07765e-05,-0.000273895,0.000704747,0.000663464,0.00227518,-0.00216305,-0.000391128,6.37466e-05,-0.00106716,-0.000968568,-0.000238474,-0.00216305,0.0254171,-0.000110704,0.000440354,0.00132312,-7.33161e-05,0.000959078,-0.000391127,-0.000110704,0.0269823,0.000492639,3.82592e-05,3.56424e-05,7.07765e-05,6.37467e-05,0.000440354,0.000492639,0.0466216,
0.00366097,0.000926286,-0.00115801,-0.000266004,-0.00106494,0.00132002,3.86496e-05,0.000926286,0.0016277,0.000874506,0.000709211,-0.000963728,-7.66902e-05,3.58086e-05,-0.00115801,0.000874506,0.00310008,0.000662793,-0.000241147,0.000961551,7.07748e-05,-0.000266004,0.000709211,0.000662793,0.0022766,-0.00216507,-0.000396517,6.42682e-05,-0.00106494,-0.000963728,-0.000241147,-0.00216507,0.0254218,-0.000105819,0.000437748,0.00132002,-7.66902e-05,0.000961551,-0.000396517,-0.000105819,0.0269862,0.000493139,3.86496e-05,3.58085e-05,7.07748e-05,6.42681e-05,0.000437748,0.000493139,0.0466214,
0.00366316,0.000924771,-0.00116184,-0.000258138,-0.00106266,0.00131694,3.90373e-05,0.000924771,0.00162496,0.000872233,0.000713647,-0.000958891,-8.00213e-05,3.59713e-05,-0.00116184,0.000872233,0.00310241,0.000662096,-0.000243819,0.000964016,7.07728e-05,-0.000258138,0.000713647,0.000662096,0.00227806,-0.00216704,-0.000401919,6.47888e-05,-0.00106266,-0.000958891,-0.000243819,-0.00216704,0.0254266,-0.000100951,0.000435148,0.00131694,-8.00213e-05,0.000964016,-0.000401919,-0.000100951,0.0269901,0.000493648,3.90373e-05,3.59713e-05,7.07728e-05,6.47888e-05,0.000435148,0.000493648,0.0466213,
0.00366524,0.000923227,-0.00116567,-0.000250298,-0.00106032,0.00131388,3.94219e-05,0.000923227,0.00162224,0.000869971,0.000718052,-0.000954058,-8.33092e-05,3.61307e-05,-0.00116567,0.000869971,0.00310475,0.000661376,-0.00024649,0.000966475,7.07703e-05,-0.000250298,0.000718052,0.000661376,0.00227956,-0.00216895,-0.000407334,6.53084e-05,-0.00106032,-0.000954058,-0.00024649,-0.00216895,0.0254315,-9.61013e-05,0.000432554,0.00131388,-8.33092e-05,0.000966475,-0.000407334,-9.61013e-05,0.026994,0.000494166,3.94219e-05,3.61307e-05,7.07703e-05,6.53084e-05,0.000432554,0.000494166,0.0466211,
0.00366722,0.000921657,-0.00116947,-0.000242489,-0.00105793,0.00131084,3.98035e-05,0.000921657,0.00161951,0.00086772,0.000722427,-0.000949231,-8.65535e-05,3.62866e-05,-0.00116947,0.00086772,0.0031071,0.000660632,-0.000249159,0.000968925,7.07676e-05,-0.000242489,0.000722427,0.000660632,0.00228109,-0.00217082,-0.00041276,6.58269e-05,-0.00105793,-0.000949231,-0.000249159,-0.00217082,0.0254365,-9.12717e-05,0.000429968,0.00131084,-8.65535e-05,0.000968925,-0.00041276,-9.12717e-05,0.0269979,0.000494691,3.98035e-05,3.62866e-05,7.07676e-05,6.58268e-05,0.000429968,0.000494691,0.046621,
0.00366908,0.00092006,-0.00117326,-0.000234712,-0.00105549,0.00130783,4.01821e-05,0.00092006,0.0016168,0.00086548,0.000726771,-0.000944411,-8.97542e-05,3.64392e-05,-0.00117326,0.00086548,0.00310945,0.000659865,-0.000251827,0.000971369,7.07646e-05,-0.000234712,0.000726771,0.000659865,0.00228266,-0.00217263,-0.000418197,6.63442e-05,-0.00105549,-0.000944411,-0.000251827,-0.00217263,0.0254416,-8.64627e-05,0.000427389,0.00130783,-8.97541e-05,0.000971369,-0.000418197,-8.64627e-05,0.0270019,0.000495222,4.01821e-05,3.64392e-05,7.07646e-05,6.63442e-05,0.000427389,0.000495222,0.0466208,
0.00367084,0.000918437,-0.00117704,-0.000226968,-0.001053,0.00130485,4.05576e-05,0.000918437,0.0016141,0.000863252,0.000731083,-0.000939598,-9.29112e-05,3.65885e-05,-0.00117704,0.000863252,0.0031118,0.000659076,-0.000254495,0.000973804,7.07612e-05,-0.000226968,0.000731083,0.000659076,0.00228427,-0.00217439,-0.000423645,6.68602e-05,-0.001053,-0.000939598,-0.000254495,-0.00217439,0.0254467,-8.16751e-05,0.000424819,0.00130485,-9.29112e-05,0.000973804,-0.000423645,-8.16751e-05,0.0270058,0.000495758,4.05576e-05,3.65885e-05,7.07612e-05,6.68602e-05,0.000424819,0.000495758,0.0466206,
0.0036725,0.000916789,-0.0011808,-0.000219258,-0.00105047,0.00130188,4.093e-05,0.000916789,0.00161141,0.000861036,0.000735364,-0.000934793,-9.60247e-05,3.67345e-05,-0.0011808,0.000861036,0.00311416,0.000658265,-0.000257162,0.000976231,7.07577e-05,-0.000219258,0.000735364,0.000658265,0.00228591,-0.0021761,-0.000429102,6.7375e-05,-0.00105047,-0.000934793,-0.000257162,-0.0021761,0.025452,-7.6909e-05,0.000422257,0.00130188,-9.60247e-05,0.000976231,-0.000429102,-7.6909e-05,0.0270097,0.000496299,4.093e-05,3.67344e-05,7.07577e-05,6.7375e-05,0.000422257,0.000496299,0.0466205,
0.00367405,0.000915117,-0.00118454,-0.000211584,-0.00104789,0.00129895,4.12994e-05,0.000915117,0.00160872,0.000858832,0.000739613,-0.000929996,-9.90949e-05,3.68773e-05,-0.00118454,0.000858832,0.00311652,0.000657433,-0.000259828,0.000978648,7.07538e-05,-0.000211583,0.000739613,0.000657433,0.00228758,-0.00217776,-0.000434568,6.78885e-05,-0.00104789,-0.000929996,-0.000259828,-0.00217776,0.0254573,-7.21647e-05,0.000419704,0.00129895,-9.90949e-05,0.000978648,-0.000434568,-7.21648e-05,0.0270136,0.000496844,4.12994e-05,3.68773e-05,7.07539e-05,6.78885e-05,0.000419704,0.000496844,0.0466203,
0.00367549,0.000913421,-0.00118826,-0.000203945,-0.00104526,0.00129604,4.16657e-05,0.000913421,0.00160604,0.00085664,0.00074383,-0.000925208,-0.000102122,3.70169e-05,-0.00118826,0.00085664,0.00311888,0.00065658,-0.000262493,0.000981057,7.07498e-05,-0.000203945,0.00074383,0.00065658,0.00228929,-0.00217936,-0.000440041,6.84006e-05,-0.00104526,-0.000925208,-0.000262493,-0.00217936,0.0254626,-6.74425e-05,0.000417161,0.00129604,-0.000102122,0.000981057,-0.000440041,-6.74425e-05,0.0270175,0.000497392,4.16657e-05,3.70169e-05,7.07498e-05,6.84006e-05,0.000417161,0.000497392,0.0466201,
0.00367684,0.000911702,-0.00119197,-0.000196342,-0.00104259,0.00129315,4.20289e-05,0.000911702,0.00160338,0.00085446,0.000748016,-0.000920429,-0.000105106,3.71534e-05,-0.00119197,0.00085446,0.00312125,0.000655705,-0.000265158,0.000983455,7.07455e-05,-0.000196342,0.000748016,0.000655705,0.00229103,-0.00218092,-0.000445522,6.89113e-05,-0.00104259,-0.000920429,-0.000265158,-0.00218092,0.0254681,-6.27423e-05,0.000414627,0.00129315,-0.000105106,0.000983455,-0.000445522,-6.27423e-05,0.0270214,0.000497942,4.20289e-05,3.71533e-05,7.07455e-05,6.89113e-05,0.000414627,0.000497942,0.04662,
0.00367808,0.000909961,-0.00119565,-0.000188776,-0.00103988,0.00129029,4.23891e-05,0.000909961,0.00160072,0.000852293,0.00075217,-0.00091566,-0.000108047,3.72867e-05,-0.00119565,0.000852293,0.00312362,0.00065481,-0.000267821,0.000985844,7.07409e-05,-0.000188776,0.00075217,0.00065481,0.00229281,-0.00218242,-0.000451008,6.94206e-05,-0.00103988,-0.00091566,-0.000267821,-0.00218242,0.0254736,-5.8064e-05,0.000412103,0.00129029,-0.000108047,0.000985844,-0.000451008,-5.80641e-05,0.0270253,0.000498493,4.23891e-05,3.72867e-05,7.07409e-05,6.94206e-05,0.000412103,0.000498493,0.0466198,
0.00367923,0.000908198,-0.00119932,-0.000181248,-0.00103713,0.00128746,4.27462e-05,0.000908198,0.00159807,0.000850137,0.000756293,-0.0009109,-0.000110946,3.74171e-05,-0.00119932,0.000850137,0.003126,0.000653895,-0.000270484,0.000988222,7.0736e-05,-0.000181248,0.000756293,0.000653895,0.00229461,-0.00218387,-0.000456499,6.99284e-05,-0.00103713,-0.0009109,-0.000270484,-0.00218387,0.0254793,-5.34078e-05,0.000409588,0.00128746,-0.000110946,0.000988222,-0.000456499,-5.34078e-05,0.0270292,0.000499046,4.27462e-05,3.74171e-05,7.07361e-05,6.99284e-05,0.000409588,0.000499046,0.0466196,
0.00368028,0.000906413,-0.00120297,-0.000173757,-0.00103434,0.00128465,4.31002e-05,0.000906413,0.00159544,0.000847994,0.000760384,-0.00090615,-0.000113802,3.75444e-05,-0.00120297,0.000847994,0.00312838,0.00065296,-0.000273146,0.00099059,7.07309e-05,-0.000173757,0.000760384,0.00065296,0.00229645,-0.00218527,-0.000461995,7.04347e-05,-0.00103434,-0.00090615,-0.000273146,-0.00218527,0.0254849,-4.87737e-05,0.000407084,0.00128465,-0.000113802,0.00099059,-0.000461995,-4.87736e-05,0.0270331,0.000499599,4.31002e-05,3.75444e-05,7.0731e-05,7.04348e-05,0.000407084,0.000499599,0.0466195,
0.00368122,0.000904608,-0.0012066,-0.000166304,-0.0010315,0.00128187,4.34512e-05,0.000904608,0.00159281,0.000845862,0.000764444,-0.00090141,-0.000116617,3.76688e-05,-0.0012066,0.000845862,0.00313076,0.000652006,-0.000275806,0.000992946,7.07256e-05,-0.000166304,0.000764444,0.000652006,0.00229832,-0.00218662,-0.000467495,7.09396e-05,-0.0010315,-0.00090141,-0.000275806,-0.00218662,0.0254907,-4.41613e-05,0.000404589,0.00128187,-0.000116617,0.000992946,-0.000467495,-4.41613e-05,0.027037,0.000500152,4.34512e-05,3.76688e-05,7.07256e-05,7.09396e-05,0.000404589,0.000500152,0.0466193,
0.00368208,0.000902783,-0.0012102,-0.00015889,-0.00102863,0.00127911,4.37991e-05,0.000902783,0.00159019,0.000843743,0.000768472,-0.000896681,-0.00011939,3.77901e-05,-0.0012102,0.000843743,0.00313315,0.000651032,-0.000278466,0.000995292,7.072e-05,-0.00015889,0.000768472,0.000651032,0.00230022,-0.00218793,-0.000472997,7.14429e-05,-0.00102863,-0.000896681,-0.000278466,-0.00218793,0.0254965,-3.95708e-05,0.000402105,0.00127911,-0.00011939,0.000995292,-0.000472997,-3.95708e-05,0.0270409,0.000500705,4.37991e-05,3.77901e-05,7.072e-05,7.14429e-05,0.000402105,0.000500705,0.0466191,
0.00368283,0.000900938,-0.0012138,-0.000151514,-0.00102572,0.00127638,4.4144e-05,0.000900938,0.00158758,0.000841636,0.00077247,-0.000891963,-0.000122121,3.79086e-05,-0.0012138,0.000841636,0.00313553,0.00065004,-0.000281125,0.000997626,7.07141e-05,-0.000151514,0.00077247,0.00065004,0.00230215,-0.00218918,-0.000478502,7.19447e-05,-0.00102572,-0.000891963,-0.000281125,-0.00218918,0.0255024,-3.50021e-05,0.000399631,0.00127638,-0.000122121,0.000997626,-0.000478502,-3.50021e-05,0.0270447,0.000501257,4.4144e-05,3.79086e-05,7.07141e-05,7.19447e-05,0.000399631,0.000501257,0.046619,
0.0036835,0.000899074,-0.00121737,-0.000144178,-0.00102277,0.00127368,4.44858e-05,0.000899074,0.00158499,0.000839541,0.000776437,-0.000887255,-0.000124811,3.80243e-05,-0.00121737,0.000839541,0.00313792,0.000649029,-0.000283782,0.000999949,7.07081e-05,-0.000144178,0.000776437,0.000649029,0.00230411,-0.00219038,-0.000484008,7.24449e-05,-0.00102277,-0.000887255,-0.000283782,-0.00219038,0.0255084,-3.04549e-05,0.000397167,0.00127368,-0.000124811,0.000999949,-0.000484008,-3.04549e-05,0.0270486,0.000501807,4.44859e-05,3.80243e-05,7.07081e-05,7.24449e-05,0.000397167,0.000501807,0.0466188,
0.00368407,0.000897192,-0.00122092,-0.000136881,-0.00101979,0.00127101,4.48246e-05,0.000897192,0.0015824,0.000837458,0.000780373,-0.000882559,-0.00012746,3.8137e-05,-0.00122092,0.000837458,0.00314032,0.000647999,-0.000286438,0.00100226,7.07017e-05,-0.000136881,0.000780373,0.000647999,0.00230609,-0.00219154,-0.000489515,7.29435e-05,-0.00101979,-0.000882559,-0.000286438,-0.00219154,0.0255144,-2.59294e-05,0.000394714,0.00127101,-0.00012746,0.00100226,-0.000489515,-2.59294e-05,0.0270525,0.000502356,4.48246e-05,3.8137e-05,7.07017e-05,7.29435e-05,0.000394714,0.000502356,0.0466186,
0.00368455,0.000895291,-0.00122445,-0.000129624,-0.00101677,0.00126836,4.51602e-05,0.000895291,0.00157982,0.000835387,0.000784278,-0.000877875,-0.000130068,3.8247e-05,-0.00122445,0.000835387,0.00314271,0.000646952,-0.000289093,0.00100456,7.0695e-05,-0.000129624,0.000784278,0.000646952,0.00230811,-0.00219264,-0.000495022,7.34405e-05,-0.00101677,-0.000877875,-0.000289093,-0.00219264,0.0255205,-2.14253e-05,0.000392271,0.00126836,-0.000130068,0.00100456,-0.000495022,-2.14253e-05,0.0270563,0.000502903,4.51602e-05,3.8247e-05,7.0695e-05,7.34405e-05,0.000392271,0.000502903,0.0466184,
0.00368494,0.000893374,-0.00122796,-0.000122408,-0.00101372,0.00126574,4.54929e-05,0.000893374,0.00157726,0.000833328,0.000788152,-0.000873202,-0.000132636,3.83542e-05,-0.00122796,0.000833328,0.00314511,0.000645887,-0.000291747,0.00100684,7.06881e-05,-0.000122408,0.000788152,0.000645887,0.00231015,-0.0021937,-0.000500529,7.39358e-05,-0.00101372,-0.000873202,-0.000291747,-0.0021937,0.0255266,-1.69424e-05,0.000389838,0.00126574,-0.000132636,0.00100685,-0.000500529,-1.69424e-05,0.0270602,0.000503447,4.54928e-05,3.83542e-05,7.06881e-05,7.39358e-05,0.000389838,0.000503447,0.0466183,
0.00368524,0.00089144,-0.00123145,-0.000115232,-0.00101063,0.00126315,4.58224e-05,0.00089144,0.0015747,0.000831281,0.000791996,-0.000868541,-0.000135164,3.84587e-05,-0.00123145,0.000831281,0.00314751,0.000644805,-0.000294399,0.00100912,7.0681e-05,-0.000115232,0.000791996,0.000644805,0.00231223,-0.00219471,-0.000506035,7.44295e-05,-0.00101063,-0.000868541,-0.000294399,-0.00219471,0.0255328,-1.24808e-05,0.000387415,0.00126315,-0.000135164,0.00100912,-0.000506035,-1.24808e-05,0.027064,0.000503989,4.58224e-05,3.84586e-05,7.0681e-05,7.44295e-05,0.000387415,0.000503989,0.0466181,
0.00368545,0.000889489,-0.00123492,-0.000108097,-0.00100751,0.00126059,4.61489e-05,0.000889489,0.00157216,0.000829246,0.00079581,-0.000863892,-0.000137652,3.85604e-05,-0.00123492,0.000829246,0.00314991,0.000643706,-0.000297051,0.00101138,7.06736e-05,-0.000108097,0.00079581,0.000643706,0.00231432,-0.00219567,-0.00051154,7.49216e-05,-0.00100751,-0.000863892,-0.000297051,-0.00219567,0.0255391,-8.04024e-06,0.000385003,0.00126059,-0.000137652,0.00101138,-0.00051154,-8.04018e-06,0.0270678,0.000504528,4.61489e-05,3.85604e-05,7.06736e-05,7.49216e-05,0.000385003,0.000504528,0.0466179,
0.00368557,0.000887523,-0.00123837,-0.000101003,-0.00100436,0.00125805,4.64723e-05,0.000887523,0.00156962,0.000827223,0.000799594,-0.000859256,-0.0001401,3.86594e-05,-0.00123837,0.000827223,0.00315232,0.00064259,-0.000299701,0.00101363,7.06659e-05,-0.000101003,0.000799594,0.00064259,0.00231645,-0.00219659,-0.000517042,7.5412e-05,-0.00100436,-0.000859256,-0.000299701,-0.00219659,0.0255455,-3.6206e-06,0.000382601,0.00125805,-0.0001401,0.00101363,-0.000517042,-3.6206e-06,0.0270716,0.000505064,4.64723e-05,3.86594e-05,7.0666e-05,7.5412e-05,0.000382601,0.000505064,0.0466177,
0.00368561,0.000885541,-0.0012418,-9.39511e-05,-0.00100118,0.00125554,4.67926e-05,0.000885541,0.0015671,0.000825211,0.000803347,-0.000854633,-0.000142509,3.87558e-05,-0.0012418,0.000825211,0.00315472,0.000641458,-0.000302349,0.00101587,7.06581e-05,-9.39511e-05,0.000803347,0.000641458,0.0023186,-0.00219746,-0.000522542,7.59006e-05,-0.00100118,-0.000854633,-0.000302349,-0.00219746,0.0255519,7.78211e-07,0.000380209,0.00125554,-0.000142509,0.00101587,-0.000522542,7.78211e-07,0.0270754,0.000505597,4.67926e-05,3.87557e-05,7.0658e-05,7.59006e-05,0.000380209,0.000505597,0.0466176,
0.00368556,0.000883545,-0.00124521,-8.69409e-05,-0.000997966,0.00125306,4.71099e-05,0.000883545,0.00156459,0.000823212,0.00080707,-0.000850023,-0.000144879,3.88495e-05,-0.00124521,0.000823212,0.00315713,0.00064031,-0.000304997,0.00101809,7.065e-05,-8.69409e-05,0.00080707,0.00064031,0.00232078,-0.00219828,-0.000528039,7.63875e-05,-0.000997966,-0.000850023,-0.000304997,-0.00219828,0.0255584,5.15638e-06,0.000377827,0.00125306,-0.000144879,0.00101809,-0.000528039,5.15632e-06,0.0270792,0.000506127,4.71099e-05,3.88495e-05,7.065e-05,7.63875e-05,0.000377827,0.000506127,0.0466174,
0.00368543,0.000881535,-0.00124859,-7.99729e-05,-0.000994724,0.00125061,4.74241e-05,0.000881535,0.00156209,0.000821225,0.000810764,-0.000845426,-0.00014721,3.89406e-05,-0.00124859,0.000821225,0.00315954,0.000639146,-0.000307643,0.0010203,7.06417e-05,-7.99729e-05,0.000810764,0.000639146,0.00232298,-0.00219906,-0.000533531,7.68726e-05,-0.000994724,-0.000845425,-0.000307643,-0.00219906,0.0255649,9.51395e-06,0.000375455,0.00125061,-0.00014721,0.0010203,-0.000533532,9.51389e-06,0.027083,0.000506652,4.74241e-05,3.89406e-05,7.06417e-05,7.68726e-05,0.000375455,0.000506652,0.0466172,
0.00368522,0.000879511,-0.00125196,-7.30473e-05,-0.000991455,0.00124819,4.77352e-05,0.000879511,0.0015596,0.000819249,0.000814427,-0.000840842,-0.000149502,3.90291e-05,-0.00125196,0.000819249,0.00316195,0.000637967,-0.000310287,0.0010225,7.06331e-05,-7.30473e-05,0.000814427,0.000637967,0.0023252,-0.00219979,-0.00053902,7.7356e-05,-0.000991455,-0.000840842,-0.000310287,-0.00219979,0.0255715,1.38511e-05,0.000373094,0.00124819,-0.000149502,0.0010225,-0.00053902,1.38511e-05,0.0270868,0.000507175,4.77352e-05,3.90292e-05,7.06331e-05,7.7356e-05,0.000373094,0.000507174,0.046617,
0.00368493,0.000877474,-0.0012553,-6.61645e-05,-0.000988158,0.00124579,4.80433e-05,0.000877474,0.00155712,0.000817286,0.000818061,-0.000836272,-0.000151757,3.91151e-05,-0.0012553,0.000817286,0.00316436,0.000636772,-0.000312931,0.00102469,7.06243e-05,-6.61645e-05,0.000818061,0.000636772,0.00232745,-0.00220048,-0.000544504,7.78376e-05,-0.000988158,-0.000836272,-0.000312931,-0.00220048,0.0255781,1.8168e-05,0.000370742,0.00124579,-0.000151757,0.00102469,-0.000544504,1.8168e-05,0.0270906,0.000507693,4.80433e-05,3.91151e-05,7.06243e-05,7.78376e-05,0.000370742,0.000507693,0.0466168,
0.00368455,0.000875424,-0.00125863,-5.93246e-05,-0.000984835,0.00124343,4.83483e-05,0.000875424,0.00155466,0.000815334,0.000821666,-0.000831715,-0.000153973,3.91986e-05,-0.00125863,0.000815334,0.00316677,0.000635563,-0.000315572,0.00102686,7.06153e-05,-5.93246e-05,0.000821666,0.000635563,0.00232972,-0.00220112,-0.000549983,7.83174e-05,-0.000984835,-0.000831715,-0.000315573,-0.00220112,0.0255848,2.24648e-05,0.0003684,0.00124343,-0.000153973,0.00102686,-0.000549983,2.24648e-05,0.0270943,0.000508207,4.83483e-05,3.91986e-05,7.06153e-05,7.83174e-05,0.0003684,0.000508207,0.0466167,
0.0036841,0.000873362,-0.00126193,-5.2528e-05,-0.000981486,0.00124109,4.86503e-05,0.000873362,0.0015522,0.000813394,0.000825241,-0.000827173,-0.000156152,3.92795e-05,-0.00126193,0.000813394,0.00316919,0.00063434,-0.000318213,0.00102902,7.06061e-05,-5.2528e-05,0.000825241,0.00063434,0.00233202,-0.00220172,-0.000555456,7.87954e-05,-0.000981486,-0.000827173,-0.000318213,-0.00220172,0.0255916,2.67417e-05,0.000366068,0.00124109,-0.000156152,0.00102902,-0.000555456,2.67416e-05,0.0270981,0.000508716,4.86503e-05,3.92795e-05,7.06061e-05,7.87954e-05,0.000366068,0.000508716,0.0466165,
0.00368357,0.000871288,-0.00126521,-4.57748e-05,-0.000978113,0.00123878,4.89492e-05,0.000871288,0.00154976,0.000811466,0.000828787,-0.000822645,-0.000158294,3.9358e-05,-0.00126521,0.000811466,0.0031716,0.000633102,-0.000320852,0.00103116,7.05967e-05,-4.57748e-05,0.000828787,0.000633102,0.00233433,-0.00220227,-0.000560923,7.92715e-05,-0.000978113,-0.000822645,-0.000320852,-0.00220227,0.0255984,3.09987e-05,0.000363746,0.00123878,-0.000158294,0.00103116,-0.000560923,3.09987e-05,0.0271018,0.000509222,4.89491e-05,3.9358e-05,7.05966e-05,7.92715e-05,0.000363746,0.000509222,0.0466163,
0.00368296,0.000869203,-0.00126847,-3.90653e-05,-0.000974715,0.0012365,4.9245e-05,0.000869203,0.00154733,0.000809549,0.000832304,-0.000818132,-0.000160398,3.9434e-05,-0.00126847,0.000809549,0.00317402,0.000631851,-0.000323489,0.00103329,7.05871e-05,-3.90653e-05,0.000832304,0.000631851,0.00233667,-0.00220278,-0.000566384,7.97458e-05,-0.000974715,-0.000818132,-0.000323489,-0.00220278,0.0256053,3.5236e-05,0.000361434,0.0012365,-0.000160398,0.00103329,-0.000566384,3.5236e-05,0.0271055,0.000509723,4.9245e-05,3.9434e-05,7.0587e-05,7.97458e-05,0.000361434,0.000509723,0.0466161,
0.00368228,0.000867107,-0.0012717,-3.23996e-05,-0.000971294,0.00123424,4.95378e-05,0.000867107,0.00154491,0.000807645,0.000835792,-0.000813633,-0.000162466,3.95075e-05,-0.0012717,0.000807645,0.00317643,0.000630586,-0.000326125,0.00103541,7.05773e-05,-3.23996e-05,0.000835792,0.000630586,0.00233903,-0.00220324,-0.000571837,8.02182e-05,-0.000971294,-0.000813633,-0.000326125,-0.00220324,0.0256123,3.94538e-05,0.000359132,0.00123424,-0.000162466,0.00103541,-0.000571837,3.94538e-05,0.0271092,0.00051022,4.95378e-05,3.95075e-05,7.05773e-05,8.02182e-05,0.000359132,0.00051022,0.046616,
0.00368152,0.000865001,-0.00127492,-2.57781e-05,-0.000967851,0.00123202,4.98276e-05,0.000865001,0.0015425,0.000805751,0.000839251,-0.000809149,-0.000164497,3.95787e-05,-0.00127492,0.000805751,0.00317885,0.000629308,-0.000328759,0.00103752,7.05673e-05,-2.57781e-05,0.000839251,0.000629308,0.00234141,-0.00220367,-0.000577283,8.06887e-05,-0.000967851,-0.000809149,-0.000328759,-0.00220367,0.0256192,4.36524e-05,0.000356839,0.00123202,-0.000164497,0.00103752,-0.000577283,4.36523e-05,0.0271129,0.000510712,4.98275e-05,3.95787e-05,7.05673e-05,8.06887e-05,0.000356839,0.000510712,0.0466158,
0.00368069,0.000862885,-0.00127811,-1.92008e-05,-0.000964387,0.00122983,5.01143e-05,0.000862885,0.00154011,0.00080387,0.000842681,-0.00080468,-0.000166493,3.96475e-05,-0.00127811,0.00080387,0.00318126,0.000628017,-0.000331391,0.00103961,7.05572e-05,-1.92008e-05,0.000842681,0.000628017,0.00234381,-0.00220405,-0.000582721,8.11572e-05,-0.000964387,-0.00080468,-0.000331391,-0.00220405,0.0256263,4.78316e-05,0.000354555,0.00122983,-0.000166493,0.00103961,-0.000582721,4.78316e-05,0.0271166,0.0005112,5.01142e-05,3.96475e-05,7.05572e-05,8.11572e-05,0.000354555,0.0005112,0.0466156,
0.00367979,0.00086076,-0.00128128,-1.26679e-05,-0.000960901,0.00122766,5.03979e-05,0.00086076,0.00153772,0.000802,0.000846083,-0.000800227,-0.000168452,3.97139e-05,-0.00128128,0.000802,0.00318368,0.000626713,-0.000334022,0.00104168,7.05469e-05,-1.26679e-05,0.000846083,0.000626713,0.00234623,-0.00220438,-0.000588151,8.16239e-05,-0.000960901,-0.000800227,-0.000334022,-0.00220438,0.0256334,5.19919e-05,0.000352282,0.00122766,-0.000168452,0.00104168,-0.000588151,5.19919e-05,0.0271203,0.000511683,5.0398e-05,3.97139e-05,7.05468e-05,8.16239e-05,0.000352282,0.000511683,0.0466154,
0.00367881,0.000858626,-0.00128443,-6.17958e-06,-0.000957396,0.00122552,5.06786e-05,0.000858626,0.00153535,0.000800142,0.000849457,-0.000795788,-0.000170376,3.9778e-05,-0.00128443,0.000800142,0.0031861,0.000625397,-0.000336651,0.00104375,7.05364e-05,-6.17958e-06,0.000849457,0.000625397,0.00234867,-0.00220468,-0.000593572,8.20886e-05,-0.000957396,-0.000795788,-0.000336651,-0.00220468,0.0256405,5.61332e-05,0.000350017,0.00122552,-0.000170376,0.00104375,-0.000593572,5.61333e-05,0.027124,0.000512161,5.06786e-05,3.9778e-05,7.05364e-05,8.20886e-05,0.000350017,0.000512161,0.0466153,
0.00367777,0.000856483,-0.00128755,2.64011e-07,-0.000953871,0.00122341,5.09563e-05,0.000856483,0.00153299,0.000798295,0.000852802,-0.000791365,-0.000172264,3.98398e-05,-0.00128755,0.000798295,0.00318851,0.000624069,-0.000339278,0.0010458,7.05258e-05,2.63983e-07,0.000852802,0.000624069,0.00235113,-0.00220493,-0.000598983,8.25514e-05,-0.000953871,-0.000791365,-0.000339278,-0.00220493,0.0256478,6.02559e-05,0.000347762,0.00122341,-0.000172264,0.0010458,-0.000598983,6.02559e-05,0.0271277,0.000512635,5.09563e-05,3.98398e-05,7.05258e-05,8.25514e-05,0.000347762,0.000512635,0.0466151,
0.00367665,0.000854332,-0.00129066,6.66273e-06,-0.000950328,0.00122133,5.12309e-05,0.000854332,0.00153064,0.000796459,0.000856119,-0.000786958,-0.000174118,3.98993e-05,-0.00129066,0.000796459,0.00319093,0.00062273,-0.000341903,0.00104783,7.0515e-05,6.66273e-06,0.000856119,0.00062273,0.0023536,-0.00220514,-0.000604386,8.30122e-05,-0.000950328,-0.000786958,-0.000341903,-0.00220514,0.025655,6.436e-05,0.000345517,0.00122133,-0.000174118,0.00104783,-0.000604386,6.436e-05,0.0271313,0.000513104,5.12309e-05,3.98993e-05,7.0515e-05,8.30122e-05,0.000345517,0.000513104,0.0466149,
0.00367547,0.000852173,-0.00129374,1.30165e-05,-0.000946768,0.00121928,5.15026e-05,0.000852173,0.00152831,0.000794636,0.000859409,-0.000782567,-0.000175937,3.99566e-05,-0.00129374,0.000794636,0.00319335,0.000621379,-0.000344527,0.00104985,7.05041e-05,1.30165e-05,0.000859409,0.000621379,0.0023561,-0.00220532,-0.000609778,8.3471e-05,-0.000946768,-0.000782567,-0.000344527,-0.00220532,0.0256623,6.84457e-05,0.00034328,0.00121928,-0.000175937,0.00104985,-0.000609778,6.84457e-05,0.0271349,0.000513568,5.15026e-05,3.99565e-05,7.05041e-05,8.3471e-05,0.00034328,0.000513568,0.0466147,
0.00367422,0.000850007,-0.00129679,1.93252e-05,-0.00094319,0.00121725,5.17712e-05,0.000850007,0.00152598,0.000792823,0.00086267,-0.000778191,-0.000177721,4.00115e-05,-0.00129679,0.000792823,0.00319576,0.000620017,-0.000347148,0.00105186,7.04931e-05,1.93252e-05,0.00086267,0.000620017,0.00235861,-0.00220545,-0.00061516,8.39277e-05,-0.00094319,-0.000778191,-0.000347148,-0.00220545,0.0256697,7.25132e-05,0.000341053,0.00121725,-0.000177721,0.00105186,-0.00061516,7.25132e-05,0.0271386,0.000514027,5.17712e-05,4.00115e-05,7.04931e-05,8.39277e-05,0.000341053,0.000514027,0.0466146,
0.00367291,0.000847834,-0.00129983,2.55887e-05,-0.000939597,0.00121526,5.20369e-05,0.000847834,0.00152367,0.000791022,0.000865904,-0.000773832,-0.000179472,4.00644e-05,-0.00129983,0.000791022,0.00319818,0.000618644,-0.000349768,0.00105386,7.0482e-05,2.55886e-05,0.000865904,0.000618644,0.00236113,-0.00220554,-0.000620531,8.43825e-05,-0.000939597,-0.000773832,-0.000349768,-0.00220554,0.0256771,7.65626e-05,0.000338835,0.00121526,-0.000179472,0.00105386,-0.000620531,7.65626e-05,0.0271422,0.000514481,5.20369e-05,4.00644e-05,7.0482e-05,8.43825e-05,0.000338835,0.000514481,0.0466144,
0.00367153,0.000845654,-0.00130284,3.18069e-05,-0.000935988,0.00121329,5.22996e-05,0.000845654,0.00152137,0.000789232,0.000869111,-0.000769489,-0.000181189,4.0115e-05,-0.00130284,0.000789232,0.00320059,0.00061726,-0.000352385,0.00105583,7.04707e-05,3.18069e-05,0.000869111,0.00061726,0.00236368,-0.00220559,-0.000625892,8.48352e-05,-0.000935988,-0.000769489,-0.000352385,-0.00220559,0.0256845,8.05941e-05,0.000336626,0.00121329,-0.000181189,0.00105583,-0.000625892,8.05941e-05,0.0271458,0.000514931,5.22997e-05,4.0115e-05,7.04707e-05,8.48352e-05,0.000336626,0.000514931,0.0466142,
0.00367009,0.000843469,-0.00130583,3.79798e-05,-0.000932364,0.00121135,5.25594e-05,0.000843469,0.00151908,0.000787453,0.000872291,-0.000765163,-0.000182872,4.01635e-05,-0.00130583,0.000787453,0.003203,0.000615867,-0.000355001,0.0010578,7.04593e-05,3.79798e-05,0.000872291,0.000615867,0.00236624,-0.0022056,-0.000631241,8.52859e-05,-0.000932364,-0.000765163,-0.000355001,-0.0022056,0.025692,8.46079e-05,0.000334426,0.00121135,-0.000182872,0.0010578,-0.000631241,8.46079e-05,0.0271494,0.000515375,5.25594e-05,4.01634e-05,7.04592e-05,8.52859e-05,0.000334426,0.000515375,0.046614,
0.00366858,0.000841278,-0.0013088,4.41072e-05,-0.000928726,0.00120944,5.28163e-05,0.000841278,0.00151681,0.000785686,0.000875443,-0.000760852,-0.000184523,4.02098e-05,-0.0013088,0.000785686,0.00320542,0.000614463,-0.000357614,0.00105975,7.04478e-05,4.41072e-05,0.000875443,0.000614463,0.00236881,-0.00220557,-0.000636578,8.57345e-05,-0.000928726,-0.000760852,-0.000357614,-0.00220557,0.0256996,8.86042e-05,0.000332235,0.00120944,-0.000184523,0.00105975,-0.000636578,8.86042e-05,0.027153,0.000515815,5.28163e-05,4.02098e-05,7.04478e-05,8.57345e-05,0.000332235,0.000515815,0.0466139,
0.00366702,0.000839081,-0.00131175,5.01893e-05,-0.000925074,0.00120756,5.30701e-05,0.000839081,0.00151455,0.000783929,0.000878569,-0.000756559,-0.00018614,4.0254e-05,-0.00131175,0.000783929,0.00320783,0.00061305,-0.000360225,0.00106169,7.04363e-05,5.01892e-05,0.000878568,0.00061305,0.0023714,-0.00220551,-0.000641903,8.61811e-05,-0.000925074,-0.000756559,-0.000360225,-0.00220551,0.0257072,9.25831e-05,0.000330053,0.00120756,-0.00018614,0.00106169,-0.000641903,9.25831e-05,0.0271565,0.00051625,5.30701e-05,4.0254e-05,7.04363e-05,8.61811e-05,0.000330053,0.00051625,0.0466137,
0.00366539,0.00083688,-0.00131467,5.62258e-05,-0.000921411,0.00120571,5.33211e-05,0.00083688,0.0015123,0.000782184,0.000881667,-0.000752282,-0.000187725,4.0296e-05,-0.00131467,0.000782184,0.00321024,0.000611627,-0.000362834,0.00106361,7.04246e-05,5.62258e-05,0.000881667,0.000611627,0.002374,-0.00220541,-0.000647216,8.66255e-05,-0.000921411,-0.000752282,-0.000362834,-0.00220541,0.0257148,9.65447e-05,0.00032788,0.00120571,-0.000187725,0.00106361,-0.000647216,9.65447e-05,0.0271601,0.00051668,5.33211e-05,4.02961e-05,7.04247e-05,8.66255e-05,0.00032788,0.00051668,0.0466135,
0.00366371,0.000834674,-0.00131757,6.22168e-05,-0.000917734,0.00120388,5.35692e-05,0.000834674,0.00151006,0.00078045,0.00088474,-0.000748023,-0.000189278,4.03361e-05,-0.00131757,0.00078045,0.00321264,0.000610195,-0.00036544,0.00106552,7.04129e-05,6.22168e-05,0.00088474,0.000610195,0.00237662,-0.00220526,-0.000652515,8.70679e-05,-0.000917734,-0.000748022,-0.00036544,-0.00220526,0.0257225,0.000100489,0.000325716,0.00120388,-0.000189278,0.00106552,-0.000652515,0.000100489,0.0271636,0.000517105,5.35692e-05,4.03361e-05,7.0413e-05,8.70679e-05,0.000325715,0.000517105,0.0466133,
0.00366196,0.000832463,-0.00132044,6.81622e-05,-0.000914047,0.00120208,5.38144e-05,0.000832463,0.00150783,0.000778726,0.000887785,-0.00074378,-0.000190799,4.03741e-05,-0.00132044,0.000778726,0.00321505,0.000608754,-0.000368045,0.00106741,7.04011e-05,6.81622e-05,0.000887785,0.000608754,0.00237925,-0.00220509,-0.000657802,8.75081e-05,-0.000914047,-0.00074378,-0.000368045,-0.00220509,0.0257303,0.000104417,0.00032356,0.00120208,-0.000190799,0.00106741,-0.000657802,0.000104417,0.0271672,0.000517525,5.38144e-05,4.03741e-05,7.04011e-05,8.75081e-05,0.00032356,0.000517525,0.0466132,
0.00366016,0.000830249,-0.0013233,7.40621e-05,-0.000910349,0.00120031,5.40567e-05,0.000830249,0.00150562,0.000777014,0.000890805,-0.000739554,-0.000192288,4.04101e-05,-0.0013233,0.000777014,0.00321746,0.000607305,-0.000370646,0.00106929,7.03893e-05,7.40621e-05,0.000890805,0.000607305,0.00238189,-0.00220487,-0.000663076,8.79463e-05,-0.000910349,-0.000739554,-0.000370646,-0.00220487,0.0257381,0.000108328,0.000321413,0.00120031,-0.000192288,0.00106929,-0.000663076,0.000108328,0.0271707,0.000517941,5.40567e-05,4.04101e-05,7.03893e-05,8.79463e-05,0.000321413,0.000517941,0.046613,
0.00365831,0.000828032,-0.00132613,7.99164e-05,-0.000906641,0.00119857,5.42962e-05,0.000828032,0.00150342,0.000775313,0.000893799,-0.000735345,-0.000193746,4.0444e-05,-0.00132613,0.000775313,0.00321986,0.000605847,-0.000373245,0.00107115,7.03774e-05,7.99164e-05,0.000893799,0.000605847,0.00238455,-0.00220462,-0.000668336,8.83823e-05,-0.000906641,-0.000735345,-0.000373245,-0.00220462,0.0257459,0.000112223,0.000319274,0.00119857,-0.000193746,0.00107115,-0.000668336,0.000112223,0.0271742,0.000518351,5.42961e-05,4.0444e-05,7.03774e-05,8.83822e-05,0.000319274,0.000518351,0.0466128,
0.0036564,0.000825811,-0.00132894,8.57252e-05,-0.000902923,0.00119686,5.45328e-05,0.000825811,0.00150123,0.000773622,0.000896766,-0.000731154,-0.000195173,4.0476e-05,-0.00132894,0.000773622,0.00322226,0.000604381,-0.000375842,0.001073,7.03655e-05,8.57252e-05,0.000896766,0.000604381,0.00238722,-0.00220433,-0.000673582,8.88161e-05,-0.000902923,-0.000731154,-0.000375842,-0.00220433,0.0257538,0.000116101,0.000317144,0.00119686,-0.000195173,0.001073,-0.000673582,0.000116101,0.0271777,0.000518757,5.45328e-05,4.04761e-05,7.03655e-05,8.88161e-05,0.000317144,0.000518757,0.0466126,
0.00365443,0.000823587,-0.00133172,9.14884e-05,-0.000899197,0.00119517,5.47666e-05,0.000823587,0.00149905,0.000771942,0.000899708,-0.00072698,-0.00019657,4.05061e-05,-0.00133172,0.000771942,0.00322466,0.000602907,-0.000378436,0.00107484,7.03535e-05,9.14884e-05,0.000899708,0.000602907,0.0023899,-0.00220401,-0.000678813,8.92478e-05,-0.000899197,-0.00072698,-0.000378436,-0.00220401,0.0257617,0.000119963,0.000315022,0.00119517,-0.00019657,0.00107484,-0.000678813,0.000119963,0.0271812,0.000519157,5.47666e-05,4.05061e-05,7.03535e-05,8.92478e-05,0.000315022,0.000519157,0.0466125,
