0.00241399,-0.000505349,-0.00128742,0.00101761,-0.000311374,0.001482,-3.72899e-05,-0.000505349,0.00189048,-0.00109638,-0.000518525,0.0011809,-0.000681188,6.69939e-05,-0.00128742,-0.00109638,0.00319821,-0.000231644,-0.00022524,0.00157755,-0.000111396,0.00101761,-0.000518525,-0.000231644,0.00220871,0.00172426,0.00106416,-7.68257e-05,-0.000311374,0.0011809,-0.00022524,0.00172426,0.0329202,0.000644596,-0.0022598,0.001482,-0.000681188,0.00157755,0.00106416,0.000644596,0.0278317,-5.59402e-05,-3.72899e-05,6.69939e-05,-0.000111396,-7.68257e-05,-0.0022598,-5.59402e-05,0.0467774,
0.00241446,-0.000504693,-0.00128958,0.00101678,-0.000307042,0.00148189,-3.74034e-05,-0.000504693,0.00188983,-0.00109549,-0.000520528,0.00117979,-0.000680654,6.69697e-05,-0.00128958,-0.00109549,0.00319958,-0.000230092,-0.000222863,0.00158132,-0.000111344,0.00101678,-0.000520528,-0.000230092,0.00220725,0.00171869,0.00106431,-7.5759e-05,-0.000307042,0.00117979,-0.000222863,0.00171869,0.0329476,0.000654099,-0.00225935,0.00148189,-0.000680654,0.00158132,0.00106431,0.000654099,0.0278438,-5.70977e-05,-3.74034e-05,6.69696e-05,-0.000111344,-7.5759e-05,-0.00225935,-5.70976e-05,0.0467771,
0.00241574,-0.000504472,-0.00129178,0.00101594,-0.000302293,0.00148263,-3.75814e-05,-0.000504472,0.00188888,-0.00109466,-0.000522675,0.0011791,-0.000680184,6.69188e-05,-0.00129178,-0.00109466,0.00320178,-0.000228301,-0.000219818,0.00158513,-0.000111315,0.00101594,-0.000522675,-0.000228301,0.00220566,0.00171321,0.00106183,-7.47138e-05,-0.000302293,0.0011791,-0.000219818,0.00171321,0.0329724,0.000662826,-0.00225897,0.00148263,-0.000680184,0.00158513,0.00106183,0.000662826,0.0278558,-5.83243e-05,-3.75814e-05,6.69188e-05,-0.000111315,-7.47138e-05,-0.00225897,-5.83243e-05,0.0467769,
0.00241755,-0.000504514,-0.00129403,0.00101512,-0.000296759,0.00148383,-3.78312e-05,-0.000504514,0.00188774,-0.00109383,-0.000524938,0.00117843,-0.000679344,6.68617e-05,-0.00129403,-0.00109383,0.00320452,-0.000226335,-0.000215935,0.00158982,-0.000111331,0.00101512,-0.000524938,-0.000226335,0.00220368,0.00170657,0.00105809,-7.34666e-05,-0.000296759,0.00117843,-0.000215935,0.00170657,0.0330021,0.000673513,-0.00225846,0.00148383,-0.000679344,0.00158982,0.00105809,0.000673513,0.0278708,-5.96641e-05,-3.78312e-05,6.68617e-05,-0.000111331,-7.34666e-05,-0.00225846,-5.96642e-05,0.0467765,
0.00241967,-0.000504738,-0.00129628,0.00101433,-0.000291706,0.00148503,-3.80877e-05,-0.000504738,0.0018864,-0.00109303,-0.000527269,0.00117792,-0.000678285,6.68038e-05,-0.00129628,-0.00109303,0.00320759,-0.000224249,-0.000212591,0.00159418,-0.000111353,0.00101433,-0.000527269,-0.000224249,0.0022018,0.00170003,0.00105442,-7.22868e-05,-0.000291706,0.00117792,-0.000212591,0.00170003,0.0330302,0.000683351,-0.00225794,0.00148503,-0.000678285,0.00159418,0.00105442,0.000683351,0.0278847,-6.09761e-05,-3.80876e-05,6.68038e-05,-0.000111353,-7.22868e-05,-0.00225794,-6.09761e-05,0.0467762,
0.00242197,-0.000505065,-0.00129853,0.00101357,-0.000286731,0.00148625,-3.83563e-05,-0.000505065,0.00188494,-0.00109225,-0.000529657,0.00117745,-0.000677022,6.6745e-05,-0.00129853,-0.00109225,0.00321089,-0.000222078,-0.000209385,0.00159859,-0.000111384,0.00101357,-0.000529657,-0.000222078,0.00219991,0.00169322,0.0010507,-7.10879e-05,-0.000286731,0.00117745,-0.000209385,0.00169322,0.0330588,0.000693278,-0.00225736,0.00148625,-0.000677022,0.00159859,0.0010507,0.000693278,0.0278986,-6.23031e-05,-3.83563e-05,6.67451e-05,-0.000111384,-7.10879e-05,-0.00225736,-6.23031e-05,0.0467759,
0.00242436,-0.000505452,-0.00130076,0.00101283,-0.000281867,0.00148748,-3.86281e-05,-0.000505452,0.0018834,-0.00109147,-0.000532084,0.00117703,-0.000675641,6.66836e-05,-0.00130076,-0.00109147,0.00321432,-0.000219854,-0.000206331,0.00160292,-0.000111415,0.00101283,-0.000532084,-0.000219854,0.00219806,0.00168632,0.00104694,-6.98963e-05,-0.000281867,0.00117703,-0.000206331,0.00168632,0.0330871,0.000703035,-0.00225674,0.00148748,-0.000675641,0.00160292,0.00104694,0.000703035,0.0279124,-6.36263e-05,-3.86282e-05,6.66835e-05,-0.000111415,-6.98963e-05,-0.00225674,-6.36263e-05,0.0467756,
0.00242681,-0.000505868,-0.00130297,0.00101211,-0.000277052,0.00148871,-3.89009e-05,-0.000505868,0.00188179,-0.0010907,-0.000534542,0.00117663,-0.000674166,6.66193e-05,-0.00130297,-0.0010907,0.00321783,-0.000217595,-0.00020337,0.00160723,-0.000111446,0.00101211,-0.000534542,-0.000217595,0.00219624,0.0016793,0.00104313,-6.87023e-05,-0.000277052,0.00117663,-0.00020337,0.0016793,0.0331153,0.000712738,-0.00225608,0.00148871,-0.000674166,0.00160723,0.00104313,0.000712738,0.0279261,-6.49473e-05,-3.89009e-05,6.66193e-05,-0.000111446,-6.87023e-05,-0.00225608,-6.49473e-05,0.0467753,
0.00242926,-0.000506297,-0.00130515,0.0010114,-0.000272273,0.00148994,-3.91723e-05,-0.000506297,0.00188014,-0.00108993,-0.000537021,0.00117624,-0.000672626,6.6552e-05,-0.00130515,-0.00108993,0.00322138,-0.000215314,-0.000200481,0.00161151,-0.000111475,0.0010114,-0.000537021,-0.000215314,0.00219445,0.00167219,0.00103927,-6.75083e-05,-0.000272273,0.00117624,-0.000200481,0.00167219,0.0331433,0.000722371,-0.00225537,0.00148994,-0.000672626,0.00161151,0.00103927,0.000722371,0.0279397,-6.62629e-05,-3.91723e-05,6.6552e-05,-0.000111475,-6.75083e-05,-0.00225537,-6.62629e-05,0.046775,
0.00243171,-0.000506726,-0.00130731,0.00101069,-0.000267513,0.00149116,-3.94411e-05,-0.000506726,0.00187845,-0.00108917,-0.000539516,0.00117586,-0.000671038,6.64816e-05,-0.00130731,-0.00108917,0.00322495,-0.00021302,-0.000197645,0.00161575,-0.0001115,0.00101069,-0.000539516,-0.00021302,0.00219269,0.00166499,0.00103538,-6.6313e-05,-0.000267513,0.00117586,-0.000197645,0.00166499,0.0331711,0.000731953,-0.00225463,0.00149116,-0.000671038,0.00161575,0.00103538,0.000731953,0.0279532,-6.75721e-05,-3.94411e-05,6.64815e-05,-0.0001115,-6.6313e-05,-0.00225463,-6.75721e-05,0.0467747,
0.00243414,-0.000507151,-0.00130945,0.00101,-0.000262766,0.00149238,-3.97066e-05,-0.000507151,0.00187674,-0.0010884,-0.000542022,0.00117547,-0.000669412,6.64081e-05,-0.00130945,-0.0010884,0.00322853,-0.000210718,-0.000194853,0.00161995,-0.00011152,0.00101,-0.000542022,-0.000210718,0.00219097,0.00165772,0.00103145,-6.51164e-05,-0.000262766,0.00117547,-0.000194853,0.00165772,0.0331988,0.000741487,-0.00225385,0.00149238,-0.000669412,0.00161995,0.00103145,0.000741487,0.0279667,-6.88737e-05,-3.97067e-05,6.64081e-05,-0.00011152,-6.51165e-05,-0.00225385,-6.88738e-05,0.0467743,
0.00243655,-0.000507568,-0.00131156,0.00100931,-0.000258028,0.00149359,-3.99684e-05,-0.000507568,0.00187501,-0.00108763,-0.000544535,0.00117509,-0.000667758,6.63318e-05,-0.00131156,-0.00108763,0.0032321,-0.000208414,-0.000192096,0.00162412,-0.000111536,0.00100931,-0.000544535,-0.000208414,0.00218927,0.00165038,0.00102747,-6.39186e-05,-0.000258028,0.00117509,-0.000192096,0.00165038,0.0332263,0.000750976,-0.00225303,0.00149359,-0.000667758,0.00162412,0.00102747,0.000750976,0.0279801,-7.01674e-05,-3.99684e-05,6.63318e-05,-0.000111536,-6.39186e-05,-0.00225303,-7.01674e-05,0.046774,
0.00243893,-0.000507975,-0.00131365,0.00100862,-0.000253296,0.00149479,-4.02263e-05,-0.000507975,0.00187327,-0.00108686,-0.000547051,0.00117469,-0.00066608,6.62529e-05,-0.00131365,-0.00108686,0.00323565,-0.00020611,-0.00018937,0.00162825,-0.000111546,0.00100862,-0.000547051,-0.00020611,0.0021876,0.00164297,0.00102346,-6.27194e-05,-0.000253296,0.00117469,-0.00018937,0.00164297,0.0332536,0.000760422,-0.00225217,0.00149479,-0.00066608,0.00162825,0.00102346,0.000760422,0.0279935,-7.14526e-05,-4.02263e-05,6.62528e-05,-0.000111546,-6.27194e-05,-0.00225217,-7.14526e-05,0.0467737,
0.00244129,-0.000508373,-0.00131572,0.00100793,-0.00024857,0.00149598,-4.04801e-05,-0.000508373,0.00187151,-0.00108609,-0.000549569,0.00117429,-0.000664382,6.61713e-05,-0.00131572,-0.00108609,0.00323918,-0.000203808,-0.000186672,0.00163234,-0.00011155,0.00100793,-0.000549569,-0.000203808,0.00218596,0.0016355,0.00101941,-6.1519e-05,-0.00024857,0.00117429,-0.000186672,0.0016355,0.0332806,0.000769824,-0.00225128,0.00149598,-0.000664382,0.00163234,0.00101941,0.000769824,0.0280068,-7.27289e-05,-4.04801e-05,6.61713e-05,-0.00011155,-6.1519e-05,-0.00225128,-7.27288e-05,0.0467733,
0.00244362,-0.000508762,-0.00131776,0.00100724,-0.000243851,0.00149717,-4.073e-05,-0.000508762,0.00186975,-0.00108531,-0.000552085,0.00117388,-0.000662668,6.60874e-05,-0.00131776,-0.00108531,0.00324269,-0.00020151,-0.000184001,0.0016364,-0.000111549,0.00100724,-0.000552085,-0.00020151,0.00218434,0.00162797,0.00101533,-6.03173e-05,-0.000243851,0.00117388,-0.000184001,0.00162797,0.0333075,0.000779184,-0.00225035,0.00149717,-0.000662668,0.0016364,0.00101533,0.000779184,0.02802,-7.39961e-05,-4.073e-05,6.60875e-05,-0.000111549,-6.03173e-05,-0.00225035,-7.39961e-05,0.046773,
0.00244593,-0.000509143,-0.00131979,0.00100655,-0.000239139,0.00149836,-4.09759e-05,-0.000509143,0.00186799,-0.00108453,-0.000554598,0.00117346,-0.000660939,6.60013e-05,-0.00131979,-0.00108453,0.00324618,-0.000199217,-0.000181356,0.00164041,-0.000111541,0.00100655,-0.000554598,-0.000199217,0.00218274,0.0016204,0.00101121,-5.91145e-05,-0.000239139,0.00117346,-0.000181356,0.0016204,0.0333342,0.000788501,-0.00224939,0.00149836,-0.000660939,0.00164041,0.00101121,0.000788501,0.0280332,-7.52542e-05,-4.09759e-05,6.60013e-05,-0.000111541,-5.91145e-05,-0.00224939,-7.52542e-05,0.0467726,
0.00244821,-0.000509516,-0.00132179,0.00100585,-0.000234435,0.00149954,-4.1218e-05,-0.000509516,0.00186622,-0.00108375,-0.000557107,0.00117303,-0.000659198,6.59132e-05,-0.00132179,-0.00108375,0.00324963,-0.00019693,-0.000178734,0.00164438,-0.000111528,0.00100585,-0.000557107,-0.00019693,0.00218116,0.00161276,0.00100705,-5.79107e-05,-0.000234435,0.00117303,-0.000178734,0.00161276,0.0333606,0.000797773,-0.00224838,0.00149954,-0.000659198,0.00164438,0.00100705,0.000797773,0.0280463,-7.65031e-05,-4.1218e-05,6.59132e-05,-0.000111528,-5.79107e-05,-0.00224838,-7.65031e-05,0.0467723,
0.00245048,-0.000509883,-0.00132378,0.00100516,-0.00022974,0.00150072,-4.14563e-05,-0.000509883,0.00186445,-0.00108296,-0.00055961,0.0011726,-0.000657444,6.5823e-05,-0.00132378,-0.00108296,0.00325307,-0.000194649,-0.000176137,0.00164832,-0.000111509,0.00100516,-0.00055961,-0.000194649,0.00217961,0.00160508,0.00100286,-5.67059e-05,-0.00022974,0.0011726,-0.000176137,0.00160508,0.0333868,0.000807,-0.00224735,0.00150072,-0.000657444,0.00164832,0.00100286,0.000807,0.0280594,-7.77427e-05,-4.14563e-05,6.58231e-05,-0.000111509,-5.67059e-05,-0.00224735,-7.77427e-05,0.0467719,
0.00245273,-0.000510246,-0.00132575,0.00100446,-0.000225055,0.00150189,-4.1691e-05,-0.000510246,0.00186268,-0.00108216,-0.000562106,0.00117215,-0.00065568,6.57311e-05,-0.00132575,-0.00108216,0.00325647,-0.000192375,-0.000173564,0.00165221,-0.000111484,0.00100446,-0.000562106,-0.000192375,0.00217807,0.00159736,0.000998629,-5.55004e-05,-0.000225055,0.00117215,-0.000173564,0.00159736,0.0334128,0.000816181,-0.00224628,0.00150189,-0.00065568,0.00165221,0.000998629,0.000816181,0.0280723,-7.8973e-05,-4.1691e-05,6.57311e-05,-0.000111484,-5.55004e-05,-0.00224628,-7.8973e-05,0.0467716,
0.00245497,-0.000510603,-0.0013277,0.00100375,-0.00022038,0.00150307,-4.1922e-05,-0.000510603,0.00186091,-0.00108136,-0.000564594,0.0011717,-0.000653905,6.56375e-05,-0.0013277,-0.00108136,0.00325985,-0.000190109,-0.000171014,0.00165606,-0.000111453,0.00100375,-0.000564594,-0.000190109,0.00217655,0.00158958,0.000994364,-5.42941e-05,-0.00022038,0.0011717,-0.000171014,0.00158958,0.0334386,0.000825316,-0.00224517,0.00150307,-0.000653905,0.00165606,0.000994364,0.000825316,0.0280853,-8.0194e-05,-4.1922e-05,6.56375e-05,-0.000111453,-5.42941e-05,-0.00224517,-8.0194e-05,0.0467712,
0.00245719,-0.000510958,-0.00132963,0.00100304,-0.000215718,0.00150424,-4.21496e-05,-0.000510958,0.00185914,-0.00108056,-0.000567074,0.00117124,-0.000652122,6.55422e-05,-0.00132963,-0.00108056,0.0032632,-0.000187849,-0.000168488,0.00165986,-0.000111416,0.00100304,-0.000567074,-0.000187849,0.00217504,0.00158177,0.000990064,-5.30872e-05,-0.000215718,0.00117124,-0.000168488,0.00158177,0.0334642,0.000834404,-0.00224404,0.00150424,-0.000652122,0.00165986,0.000990064,0.000834404,0.0280981,-8.14057e-05,-4.21496e-05,6.55422e-05,-0.000111416,-5.30873e-05,-0.00224404,-8.14057e-05,0.0467708,
0.0024594,-0.00051131,-0.00133154,0.00100232,-0.000211069,0.00150541,-4.23737e-05,-0.00051131,0.00185737,-0.00107975,-0.000569544,0.00117077,-0.00065033,6.54455e-05,-0.00133154,-0.00107975,0.00326653,-0.000185598,-0.000165984,0.00166362,-0.000111373,0.00100232,-0.000569544,-0.000185598,0.00217355,0.00157391,0.000985727,-5.18799e-05,-0.000211068,0.00117077,-0.000165984,0.00157391,0.0334895,0.000843444,-0.00224287,0.00150541,-0.00065033,0.00166362,0.000985727,0.000843444,0.0281109,-8.26082e-05,-4.23737e-05,6.54455e-05,-0.000111373,-5.18799e-05,-0.00224287,-8.26082e-05,0.0467705,
0.0024616,-0.00051166,-0.00133344,0.0010016,-0.000206432,0.00150658,-4.25944e-05,-0.00051166,0.00185561,-0.00107893,-0.000572005,0.00117029,-0.000648529,6.53473e-05,-0.00133344,-0.00107893,0.00326983,-0.000183354,-0.000163504,0.00166734,-0.000111325,0.0010016,-0.000572005,-0.000183354,0.00217207,0.001566,0.000981356,-5.06722e-05,-0.000206432,0.00117029,-0.000163504,0.001566,0.0335146,0.000852435,-0.00224166,0.00150658,-0.000648529,0.00166734,0.000981356,0.000852435,0.0281237,-8.38015e-05,-4.25944e-05,6.53473e-05,-0.000111325,-5.06722e-05,-0.00224166,-8.38015e-05,0.0467701,
0.00246378,-0.000512009,-0.00133532,0.00100087,-0.00020181,0.00150776,-4.28118e-05,-0.000512009,0.00185385,-0.00107811,-0.000574456,0.0011698,-0.000646722,6.52477e-05,-0.00133532,-0.00107811,0.0032731,-0.000181118,-0.000161048,0.00167102,-0.00011127,0.00100087,-0.000574456,-0.000181118,0.00217061,0.00155806,0.000976948,-4.94642e-05,-0.00020181,0.0011698,-0.000161048,0.00155806,0.0335395,0.000861376,-0.00224042,0.00150776,-0.000646722,0.00167102,0.000976948,0.000861376,0.0281363,-8.49856e-05,-4.28118e-05,6.52477e-05,-0.00011127,-4.94642e-05,-0.00224042,-8.49856e-05,0.0467697,
0.00246596,-0.000512358,-0.00133719,0.00100013,-0.000197203,0.00150893,-4.30259e-05,-0.000512358,0.00185209,-0.00107729,-0.000576896,0.00116931,-0.000644907,6.51468e-05,-0.00133719,-0.00107729,0.00327634,-0.00017889,-0.000158614,0.00167465,-0.00011121,0.00100013,-0.000576896,-0.00017889,0.00216916,0.00155008,0.000972506,-4.82561e-05,-0.000197203,0.00116931,-0.000158614,0.00155008,0.0335642,0.000870268,-0.00223915,0.00150893,-0.000644907,0.00167465,0.000972506,0.000870268,0.0281489,-8.61606e-05,-4.30259e-05,6.51468e-05,-0.00011121,-4.82561e-05,-0.00223915,-8.61606e-05,0.0467693,
0.00246814,-0.000512706,-0.00133904,0.000999392,-0.000192611,0.0015101,-4.32368e-05,-0.000512706,0.00185033,-0.00107646,-0.000579325,0.0011688,-0.000643085,6.50447e-05,-0.00133904,-0.00107646,0.00327955,-0.00017667,-0.000156203,0.00167824,-0.000111144,0.000999392,-0.000579325,-0.00017667,0.00216772,0.00154206,0.000968029,-4.7048e-05,-0.000192611,0.0011688,-0.000156203,0.00154206,0.0335887,0.000879108,-0.00223785,0.0015101,-0.000643085,0.00167824,0.000968029,0.000879108,0.0281614,-8.73265e-05,-4.32368e-05,6.50447e-05,-0.000111144,-4.7048e-05,-0.00223785,-8.73265e-05,0.046769,
0.0024703,-0.000513054,-0.00134088,0.000998642,-0.000188035,0.00151128,-4.34444e-05,-0.000513054,0.00184858,-0.00107562,-0.000581743,0.00116829,-0.000641257,6.49414e-05,-0.00134088,-0.00107562,0.00328274,-0.000174459,-0.000153815,0.00168179,-0.000111073,0.000998642,-0.000581743,-0.000174459,0.0021663,0.00153401,0.000963517,-4.584e-05,-0.000188035,0.00116829,-0.000153815,0.00153401,0.0336129,0.000887898,-0.00223652,0.00151128,-0.000641257,0.00168179,0.000963517,0.000887898,0.0281739,-8.84834e-05,-4.34444e-05,6.49414e-05,-0.000111073,-4.584e-05,-0.00223652,-8.84834e-05,0.0467686,
0.00247246,-0.000513403,-0.0013427,0.000997884,-0.000183476,0.00151246,-4.36489e-05,-0.000513403,0.00184684,-0.00107478,-0.00058415,0.00116777,-0.000639422,6.4837e-05,-0.0013427,-0.00107478,0.0032859,-0.000172255,-0.00015145,0.0016853,-0.000110996,0.000997884,-0.00058415,-0.000172255,0.00216489,0.00152591,0.000958971,-4.46322e-05,-0.000183476,0.00116777,-0.00015145,0.00152591,0.0336369,0.000896636,-0.00223515,0.00151246,-0.000639422,0.0016853,0.000958971,0.000896636,0.0281863,-8.96312e-05,-4.36489e-05,6.4837e-05,-0.000110996,-4.46322e-05,-0.00223515,-8.96313e-05,0.0467682,
0.00247462,-0.000513752,-0.00134451,0.00099712,-0.000178933,0.00151364,-4.38502e-05,-0.000513752,0.00184509,-0.00107394,-0.000586546,0.00116725,-0.000637583,6.47315e-05,-0.00134451,-0.00107394,0.00328904,-0.00017006,-0.000149108,0.00168876,-0.000110913,0.00099712,-0.000586546,-0.00017006,0.00216349,0.00151779,0.00095439,-4.34247e-05,-0.000178933,0.00116725,-0.000149108,0.00151779,0.0336607,0.000905322,-0.00223375,0.00151364,-0.000637583,0.00168876,0.00095439,0.000905321,0.0281986,-9.07703e-05,-4.38502e-05,6.47314e-05,-0.000110913,-4.34247e-05,-0.00223375,-9.07703e-05,0.0467678,
0.00247677,-0.000514103,-0.0013463,0.000996348,-0.000174408,0.00151482,-4.40483e-05,-0.000514103,0.00184336,-0.00107309,-0.000588929,0.00116671,-0.000635738,6.46249e-05,-0.0013463,-0.00107309,0.00329215,-0.000167873,-0.000146789,0.00169218,-0.000110825,0.000996348,-0.000588929,-0.000167873,0.0021621,0.00150962,0.000949775,-4.22176e-05,-0.000174408,0.00116671,-0.000146789,0.00150962,0.0336842,0.000913954,-0.00223233,0.00151482,-0.000635738,0.00169218,0.000949775,0.000913954,0.0282109,-9.19004e-05,-4.40483e-05,6.46249e-05,-0.000110825,-4.22176e-05,-0.00223233,-9.19004e-05,0.0467674,
0.00247891,-0.000514454,-0.00134808,0.000995568,-0.0001699,0.001516,-4.42433e-05,-0.000514454,0.00184162,-0.00107223,-0.000591301,0.00116617,-0.000633887,6.45173e-05,-0.00134808,-0.00107223,0.00329523,-0.000165695,-0.000144492,0.00169555,-0.000110731,0.000995568,-0.000591301,-0.000165695,0.00216072,0.00150143,0.000945127,-4.1011e-05,-0.0001699,0.00116617,-0.000144492,0.00150143,0.0337075,0.000922534,-0.00223087,0.001516,-0.000633887,0.00169555,0.000945127,0.000922534,0.028223,-9.30217e-05,-4.42433e-05,6.45173e-05,-0.000110731,-4.1011e-05,-0.00223087,-9.30216e-05,0.046767,
0.00248105,-0.000514807,-0.00134985,0.000994781,-0.00016541,0.00151718,-4.44353e-05,-0.000514807,0.0018399,-0.00107137,-0.000593661,0.00116562,-0.000632033,6.44088e-05,-0.00134985,-0.00107137,0.00329829,-0.000163525,-0.000142218,0.00169888,-0.000110632,0.000994781,-0.000593661,-0.000163525,0.00215935,0.0014932,0.000940446,-3.98051e-05,-0.00016541,0.00116562,-0.000142218,0.0014932,0.0337306,0.00093106,-0.00222938,0.00151718,-0.000632033,0.00169888,0.000940446,0.00093106,0.0282351,-9.41341e-05,-4.44352e-05,6.44088e-05,-0.000110632,-3.98051e-05,-0.00222938,-9.41342e-05,0.0467666,
0.00248319,-0.000515162,-0.0013516,0.000993987,-0.000160938,0.00151836,-4.46241e-05,-0.000515162,0.00183817,-0.00107051,-0.00059601,0.00116506,-0.000630173,6.42994e-05,-0.0013516,-0.00107051,0.00330132,-0.000161363,-0.000139967,0.00170218,-0.000110528,0.000993987,-0.00059601,-0.000161363,0.002158,0.00148494,0.000935731,-3.85999e-05,-0.000160938,0.00116506,-0.000139967,0.00148494,0.0337535,0.000939532,-0.00222786,0.00151836,-0.000630173,0.00170218,0.000935731,0.000939532,0.0282472,-9.52379e-05,-4.46241e-05,6.42993e-05,-0.000110528,-3.86e-05,-0.00222786,-9.52379e-05,0.0467662,
0.00248532,-0.000515518,-0.00135334,0.000993185,-0.000156485,0.00151955,-4.48098e-05,-0.000515518,0.00183646,-0.00106964,-0.000598346,0.0011645,-0.00062831,6.4189e-05,-0.00135334,-0.00106964,0.00330432,-0.00015921,-0.000137739,0.00170543,-0.000110419,0.000993185,-0.000598346,-0.000159209,0.00215665,0.00147664,0.000930984,-3.73956e-05,-0.000156484,0.0011645,-0.000137738,0.00147664,0.0337762,0.000947949,-0.00222631,0.00151955,-0.00062831,0.00170543,0.000930984,0.000947949,0.0282592,-9.6333e-05,-4.48098e-05,6.4189e-05,-0.000110419,-3.73956e-05,-0.00222631,-9.63331e-05,0.0467658,
0.00248745,-0.000515876,-0.00135506,0.000992375,-0.00015205,0.00152074,-4.49924e-05,-0.000515876,0.00183474,-0.00106876,-0.00060067,0.00116393,-0.000626443,6.40779e-05,-0.00135506,-0.00106876,0.0033073,-0.000157065,-0.000135532,0.00170863,-0.000110304,0.000992375,-0.00060067,-0.000157065,0.00215532,0.00146832,0.000926205,-3.61923e-05,-0.00015205,0.00116393,-0.000135532,0.00146832,0.0337986,0.000956311,-0.00222473,0.00152074,-0.000626443,0.00170863,0.000926205,0.000956311,0.0282711,-9.74195e-05,-4.49924e-05,6.40778e-05,-0.000110304,-3.61923e-05,-0.00222473,-9.74195e-05,0.0467654,
0.00248958,-0.000516235,-0.00135677,0.000991558,-0.000147635,0.00152193,-4.51719e-05,-0.000516235,0.00183304,-0.00106788,-0.000602982,0.00116335,-0.000624572,6.39658e-05,-0.00135677,-0.00106788,0.00331025,-0.000154928,-0.000133349,0.0017118,-0.000110184,0.000991558,-0.000602982,-0.000154928,0.002154,0.00145997,0.000921394,-3.499e-05,-0.000147635,0.00116335,-0.000133349,0.00145997,0.0338208,0.000964619,-0.00222313,0.00152193,-0.000624572,0.0017118,0.000921394,0.000964619,0.0282829,-9.84973e-05,-4.51719e-05,6.39658e-05,-0.000110184,-3.499e-05,-0.00222313,-9.84973e-05,0.046765,
0.0024917,-0.000516597,-0.00135847,0.000990733,-0.000143239,0.00152312,-4.53484e-05,-0.000516597,0.00183133,-0.001067,-0.000605282,0.00116276,-0.000622697,6.3853e-05,-0.00135847,-0.001067,0.00331317,-0.0001528,-0.000131187,0.00171492,-0.000110059,0.000990733,-0.000605282,-0.0001528,0.00215269,0.00145158,0.000916551,-3.37888e-05,-0.000143239,0.00116276,-0.000131187,0.00145158,0.0338428,0.00097287,-0.00222149,0.00152312,-0.000622697,0.00171492,0.000916551,0.00097287,0.0282947,-9.95666e-05,-4.53484e-05,6.3853e-05,-0.000110059,-3.37888e-05,-0.00222149,-9.95666e-05,0.0467646,
0.00249383,-0.00051696,-0.00136016,0.000989901,-0.000138863,0.00152431,-4.55218e-05,-0.00051696,0.00182964,-0.00106611,-0.000607571,0.00116217,-0.00062082,6.37395e-05,-0.00136016,-0.00106611,0.00331607,-0.00015068,-0.000129048,0.00171801,-0.000109929,0.000989901,-0.000607571,-0.00015068,0.00215138,0.00144317,0.000911678,-3.25889e-05,-0.000138863,0.00116217,-0.000129048,0.00144317,0.0338646,0.000981066,-0.00221982,0.00152431,-0.00062082,0.00171801,0.000911678,0.000981066,0.0283064,-0.000100627,-4.55218e-05,6.37395e-05,-0.000109929,-3.25889e-05,-0.00221982,-0.000100627,0.0467642,
0.00249594,-0.000517325,-0.00136183,0.000989061,-0.000134507,0.0015255,-4.56921e-05,-0.000517325,0.00182795,-0.00106522,-0.000609847,0.00116156,-0.00061894,6.36252e-05,-0.00136183,-0.00106522,0.00331895,-0.000148569,-0.000126932,0.00172105,-0.000109794,0.000989061,-0.000609847,-0.000148569,0.00215009,0.00143473,0.000906773,-3.13904e-05,-0.000134507,0.00116156,-0.000126932,0.00143473,0.0338861,0.000989205,-0.00221813,0.0015255,-0.00061894,0.00172105,0.000906773,0.000989205,0.028318,-0.00010168,-4.56921e-05,6.36252e-05,-0.000109794,-3.13904e-05,-0.00221813,-0.00010168,0.0467638,
0.00249806,-0.000517692,-0.00136349,0.000988214,-0.000130171,0.00152669,-4.58594e-05,-0.000517692,0.00182626,-0.00106433,-0.000612111,0.00116096,-0.000617057,6.35102e-05,-0.00136349,-0.00106433,0.0033218,-0.000146467,-0.000124837,0.00172405,-0.000109654,0.000988214,-0.000612111,-0.000146467,0.00214882,0.00142626,0.000901839,-3.01933e-05,-0.000130171,0.00116096,-0.000124837,0.00142626,0.0339075,0.000997288,-0.00221641,0.00152669,-0.000617057,0.00172405,0.000901839,0.000997288,0.0283296,-0.000102724,-4.58594e-05,6.35101e-05,-0.000109654,-3.01933e-05,-0.00221641,-0.000102724,0.0467633,
0.00250017,-0.000518061,-0.00136514,0.000987359,-0.000125855,0.00152789,-4.60236e-05,-0.000518061,0.00182458,-0.00106343,-0.000614363,0.00116034,-0.000615171,6.33945e-05,-0.00136514,-0.00106343,0.00332462,-0.000144372,-0.000122765,0.00172702,-0.000109509,0.000987359,-0.000614363,-0.000144372,0.00214755,0.00141777,0.000896875,-2.89978e-05,-0.000125855,0.00116034,-0.000122765,0.00141777,0.0339286,0.00100531,-0.00221466,0.00152789,-0.000615171,0.00172702,0.000896875,0.00100531,0.028341,-0.000103759,-4.60235e-05,6.33945e-05,-0.000109509,-2.89978e-05,-0.00221466,-0.000103759,0.0467629,
0.00250228,-0.000518431,-0.00136677,0.000986498,-0.00012156,0.00152908,-4.61847e-05,-0.000518431,0.00182291,-0.00106253,-0.000616603,0.00115972,-0.000613284,6.32781e-05,-0.00136677,-0.00106253,0.00332742,-0.000142286,-0.000120715,0.00172994,-0.000109359,0.000986498,-0.000616603,-0.000142286,0.00214629,0.00140925,0.000891881,-2.78039e-05,-0.00012156,0.00115972,-0.000120715,0.00140925,0.0339494,0.00101328,-0.00221289,0.00152908,-0.000613284,0.00172994,0.000891881,0.00101328,0.0283525,-0.000104786,-4.61847e-05,6.32782e-05,-0.000109359,-2.78039e-05,-0.00221289,-0.000104786,0.0467625,
0.00250439,-0.000518804,-0.00136839,0.000985628,-0.000117285,0.00153028,-4.63428e-05,-0.000518804,0.00182124,-0.00106162,-0.000618831,0.00115909,-0.000611394,6.31612e-05,-0.00136839,-0.00106162,0.00333019,-0.000140209,-0.000118687,0.00173282,-0.000109205,0.000985628,-0.000618831,-0.000140209,0.00214504,0.00140071,0.000886858,-2.66118e-05,-0.000117285,0.00115909,-0.000118687,0.00140071,0.0339701,0.00102119,-0.00221109,0.00153028,-0.000611394,0.00173282,0.000886858,0.00102119,0.0283638,-0.000105805,-4.63428e-05,6.31612e-05,-0.000109205,-2.66118e-05,-0.00221109,-0.000105805,0.0467621,
0.0025065,-0.000519178,-0.00137,0.000984752,-0.000113032,0.00153148,-4.64978e-05,-0.000519178,0.00181958,-0.00106071,-0.000621048,0.00115845,-0.000609503,6.30436e-05,-0.00137,-0.00106071,0.00333294,-0.00013814,-0.00011668,0.00173566,-0.000109046,0.000984752,-0.000621048,-0.00013814,0.00214381,0.00139214,0.000881807,-2.54215e-05,-0.000113032,0.00115845,-0.00011668,0.00139214,0.0339905,0.00102905,-0.00220926,0.00153148,-0.000609503,0.00173566,0.000881807,0.00102905,0.0283751,-0.000106816,-4.64978e-05,6.30436e-05,-0.000109046,-2.54215e-05,-0.00220926,-0.000106816,0.0467616,
0.0025086,-0.000519555,-0.0013716,0.000983869,-0.000108799,0.00153268,-4.66498e-05,-0.000519555,0.00181792,-0.0010598,-0.000623252,0.00115781,-0.00060761,6.29255e-05,-0.0013716,-0.0010598,0.00333567,-0.000136079,-0.000114696,0.00173847,-0.000108882,0.000983869,-0.000623252,-0.000136079,0.00214259,0.00138355,0.000876728,-2.42331e-05,-0.000108799,0.00115781,-0.000114696,0.00138355,0.0340108,0.00103684,-0.0022074,0.00153268,-0.00060761,0.00173847,0.000876728,0.00103684,0.0283863,-0.000107818,-4.66498e-05,6.29255e-05,-0.000108882,-2.42331e-05,-0.0022074,-0.000107818,0.0467612,
0.0025107,-0.000519933,-0.00137318,0.000982978,-0.000104588,0.00153387,-4.67988e-05,-0.000519933,0.00181627,-0.00105888,-0.000625445,0.00115716,-0.000605715,6.28068e-05,-0.00137318,-0.00105888,0.00333837,-0.000134027,-0.000112733,0.00174123,-0.000108714,0.000982978,-0.000625445,-0.000134027,0.00214137,0.00137493,0.000871621,-2.30467e-05,-0.000104588,0.00115716,-0.000112733,0.00137493,0.0340308,0.00104458,-0.00220552,0.00153387,-0.000605715,0.00174123,0.000871621,0.00104458,0.0283974,-0.000108813,-4.67987e-05,6.28068e-05,-0.000108714,-2.30467e-05,-0.00220552,-0.000108813,0.0467608,
0.0025128,-0.000520313,-0.00137476,0.000982081,-0.000100398,0.00153507,-4.69446e-05,-0.000520313,0.00181463,-0.00105796,-0.000627626,0.0011565,-0.00060382,6.26876e-05,-0.00137476,-0.00105796,0.00334104,-0.000131983,-0.000110793,0.00174396,-0.000108542,0.000982081,-0.000627626,-0.000131983,0.00214017,0.00136629,0.000866486,-2.18624e-05,-0.000100398,0.0011565,-0.000110792,0.00136629,0.0340505,0.00105226,-0.00220362,0.00153507,-0.00060382,0.00174396,0.000866486,0.00105226,0.0284085,-0.000109799,-4.69447e-05,6.26876e-05,-0.000108542,-2.18624e-05,-0.00220362,-0.000109799,0.0467604,
0.0025149,-0.000520694,-0.00137632,0.000981176,-9.62305e-05,0.00153627,-4.70875e-05,-0.000520694,0.00181299,-0.00105703,-0.000629795,0.00115584,-0.000601923,6.25678e-05,-0.00137632,-0.00105703,0.00334369,-0.000129948,-0.000108873,0.00174665,-0.000108365,0.000981176,-0.000629795,-0.000129948,0.00213898,0.00135763,0.000861325,-2.06803e-05,-9.62305e-05,0.00115584,-0.000108873,0.00135763,0.0340701,0.00105988,-0.00220168,0.00153627,-0.000601923,0.00174665,0.000861325,0.00105988,0.0284195,-0.000110777,-4.70875e-05,6.25678e-05,-0.000108365,-2.06803e-05,-0.00220168,-0.000110777,0.0467599,
0.00251699,-0.000521078,-0.00137787,0.000980264,-9.20843e-05,0.00153747,-4.72273e-05,-0.000521078,0.00181136,-0.00105611,-0.000631952,0.00115517,-0.000600026,6.24476e-05,-0.00137787,-0.00105611,0.00334632,-0.00012792,-0.000106976,0.0017493,-0.000108183,0.000980264,-0.000631952,-0.00012792,0.0021378,0.00134895,0.000856138,-1.95004e-05,-9.20843e-05,0.00115517,-0.000106976,0.00134895,0.0340895,0.00106744,-0.00219973,0.00153747,-0.000600026,0.0017493,0.000856138,0.00106744,0.0284304,-0.000111747,-4.72273e-05,6.24476e-05,-0.000108183,-1.95004e-05,-0.00219973,-0.000111747,0.0467595,
0.00251908,-0.000521463,-0.0013794,0.000979346,-8.79602e-05,0.00153867,-4.73641e-05,-0.000521463,0.00180973,-0.00105518,-0.000634098,0.0011545,-0.000598128,6.23269e-05,-0.0013794,-0.00105518,0.00334892,-0.000125902,-0.0001051,0.00175191,-0.000107998,0.000979346,-0.000634098,-0.000125902,0.00213663,0.00134024,0.000850924,-1.83229e-05,-8.79602e-05,0.0011545,-0.0001051,0.00134024,0.0341086,0.00107494,-0.00219775,0.00153867,-0.000598128,0.00175191,0.000850924,0.00107494,0.0284412,-0.000112709,-4.73641e-05,6.23269e-05,-0.000107998,-1.83229e-05,-0.00219775,-0.000112709,0.0467591,
0.00252117,-0.00052185,-0.00138093,0.000978421,-8.38582e-05,0.00153987,-4.74979e-05,-0.00052185,0.00180811,-0.00105425,-0.000636233,0.00115381,-0.00059623,6.22058e-05,-0.00138093,-0.00105425,0.0033515,-0.000123891,-0.000103245,0.00175449,-0.000107808,0.000978421,-0.000636233,-0.000123891,0.00213547,0.00133152,0.000845686,-1.71478e-05,-8.38581e-05,0.00115381,-0.000103245,0.00133152,0.0341275,0.00108238,-0.00219574,0.00153987,-0.00059623,0.00175449,0.000845686,0.00108238,0.028452,-0.000113663,-4.74979e-05,6.22057e-05,-0.000107808,-1.71478e-05,-0.00219574,-0.000113663,0.0467586,
0.00252326,-0.000522239,-0.00138244,0.000977489,-7.97785e-05,0.00154107,-4.76287e-05,-0.000522239,0.00180649,-0.00105331,-0.000638355,0.00115312,-0.000594331,6.20842e-05,-0.00138244,-0.00105331,0.00335405,-0.000121889,-0.000101412,0.00175702,-0.000107614,0.000977489,-0.000638355,-0.000121889,0.00213432,0.00132278,0.000840422,-1.59752e-05,-7.97784e-05,0.00115312,-0.000101412,0.00132278,0.0341462,0.00108976,-0.00219371,0.00154107,-0.000594331,0.00175702,0.000840422,0.00108976,0.0284627,-0.000114609,-4.76286e-05,6.20842e-05,-0.000107614,-1.59753e-05,-0.00219371,-0.000114609,0.0467582,
0.00252534,-0.000522629,-0.00138394,0.000976551,-7.57212e-05,0.00154227,-4.77564e-05,-0.000522629,0.00180489,-0.00105237,-0.000640467,0.00115243,-0.000592433,6.19622e-05,-0.00138394,-0.00105237,0.00335659,-0.000119895,-9.95994e-05,0.00175953,-0.000107416,0.000976551,-0.000640467,-0.000119895,0.00213319,0.00131402,0.000835133,-1.48053e-05,-7.57212e-05,0.00115243,-9.95994e-05,0.00131402,0.0341647,0.00109709,-0.00219166,0.00154227,-0.000592433,0.00175953,0.000835133,0.00109709,0.0284733,-0.000115547,-4.77564e-05,6.19623e-05,-0.000107416,-1.48053e-05,-0.00219166,-0.000115547,0.0467578,
0.00252742,-0.000523021,-0.00138543,0.000975606,-7.16865e-05,0.00154346,-4.78811e-05,-0.000523021,0.00180328,-0.00105143,-0.000642567,0.00115173,-0.000590534,6.18399e-05,-0.00138543,-0.00105143,0.00335909,-0.000117909,-9.78085e-05,0.00176199,-0.000107214,0.000975606,-0.000642567,-0.000117909,0.00213206,0.00130524,0.00082982,-1.36379e-05,-7.16865e-05,0.00115173,-9.78085e-05,0.00130524,0.034183,0.00110435,-0.00218958,0.00154346,-0.000590534,0.00176199,0.00082982,0.00110435,0.0284839,-0.000116477,-4.78811e-05,6.18399e-05,-0.000107214,-1.36379e-05,-0.00218958,-0.000116477,0.0467573,
0.0025295,-0.000523414,-0.00138691,0.000974655,-6.76745e-05,0.00154466,-4.80029e-05,-0.000523414,0.00180168,-0.00105049,-0.000644655,0.00115102,-0.000588636,6.17172e-05,-0.00138691,-0.00105049,0.00336158,-0.000115932,-9.60386e-05,0.00176442,-0.000107008,0.000974655,-0.000644655,-0.000115932,0.00213095,0.00129644,0.000824484,-1.24734e-05,-6.76745e-05,0.00115102,-9.60386e-05,0.00129644,0.034201,0.00111156,-0.00218749,0.00154466,-0.000588636,0.00176442,0.000824484,0.00111156,0.0284944,-0.0001174,-4.80028e-05,6.17172e-05,-0.000107008,-1.24734e-05,-0.00218749,-0.0001174,0.0467569,
0.00253158,-0.000523809,-0.00138838,0.000973697,-6.36854e-05,0.00154586,-4.81216e-05,-0.000523809,0.00180009,-0.00104954,-0.000646733,0.0011503,-0.000586738,6.15941e-05,-0.00138838,-0.00104954,0.00336404,-0.000113962,-9.42897e-05,0.00176681,-0.000106798,0.000973697,-0.000646733,-0.000113962,0.00212985,0.00128762,0.000819124,-1.13116e-05,-6.36854e-05,0.0011503,-9.42897e-05,0.00128762,0.0342189,0.0011187,-0.00218536,0.00154586,-0.000586738,0.00176681,0.000819124,0.0011187,0.0285048,-0.000118315,-4.81216e-05,6.15941e-05,-0.000106798,-1.13116e-05,-0.00218536,-0.000118315,0.0467564,
0.00253365,-0.000524206,-0.00138984,0.000972733,-5.97193e-05,0.00154705,-4.82373e-05,-0.000524206,0.00179851,-0.00104859,-0.000648799,0.00114958,-0.000584841,6.14708e-05,-0.00138984,-0.00104859,0.00336647,-0.000112001,-9.25616e-05,0.00176917,-0.000106585,0.000972733,-0.000648799,-0.000112001,0.00212876,0.00127879,0.000813741,-1.01527e-05,-5.97193e-05,0.00114958,-9.25616e-05,0.00127879,0.0342365,0.00112578,-0.00218322,0.00154705,-0.000584841,0.00176917,0.000813741,0.00112578,0.0285152,-0.000119222,-4.82374e-05,6.14707e-05,-0.000106585,-1.01527e-05,-0.00218322,-0.000119222,0.046756,
0.00253572,-0.000524603,-0.00139129,0.000971762,-5.57763e-05,0.00154825,-4.83501e-05,-0.000524603,0.00179693,-0.00104764,-0.000650854,0.00114886,-0.000582944,6.13471e-05,-0.00139129,-0.00104764,0.00336889,-0.000110048,-9.08544e-05,0.00177149,-0.000106367,0.000971762,-0.000650854,-0.000110048,0.00212768,0.00126995,0.000808336,-8.99675e-06,-5.57763e-05,0.00114886,-9.08544e-05,0.00126995,0.0342539,0.0011328,-0.00218106,0.00154825,-0.000582944,0.00177149,0.000808336,0.0011328,0.0285255,-0.000120121,-4.83501e-05,6.1347e-05,-0.000106367,-8.99675e-06,-0.00218106,-0.000120121,0.0467555,
0.00253779,-0.000525003,-0.00139272,0.000970786,-5.18565e-05,0.00154944,-4.84599e-05,-0.000525003,0.00179535,-0.00104669,-0.000652897,0.00114812,-0.000581049,6.12231e-05,-0.00139272,-0.00104669,0.00337128,-0.000108103,-8.91679e-05,0.00177377,-0.000106146,0.000970786,-0.000652897,-0.000108103,0.00212661,0.00126108,0.000802909,-7.84384e-06,-5.18565e-05,0.00114812,-8.91678e-05,0.00126108,0.0342711,0.00113977,-0.00217887,0.00154944,-0.000581049,0.00177377,0.000802909,0.00113977,0.0285357,-0.000121013,-4.84599e-05,6.12231e-05,-0.000106146,-7.84378e-06,-0.00217887,-0.000121013,0.0467551,
0.00253986,-0.000525403,-0.00139414,0.000969803,-4.79601e-05,0.00155063,-4.85668e-05,-0.000525403,0.00179379,-0.00104573,-0.00065493,0.00114739,-0.000579154,6.10988e-05,-0.00139414,-0.00104573,0.00337365,-0.000106166,-8.75019e-05,0.00177603,-0.000105921,0.000969803,-0.00065493,-0.000106166,0.00212556,0.00125221,0.000797461,-6.69401e-06,-4.79601e-05,0.00114739,-8.75019e-05,0.00125221,0.0342881,0.00114667,-0.00217666,0.00155063,-0.000579155,0.00177603,0.000797461,0.00114667,0.0285458,-0.000121897,-4.85668e-05,6.10988e-05,-0.000105921,-6.69403e-06,-0.00217666,-0.000121897,0.0467547,
0.00254192,-0.000525805,-0.00139556,0.000968814,-4.40871e-05,0.00155182,-4.86707e-05,-0.000525805,0.00179222,-0.00104477,-0.000656952,0.00114664,-0.000577261,6.09743e-05,-0.00139556,-0.00104477,0.00337599,-0.000104238,-8.58565e-05,0.00177824,-0.000105693,0.000968814,-0.000656952,-0.000104238,0.00212451,0.00124332,0.000791991,-5.54737e-06,-4.40871e-05,0.00114664,-8.58565e-05,0.00124332,0.0343049,0.00115351,-0.00217443,0.00155182,-0.000577261,0.00177824,0.000791991,0.00115351,0.0285559,-0.000122773,-4.86707e-05,6.09743e-05,-0.000105693,-5.5474e-06,-0.00217443,-0.000122773,0.0467542,
0.00254398,-0.000526209,-0.00139696,0.00096782,-4.02378e-05,0.00155301,-4.87716e-05,-0.000526209,0.00179067,-0.00104382,-0.000658962,0.00114589,-0.000575369,6.08495e-05,-0.00139696,-0.00104382,0.00337831,-0.000102317,-8.42314e-05,0.00178043,-0.000105461,0.00096782,-0.000658962,-0.000102317,0.00212348,0.00123441,0.000786501,-4.40395e-06,-4.02378e-05,0.00114589,-8.42315e-05,0.00123441,0.0343215,0.00116029,-0.00217218,0.00155301,-0.000575369,0.00178043,0.000786501,0.00116029,0.0285659,-0.000123642,-4.87716e-05,6.08495e-05,-0.000105461,-4.40392e-06,-0.00217218,-0.000123642,0.0467538,
0.00254604,-0.000526613,-0.00139835,0.000966819,-3.64121e-05,0.0015542,-4.88696e-05,-0.000526613,0.00178912,-0.00104285,-0.000660962,0.00114513,-0.000573479,6.07246e-05,-0.00139835,-0.00104285,0.00338061,-0.000100404,-8.26267e-05,0.00178257,-0.000105226,0.000966819,-0.000660962,-0.000100404,0.00212246,0.00122549,0.00078099,-3.26383e-06,-3.6412e-05,0.00114513,-8.26267e-05,0.00122549,0.0343379,0.00116701,-0.00216991,0.0015542,-0.000573479,0.00178257,0.00078099,0.00116701,0.0285758,-0.000124504,-4.88696e-05,6.07246e-05,-0.000105226,-3.26383e-06,-0.00216991,-0.000124504,0.0467533,
0.0025481,-0.000527019,-0.00139973,0.000965813,-3.26102e-05,0.00155538,-4.89647e-05,-0.000527019,0.00178757,-0.00104189,-0.000662951,0.00114437,-0.00057159,6.05994e-05,-0.00139973,-0.00104189,0.00338289,-9.84997e-05,-8.10421e-05,0.00178469,-0.000104987,0.000965813,-0.000662951,-9.84996e-05,0.00212145,0.00121657,0.000775459,-2.12708e-06,-3.26102e-05,0.00114437,-8.10421e-05,0.00121657,0.034354,0.00117367,-0.00216762,0.00155538,-0.00057159,0.00178469,0.000775459,0.00117367,0.0285857,-0.000125358,-4.89647e-05,6.05994e-05,-0.000104987,-2.12708e-06,-0.00216762,-0.000125358,0.0467529,
0.00255015,-0.000527426,-0.0014011,0.0009648,-2.88322e-05,0.00155656,-4.90569e-05,-0.000527426,0.00178603,-0.00104093,-0.000664929,0.0011436,-0.000569703,6.0474e-05,-0.0014011,-0.00104093,0.00338515,-9.66029e-05,-7.94777e-05,0.00178677,-0.000104745,0.0009648,-0.000664929,-9.66029e-05,0.00212045,0.00120762,0.00076991,-9.93761e-07,-2.88322e-05,0.0011436,-7.94777e-05,0.00120762,0.03437,0.00118027,-0.00216531,0.00155656,-0.000569704,0.00178677,0.00076991,0.00118027,0.0285955,-0.000126204,-4.90569e-05,6.0474e-05,-0.000104745,-9.93761e-07,-0.00216531,-0.000126204,0.0467524,
0.0025522,-0.000527834,-0.00140246,0.000963783,-2.50781e-05,0.00155775,-4.91462e-05,-0.000527834,0.0017845,-0.00103996,-0.000666897,0.00114283,-0.000567819,6.03484e-05,-0.00140246,-0.00103996,0.00338738,-9.47141e-05,-7.79332e-05,0.00178882,-0.0001045,0.000963783,-0.000666897,-9.47141e-05,0.00211946,0.00119867,0.000764341,1.36086e-07,-2.50782e-05,0.00114283,-7.79332e-05,0.00119867,0.0343857,0.0011868,-0.00216298,0.00155775,-0.000567819,0.00178882,0.000764341,0.0011868,0.0286052,-0.000127044,-4.91462e-05,6.03484e-05,-0.0001045,1.36058e-07,-0.00216298,-0.000127044,0.046752,
0.00255425,-0.000528243,-0.00140381,0.000962759,-2.13482e-05,0.00155893,-4.92326e-05,-0.000528243,0.00178297,-0.00103899,-0.000668853,0.00114205,-0.000565936,6.02228e-05,-0.00140381,-0.00103899,0.00338959,-9.28332e-05,-7.64087e-05,0.00179083,-0.000104252,0.000962759,-0.000668853,-9.28332e-05,0.00211849,0.00118971,0.000758753,1.26238e-06,-2.13482e-05,0.00114205,-7.64087e-05,0.00118971,0.0344013,0.00119328,-0.00216063,0.00155893,-0.000565936,0.00179083,0.000758753,0.00119328,0.0286148,-0.000127875,-4.92325e-05,6.02228e-05,-0.000104252,1.26238e-06,-0.00216063,-0.000127875,0.0467515,
0.0025563,-0.000528654,-0.00140515,0.00096173,-1.76424e-05,0.0015601,-4.93161e-05,-0.000528654,0.00178145,-0.00103802,-0.000670799,0.00114127,-0.000564055,6.00969e-05,-0.00140515,-0.00103802,0.00339178,-9.09601e-05,-7.49039e-05,0.00179282,-0.000104,0.00096173,-0.000670799,-9.09601e-05,0.00211753,0.00118074,0.000753148,2.38506e-06,-1.76424e-05,0.00114127,-7.49039e-05,0.00118074,0.0344166,0.00119969,-0.00215827,0.0015601,-0.000564055,0.00179282,0.000753148,0.00119969,0.0286244,-0.0001287,-4.93161e-05,6.00969e-05,-0.000104,2.38504e-06,-0.00215827,-0.0001287,0.0467511,
