0.00387396,-5.96838e-05,-0.00130089,-6.22984e-06,-0.00191449,-0.000675104,7.29158e-05,-5.96838e-05,0.00114832,-4.29811e-05,0.00132939,-0.000384616,-0.000462614,-1.72278e-05,-0.00130089,-4.29811e-05,0.00289757,-0.000102329,-0.00188789,-0.000699798,1.60605e-05,-6.22984e-06,0.00132939,-0.000102329,0.0034516,0.00077025,-0.000759257,-8.14855e-05,-0.00191449,-0.000384616,-0.00188789,0.00077025,0.0270495,0.00131954,0.00135802,-0.000675104,-0.000462614,-0.000699798,-0.000759257,0.00131954,0.0244912,-7.34291e-05,7.29158e-05,-1.72278e-05,1.60605e-05,-8.14855e-05,0.00135802,-7.34291e-05,0.0466993,
0.00387104,0,-0.00130403,-6.72717e-06,-0.0019119,0,7.26365e-05,-6.05236e-05,0,-4.37519e-05,0.00132904,-0.000383705,0,-1.72045e-05,-0.00130403,0,0.00289555,-0.000103491,-0.00188314,0,1.5945e-05,-6.72712e-06,0,-0.000103491,0.00345012,0.000772279,0,-8.18995e-05,-0.0019119,0,-0.00188314,0.000772279,0.0270447,0,0.00135467,-0.000677573,0,-0.000702388,-0.000761964,0.0013258,0,-7.15719e-05,7.26365e-05,0,1.59449e-05,-8.18995e-05,0.00135467,0,0.046699,
0.00386605,0,-0.00130902,-7.7458e-06,-0.00190756,0,7.21432e-05,-6.21245e-05,0,-4.52906e-05,0.0013286,-0.000382952,0,-1.72775e-05,-0.00130902,0,0.00289448,-0.000105645,-0.00187555,0,1.58835e-05,-7.74586e-06,0,-0.000105645,0.00344818,0.000776032,0,-8.25426e-05,-0.00190756,0,-0.00187555,0.000776032,0.0270378,0,0.00134997,-0.000681143,0,-0.000706139,-0.000764275,0.00133431,0,-6.98672e-05,7.21432e-05,0,1.58835e-05,-8.25427e-05,0.00134997,0,0.0466986,
0.00385935,0,-0.00131542,-9.12392e-06,-0.00190158,0,7.14269e-05,-6.40684e-05,0,-4.72044e-05,0.00132812,-0.000383012,0,-1.74246e-05,-0.00131542,0,0.00289494,-0.000108218,-0.00186563,0,1.58131e-05,-9.1239e-06,0,-0.000108218,0.00344625,0.000781435,0,-8.32769e-05,-0.00190158,0,-0.00186563,0.000781435,0.02703,0,0.00134529,-0.000685177,0,-0.000710236,-0.00076476,0.00134423,0,-6.81858e-05,7.14269e-05,0,1.58131e-05,-8.32769e-05,0.00134529,0,0.0466982,
0.00385139,-6.59561e-05,-0.00132282,-1.06658e-05,-0.00189468,-0.0006892,7.05745e-05,-6.59561e-05,0.00114903,-4.91046e-05,0.00132763,-0.000383455,-0.00046329,-1.75835e-05,-0.00132282,-4.91046e-05,0.00289639,-0.000110708,-0.00185465,-0.000714146,1.57281e-05,-1.06658e-05,0.00132763,-0.000110708,0.00344437,0.000787425,-0.000764429,-8.40069e-05,-0.00189468,-0.000383455,-0.00185465,0.000787425,0.0270218,0.00135444,0.00134089,-0.0006892,-0.00046329,-0.000714146,-0.000764429,0.00135444,0.0245235,-6.65225e-05,7.05745e-05,-1.75835e-05,1.57281e-05,-8.4007e-05,0.00134089,-6.65225e-05,0.0466978,
0.00384271,-6.78356e-05,-0.00133078,-1.23304e-05,-0.0018874,-0.000693042,6.96722e-05,-6.78355e-05,0.00114929,-5.1018e-05,0.0013271,-0.000383787,-0.000463466,-1.77391e-05,-0.00133078,-5.1018e-05,0.00289812,-0.000113197,-0.00184334,-0.000717663,1.56357e-05,-1.23304e-05,0.0013271,-0.000113197,0.00344242,0.000793391,-0.000764208,-8.47216e-05,-0.0018874,-0.000383787,-0.00184334,0.000793391,0.0270136,0.00136444,0.00133668,-0.000693042,-0.000463466,-0.000717663,-0.000764208,0.00136444,0.0245327,-6.48566e-05,6.96722e-05,-1.77391e-05,1.56357e-05,-8.47216e-05,0.00133668,-6.48566e-05,0.0466974,
0.00383353,-6.96671e-05,-0.00133908,-1.40689e-05,-0.00187973,-0.000696808,6.87286e-05,-6.96671e-05,0.00114956,-5.29011e-05,0.00132655,-0.00038418,-0.000463724,-1.78919e-05,-0.00133908,-5.29011e-05,0.00290015,-0.000115616,-0.00183173,-0.000721,1.55364e-05,-1.40689e-05,0.00132655,-0.000115616,0.00344045,0.000799495,-0.000763795,-8.54246e-05,-0.00187973,-0.00038418,-0.00183173,0.000799495,0.0270052,0.00137442,0.00133264,-0.000696808,-0.000463724,-0.000721,-0.000763795,0.00137442,0.0245418,-6.31927e-05,6.87286e-05,-1.78919e-05,1.55364e-05,-8.54246e-05,0.00133264,-6.31928e-05,0.0466971,
0.00382402,-7.14651e-05,-0.00134754,-1.58615e-05,-0.00187184,-0.000700578,6.77691e-05,-7.1465e-05,0.00114983,-5.47639e-05,0.001326,-0.00038452,-0.000463998,-1.80374e-05,-0.00134754,-5.47639e-05,0.00290237,-0.00011798,-0.00182004,-0.00072434,1.54464e-05,-1.58614e-05,0.001326,-0.00011798,0.00343844,0.000805636,-0.000763432,-8.61311e-05,-0.00187184,-0.00038452,-0.00182004,0.000805636,0.0269967,0.00138443,0.00132853,-0.000700578,-0.000463998,-0.00072434,-0.000763432,0.00138443,0.0245512,-6.15405e-05,6.77691e-05,-1.80374e-05,1.54464e-05,-8.61311e-05,0.00132853,-6.15405e-05,0.0466967,
0.00381431,-7.32296e-05,-0.00135608,-1.76976e-05,-0.00186375,-0.000704256,6.68003e-05,-7.32297e-05,0.0011501,-5.66035e-05,0.00132543,-0.000384858,-0.000464325,-1.81788e-05,-0.00135608,-5.66036e-05,0.00290473,-0.000120291,-0.00180834,-0.000727534,1.53552e-05,-1.76976e-05,0.00132543,-0.000120291,0.00343643,0.000811799,-0.000762976,-8.68256e-05,-0.00186375,-0.000384858,-0.00180834,0.000811799,0.0269882,0.00139431,0.00132454,-0.000704256,-0.000464325,-0.000727534,-0.000762976,0.00139431,0.0245606,-5.98967e-05,6.68003e-05,-1.81788e-05,1.53553e-05,-8.68256e-05,0.00132454,-5.98967e-05,0.0466963,
0.00380446,-7.49684e-05,-0.00136461,-1.95664e-05,-0.00185552,-0.000707921,6.58311e-05,-7.49684e-05,0.00115037,-5.84252e-05,0.00132486,-0.000385163,-0.000464662,-1.83146e-05,-0.00136461,-5.84252e-05,0.0029072,-0.000122555,-0.00179666,-0.000730726,1.5271e-05,-1.95664e-05,0.00132486,-0.000122555,0.00343439,0.000817986,-0.00076251,-8.75199e-05,-0.00185552,-0.000385163,-0.00179666,0.000817986,0.0269796,0.00140419,0.00132052,-0.000707921,-0.000464662,-0.000730726,-0.00076251,0.00140419,0.0245701,-5.82654e-05,6.58311e-05,-1.83146e-05,1.5271e-05,-8.75199e-05,0.00132052,-5.82654e-05,0.0466959,
0.00379453,-7.66827e-05,-0.00137309,-2.14636e-05,-0.00184717,-0.000711523,6.48653e-05,-7.66827e-05,0.00115065,-6.02293e-05,0.00132429,-0.000385446,-0.000465024,-1.8446e-05,-0.00137309,-6.02293e-05,0.00290974,-0.000124774,-0.00178505,-0.000733841,1.51896e-05,-2.14636e-05,0.00132429,-0.000124774,0.00343235,0.000824171,-0.000761994,-8.82066e-05,-0.00184717,-0.000385446,-0.00178505,0.000824171,0.026971,0.00141396,0.00131656,-0.000711523,-0.000465024,-0.000733841,-0.000761994,0.00141396,0.0245796,-5.66453e-05,6.48654e-05,-1.8446e-05,1.51896e-05,-8.82066e-05,0.00131656,-5.66453e-05,0.0466955,
0.00378455,-7.83754e-05,-0.00138149,-2.33835e-05,-0.00183872,-0.000715096,6.39062e-05,-7.83754e-05,0.00115092,-6.20176e-05,0.00132371,-0.000385702,-0.000465396,-1.85725e-05,-0.00138149,-6.20176e-05,0.00291235,-0.000126951,-0.00177353,-0.000736939,1.51134e-05,-2.33835e-05,0.00132371,-0.000126951,0.00343029,0.000830362,-0.000761446,-8.88904e-05,-0.00183872,-0.000385702,-0.00177353,0.000830362,0.0269623,0.00142369,0.00131261,-0.000715096,-0.000465396,-0.000736939,-0.000761446,0.00142369,0.0245893,-5.50375e-05,6.39062e-05,-1.85725e-05,1.51135e-05,-8.88903e-05,0.00131261,-5.50375e-05,0.0466951,
0.00377455,-8.00474e-05,-0.0013898,-2.53236e-05,-0.00183019,-0.000718621,6.29553e-05,-8.00474e-05,0.0011512,-6.37908e-05,0.00132313,-0.000385933,-0.000465782,-1.86948e-05,-0.0013898,-6.37909e-05,0.00291501,-0.000129088,-0.00176211,-0.000739993,1.50411e-05,-2.53236e-05,0.00132313,-0.000129088,0.00342823,0.000836547,-0.000760857,-8.95686e-05,-0.00183019,-0.000385933,-0.00176211,0.000836547,0.0269537,0.00143333,0.00130869,-0.000718621,-0.000465782,-0.000739993,-0.000760857,0.00143333,0.024599,-5.34415e-05,6.29553e-05,-1.86948e-05,1.50411e-05,-8.95686e-05,0.00130869,-5.34415e-05,0.0466947,
0.00376455,-8.17e-05,-0.001398,-2.7281e-05,-0.00182159,-0.000722111,6.20139e-05,-8.17e-05,0.00115147,-6.55497e-05,0.00132255,-0.000386138,-0.000466176,-1.88127e-05,-0.001398,-6.55497e-05,0.00291771,-0.000131186,-0.0017508,-0.000743025,1.49733e-05,-2.7281e-05,0.00132255,-0.000131186,0.00342615,0.000842728,-0.000760231,-9.02426e-05,-0.00182159,-0.000386138,-0.0017508,0.000842728,0.0269451,0.00144291,0.00130478,-0.000722111,-0.000466176,-0.000743025,-0.000760231,0.00144291,0.0246087,-5.18574e-05,6.20139e-05,-1.88127e-05,1.49732e-05,-9.02426e-05,0.00130478,-5.18575e-05,0.0466943,
0.00375456,-8.33335e-05,-0.00140609,-2.92542e-05,-0.00181291,-0.000725559,6.10826e-05,-8.33335e-05,0.00115175,-6.72946e-05,0.00132196,-0.000386319,-0.00046658,-1.89265e-05,-0.00140609,-6.72946e-05,0.00292044,-0.000133247,-0.0017396,-0.000746026,1.49092e-05,-2.92542e-05,0.00132196,-0.000133247,0.00342407,0.000848901,-0.000759565,-9.09118e-05,-0.00181291,-0.000386319,-0.0017396,0.000848901,0.0269366,0.0014524,0.00130089,-0.000725559,-0.00046658,-0.000746026,-0.000759565,0.0014524,0.0246185,-5.02848e-05,6.10826e-05,-1.89265e-05,1.49092e-05,-9.09118e-05,0.00130089,-5.02848e-05,0.0466939,
0.00374458,-8.49484e-05,-0.00141406,-3.12413e-05,-0.00180418,-0.000728969,6.01618e-05,-8.49484e-05,0.00115203,-6.9026e-05,0.00132138,-0.000386477,-0.000466992,-1.90363e-05,-0.00141406,-6.90261e-05,0.00292321,-0.00013527,-0.00172853,-0.000749003,1.48491e-05,-3.12413e-05,0.00132138,-0.00013527,0.00342198,0.000855065,-0.000758859,-9.15766e-05,-0.00180418,-0.000386477,-0.00172853,0.000855065,0.026928,0.00146183,0.00129701,-0.000728969,-0.000466992,-0.000749003,-0.000758859,0.00146183,0.0246284,-4.87235e-05,6.01618e-05,-1.90363e-05,1.48491e-05,-9.15766e-05,0.00129701,-4.87235e-05,0.0466935,
0.00373462,-8.65451e-05,-0.00142191,-3.32414e-05,-0.0017954,-0.000732341,5.92516e-05,-8.65451e-05,0.00115231,-7.07443e-05,0.00132079,-0.000386612,-0.000467411,-1.91422e-05,-0.00142191,-7.07443e-05,0.002926,-0.000137256,-0.00171757,-0.000751955,1.47925e-05,-3.32414e-05,0.00132079,-0.000137256,0.00341988,0.00086122,-0.000758113,-9.22366e-05,-0.0017954,-0.000386612,-0.00171757,0.00086122,0.0269195,0.00147119,0.00129314,-0.000732341,-0.000467411,-0.000751955,-0.000758113,0.00147119,0.0246383,-4.71732e-05,5.92516e-05,-1.91421e-05,1.47925e-05,-9.22366e-05,0.00129314,-4.71732e-05,0.0466931,
0.00372469,-8.81237e-05,-0.00142964,-3.52533e-05,-0.00178656,-0.000735674,5.8352e-05,-8.81237e-05,0.0011526,-7.24498e-05,0.0013202,-0.000386724,-0.000467838,-1.92442e-05,-0.00142964,-7.24498e-05,0.00292882,-0.000139207,-0.00170673,-0.000754883,1.47393e-05,-3.52533e-05,0.0013202,-0.000139207,0.00341778,0.000867363,-0.000757327,-9.28921e-05,-0.00178656,-0.000386724,-0.00170673,0.000867363,0.026911,0.00148047,0.00128929,-0.000735674,-0.000467838,-0.000754883,-0.000757327,0.00148047,0.0246483,-4.56337e-05,5.8352e-05,-1.92442e-05,1.47393e-05,-9.28921e-05,0.00128929,-4.56337e-05,0.0466928,
0.00371478,-8.96844e-05,-0.00143725,-3.72761e-05,-0.00177768,-0.00073897,5.74631e-05,-8.96843e-05,0.00115288,-7.41426e-05,0.00131961,-0.000386816,-0.000468272,-1.93426e-05,-0.00143725,-7.41426e-05,0.00293166,-0.000141122,-0.00169601,-0.000757789,1.46892e-05,-3.72761e-05,0.00131961,-0.000141122,0.00341567,0.000873496,-0.000756499,-9.35428e-05,-0.00177768,-0.000386816,-0.00169601,0.000873496,0.0269026,0.00148968,0.00128545,-0.00073897,-0.000468272,-0.000757789,-0.000756499,0.00148968,0.0246583,-4.41045e-05,5.74631e-05,-1.93425e-05,1.46892e-05,-9.35428e-05,0.00128545,-4.41045e-05,0.0466924,
0.00370491,-9.12271e-05,-0.00144475,-3.93089e-05,-0.00176876,-0.000742228,5.65847e-05,-9.12271e-05,0.00115317,-7.58232e-05,0.00131902,-0.000386887,-0.000468713,-1.94372e-05,-0.00144475,-7.58232e-05,0.00293453,-0.000143002,-0.0016854,-0.000760672,1.46423e-05,-3.93089e-05,0.00131902,-0.000143002,0.00341356,0.000879616,-0.000755632,-9.41889e-05,-0.00176876,-0.000386887,-0.0016854,0.000879616,0.0268942,0.00149881,0.00128162,-0.000742228,-0.000468713,-0.000760672,-0.000755632,0.00149881,0.0246684,-4.25855e-05,5.65846e-05,-1.94372e-05,1.46422e-05,-9.41889e-05,0.00128162,-4.25855e-05,0.046692,
0.00369506,-9.27522e-05,-0.00145212,-4.13511e-05,-0.00175979,-0.000745449,5.57166e-05,-9.27522e-05,0.00115345,-7.74916e-05,0.00131843,-0.000386938,-0.000469161,-1.95283e-05,-0.00145212,-7.74916e-05,0.00293741,-0.000144847,-0.00167492,-0.000763532,1.4598e-05,-4.13511e-05,0.00131843,-0.000144847,0.00341144,0.000885723,-0.000754724,-9.48303e-05,-0.00175979,-0.000386938,-0.00167492,0.000885723,0.0268858,0.00150787,0.0012778,-0.000745449,-0.000469161,-0.000763532,-0.000754724,0.00150787,0.0246785,-4.10765e-05,5.57166e-05,-1.95283e-05,1.45981e-05,-9.48303e-05,0.0012778,-4.10765e-05,0.0466916,
0.00368525,-9.42595e-05,-0.00145938,-4.34019e-05,-0.00175079,-0.000748633,5.48588e-05,-9.42596e-05,0.00115374,-7.91482e-05,0.00131783,-0.000386971,-0.000469615,-1.96159e-05,-0.00145938,-7.91482e-05,0.00294031,-0.000146658,-0.00166455,-0.000766371,1.45566e-05,-4.3402e-05,0.00131783,-0.000146658,0.00340932,0.000891816,-0.000753775,-9.5467e-05,-0.00175079,-0.000386971,-0.00166455,0.000891816,0.0268775,0.00151686,0.00127398,-0.000748633,-0.000469615,-0.000766371,-0.000753775,0.00151686,0.0246887,-3.95772e-05,5.48587e-05,-1.9616e-05,1.45565e-05,-9.54671e-05,0.00127398,-3.95772e-05,0.0466912,
0.00367548,-9.57494e-05,-0.00146653,-4.54607e-05,-0.00174176,-0.000751779,5.4011e-05,-9.57493e-05,0.00115403,-8.0793e-05,0.00131724,-0.000386984,-0.000470076,-1.97001e-05,-0.00146653,-8.07931e-05,0.00294322,-0.000148435,-0.0016543,-0.000769188,1.45176e-05,-4.54608e-05,0.00131724,-0.000148435,0.00340719,0.000897895,-0.000752786,-9.6099e-05,-0.00174176,-0.000386984,-0.0016543,0.000897895,0.0268693,0.00152578,0.00127017,-0.000751779,-0.000470076,-0.000769188,-0.000752786,0.00152578,0.0246989,-3.80875e-05,5.40111e-05,-1.97001e-05,1.45176e-05,-9.6099e-05,0.00127017,-3.80874e-05,0.0466908,
0.00366575,-9.72215e-05,-0.00147356,-4.75269e-05,-0.00173269,-0.000754888,5.31732e-05,-9.72215e-05,0.00115433,-8.24265e-05,0.00131664,-0.00038698,-0.000470543,-1.9781e-05,-0.00147356,-8.24265e-05,0.00294615,-0.000150178,-0.00164416,-0.000771984,1.44809e-05,-4.75269e-05,0.00131664,-0.000150178,0.00340506,0.000903959,-0.000751756,-9.67263e-05,-0.00173269,-0.00038698,-0.00164416,0.000903959,0.0268611,0.00153462,0.00126637,-0.000754888,-0.000470543,-0.000771984,-0.000751756,0.00153462,0.0247092,-3.6607e-05,5.31732e-05,-1.9781e-05,1.44809e-05,-9.67263e-05,0.00126637,-3.6607e-05,0.0466904,
0.00365605,-9.86763e-05,-0.00148048,-4.95998e-05,-0.0017236,-0.00075796,5.23453e-05,-9.86763e-05,0.00115462,-8.40487e-05,0.00131605,-0.000386959,-0.000471017,-1.98585e-05,-0.00148048,-8.40487e-05,0.0029491,-0.000151888,-0.00163413,-0.000774759,1.44464e-05,-4.95998e-05,0.00131605,-0.000151888,0.00340292,0.000910006,-0.000750687,-9.73489e-05,-0.0017236,-0.000386959,-0.00163413,0.000910006,0.0268529,0.0015434,0.00126258,-0.00075796,-0.000471017,-0.000774759,-0.000750687,0.0015434,0.0247195,-3.51357e-05,5.23453e-05,-1.98585e-05,1.44464e-05,-9.73489e-05,0.00126258,-3.51357e-05,0.04669,
0.00364639,-0.000100114,-0.00148729,-5.16789e-05,-0.00171447,-0.000760996,5.15269e-05,-0.000100114,0.00115491,-8.56598e-05,0.00131545,-0.000386921,-0.000471497,-1.99328e-05,-0.00148729,-8.56599e-05,0.00295206,-0.000153565,-0.00162422,-0.000777513,1.4414e-05,-5.16789e-05,0.00131545,-0.000153565,0.00340078,0.000916038,-0.000749577,-9.79667e-05,-0.00171447,-0.000386921,-0.00162422,0.000916038,0.0268448,0.0015521,0.00125879,-0.000760996,-0.000471497,-0.000777513,-0.000749577,0.0015521,0.0247299,-3.36735e-05,5.15269e-05,-1.99328e-05,1.4414e-05,-9.79667e-05,0.00125879,-3.36735e-05,0.0466896,
0.00363677,-0.000101534,-0.001494,-5.37635e-05,-0.00170533,-0.000763995,5.07181e-05,-0.000101534,0.00115521,-8.72601e-05,0.00131486,-0.000386867,-0.000471983,-2.0004e-05,-0.001494,-8.72601e-05,0.00295503,-0.00015521,-0.00161442,-0.000780246,1.43836e-05,-5.37635e-05,0.00131486,-0.00015521,0.00339864,0.000922052,-0.000748428,-9.85798e-05,-0.00170533,-0.000386867,-0.00161442,0.000922052,0.0268368,0.00156072,0.001255,-0.000763995,-0.000471983,-0.000780246,-0.000748428,0.00156072,0.0247403,-3.22201e-05,5.07181e-05,-2.00039e-05,1.43836e-05,-9.85798e-05,0.001255,-3.22201e-05,0.0466893,
0.00362719,-0.000102936,-0.00150059,-5.58533e-05,-0.00169616,-0.000766957,4.99186e-05,-0.000102936,0.00115551,-8.88497e-05,0.00131426,-0.000386797,-0.000472475,-2.0072e-05,-0.00150059,-8.88497e-05,0.00295801,-0.000156822,-0.00160473,-0.000782959,1.4355e-05,-5.58533e-05,0.00131426,-0.000156822,0.00339649,0.000928049,-0.00074724,-9.91881e-05,-0.00169616,-0.000386797,-0.00160473,0.000928049,0.0268288,0.00156928,0.00125122,-0.000766957,-0.000472475,-0.000782959,-0.00074724,0.00156928,0.0247508,-3.07754e-05,4.99186e-05,-2.00721e-05,1.43549e-05,-9.91881e-05,0.00125122,-3.07755e-05,0.0466889,
0.00361765,-0.000104322,-0.00150708,-5.79477e-05,-0.00168698,-0.000769883,4.91283e-05,-0.000104322,0.0011558,-9.04289e-05,0.00131366,-0.000386712,-0.000472974,-2.0137e-05,-0.00150708,-9.04289e-05,0.002961,-0.000158403,-0.00159515,-0.000785652,1.4328e-05,-5.79477e-05,0.00131366,-0.000158403,0.00339434,0.000934027,-0.000746013,-9.97917e-05,-0.00168698,-0.000386712,-0.00159515,0.000934027,0.0268209,0.00157776,0.00124745,-0.000769883,-0.000472974,-0.000785652,-0.000746013,0.00157776,0.0247613,-2.93394e-05,4.91284e-05,-2.0137e-05,1.4328e-05,-9.97917e-05,0.00124745,-2.93394e-05,0.0466885,
0.00360815,-0.00010569,-0.00151347,-6.00461e-05,-0.00167778,-0.000772773,4.83472e-05,-0.00010569,0.0011561,-9.19978e-05,0.00131306,-0.000386612,-0.000473478,-2.0199e-05,-0.00151347,-9.19978e-05,0.002964,-0.000159953,-0.00158568,-0.000788325,1.43026e-05,-6.00461e-05,0.00131306,-0.000159953,0.00339219,0.000939986,-0.000744747,-0.000100391,-0.00167778,-0.000386612,-0.00158568,0.000939986,0.0268131,0.00158617,0.00124367,-0.000772773,-0.000473478,-0.000788325,-0.000744747,0.00158617,0.0247719,-2.7912e-05,4.83472e-05,-2.0199e-05,1.43026e-05,-0.000100391,0.00124367,-2.7912e-05,0.0466881,
0.00359869,-0.000107042,-0.00151975,-6.21481e-05,-0.00166856,-0.000775627,4.75751e-05,-0.000107042,0.00115641,-9.35566e-05,0.00131246,-0.000386498,-0.000473988,-2.0258e-05,-0.00151975,-9.35566e-05,0.00296701,-0.000161471,-0.00157632,-0.000790978,1.42787e-05,-6.21481e-05,0.00131246,-0.000161471,0.00339004,0.000945926,-0.000743443,-0.000100985,-0.00166856,-0.000386498,-0.00157632,0.000945926,0.0268053,0.00159451,0.0012399,-0.000775627,-0.000473988,-0.000790978,-0.000743443,0.00159451,0.0247825,-2.6493e-05,4.75751e-05,-2.0258e-05,1.42787e-05,-0.000100985,0.0012399,-2.6493e-05,0.0466877,
0.00358928,-0.000108376,-0.00152594,-6.42532e-05,-0.00165933,-0.000778444,4.68117e-05,-0.000108376,0.00115671,-9.51055e-05,0.00131186,-0.00038637,-0.000474504,-2.03141e-05,-0.00152594,-9.51055e-05,0.00297003,-0.000162959,-0.00156706,-0.000793611,1.42562e-05,-6.42532e-05,0.00131186,-0.000162959,0.00338788,0.000951845,-0.0007421,-0.000101574,-0.00165933,-0.00038637,-0.00156706,0.000951845,0.0267976,0.00160278,0.00123613,-0.000778444,-0.000474504,-0.000793611,-0.0007421,0.00160278,0.0247932,-2.50824e-05,4.68117e-05,-2.03141e-05,1.42562e-05,-0.000101574,0.00123613,-2.50824e-05,0.0466874,
0.00357992,-0.000109694,-0.00153202,-6.63611e-05,-0.00165009,-0.000781226,4.60571e-05,-0.000109694,0.00115701,-9.66447e-05,0.00131126,-0.000386229,-0.000475026,-2.03674e-05,-0.00153202,-9.66447e-05,0.00297305,-0.000164417,-0.00155791,-0.000796226,1.42349e-05,-6.63611e-05,0.00131126,-0.000164417,0.00338572,0.000957743,-0.00074072,-0.000102159,-0.00165009,-0.000386229,-0.00155791,0.000957743,0.0267899,0.00161097,0.00123237,-0.000781226,-0.000475026,-0.000796225,-0.00074072,0.00161097,0.0248038,-2.36801e-05,4.60572e-05,-2.03674e-05,1.42349e-05,-0.000102159,0.00123237,-2.36801e-05,0.046687,
0.00357059,-0.000110995,-0.00153801,-6.84711e-05,-0.00164084,-0.000783972,4.53112e-05,-0.000110995,0.00115731,-9.81743e-05,0.00131067,-0.000386074,-0.000475553,-2.04178e-05,-0.00153801,-9.81743e-05,0.00297608,-0.000165845,-0.00154886,-0.000798821,1.42148e-05,-6.84711e-05,0.00131067,-0.000165845,0.00338356,0.00096362,-0.000739303,-0.000102738,-0.00164084,-0.000386074,-0.00154886,0.00096362,0.0267824,0.0016191,0.0012286,-0.000783972,-0.000475553,-0.000798821,-0.000739303,0.0016191,0.0248146,-2.22861e-05,4.53112e-05,-2.04178e-05,1.42149e-05,-0.000102738,0.0012286,-2.22861e-05,0.0466866,
0.00356132,-0.000112279,-0.0015439,-7.05829e-05,-0.00163158,-0.000786683,4.45737e-05,-0.000112279,0.00115762,-9.96945e-05,0.00131007,-0.000385907,-0.000476086,-2.04655e-05,-0.0015439,-9.96945e-05,0.00297912,-0.000167243,-0.00153992,-0.000801397,1.41958e-05,-7.05829e-05,0.00131007,-0.000167243,0.0033814,0.000969475,-0.000737849,-0.000103314,-0.00163158,-0.000385907,-0.00153992,0.000969475,0.0267749,0.00162715,0.00122484,-0.000786683,-0.000476086,-0.000801397,-0.000737849,0.00162715,0.0248254,-2.09002e-05,4.45737e-05,-2.04655e-05,1.41958e-05,-0.000103314,0.00122484,-2.09002e-05,0.0466862,
0.00355209,-0.000113547,-0.0015497,-7.26962e-05,-0.00162232,-0.000789358,4.38447e-05,-0.000113547,0.00115793,-0.000101206,0.00130947,-0.000385727,-0.000476625,-2.05105e-05,-0.0015497,-0.000101206,0.00298216,-0.000168613,-0.00153108,-0.000803955,1.41777e-05,-7.26962e-05,0.00130947,-0.000168613,0.00337924,0.000975307,-0.000736359,-0.000103884,-0.00162232,-0.000385727,-0.00153108,0.000975307,0.0267675,0.00163513,0.00122108,-0.000789358,-0.000476625,-0.000803955,-0.000736359,0.00163513,0.0248362,-1.95226e-05,4.38447e-05,-2.05105e-05,1.41777e-05,-0.000103884,0.00122108,-1.95226e-05,0.0466859,
0.0035429,-0.000114798,-0.0015554,-7.48104e-05,-0.00161306,-0.000791999,4.31239e-05,-0.000114798,0.00115823,-0.000102708,0.00130887,-0.000385535,-0.000477168,-2.05528e-05,-0.0015554,-0.000102708,0.0029852,-0.000169953,-0.00152234,-0.000806494,1.41606e-05,-7.48104e-05,0.00130887,-0.000169953,0.00337707,0.000981116,-0.000734832,-0.00010445,-0.00161306,-0.000385535,-0.00152234,0.000981116,0.0267601,0.00164304,0.00121732,-0.000791999,-0.000477168,-0.000806495,-0.000734832,0.00164304,0.024847,-1.8153e-05,4.31238e-05,-2.05528e-05,1.41606e-05,-0.00010445,0.00121732,-1.8153e-05,0.0466855,
0.00353376,-0.000116033,-0.00156101,-7.69252e-05,-0.0016038,-0.000794604,4.24113e-05,-0.000116033,0.00115854,-0.000104201,0.00130827,-0.000385332,-0.000477717,-2.05925e-05,-0.00156101,-0.000104201,0.00298824,-0.000171266,-0.00151371,-0.000809016,1.41443e-05,-7.69252e-05,0.00130827,-0.000171266,0.00337491,0.000986901,-0.000733269,-0.000105011,-0.0016038,-0.000385332,-0.00151371,0.000986902,0.0267529,0.00165088,0.00121356,-0.000794604,-0.000477717,-0.000809016,-0.000733269,0.00165088,0.0248579,-1.67914e-05,4.24113e-05,-2.05925e-05,1.41442e-05,-0.000105011,0.00121356,-1.67914e-05,0.0466851,
0.00352467,-0.000117252,-0.00156653,-7.90404e-05,-0.00159453,-0.000797175,4.17068e-05,-0.000117252,0.00115885,-0.000105685,0.00130767,-0.000385117,-0.000478271,-2.06296e-05,-0.00156653,-0.000105685,0.00299129,-0.00017255,-0.00150517,-0.000811519,1.41287e-05,-7.90404e-05,0.00130767,-0.00017255,0.00337274,0.000992663,-0.000731671,-0.000105567,-0.00159453,-0.000385117,-0.00150517,0.000992663,0.0267457,0.00165866,0.0012098,-0.000797175,-0.000478271,-0.000811519,-0.000731671,0.00165866,0.0248688,-1.54379e-05,4.17067e-05,-2.06296e-05,1.41287e-05,-0.000105567,0.0012098,-1.54379e-05,0.0466848,
0.00351563,-0.000118455,-0.00157195,-8.11553e-05,-0.00158527,-0.00079971,4.10102e-05,-0.000118455,0.00115916,-0.000107161,0.00130707,-0.000384891,-0.00047883,-2.06642e-05,-0.00157195,-0.000107161,0.00299433,-0.000173807,-0.00149673,-0.000814005,1.41138e-05,-8.11554e-05,0.00130707,-0.000173807,0.00337058,0.000998399,-0.000730039,-0.000106118,-0.00158527,-0.000384891,-0.00149673,0.000998399,0.0267386,0.00166636,0.00120604,-0.00079971,-0.00047883,-0.000814005,-0.000730039,0.00166636,0.0248798,-1.40924e-05,4.10102e-05,-2.06642e-05,1.41138e-05,-0.000106118,0.00120604,-1.40924e-05,0.0466844,
0.00350664,-0.000119642,-0.0015773,-8.32699e-05,-0.00157602,-0.000802212,4.03216e-05,-0.000119642,0.00115947,-0.000108628,0.00130647,-0.000384655,-0.000479394,-2.06963e-05,-0.0015773,-0.000108628,0.00299738,-0.000175036,-0.00148839,-0.000816473,1.40994e-05,-8.32699e-05,0.00130647,-0.000175036,0.00336841,0.00100411,-0.000728371,-0.000106665,-0.00157602,-0.000384655,-0.00148839,0.00100411,0.0267316,0.00167399,0.00120229,-0.000802212,-0.000479394,-0.000816473,-0.000728371,0.00167399,0.0248908,-1.2755e-05,4.03216e-05,-2.06962e-05,1.40994e-05,-0.000106665,0.00120229,-1.2755e-05,0.0466841,
0.00349769,-0.000120813,-0.00158255,-8.53836e-05,-0.00156676,-0.000804679,3.96407e-05,-0.000120813,0.00115979,-0.000110087,0.00130587,-0.000384408,-0.000479962,-2.07258e-05,-0.00158255,-0.000110087,0.00300043,-0.000176239,-0.00148015,-0.000818924,1.40856e-05,-8.53836e-05,0.00130587,-0.000176239,0.00336624,0.0010098,-0.00072667,-0.000107207,-0.00156676,-0.000384408,-0.00148015,0.0010098,0.0267246,0.00168155,0.00119853,-0.000804679,-0.000479962,-0.000818924,-0.00072667,0.00168155,0.0249018,-1.14255e-05,3.96407e-05,-2.07258e-05,1.40856e-05,-0.000107207,0.00119853,-1.14254e-05,0.0466837,
0.0034888,-0.000121968,-0.00158772,-8.74963e-05,-0.00155752,-0.000807113,3.89675e-05,-0.000121968,0.0011601,-0.000111538,0.00130527,-0.000384151,-0.000480536,-2.0753e-05,-0.00158772,-0.000111538,0.00300347,-0.000177415,-0.001472,-0.000821358,1.40723e-05,-8.74963e-05,0.00130527,-0.000177415,0.00336408,0.00101546,-0.000724934,-0.000107745,-0.00155752,-0.000384151,-0.001472,0.00101546,0.0267178,0.00168904,0.00119477,-0.000807113,-0.000480536,-0.000821358,-0.000724934,0.00168904,0.0249129,-1.01039e-05,3.89675e-05,-2.0753e-05,1.40722e-05,-0.000107745,0.00119477,-1.01039e-05,0.0466833,
0.00347995,-0.000123107,-0.0015928,-8.96075e-05,-0.00154829,-0.000809512,3.83019e-05,-0.000123107,0.00116041,-0.000112982,0.00130468,-0.000383884,-0.000481114,-2.07778e-05,-0.0015928,-0.000112982,0.00300652,-0.000178565,-0.00146394,-0.000823775,1.40593e-05,-8.96075e-05,0.00130468,-0.000178565,0.00336191,0.00102109,-0.000723165,-0.000108278,-0.00154829,-0.000383884,-0.00146394,0.00102109,0.026711,0.00169647,0.00119101,-0.000809512,-0.000481114,-0.000823775,-0.000723165,0.00169647,0.0249239,-8.79025e-06,3.83019e-05,-2.07778e-05,1.40593e-05,-0.000108278,0.00119101,-8.7903e-06,0.046683,
0.00347115,-0.000124232,-0.0015978,-9.1717e-05,-0.00153906,-0.000811878,3.76438e-05,-0.000124232,0.00116073,-0.000114417,0.00130408,-0.000383607,-0.000481696,-2.08002e-05,-0.0015978,-0.000114417,0.00300956,-0.00017969,-0.00145598,-0.000826175,1.40467e-05,-9.1717e-05,0.00130408,-0.00017969,0.00335974,0.0010267,-0.000721364,-0.000108806,-0.00153906,-0.000383607,-0.00145598,0.0010267,0.0267043,0.00170382,0.00118726,-0.000811878,-0.000481696,-0.000826175,-0.000721364,0.00170382,0.0249351,-7.48451e-06,3.76438e-05,-2.08002e-05,1.40467e-05,-0.000108806,0.00118726,-7.48451e-06,0.0466826,
0.00346241,-0.00012534,-0.00160272,-9.38245e-05,-0.00152985,-0.00081421,3.69932e-05,-0.00012534,0.00116105,-0.000115844,0.00130348,-0.000383321,-0.000482284,-2.08203e-05,-0.00160272,-0.000115844,0.0030126,-0.000180789,-0.00144812,-0.000828559,1.40343e-05,-9.38245e-05,0.00130348,-0.000180789,0.00335758,0.00103227,-0.000719529,-0.00010933,-0.00152985,-0.000383321,-0.00144812,0.00103227,0.0266977,0.00171111,0.0011835,-0.000814211,-0.000482284,-0.000828559,-0.000719529,0.00171111,0.0249462,-6.18677e-06,3.69931e-05,-2.08203e-05,1.40343e-05,-0.00010933,0.0011835,-6.18677e-06,0.0466823,
0.00345371,-0.000126434,-0.00160756,-9.59297e-05,-0.00152065,-0.00081651,3.63498e-05,-0.000126434,0.00116136,-0.000117264,0.00130289,-0.000383027,-0.000482875,-2.08381e-05,-0.00160756,-0.000117264,0.00301564,-0.000181863,-0.00144034,-0.000830927,1.40222e-05,-9.59297e-05,0.00130289,-0.000181863,0.00335541,0.00103783,-0.000717663,-0.000109849,-0.00152065,-0.000383026,-0.00144034,0.00103783,0.0266912,0.00171833,0.00117974,-0.00081651,-0.000482875,-0.000830927,-0.000717663,0.00171833,0.0249574,-4.89686e-06,3.63498e-05,-2.08381e-05,1.40222e-05,-0.000109849,0.00117974,-4.89686e-06,0.0466819,
0.00344506,-0.000127512,-0.00161232,-9.80323e-05,-0.00151146,-0.000818776,3.57137e-05,-0.000127512,0.00116168,-0.000118677,0.00130229,-0.000382723,-0.000483471,-2.08537e-05,-0.00161232,-0.000118677,0.00301867,-0.000182912,-0.00143266,-0.000833279,1.40102e-05,-9.80324e-05,0.00130229,-0.000182912,0.00335325,0.00104335,-0.000715765,-0.000110363,-0.00151146,-0.000382723,-0.00143266,0.00104335,0.0266848,0.00172548,0.00117598,-0.000818776,-0.000483471,-0.000833279,-0.000715765,0.00172548,0.0249686,-3.61489e-06,3.57137e-05,-2.08537e-05,1.40101e-05,-0.000110363,0.00117598,-3.61489e-06,0.0466816,
0.00343647,-0.000128576,-0.001617,-0.000100132,-0.00150229,-0.00082101,3.50847e-05,-0.000128576,0.001162,-0.000120082,0.00130169,-0.00038241,-0.000484071,-2.08671e-05,-0.001617,-0.000120082,0.0030217,-0.000183937,-0.00142506,-0.000835615,1.39982e-05,-0.000100132,0.00130169,-0.000183937,0.00335108,0.00104884,-0.000713835,-0.000110873,-0.00150229,-0.00038241,-0.00142506,0.00104884,0.0266785,0.00173256,0.00117222,-0.00082101,-0.000484071,-0.000835615,-0.000713835,0.00173256,0.0249798,-2.34079e-06,3.50848e-05,-2.0867e-05,1.39982e-05,-0.000110873,0.00117222,-2.34079e-06,0.0466813,
0.00342793,-0.000129624,-0.0016216,-0.000102229,-0.00149314,-0.000823211,3.44628e-05,-0.000129624,0.00116232,-0.000121481,0.0013011,-0.00038209,-0.000484675,-2.08782e-05,-0.0016216,-0.000121481,0.00302472,-0.000184938,-0.00141756,-0.000837935,1.39864e-05,-0.000102229,0.0013011,-0.000184938,0.00334892,0.00105431,-0.000711875,-0.000111378,-0.00149314,-0.00038209,-0.00141756,0.00105431,0.0266722,0.00173958,0.00116846,-0.000823211,-0.000484675,-0.000837935,-0.000711875,0.00173958,0.0249911,-1.07458e-06,3.44628e-05,-2.08782e-05,1.39864e-05,-0.000111378,0.00116846,-1.07458e-06,0.0466809,
0.00341943,-0.000130658,-0.00162613,-0.000104322,-0.00148401,-0.00082538,3.38479e-05,-0.000130658,0.00116264,-0.000122872,0.00130051,-0.000381761,-0.000485283,-2.08873e-05,-0.00162613,-0.000122872,0.00302774,-0.000185915,-0.00141014,-0.00084024,1.39745e-05,-0.000104322,0.00130051,-0.000185915,0.00334676,0.00105975,-0.000709884,-0.000111879,-0.00148401,-0.000381761,-0.00141014,0.00105975,0.0266661,0.00174653,0.00116471,-0.00082538,-0.000485283,-0.00084024,-0.000709884,0.00174653,0.0250024,1.83742e-07,3.38479e-05,-2.08873e-05,1.39745e-05,-0.000111879,0.00116471,1.83686e-07,0.0466806,
0.00341099,-0.000131677,-0.00163058,-0.000106412,-0.00147489,-0.000827517,3.32399e-05,-0.000131677,0.00116296,-0.000124256,0.00129991,-0.000381425,-0.000485895,-2.08942e-05,-0.00163058,-0.000124256,0.00303075,-0.000186869,-0.00140281,-0.00084253,1.39626e-05,-0.000106412,0.00129991,-0.000186869,0.0033446,0.00106516,-0.000707863,-0.000112375,-0.00147489,-0.000381425,-0.00140281,0.00106516,0.02666,0.00175341,0.00116095,-0.000827517,-0.000485895,-0.00084253,-0.000707863,0.00175341,0.0250137,1.43413e-06,3.32399e-05,-2.08942e-05,1.39626e-05,-0.000112375,0.00116095,1.43413e-06,0.0466802,
0.0034026,-0.000132682,-0.00163496,-0.000108499,-0.0014658,-0.000829622,3.26387e-05,-0.000132682,0.00116328,-0.000125634,0.00129932,-0.00038108,-0.000486511,-2.08991e-05,-0.00163496,-0.000125634,0.00303375,-0.000187801,-0.00139557,-0.000844805,1.39506e-05,-0.000108499,0.00129932,-0.000187801,0.00334244,0.00107053,-0.000705812,-0.000112866,-0.0014658,-0.00038108,-0.00139557,0.00107053,0.0266541,0.00176023,0.00115719,-0.000829622,-0.000486511,-0.000844805,-0.000705812,0.00176023,0.025025,2.67664e-06,3.26387e-05,-2.0899e-05,1.39507e-05,-0.000112866,0.00115719,2.67669e-06,0.0466799,
0.00339426,-0.000133672,-0.00163927,-0.000110581,-0.00145672,-0.000831695,3.20442e-05,-0.000133672,0.0011636,-0.000127004,0.00129873,-0.000380729,-0.000487131,-2.09018e-05,-0.00163927,-0.000127004,0.00303675,-0.000188709,-0.00138841,-0.000847064,1.39385e-05,-0.000110581,0.00129873,-0.000188709,0.00334028,0.00107588,-0.000703732,-0.000113353,-0.00145672,-0.000380729,-0.00138841,0.00107588,0.0266482,0.00176698,0.00115343,-0.000831695,-0.000487131,-0.000847064,-0.000703732,0.00176698,0.0250363,3.91137e-06,3.20442e-05,-2.09018e-05,1.39385e-05,-0.000113353,0.00115343,3.91132e-06,0.0466796,
0.00338598,-0.000134648,-0.00164351,-0.000112659,-0.00144767,-0.000833737,3.14564e-05,-0.000134648,0.00116392,-0.000128369,0.00129813,-0.00038037,-0.000487754,-2.09026e-05,-0.00164351,-0.000128369,0.00303974,-0.000189595,-0.00138133,-0.00084931,1.39261e-05,-0.000112659,0.00129813,-0.000189595,0.00333813,0.0010812,-0.000701622,-0.000113836,-0.00144767,-0.00038037,-0.00138133,0.0010812,0.0266424,0.00177367,0.00114967,-0.000833737,-0.000487754,-0.00084931,-0.000701622,0.00177367,0.0250477,5.13817e-06,3.14564e-05,-2.09026e-05,1.39261e-05,-0.000113836,0.00114967,5.13811e-06,0.0466793,
0.00337774,-0.00013561,-0.00164767,-0.000114733,-0.00143864,-0.000835748,3.08752e-05,-0.00013561,0.00116425,-0.000129727,0.00129754,-0.000380004,-0.000488381,-2.09014e-05,-0.00164767,-0.000129727,0.00304273,-0.00019046,-0.00137434,-0.00085154,1.39136e-05,-0.000114733,0.00129754,-0.00019046,0.00333598,0.00108649,-0.000699485,-0.000114314,-0.00143864,-0.000380004,-0.00137434,0.00108649,0.0266367,0.00178029,0.00114591,-0.000835748,-0.000488381,-0.00085154,-0.000699485,0.00178029,0.0250591,6.35703e-06,3.08752e-05,-2.09014e-05,1.39136e-05,-0.000114314,0.00114591,6.35703e-06,0.0466789,
0.00336956,-0.000136558,-0.00165177,-0.000116802,-0.00142964,-0.000837728,3.03005e-05,-0.000136558,0.00116457,-0.000131078,0.00129695,-0.000379631,-0.000489011,-2.08982e-05,-0.00165177,-0.000131078,0.0030457,-0.000191303,-0.00136743,-0.000853757,1.39008e-05,-0.000116802,0.00129695,-0.000191303,0.00333382,0.00109174,-0.000697319,-0.000114788,-0.00142964,-0.000379631,-0.00136743,0.00109174,0.0266311,0.00178685,0.00114214,-0.000837728,-0.000489011,-0.000853757,-0.000697319,0.00178685,0.0250705,7.56806e-06,3.03005e-05,-2.08982e-05,1.39008e-05,-0.000114788,0.00114214,7.56806e-06,0.0466786,
0.00336143,-0.000137493,-0.0016558,-0.000118867,-0.00142066,-0.000839677,2.97322e-05,-0.000137493,0.00116489,-0.000132423,0.00129636,-0.000379252,-0.000489645,-2.08931e-05,-0.0016558,-0.000132423,0.00304867,-0.000192124,-0.0013606,-0.000855959,1.38877e-05,-0.000118867,0.00129636,-0.000192124,0.00333167,0.00109697,-0.000695125,-0.000115257,-0.00142066,-0.000379252,-0.0013606,0.00109697,0.0266256,0.00179334,0.00113838,-0.000839677,-0.000489645,-0.000855959,-0.000695125,0.00179334,0.025082,8.77115e-06,2.97322e-05,-2.08931e-05,1.38877e-05,-0.000115257,0.00113838,8.77121e-06,0.0466783,
0.00335335,-0.000138413,-0.00165976,-0.000120926,-0.00141171,-0.000841596,2.91702e-05,-0.000138413,0.00116522,-0.000133762,0.00129578,-0.000378866,-0.000490282,-2.08861e-05,-0.00165976,-0.000133762,0.00305163,-0.000192925,-0.00135385,-0.000858148,1.38742e-05,-0.000120926,0.00129578,-0.000192925,0.00332953,0.00110217,-0.000692904,-0.000115722,-0.00141171,-0.000378866,-0.00135385,0.00110217,0.0266202,0.00179977,0.00113462,-0.000841596,-0.000490282,-0.000858148,-0.000692904,0.00179977,0.0250934,9.96642e-06,2.91702e-05,-2.08861e-05,1.38742e-05,-0.000115722,0.00113462,9.96642e-06,0.046678,
0.00334532,-0.00013932,-0.00166365,-0.000122981,-0.00140279,-0.000843485,2.86145e-05,-0.00013932,0.00116554,-0.000135096,0.00129519,-0.000378473,-0.000490922,-2.08772e-05,-0.00166365,-0.000135096,0.00305458,-0.000193705,-0.00134718,-0.000860322,1.38604e-05,-0.000122981,0.00129519,-0.000193705,0.00332738,0.00110733,-0.000690656,-0.000116183,-0.00140279,-0.000378473,-0.00134718,0.00110733,0.0266149,0.00180613,0.00113086,-0.000843485,-0.000490922,-0.000860322,-0.000690656,0.00180613,0.0251049,1.11537e-05,2.86145e-05,-2.08772e-05,1.38605e-05,-0.000116183,0.00113086,1.11538e-05,0.0466776,
0.00333734,-0.000140213,-0.00166748,-0.00012503,-0.00139389,-0.000845344,2.8065e-05,-0.000140214,0.00116587,-0.000136423,0.0012946,-0.000378075,-0.000491566,-2.08665e-05,-0.00166748,-0.000136423,0.00305752,-0.000194465,-0.00134059,-0.000862483,1.38462e-05,-0.00012503,0.0012946,-0.000194465,0.00332524,0.00111246,-0.000688381,-0.000116639,-0.00139389,-0.000378075,-0.00134059,0.00111246,0.0266097,0.00181244,0.0011271,-0.000845344,-0.000491566,-0.000862483,-0.000688381,0.00181244,0.0251163,1.23332e-05,2.8065e-05,-2.08665e-05,1.38462e-05,-0.000116639,0.0011271,1.23333e-05,0.0466773,
0.00332942,-0.000141094,-0.00167125,-0.000127074,-0.00138502,-0.000847173,2.75217e-05,-0.000141094,0.0011662,-0.000137744,0.00129402,-0.000377671,-0.000492212,-2.0854e-05,-0.00167125,-0.000137744,0.00306045,-0.000195204,-0.00133407,-0.000864631,1.38316e-05,-0.000127074,0.00129402,-0.000195204,0.0033231,0.00111756,-0.00068608,-0.000117091,-0.00138502,-0.000377671,-0.00133407,0.00111756,0.0266046,0.00181868,0.00112334,-0.000847173,-0.000492212,-0.000864631,-0.00068608,0.00181868,0.0251278,1.35049e-05,2.75217e-05,-2.0854e-05,1.38315e-05,-0.000117091,0.00112334,1.35049e-05,0.046677,
0.00332155,-0.000141961,-0.00167495,-0.000129113,-0.00137618,-0.000848973,2.69844e-05,-0.000141961,0.00116652,-0.00013906,0.00129343,-0.000377261,-0.000492862,-2.08396e-05,-0.00167495,-0.00013906,0.00306337,-0.000195924,-0.00132763,-0.000866766,1.38164e-05,-0.000129113,0.00129343,-0.000195924,0.00332096,0.00112263,-0.000683754,-0.000117538,-0.00137618,-0.000377261,-0.00132763,0.00112263,0.0265996,0.00182486,0.00111957,-0.000848973,-0.000492862,-0.000866766,-0.000683754,0.00182486,0.0251393,1.46686e-05,2.69844e-05,-2.08396e-05,1.38164e-05,-0.000117538,0.00111957,1.46686e-05,0.0466767,
0.00331372,-0.000142815,-0.00167859,-0.000131146,-0.00136737,-0.000850743,2.64531e-05,-0.000142815,0.00116685,-0.00014037,0.00129285,-0.000376845,-0.000493514,-2.08236e-05,-0.00167859,-0.00014037,0.00306628,-0.000196625,-0.00132127,-0.000868887,1.38008e-05,-0.000131146,0.00129285,-0.000196625,0.00331883,0.00112767,-0.000681401,-0.000117981,-0.00136737,-0.000376845,-0.00132127,0.00112767,0.0265946,0.00183097,0.00111581,-0.000850743,-0.000493514,-0.000868887,-0.000681401,0.00183097,0.0251509,1.58245e-05,2.6453e-05,-2.08236e-05,1.38008e-05,-0.000117981,0.00111581,1.58244e-05,0.0466764,
0.00330596,-0.000143656,-0.00168217,-0.000133173,-0.00135859,-0.000852485,2.59276e-05,-0.000143656,0.00116718,-0.000141674,0.00129226,-0.000376424,-0.000494169,-2.08057e-05,-0.00168217,-0.000141674,0.00306917,-0.000197306,-0.00131498,-0.000870995,1.37847e-05,-0.000133173,0.00129226,-0.000197306,0.00331669,0.00113267,-0.000679024,-0.00011842,-0.00135859,-0.000376424,-0.00131498,0.00113267,0.0265898,0.00183703,0.00111205,-0.000852485,-0.000494169,-0.000870995,-0.000679024,0.00183703,0.0251624,1.69724e-05,2.59276e-05,-2.08057e-05,1.37847e-05,-0.00011842,0.00111205,1.69724e-05,0.0466761,
0.00329824,-0.000144484,-0.00168569,-0.000135194,-0.00134985,-0.000854198,2.54081e-05,-0.000144484,0.00116751,-0.000142973,0.00129168,-0.000375998,-0.000494827,-2.07862e-05,-0.00168569,-0.000142973,0.00307206,-0.000197969,-0.00130877,-0.000873091,1.3768e-05,-0.000135194,0.00129168,-0.000197969,0.00331457,0.00113765,-0.000676622,-0.000118855,-0.00134985,-0.000375998,-0.00130877,0.00113765,0.0265851,0.00184302,0.00110829,-0.000854198,-0.000494827,-0.000873091,-0.000676622,0.00184302,0.025174,1.81125e-05,2.54081e-05,-2.07862e-05,1.3768e-05,-0.000118855,0.00110829,1.81125e-05,0.0466758,
0.00329057,-0.000145299,-0.00168915,-0.000137209,-0.00134113,-0.000855882,2.48943e-05,-0.000145299,0.00116783,-0.000144267,0.0012911,-0.000375567,-0.000495488,-2.07649e-05,-0.00168915,-0.000144267,0.00307494,-0.000198613,-0.00130262,-0.000875174,1.37507e-05,-0.000137209,0.0012911,-0.000198613,0.00331244,0.00114259,-0.000674196,-0.000119285,-0.00134113,-0.000375567,-0.00130262,0.00114259,0.0265804,0.00184896,0.00110453,-0.000855882,-0.000495488,-0.000875174,-0.000674196,0.00184896,0.0251855,1.92447e-05,2.48943e-05,-2.07649e-05,1.37507e-05,-0.000119285,0.00110453,1.92447e-05,0.0466755,
0.00328296,-0.000146102,-0.00169256,-0.000139218,-0.00133245,-0.000857538,2.43862e-05,-0.000146102,0.00116816,-0.000145555,0.00129052,-0.00037513,-0.000496151,-2.0742e-05,-0.00169256,-0.000145555,0.0030778,-0.00019924,-0.00129655,-0.000877245,1.37328e-05,-0.000139218,0.00129052,-0.00019924,0.00331032,0.0011475,-0.000671745,-0.000119711,-0.00133245,-0.00037513,-0.00129655,0.0011475,0.0265759,0.00185483,0.00110077,-0.000857538,-0.000496151,-0.000877245,-0.000671745,0.00185483,0.0251971,2.0369e-05,2.43862e-05,-2.07421e-05,1.37328e-05,-0.000119711,0.00110076,2.0369e-05,0.0466752,
