0.00195998,-0.000348838,-0.000958456,0.00078134,0.000517271,0.00160234,-5.85156e-06,-0.000348838,0.00108964,-0.000373848,-0.00122769,0.000108071,0.000418195,-2.15644e-05,-0.000958456,-0.000373848,0.00443483,3.72234e-05,-0.00130252,0.000971837,-4.92315e-05,0.00078134,-0.00122769,3.72234e-05,0.00312669,-0.00143019,-0.000529457,8.33227e-05,0.000517271,0.000108071,-0.00130252,-0.00143019,0.0293725,0.000255324,-0.000787673,0.00160234,0.000418195,0.000971837,-0.000529457,0.000255324,0.0273581,-7.37847e-06,-5.85156e-06,-2.15644e-05,-4.92315e-05,8.33227e-05,-0.000787673,-7.37846e-06,0.0466299,
0.00196143,0,-0.000960605,0.000783375,0.000514093,0.00159677,-5.47962e-06,-0.000349884,0,-0.000376177,-0.00122666,0.000106709,0.00041692,-2.15496e-05,-0.000960605,0,0.00443293,3.75693e-05,-0.00130371,0.000972489,-4.85801e-05,0.000783375,0,3.75693e-05,0.00312618,-0.00143479,-0.000534739,8.33828e-05,0.000514093,0,-0.00130371,-0.00143479,0.0293501,0.000251956,-0.000782441,0.00159677,0,0.000972489,-0.000534739,0.000251956,0.0273519,-5.71876e-06,-5.47962e-06,0,-4.85801e-05,8.33827e-05,-0.000782441,-5.7187e-06,0.0466296,
0.00196402,-0.000350819,-0.000964318,0.000784894,0.000510958,0.00159153,-5.15327e-06,-0.000350819,0.00109009,-0.000378741,-0.00122601,0.00010564,0.000415232,-2.15275e-05,-0.000964318,-0.000378741,0.00443011,3.8323e-05,-0.00130289,0.000974926,-4.79614e-05,0.000784894,-0.00122601,3.8323e-05,0.00312576,-0.00143917,-0.000540665,8.34219e-05,0.000510958,0.00010564,-0.00130289,-0.00143917,0.0293312,0.000249142,-0.000778272,0.00159153,0.000415232,0.000974926,-0.000540665,0.000249142,0.0273485,-4.23317e-06,-5.15327e-06,-2.15276e-05,-4.79614e-05,8.3422e-05,-0.000778272,-4.23322e-06,0.0466293,
0.00196672,0,-0.00096684,0.000786765,0.000507482,0.00158608,-4.78892e-06,-0.000351918,0,-0.000381066,-0.00122502,0.000104386,0.000413993,-2.15258e-05,-0.00096684,0,0.00442796,3.88846e-05,-0.00130356,0.000975871,-4.72854e-05,0.000786765,0,3.88846e-05,0.00312512,-0.00144414,-0.000545653,8.34774e-05,0.000507482,0,-0.00130356,-0.00144414,0.0293067,0.00024492,-0.00077279,0.00158608,0,0.000975871,-0.000545653,0.00024492,0.0273415,-2.5886e-06,-4.78895e-06,0,-4.72853e-05,8.34774e-05,-0.00077279,-2.5886e-06,0.046629,
0.0019701,0,-0.000969569,0.000788564,0.000503568,0.00158117,-4.47176e-06,-0.000353067,0,-0.000383422,-0.00122406,0.000103239,0.000412561,-2.15084e-05,-0.000969569,0,0.00442567,3.95708e-05,-0.00130378,0.000977142,-4.66643e-05,0.000788564,0,3.95708e-05,0.00312435,-0.00144882,-0.00055172,8.35042e-05,0.000503568,0,-0.00130378,-0.00144882,0.0292865,0.000241275,-0.000768265,0.00158117,0,0.000977142,-0.00055172,0.000241275,0.027336,-1.0596e-06,-4.4717e-06,0,-4.66643e-05,8.35042e-05,-0.000768265,-1.05954e-06,0.0466287,
0.00197397,0,-0.000972395,0.000790335,0.000499603,0.00157617,-4.1448e-06,-0.000354247,0,-0.000385774,-0.00122308,0.000102167,0.000411247,-2.15023e-05,-0.000972395,0,0.00442331,4.03394e-05,-0.00130388,0.000978439,-4.60173e-05,0.000790335,0,4.03394e-05,0.00312351,-0.0014538,-0.000557291,8.35347e-05,0.000499603,0,-0.00130388,-0.0014538,0.029264,0.000237004,-0.000763345,0.00157617,0,0.000978439,-0.000557291,0.000237004,0.0273296,5.1309e-07,-4.1448e-06,0,-4.60172e-05,8.35347e-05,-0.000763345,5.1309e-07,0.0466284,
0.00197832,0,-0.000975315,0.000792062,0.000495418,0.0015714,-3.83762e-06,-0.00035546,0,-0.000388127,-0.00122212,0.000101183,0.000409902,-2.14932e-05,-0.000975315,0,0.00442088,4.11923e-05,-0.00130375,0.000979864,-4.53904e-05,0.000792062,0,4.11923e-05,0.00312258,-0.00145872,-0.000563157,8.35524e-05,0.000495418,0,-0.00130375,-0.00145872,0.0292428,0.00023279,-0.000758755,0.0015714,0,0.000979864,-0.000563157,0.00023279,0.0273237,2.05019e-06,-3.83765e-06,0,-4.53904e-05,8.35524e-05,-0.000758755,2.05019e-06,0.0466281,
0.00198308,0,-0.000978315,0.000793753,0.000491112,0.00156668,-3.53342e-06,-0.0003567,0,-0.000390477,-0.00122114,0.000100262,0.000408591,-2.14883e-05,-0.000978315,0,0.00441838,4.21167e-05,-0.00130347,0.000981341,-4.47593e-05,0.000793753,0,4.21167e-05,0.00312158,-0.00146376,-0.000568926,8.35665e-05,0.000491112,0,-0.00130347,-0.00146376,0.0292212,0.000228327,-0.000754117,0.00156668,0,0.000981341,-0.000568926,0.000228327,0.0273175,3.59268e-06,-3.5334e-06,0,-4.47593e-05,8.35665e-05,-0.000754117,3.59274e-06,0.0466278,
0.00198822,0,-0.000981384,0.000795406,0.000486659,0.00156207,-3.2391e-06,-0.000357966,0,-0.000392825,-0.00122017,9.94101e-05,0.000407282,-2.14841e-05,-0.000981384,0,0.00441581,4.31088e-05,-0.00130304,0.000982888,-4.41361e-05,0.000795406,0,4.31088e-05,0.0031205,-0.00146881,-0.00057477,8.35731e-05,0.000486659,0,-0.00130304,-0.00146881,0.0291999,0.000223795,-0.000749607,0.00156207,0,0.000982888,-0.00057477,0.000223795,0.0273115,5.1219e-06,-3.23913e-06,0,-4.4136e-05,8.35731e-05,-0.000749607,5.1219e-06,0.0466275,
0.00199368,0,-0.000984512,0.000797023,0.000482088,0.00155754,-2.9502e-06,-0.000359254,0,-0.000395169,-0.0012192,9.86143e-05,0.000405988,-2.14824e-05,-0.000984512,0,0.0044132,4.41616e-05,-0.00130248,0.000984479,-4.35147e-05,0.000797023,0,4.41616e-05,0.00311937,-0.0014739,-0.000580601,8.35746e-05,0.000482088,0,-0.00130248,-0.0014739,0.0291786,0.000219137,-0.000745135,0.00155754,0,0.000984479,-0.000580601,0.000219137,0.0273054,6.64768e-06,-2.9502e-06,0,-4.35147e-05,8.35746e-05,-0.000745135,6.64768e-06,0.0466272,
0.00199944,0,-0.00098769,0.000798604,0.0004774,0.00155308,-2.66773e-06,-0.000360561,0,-0.000397508,-0.00121823,9.78735e-05,0.000404701,-2.14823e-05,-0.00098769,0,0.00441053,4.52705e-05,-0.0013018,0.000986111,-4.28979e-05,0.000798604,0,4.52705e-05,0.00311818,-0.00147902,-0.000586453,8.35706e-05,0.0004774,0,-0.0013018,-0.00147902,0.0291575,0.000214403,-0.000740738,0.00155308,0,0.000986111,-0.000586452,0.000214403,0.0272993,8.16636e-06,-2.6677e-06,0,-4.28979e-05,8.35706e-05,-0.000740738,8.16636e-06,0.0466269,
0.00200546,0,-0.000990911,0.000800148,0.000472607,0.00154868,-2.39034e-06,-0.000361886,0,-0.000399841,-0.00121725,9.71815e-05,0.000403423,-2.14842e-05,-0.000990911,0,0.00440781,4.64308e-05,-0.00130101,0.000987773,-4.22843e-05,0.000800148,0,4.64309e-05,0.00311693,-0.00148416,-0.000592303,8.35617e-05,0.000472607,0,-0.00130101,-0.00148416,0.0291364,0.000209593,-0.000736392,0.00154868,0,0.000987773,-0.000592303,0.000209593,0.0272933,9.68026e-06,-2.39037e-06,0,-4.22843e-05,8.35617e-05,-0.000736392,9.68026e-06,0.0466266,
0.00201172,0,-0.000994169,0.000801656,0.000467714,0.00154434,-2.11789e-06,-0.000363227,0,-0.000402167,-0.00121628,9.65353e-05,0.000402153,-2.1488e-05,-0.000994169,0,0.00440505,4.76388e-05,-0.00130013,0.000989458,-4.16744e-05,0.000801656,0,4.76388e-05,0.00311564,-0.00148931,-0.000598155,8.35481e-05,0.000467714,0,-0.00130013,-0.00148931,0.0291155,0.000204725,-0.000732103,0.00154434,0,0.000989458,-0.000598155,0.000204724,0.0272872,1.1189e-05,-2.11786e-06,0,-4.16744e-05,8.35481e-05,-0.000732103,1.11891e-05,0.0466262,
0.0020182,0,-0.000997456,0.000803129,0.00046273,0.00154004,-1.84977e-06,-0.000364581,0,-0.000404487,-0.00121531,9.59313e-05,0.000400889,-2.14937e-05,-0.000997456,0,0.00440225,4.88909e-05,-0.00129917,0.000991159,-4.1068e-05,0.000803129,0,4.88909e-05,0.00311429,-0.00149447,-0.000604003,8.35301e-05,0.000462729,0,-0.00129917,-0.00149447,0.0290947,0.000199806,-0.000727865,0.00154004,0,0.000991159,-0.000604003,0.000199806,0.0272812,1.26935e-05,-1.8498e-06,0,-4.1068e-05,8.35301e-05,-0.000727865,1.26935e-05,0.0466259,
0.00202487,0,-0.00100077,0.000804567,0.000457658,0.00153579,-1.58568e-06,-0.000365948,0,-0.000406799,-0.00121433,9.53666e-05,0.000399632,-2.15012e-05,-0.00100077,0,0.00439942,5.0184e-05,-0.00129814,0.000992872,-4.0465e-05,0.000804567,0,5.0184e-05,0.0031129,-0.00149964,-0.000609844,8.35079e-05,0.000457658,0,-0.00129814,-0.00149964,0.029074,0.000194848,-0.000723676,0.00153579,0,0.000992872,-0.000609844,0.000194848,0.0272752,1.41937e-05,-1.58568e-06,0,-4.0465e-05,8.35079e-05,-0.000723676,1.41937e-05,0.0466256,
0.00203172,0,-0.0010041,0.000805968,0.000452505,0.00153158,-1.32522e-06,-0.000367326,0,-0.000409103,-0.00121336,9.48386e-05,0.00039838,-2.15107e-05,-0.0010041,0,0.00439655,5.15154e-05,-0.00129703,0.00099459,-3.98654e-05,0.000805968,0,5.15154e-05,0.00311147,-0.00150481,-0.000615676,8.34818e-05,0.000452505,0,-0.00129703,-0.00150481,0.0290535,0.000189857,-0.000719534,0.00153158,0,0.00099459,-0.000615676,0.000189857,0.0272691,1.56899e-05,-1.32522e-06,0,-3.98654e-05,8.34818e-05,-0.000719534,1.56899e-05,0.0466253,
0.00203872,0,-0.00100745,0.000807335,0.000447275,0.00152741,-1.06809e-06,-0.000368714,0,-0.000411399,-0.00121239,9.4345e-05,0.000397134,-2.1522e-05,-0.00100745,0,0.00439365,5.28828e-05,-0.00129586,0.00099631,-3.9269e-05,0.000807335,0,5.28828e-05,0.00311,-0.00150997,-0.000621497,8.3452e-05,0.000447275,0,-0.00129586,-0.00150997,0.029033,0.000184843,-0.000715436,0.00152741,0,0.00099631,-0.000621497,0.000184843,0.0272631,1.71825e-05,-1.06809e-06,0,-3.9269e-05,8.34521e-05,-0.000715436,1.71826e-05,0.046625,
0.00204588,0,-0.00101081,0.000808666,0.000441972,0.00152327,-8.14071e-07,-0.000370111,0,-0.000413686,-0.00121142,9.3884e-05,0.000395892,-2.15352e-05,-0.00101081,0,0.00439071,5.42839e-05,-0.00129464,0.000998028,-3.8676e-05,0.000808666,0,5.42839e-05,0.0031085,-0.00151513,-0.000627304,8.34187e-05,0.000441971,0,-0.00129464,-0.00151513,0.0290127,0.00017981,-0.00071138,0.00152327,0,0.000998028,-0.000627304,0.00017981,0.0272572,1.86716e-05,-8.14071e-07,0,-3.8676e-05,8.34187e-05,-0.00071138,1.86716e-05,0.0466247,
0.00205317,0,-0.00101418,0.000809962,0.000436598,0.00151915,-5.62911e-07,-0.000371516,0,-0.000415963,-0.00121044,9.34536e-05,0.000394656,-2.15502e-05,-0.00101418,0,0.00438775,5.5717e-05,-0.00129337,0.000999741,-3.80861e-05,0.000809962,0,5.5717e-05,0.00310696,-0.00152028,-0.000633096,8.3382e-05,0.000436598,0,-0.00129337,-0.00152028,0.0289925,0.000174764,-0.000707365,0.00151915,0,0.000999741,-0.000633096,0.000174764,0.0272512,2.01574e-05,-5.62939e-07,0,-3.80861e-05,8.3382e-05,-0.000707365,2.01574e-05,0.0466244,
0.00206053,-0.000372929,-0.00101751,0.000811237,0.000431164,0.00151506,-3.13721e-07,-0.00037293,0.00109492,-0.000418225,-0.00120946,9.30462e-05,0.000393433,-2.15671e-05,-0.00101751,-0.000418225,0.00438479,5.71679e-05,-0.0012921,0.0010014,-3.74999e-05,0.000811237,-0.00120946,5.71679e-05,0.00310538,-0.00152541,-0.000638859,8.33421e-05,0.000431164,9.30462e-05,-0.0012921,-0.00152541,0.0289725,0.000169715,-0.000703378,0.00151506,0.000393433,0.0010014,-0.000638859,0.000169715,0.0272452,2.16412e-05,-3.13749e-07,-2.1567e-05,-3.74998e-05,8.33421e-05,-0.000703378,2.16412e-05,0.0466241,
0.00206796,-0.000374349,-0.00102081,0.00081249,0.000425675,0.00151099,-6.62803e-08,-0.000374349,0.0010953,-0.000420474,-0.00120848,9.26562e-05,0.000392218,-2.15857e-05,-0.00102081,-0.000420474,0.00438183,5.86335e-05,-0.00129084,0.00100302,-3.69171e-05,0.00081249,-0.00120848,5.86335e-05,0.00310378,-0.00153052,-0.000644601,8.32991e-05,0.000425675,9.26562e-05,-0.00129084,-0.00153052,0.0289525,0.000164679,-0.000699421,0.00151099,0.000392218,0.00100302,-0.000644601,0.000164679,0.0272392,2.31227e-05,-6.62248e-08,-2.15857e-05,-3.69171e-05,8.32991e-05,-0.000699421,2.31227e-05,0.0466238,
0.00207542,-0.000375771,-0.00102408,0.000813718,0.000420142,0.00150692,1.79856e-07,-0.000375771,0.00109568,-0.000422708,-0.00120748,9.22831e-05,0.000391011,-2.16062e-05,-0.00102408,-0.000422708,0.00437887,6.01118e-05,-0.00128958,0.00100459,-3.63377e-05,0.000813718,-0.00120748,6.01118e-05,0.00310215,-0.0015356,-0.000650312,8.32533e-05,0.000420142,9.22831e-05,-0.00128958,-0.0015356,0.0289327,0.000159663,-0.000695491,0.00150692,0.000391011,0.00100459,-0.000650312,0.000159663,0.0272331,2.46023e-05,1.79856e-07,-2.16062e-05,-3.63377e-05,8.32533e-05,-0.000695491,2.46023e-05,0.0466235,
0.00208291,-0.000377194,-0.00102733,0.000814923,0.000414572,0.00150286,4.24827e-07,-0.000377194,0.00109607,-0.000424929,-0.00120649,9.1925e-05,0.00038981,-2.16285e-05,-0.00102733,-0.000424929,0.00437591,6.16011e-05,-0.00128834,0.00100611,-3.57617e-05,0.000814923,-0.00120649,6.16011e-05,0.0031005,-0.00154064,-0.000655992,8.32049e-05,0.000414572,9.1925e-05,-0.00128834,-0.00154064,0.0289131,0.000154672,-0.000691589,0.00150286,0.00038981,0.00100611,-0.000655992,0.000154672,0.0272271,2.60799e-05,4.24827e-07,-2.16285e-05,-3.57617e-05,8.32048e-05,-0.000691589,2.60799e-05,0.0466231,
0.00209042,-0.000378618,-0.00103054,0.000816102,0.000408969,0.0014988,6.68771e-07,-0.000378618,0.00109646,-0.000427136,-0.00120549,9.15811e-05,0.000388615,-2.16527e-05,-0.00103054,-0.000427136,0.00437294,6.31002e-05,-0.00128711,0.00100759,-3.51889e-05,0.000816102,-0.00120549,6.31002e-05,0.00309883,-0.00154565,-0.000661636,8.31539e-05,0.000408969,9.15811e-05,-0.00128711,-0.00154565,0.0288935,0.00014971,-0.000687713,0.0014988,0.000388615,0.00100759,-0.000661636,0.00014971,0.0272211,2.75557e-05,6.68743e-07,-2.16527e-05,-3.51889e-05,8.31539e-05,-0.000687713,2.75557e-05,0.0466228,
0.00209793,-0.00038004,-0.00103373,0.000817256,0.000403337,0.00149474,9.11798e-07,-0.00038004,0.00109685,-0.000429331,-0.0012045,9.12507e-05,0.000387426,-2.16788e-05,-0.00103373,-0.000429331,0.00436998,6.46083e-05,-0.00128588,0.00100903,-3.46194e-05,0.000817256,-0.0012045,6.46083e-05,0.00309715,-0.00155063,-0.000667245,8.31005e-05,0.000403337,9.12507e-05,-0.00128588,-0.00155063,0.0288741,0.000144781,-0.000683864,0.00149474,0.000387426,0.00100903,-0.000667245,0.000144781,0.027215,2.90297e-05,9.11826e-07,-2.16787e-05,-3.46194e-05,8.31005e-05,-0.000683864,2.90297e-05,0.0466225,
0.00210545,-0.000381462,-0.00103689,0.000818386,0.000397678,0.00149069,1.15402e-06,-0.000381462,0.00109725,-0.000431513,-0.0012035,9.09333e-05,0.000386242,-2.17066e-05,-0.00103689,-0.000431513,0.00436701,6.61247e-05,-0.00128467,0.00101042,-3.4053e-05,0.000818386,-0.0012035,6.61247e-05,0.00309545,-0.00155556,-0.000672816,8.30448e-05,0.000397678,9.09333e-05,-0.00128467,-0.00155556,0.0288548,0.000139885,-0.000680039,0.00149069,0.000386242,0.00101042,-0.000672816,0.000139885,0.027209,3.0502e-05,1.15402e-06,-2.17066e-05,-3.4053e-05,8.30448e-05,-0.000680039,3.0502e-05,0.0466222,
0.00211297,-0.000382882,-0.00104002,0.00081949,0.000391994,0.00148663,1.39544e-06,-0.000382882,0.00109766,-0.000433682,-0.0012025,9.06284e-05,0.000385063,-2.17363e-05,-0.00104002,-0.000433682,0.00436404,6.76489e-05,-0.00128346,0.00101177,-3.34897e-05,0.00081949,-0.0012025,6.76489e-05,0.00309374,-0.00156046,-0.000678351,8.29869e-05,0.000391994,9.06284e-05,-0.00128346,-0.00156046,0.0288356,0.000135025,-0.000676239,0.00148663,0.000385063,0.00101177,-0.000678351,0.000135025,0.027203,3.19724e-05,1.39544e-06,-2.17363e-05,-3.34898e-05,8.2987e-05,-0.000676239,3.19724e-05,0.0466219,
0.00212049,-0.0003843,-0.00104313,0.000820568,0.000386287,0.00148258,1.63614e-06,-0.0003843,0.00109807,-0.000435838,-0.0012015,9.03358e-05,0.000383888,-2.17677e-05,-0.00104313,-0.000435838,0.00436107,6.91806e-05,-0.00128227,0.00101308,-3.29296e-05,0.000820568,-0.0012015,6.91806e-05,0.00309201,-0.00156533,-0.000683847,8.29269e-05,0.000386287,9.03358e-05,-0.00128227,-0.00156533,0.0288166,0.0001302,-0.000672464,0.00148258,0.000383888,0.00101308,-0.000683847,0.0001302,0.027197,3.34411e-05,1.63614e-06,-2.17677e-05,-3.29296e-05,8.29269e-05,-0.000672464,3.34411e-05,0.0466216,
0.00212801,-0.000385716,-0.00104621,0.000821621,0.000380558,0.00147852,1.87614e-06,-0.000385716,0.00109848,-0.000437981,-0.0012005,9.00552e-05,0.000382719,-2.18009e-05,-0.00104621,-0.000437981,0.0043581,7.07193e-05,-0.00128108,0.00101434,-3.23725e-05,0.000821621,-0.0012005,7.07193e-05,0.00309027,-0.00157015,-0.000689306,8.28648e-05,0.000380558,9.00553e-05,-0.00128108,-0.00157015,0.0287977,0.000125413,-0.000668711,0.00147852,0.000382719,0.00101434,-0.000689306,0.000125413,0.027191,3.4908e-05,1.87617e-06,-2.18009e-05,-3.23725e-05,8.28648e-05,-0.000668711,3.4908e-05,0.0466213,
0.00213552,-0.00038713,-0.00104926,0.000822649,0.000374808,0.00147447,2.11545e-06,-0.00038713,0.0010989,-0.000440112,-0.0011995,8.97866e-05,0.000381554,-2.18359e-05,-0.00104926,-0.000440112,0.00435513,7.22649e-05,-0.00127991,0.00101557,-3.18185e-05,0.000822649,-0.0011995,7.22649e-05,0.00308851,-0.00157494,-0.000694726,8.28007e-05,0.000374808,8.97866e-05,-0.00127991,-0.00157494,0.0287789,0.000120663,-0.000664983,0.00147447,0.000381554,0.00101557,-0.000694726,0.000120663,0.0271849,3.63731e-05,2.11542e-06,-2.18359e-05,-3.18185e-05,8.28007e-05,-0.000664983,3.6373e-05,0.046621,
0.00214303,-0.000388542,-0.00105229,0.000823652,0.000369037,0.00147041,2.35412e-06,-0.000388542,0.00109933,-0.00044223,-0.0011985,8.95294e-05,0.000380394,-2.18725e-05,-0.00105229,-0.00044223,0.00435216,7.38172e-05,-0.00127875,0.00101675,-3.12674e-05,0.000823652,-0.0011985,7.38172e-05,0.00308675,-0.00157968,-0.000700109,8.27346e-05,0.000369037,8.95295e-05,-0.00127875,-0.00157968,0.0287602,0.000115949,-0.000661277,0.00147041,0.000380394,0.00101675,-0.000700109,0.00011595,0.027179,3.78362e-05,2.35412e-06,-2.18724e-05,-3.12674e-05,8.27346e-05,-0.000661277,3.78362e-05,0.0466207,
0.00215053,-0.000389951,-0.00105529,0.000824629,0.000363247,0.00146636,2.59215e-06,-0.000389951,0.00109976,-0.000444336,-0.0011975,8.9284e-05,0.000379239,-2.19108e-05,-0.00105529,-0.000444336,0.00434919,7.53758e-05,-0.0012776,0.0010179,-3.07194e-05,0.000824629,-0.0011975,7.53758e-05,0.00308497,-0.00158439,-0.000705453,8.26666e-05,0.000363247,8.9284e-05,-0.0012776,-0.00158439,0.0287417,0.000111274,-0.000657593,0.00146636,0.000379239,0.0010179,-0.000705453,0.000111274,0.027173,3.92976e-05,2.59215e-06,-2.19108e-05,-3.07194e-05,8.26667e-05,-0.000657593,3.92976e-05,0.0466204,
0.00215803,-0.000391358,-0.00105826,0.000825582,0.000357438,0.0014623,2.82954e-06,-0.000391358,0.00110019,-0.00044643,-0.0011965,8.90498e-05,0.000378089,-2.19508e-05,-0.00105826,-0.00044643,0.00434622,7.69407e-05,-0.00127646,0.00101901,-3.01743e-05,0.000825582,-0.0011965,7.69407e-05,0.00308318,-0.00158906,-0.00071076,8.25968e-05,0.000357438,8.90498e-05,-0.00127646,-0.00158906,0.0287233,0.000106636,-0.000653932,0.0014623,0.000378089,0.00101901,-0.00071076,0.000106636,0.027167,4.0757e-05,2.82951e-06,-2.19508e-05,-3.01743e-05,8.25968e-05,-0.000653932,4.0757e-05,0.04662,
0.00216551,-0.000392763,-0.00106121,0.000826509,0.00035161,0.00145825,3.06627e-06,-0.000392763,0.00110063,-0.000448511,-0.0011955,8.8827e-05,0.000376943,-2.19924e-05,-0.00106121,-0.000448511,0.00434325,7.85118e-05,-0.00127533,0.00102007,-2.9632e-05,0.000826509,-0.0011955,7.85118e-05,0.00308137,-0.00159369,-0.000716028,8.25252e-05,0.00035161,8.88269e-05,-0.00127533,-0.00159369,0.0287051,0.000102035,-0.000650292,0.00145825,0.000376943,0.00102007,-0.000716028,0.000102035,0.027161,4.22144e-05,3.06632e-06,-2.19924e-05,-2.9632e-05,8.25252e-05,-0.000650292,4.22145e-05,0.0466197,
0.00217299,-0.000394165,-0.00106413,0.000827411,0.000345764,0.00145419,3.30241e-06,-0.000394165,0.00110108,-0.000450579,-0.0011945,8.86154e-05,0.000375803,-2.20357e-05,-0.00106413,-0.000450579,0.00434028,8.00887e-05,-0.00127421,0.0010211,-2.90928e-05,0.000827411,-0.0011945,8.00887e-05,0.00307956,-0.00159828,-0.000721259,8.24518e-05,0.000345764,8.86153e-05,-0.00127421,-0.00159828,0.0286869,9.74725e-05,-0.000646674,0.00145419,0.000375803,0.0010211,-0.000721259,9.74724e-05,0.0271551,4.36699e-05,3.30241e-06,-2.20357e-05,-2.90928e-05,8.24518e-05,-0.000646674,4.36699e-05,0.0466194,
0.00218046,-0.000395565,-0.00106703,0.000828288,0.0003399,0.00145014,3.53798e-06,-0.000395565,0.00110153,-0.000452636,-0.0011935,8.84148e-05,0.000374667,-2.20805e-05,-0.00106703,-0.000452636,0.00433731,8.16716e-05,-0.0012731,0.00102209,-2.85564e-05,0.000828288,-0.0011935,8.16716e-05,0.00307773,-0.00160284,-0.000726453,8.23767e-05,0.0003399,8.84148e-05,-0.0012731,-0.00160284,0.0286689,9.29468e-05,-0.000643077,0.00145014,0.000374667,0.00102209,-0.000726453,9.29468e-05,0.0271491,4.51234e-05,3.53795e-06,-2.20805e-05,-2.85564e-05,8.23767e-05,-0.000643077,4.51234e-05,0.0466191,
0.00218793,-0.000396962,-0.0010699,0.00082914,0.00033402,0.00144608,3.7729e-06,-0.000396962,0.00110198,-0.00045468,-0.0011925,8.82254e-05,0.000373536,-2.21269e-05,-0.0010699,-0.00045468,0.00433434,8.32601e-05,-0.001272,0.00102305,-2.80228e-05,0.00082914,-0.0011925,8.32601e-05,0.0030759,-0.00160735,-0.000731608,8.22999e-05,0.00033402,8.82253e-05,-0.001272,-0.00160735,0.0286511,8.84585e-05,-0.000639501,0.00144608,0.000373536,0.00102305,-0.000731608,8.84585e-05,0.0271432,4.65749e-05,3.77293e-06,-2.21269e-05,-2.80228e-05,8.22999e-05,-0.000639501,4.65749e-05,0.0466188,
0.00219538,-0.000398358,-0.00107275,0.000829968,0.000328123,0.00144203,4.00724e-06,-0.000398358,0.00110244,-0.000456712,-0.0011915,8.80468e-05,0.00037241,-2.21748e-05,-0.00107275,-0.000456712,0.00433137,8.48542e-05,-0.00127091,0.00102396,-2.74921e-05,0.000829968,-0.0011915,8.48542e-05,0.00307405,-0.00161183,-0.000736727,8.22215e-05,0.000328123,8.80468e-05,-0.00127091,-0.00161183,0.0286333,8.40073e-05,-0.000635946,0.00144203,0.00037241,0.00102396,-0.000736727,8.40072e-05,0.0271372,4.80243e-05,4.00724e-06,-2.21748e-05,-2.74921e-05,8.22215e-05,-0.000635946,4.80243e-05,0.0466185,
0.00220282,-0.000399751,-0.00107557,0.000830771,0.000322209,0.00143798,4.24097e-06,-0.000399751,0.00110291,-0.000458731,-0.0011905,8.78791e-05,0.000371288,-2.22243e-05,-0.00107557,-0.000458731,0.0043284,8.64537e-05,-0.00126983,0.00102484,-2.69642e-05,0.000830771,-0.0011905,8.64537e-05,0.00307219,-0.00161627,-0.000741808,8.21415e-05,0.000322209,8.78791e-05,-0.00126983,-0.00161627,0.0286157,7.95931e-05,-0.00063241,0.00143798,0.000371288,0.00102484,-0.000741808,7.95931e-05,0.0271313,4.94716e-05,4.24094e-06,-2.22243e-05,-2.69642e-05,8.21415e-05,-0.00063241,4.94716e-05,0.0466182,
0.00221026,-0.000401141,-0.00107837,0.000831549,0.000316279,0.00143393,4.47414e-06,-0.000401141,0.00110337,-0.000460739,-0.00118951,8.77222e-05,0.000370172,-2.22752e-05,-0.00107837,-0.000460739,0.00432543,8.80586e-05,-0.00126876,0.00102568,-2.64391e-05,0.000831549,-0.00118951,8.80586e-05,0.00307033,-0.00162067,-0.000746852,8.20599e-05,0.000316279,8.77222e-05,-0.00126876,-0.00162067,0.0285982,7.52157e-05,-0.000628895,0.00143393,0.000370172,0.00102568,-0.000746852,7.52157e-05,0.0271254,5.09169e-05,4.47414e-06,-2.22752e-05,-2.64391e-05,8.206e-05,-0.000628895,5.0917e-05,0.0466179,
0.00221768,-0.00040253,-0.00108114,0.000832302,0.000310334,0.00142989,4.70674e-06,-0.00040253,0.00110385,-0.000462735,-0.00118851,8.75759e-05,0.000369061,-2.23277e-05,-0.00108114,-0.000462735,0.00432246,8.96687e-05,-0.00126771,0.00102649,-2.59169e-05,0.000832302,-0.00118851,8.96687e-05,0.00306845,-0.00162504,-0.000751859,8.19768e-05,0.000310334,8.75759e-05,-0.00126771,-0.00162504,0.0285808,7.0875e-05,-0.0006254,0.00142989,0.000369061,0.00102649,-0.000751859,7.08751e-05,0.0271195,5.23601e-05,4.70674e-06,-2.23276e-05,-2.59168e-05,8.19769e-05,-0.0006254,5.23601e-05,0.0466176,
0.0022251,-0.000403916,-0.00108388,0.000833032,0.000304374,0.00142584,4.93872e-06,-0.000403916,0.00110432,-0.000464718,-0.00118751,8.74403e-05,0.000367955,-2.23816e-05,-0.00108388,-0.000464718,0.0043195,9.12839e-05,-0.00126666,0.00102726,-2.53973e-05,0.000833032,-0.00118751,9.12839e-05,0.00306656,-0.00162937,-0.00075683,8.18922e-05,0.000304374,8.74403e-05,-0.00126666,-0.00162937,0.0285636,6.6571e-05,-0.000621924,0.00142584,0.000367955,0.00102726,-0.00075683,6.6571e-05,0.0271136,5.38011e-05,4.93872e-06,-2.23815e-05,-2.53973e-05,8.18923e-05,-0.000621924,5.38011e-05,0.0466173,
0.0022325,-0.0004053,-0.00108661,0.000833737,0.000298399,0.0014218,5.17014e-06,-0.0004053,0.00110481,-0.00046669,-0.00118652,8.73152e-05,0.000366854,-2.24369e-05,-0.00108661,-0.00046669,0.00431653,9.29041e-05,-0.00126562,0.001028,-2.48806e-05,0.000833737,-0.00118652,9.29041e-05,0.00306466,-0.00163365,-0.000761764,8.18062e-05,0.000298399,8.73153e-05,-0.00126562,-0.00163365,0.0285465,6.23033e-05,-0.000618467,0.0014218,0.000366854,0.001028,-0.000761764,6.23033e-05,0.0271077,5.52399e-05,5.17014e-06,-2.24369e-05,-2.48805e-05,8.18062e-05,-0.000618467,5.524e-05,0.046617,
0.0022399,-0.000406682,-0.0010893,0.000834417,0.000292409,0.00141776,5.40099e-06,-0.000406682,0.00110529,-0.00046865,-0.00118552,8.72006e-05,0.000365759,-2.24937e-05,-0.0010893,-0.00046865,0.00431357,9.45291e-05,-0.00126459,0.0010287,-2.43666e-05,0.000834417,-0.00118552,9.45291e-05,0.00306276,-0.00163791,-0.000766661,8.17187e-05,0.000292409,8.72006e-05,-0.00126459,-0.00163791,0.0285295,5.80718e-05,-0.00061503,0.00141776,0.000365759,0.0010287,-0.000766661,5.80717e-05,0.0271018,5.66766e-05,5.40101e-06,-2.24937e-05,-2.43666e-05,8.17187e-05,-0.00061503,5.66766e-05,0.0466167,
0.00224728,-0.000408061,-0.00109197,0.000835074,0.000286406,0.00141373,5.63127e-06,-0.000408061,0.00110578,-0.000470598,-0.00118452,8.70964e-05,0.000364668,-2.25518e-05,-0.00109197,-0.000470598,0.00431061,9.6159e-05,-0.00126357,0.00102936,-2.38553e-05,0.000835074,-0.00118452,9.6159e-05,0.00306084,-0.00164212,-0.000771522,8.16298e-05,0.000286406,8.70964e-05,-0.00126357,-0.00164212,0.0285126,5.38762e-05,-0.000611611,0.00141373,0.000364668,0.00102936,-0.000771522,5.38763e-05,0.027096,5.81111e-05,5.63127e-06,-2.25518e-05,-2.38553e-05,8.16298e-05,-0.000611611,5.81111e-05,0.0466164,
0.00225465,-0.000409439,-0.00109462,0.000835707,0.000280388,0.0014097,5.86098e-06,-0.000409439,0.00110628,-0.000472534,-0.00118353,8.70025e-05,0.000363583,-2.26114e-05,-0.00109462,-0.000472534,0.00430765,9.77935e-05,-0.00126257,0.00103,-2.33467e-05,0.000835706,-0.00118353,9.77935e-05,0.00305892,-0.0016463,-0.000776346,8.15395e-05,0.000280388,8.70025e-05,-0.00126257,-0.0016463,0.0284958,4.97166e-05,-0.000608212,0.0014097,0.000363583,0.00103,-0.000776346,4.97166e-05,0.0270901,5.95433e-05,5.86098e-06,-2.26114e-05,-2.33467e-05,8.15394e-05,-0.000608212,5.95433e-05,0.0466161,
0.00226201,-0.000410814,-0.00109725,0.000836315,0.000274358,0.00140567,6.09013e-06,-0.000410814,0.00110678,-0.000474459,-0.00118254,8.69188e-05,0.000362503,-2.26723e-05,-0.00109725,-0.000474459,0.00430469,9.94325e-05,-0.00126157,0.0010306,-2.28408e-05,0.000836315,-0.00118254,9.94325e-05,0.00305698,-0.00165044,-0.000781135,8.14478e-05,0.000274358,8.69188e-05,-0.00126157,-0.00165044,0.0284792,4.55926e-05,-0.000604831,0.00140567,0.000362503,0.0010306,-0.000781135,4.55926e-05,0.0270843,6.09733e-05,6.09007e-06,-2.26723e-05,-2.28408e-05,8.14478e-05,-0.000604831,6.09733e-05,0.0466158,
0.00226936,-0.000412188,-0.00109985,0.0008369,0.000268314,0.00140164,6.3187e-06,-0.000412188,0.00110728,-0.000476371,-0.00118154,8.68453e-05,0.000361428,-2.27345e-05,-0.00109985,-0.000476371,0.00430174,0.000101076,-0.00126058,0.00103116,-2.23377e-05,0.0008369,-0.00118154,0.000101076,0.00305504,-0.00165454,-0.000785888,8.13548e-05,0.000268314,8.68453e-05,-0.00126058,-0.00165454,0.0284627,4.15041e-05,-0.000601468,0.00140164,0.000361428,0.00103116,-0.000785888,4.15042e-05,0.0270785,6.2401e-05,6.31867e-06,-2.27345e-05,-2.23376e-05,8.13548e-05,-0.000601468,6.2401e-05,0.0466155,
0.0022767,-0.000413559,-0.00110242,0.000837461,0.000262258,0.00139762,6.54671e-06,-0.000413559,0.00110779,-0.000478273,-0.00118055,8.67819e-05,0.000360359,-2.27981e-05,-0.00110242,-0.000478273,0.00429878,0.000102724,-0.0012596,0.0010317,-2.18371e-05,0.000837461,-0.00118055,0.000102724,0.00305309,-0.00165861,-0.000790605,8.12606e-05,0.000262258,8.67819e-05,-0.0012596,-0.00165861,0.0284463,3.7451e-05,-0.000598123,0.00139762,0.000360359,0.0010317,-0.000790605,3.7451e-05,0.0270727,6.38264e-05,6.54671e-06,-2.2798e-05,-2.18371e-05,8.12606e-05,-0.000598123,6.38264e-05,0.0466152,
0.00228403,-0.000414928,-0.00110497,0.000837998,0.00025619,0.0013936,6.77416e-06,-0.000414928,0.0011083,-0.000480162,-0.00117956,8.67285e-05,0.000359295,-2.28629e-05,-0.00110497,-0.000480162,0.00429583,0.000104376,-0.00125863,0.0010322,-2.13393e-05,0.000837998,-0.00117956,0.000104376,0.00305113,-0.00166264,-0.000795286,8.1165e-05,0.00025619,8.67285e-05,-0.00125863,-0.00166264,0.0284301,3.34329e-05,-0.000594796,0.0013936,0.000359294,0.0010322,-0.000795286,3.34329e-05,0.0270668,6.52496e-05,6.77414e-06,-2.28629e-05,-2.13393e-05,8.1165e-05,-0.000594796,6.52496e-05,0.0466149,
0.00229135,-0.000416295,-0.0011075,0.000838512,0.00025011,0.00138959,7.00104e-06,-0.000416295,0.00110881,-0.00048204,-0.00117857,8.6685e-05,0.000358236,-2.29291e-05,-0.0011075,-0.00048204,0.00429288,0.000106032,-0.00125767,0.00103267,-2.08441e-05,0.000838512,-0.00117857,0.000106032,0.00304916,-0.00166664,-0.000799932,8.10682e-05,0.00025011,8.6685e-05,-0.00125767,-0.00166664,0.028414,2.94497e-05,-0.000591487,0.00138959,0.000358236,0.00103267,-0.000799932,2.94497e-05,0.0270611,6.66704e-05,7.00101e-06,-2.29291e-05,-2.08441e-05,8.10682e-05,-0.000591487,6.66704e-05,0.0466146,
0.00229865,-0.000417661,-0.00111,0.000839002,0.000244018,0.00138558,7.22739e-06,-0.000417661,0.00110933,-0.000483907,-0.00117758,8.66514e-05,0.000357182,-2.29965e-05,-0.00111,-0.000483907,0.00428994,0.000107692,-0.00125672,0.00103311,-2.03515e-05,0.000839002,-0.00117758,0.000107692,0.00304718,-0.0016706,-0.000804542,8.09702e-05,0.000244018,8.66515e-05,-0.00125672,-0.0016706,0.028398,2.55013e-05,-0.000588196,0.00138558,0.000357182,0.00103311,-0.000804542,2.55013e-05,0.0270553,6.80889e-05,7.22739e-06,-2.29965e-05,-2.03515e-05,8.09702e-05,-0.000588196,6.80889e-05,0.0466143,
0.00230594,-0.000419024,-0.00111248,0.000839469,0.000237915,0.00138158,7.45318e-06,-0.000419024,0.00110985,-0.000485762,-0.00117659,8.66276e-05,0.000356135,-2.30652e-05,-0.00111248,-0.000485762,0.00428699,0.000109356,-0.00125578,0.00103351,-1.98616e-05,0.000839469,-0.00117659,0.000109356,0.0030452,-0.00167452,-0.000809117,8.0871e-05,0.000237915,8.66276e-05,-0.00125578,-0.00167452,0.0283821,2.15875e-05,-0.000584922,0.00138158,0.000356134,0.00103351,-0.000809117,2.15875e-05,0.0270495,6.95051e-05,7.45315e-06,-2.30652e-05,-1.98616e-05,8.0871e-05,-0.000584922,6.95051e-05,0.046614,
0.00231322,-0.000420385,-0.00111494,0.000839912,0.000231801,0.00137758,7.67839e-06,-0.000420385,0.00111038,-0.000487606,-0.0011756,8.66135e-05,0.000355092,-2.31351e-05,-0.00111494,-0.000487606,0.00428405,0.000111024,-0.00125485,0.00103389,-1.93742e-05,0.000839912,-0.0011756,0.000111024,0.0030432,-0.0016784,-0.000813657,8.07706e-05,0.000231801,8.66135e-05,-0.00125485,-0.0016784,0.0283663,1.77079e-05,-0.000581666,0.00137758,0.000355092,0.00103389,-0.000813657,1.77079e-05,0.0270437,7.09189e-05,7.67836e-06,-2.31351e-05,-1.93742e-05,8.07706e-05,-0.000581666,7.09189e-05,0.0466137,
0.00232049,-0.000421744,-0.00111737,0.000840333,0.000225676,0.00137359,7.90307e-06,-0.000421744,0.00111091,-0.000489439,-0.00117461,8.6609e-05,0.000354055,-2.32062e-05,-0.00111737,-0.000489439,0.00428111,0.000112696,-0.00125393,0.00103424,-1.88895e-05,0.000840333,-0.00117461,0.000112696,0.00304121,-0.00168225,-0.000818163,8.0669e-05,0.000225676,8.6609e-05,-0.00125393,-0.00168225,0.0283506,1.38625e-05,-0.000578427,0.00137359,0.000354055,0.00103424,-0.000818163,1.38625e-05,0.027038,7.23303e-05,7.90307e-06,-2.32062e-05,-1.88895e-05,8.0669e-05,-0.000578427,7.23303e-05,0.0466134,
0.00232774,-0.000423101,-0.00111978,0.00084073,0.000219542,0.0013696,8.12719e-06,-0.000423101,0.00111144,-0.000491261,-0.00117362,8.66141e-05,0.000353024,-2.32786e-05,-0.00111978,-0.000491261,0.00427818,0.000114371,-0.00125302,0.00103455,-1.84074e-05,0.00084073,-0.00117362,0.000114371,0.0030392,-0.00168607,-0.000822633,8.05663e-05,0.000219542,8.66141e-05,-0.00125302,-0.00168607,0.0283351,1.00511e-05,-0.000575205,0.0013696,0.000353024,0.00103455,-0.000822633,1.00512e-05,0.0270323,7.37393e-05,8.12717e-06,-2.32786e-05,-1.84073e-05,8.05663e-05,-0.000575205,7.37394e-05,0.0466131,
0.00233498,-0.000424457,-0.00112216,0.000841104,0.000213397,0.00136562,8.35076e-06,-0.000424457,0.00111198,-0.000493071,-0.00117263,8.66287e-05,0.000351998,-2.33521e-05,-0.00112216,-0.000493071,0.00427525,0.00011605,-0.00125212,0.00103484,-1.79278e-05,0.000841104,-0.00117263,0.00011605,0.00303718,-0.00168985,-0.000827069,8.04624e-05,0.000213397,8.66288e-05,-0.00125212,-0.00168985,0.0283197,6.27354e-06,-0.000572,0.00136562,0.000351998,0.00103484,-0.000827069,6.27354e-06,0.0270266,7.5146e-05,8.35071e-06,-2.33522e-05,-1.79278e-05,8.04624e-05,-0.000572,7.5146e-05,0.0466128,
0.00234221,-0.00042581,-0.00112453,0.000841456,0.000207243,0.00136165,8.57375e-06,-0.00042581,0.00111252,-0.00049487,-0.00117165,8.66527e-05,0.000350977,-2.34268e-05,-0.00112453,-0.00049487,0.00427232,0.000117732,-0.00125122,0.0010351,-1.74508e-05,0.000841456,-0.00117165,0.000117732,0.00303516,-0.00169359,-0.000831471,8.03575e-05,0.000207243,8.66527e-05,-0.00125122,-0.00169359,0.0283044,2.52948e-06,-0.000568812,0.00136165,0.000350977,0.0010351,-0.000831471,2.52948e-06,0.0270208,7.65503e-05,8.57375e-06,-2.34268e-05,-1.74508e-05,8.03575e-05,-0.000568812,7.65503e-05,0.0466125,
0.00234943,-0.000427162,-0.00112687,0.000841785,0.00020108,0.00135768,8.79621e-06,-0.000427162,0.00111307,-0.000496658,-0.00117066,8.66861e-05,0.000349962,-2.35027e-05,-0.00112687,-0.000496658,0.00426939,0.000119417,-0.00125034,0.00103532,-1.69763e-05,0.000841785,-0.00117066,0.000119417,0.00303313,-0.0016973,-0.000835838,8.02515e-05,0.00020108,8.6686e-05,-0.00125034,-0.0016973,0.0282892,-1.18117e-06,-0.00056564,0.00135768,0.000349962,0.00103532,-0.000835838,-1.18117e-06,0.0270152,7.79521e-05,8.79624e-06,-2.35026e-05,-1.69763e-05,8.02515e-05,-0.00056564,7.79521e-05,0.0466122,
0.00235663,-0.000428511,-0.00112918,0.000842091,0.000194908,0.00135371,9.01812e-06,-0.000428511,0.00111361,-0.000498435,-0.00116968,8.67287e-05,0.000348953,-2.35797e-05,-0.00112918,-0.000498435,0.00426647,0.000121106,-0.00124947,0.00103552,-1.65044e-05,0.000842091,-0.00116968,0.000121106,0.0030311,-0.00170097,-0.000840171,8.01444e-05,0.000194908,8.67287e-05,-0.00124947,-0.00170097,0.0282742,-4.85867e-06,-0.000562485,0.00135371,0.000348953,0.00103552,-0.000840171,-4.85872e-06,0.0270095,7.93515e-05,9.01812e-06,-2.35797e-05,-1.65044e-05,8.01444e-05,-0.000562485,7.93515e-05,0.0466119,
0.00236381,-0.000429859,-0.00113148,0.000842375,0.000188727,0.00134976,9.2395e-06,-0.000429859,0.00111416,-0.000500202,-0.0011687,8.67805e-05,0.000347949,-2.36578e-05,-0.00113148,-0.000500202,0.00426355,0.000122798,-0.0012486,0.0010357,-1.6035e-05,0.000842375,-0.0011687,0.000122798,0.00302906,-0.00170461,-0.00084447,8.00363e-05,0.000188727,8.67805e-05,-0.0012486,-0.00170461,0.0282592,-8.5032e-06,-0.000559346,0.00134976,0.000347949,0.0010357,-0.00084447,-8.50314e-06,0.0270038,8.07484e-05,9.2395e-06,-2.36577e-05,-1.60351e-05,8.00363e-05,-0.000559346,8.07485e-05,0.0466116,
0.00237099,-0.000431205,-0.00113375,0.000842636,0.000182538,0.00134581,9.46029e-06,-0.000431205,0.00111472,-0.000501957,-0.00116771,8.68414e-05,0.000346951,-2.3737e-05,-0.00113375,-0.000501957,0.00426064,0.000124493,-0.00124774,0.00103584,-1.55682e-05,0.000842636,-0.00116771,0.000124493,0.00302701,-0.00170822,-0.000848736,7.99271e-05,0.000182538,8.68414e-05,-0.00124774,-0.00170822,0.0282444,-1.21149e-05,-0.000556224,0.00134581,0.000346951,0.00103584,-0.000848736,-1.21149e-05,0.0269981,8.21429e-05,9.46032e-06,-2.3737e-05,-1.55682e-05,7.99271e-05,-0.000556224,8.21429e-05,0.0466114,
0.00237815,-0.000432548,-0.00113599,0.000842875,0.000176342,0.00134186,9.68056e-06,-0.000432548,0.00111528,-0.000503702,-0.00116673,8.69113e-05,0.000345959,-2.38173e-05,-0.00113599,-0.000503702,0.00425772,0.00012619,-0.0012469,0.00103596,-1.51039e-05,0.000842875,-0.00116673,0.00012619,0.00302496,-0.00171179,-0.000852967,7.9817e-05,0.000176341,8.69113e-05,-0.0012469,-0.00171179,0.0282297,-1.5694e-05,-0.000553118,0.00134186,0.000345959,0.00103596,-0.000852967,-1.5694e-05,0.0269925,8.35349e-05,9.68059e-06,-2.38173e-05,-1.51039e-05,7.9817e-05,-0.000553118,8.3535e-05,0.0466111,
0.00238529,-0.00043389,-0.00113822,0.000843092,0.000170137,0.00133793,9.90028e-06,-0.00043389,0.00111584,-0.000505436,-0.00116575,8.69902e-05,0.000344972,-2.38987e-05,-0.00113822,-0.000505436,0.00425482,0.000127891,-0.00124606,0.00103604,-1.4642e-05,0.000843092,-0.00116575,0.000127891,0.0030229,-0.00171532,-0.000857165,7.97058e-05,0.000170137,8.69902e-05,-0.00124606,-0.00171532,0.0282151,-1.92407e-05,-0.000550028,0.00133793,0.000344972,0.00103604,-0.000857165,-1.92407e-05,0.0269869,8.49245e-05,9.90025e-06,-2.38987e-05,-1.4642e-05,7.97058e-05,-0.000550028,8.49245e-05,0.0466108,
0.00239242,-0.000435231,-0.00114042,0.000843286,0.000163926,0.001334,1.01194e-05,-0.000435231,0.0011164,-0.000507159,-0.00116477,8.7078e-05,0.000343991,-2.39812e-05,-0.00114042,-0.000507159,0.00425191,0.000129594,-0.00124523,0.00103611,-1.41827e-05,0.000843286,-0.00116477,0.000129594,0.00302083,-0.00171882,-0.00086133,7.95937e-05,0.000163926,8.7078e-05,-0.00124523,-0.00171882,0.0282006,-2.27552e-05,-0.000546954,0.001334,0.000343991,0.00103611,-0.00086133,-2.27552e-05,0.0269813,8.63116e-05,1.01194e-05,-2.39812e-05,-1.41827e-05,7.95937e-05,-0.000546954,8.63116e-05,0.0466105,
0.00239954,-0.000436569,-0.0011426,0.000843459,0.000157707,0.00133007,1.0338e-05,-0.000436569,0.00111697,-0.000508872,-0.00116379,8.71747e-05,0.000343015,-2.40647e-05,-0.0011426,-0.000508872,0.00424901,0.0001313,-0.00124441,0.00103614,-1.37258e-05,0.000843459,-0.00116379,0.0001313,0.00301876,-0.00172229,-0.000865462,7.94806e-05,0.000157707,8.71747e-05,-0.00124441,-0.00172229,0.0281863,-2.62378e-05,-0.000543896,0.00133007,0.000343015,0.00103614,-0.000865462,-2.62378e-05,0.0269757,8.76962e-05,1.03381e-05,-2.40646e-05,-1.37258e-05,7.94806e-05,-0.000543896,8.76962e-05,0.0466102,
0.00240664,-0.000437905,-0.00114476,0.00084361,0.000151482,0.00132616,1.05561e-05,-0.000437905,0.00111754,-0.000510574,-0.00116282,8.728e-05,0.000342045,-2.41492e-05,-0.00114476,-0.000510574,0.00424612,0.000133008,-0.0012436,0.00103615,-1.32714e-05,0.00084361,-0.00116282,0.000133008,0.00301668,-0.00172572,-0.00086956,7.93666e-05,0.000151482,8.728e-05,-0.0012436,-0.00172572,0.028172,-2.96885e-05,-0.000540853,0.00132616,0.000342045,0.00103615,-0.00086956,-2.96885e-05,0.0269701,8.90782e-05,1.05561e-05,-2.41492e-05,-1.32714e-05,7.93666e-05,-0.000540853,8.90783e-05,0.0466099,
0.00241373,-0.00043924,-0.0011469,0.000843739,0.000145251,0.00132225,1.07736e-05,-0.00043924,0.00111811,-0.000512266,-0.00116184,8.7394e-05,0.000341081,-2.42347e-05,-0.0011469,-0.000512266,0.00424323,0.000134719,-0.0012428,0.00103614,-1.28194e-05,0.000843739,-0.00116184,0.000134719,0.0030146,-0.00172912,-0.000873626,7.92517e-05,0.00014525,8.7394e-05,-0.0012428,-0.00172912,0.0281579,-3.31076e-05,-0.000537826,0.00132225,0.000341081,0.00103614,-0.000873626,-3.31076e-05,0.0269645,9.04579e-05,1.07736e-05,-2.42348e-05,-1.28194e-05,7.92516e-05,-0.000537826,9.04579e-05,0.0466096,
0.0024208,-0.000440573,-0.00114901,0.000843846,0.000139013,0.00131835,1.09906e-05,-0.000440573,0.00111869,-0.000513947,-0.00116086,8.75166e-05,0.000340122,-2.43213e-05,-0.00114901,-0.000513947,0.00424034,0.000136432,-0.001242,0.0010361,-1.23699e-05,0.000843846,-0.00116086,0.000136432,0.00301251,-0.00173248,-0.000877659,7.91358e-05,0.000139013,8.75167e-05,-0.001242,-0.00173248,0.0281438,-3.64954e-05,-0.000534815,0.00131835,0.000340122,0.0010361,-0.000877659,-3.64954e-05,0.0269589,9.1835e-05,1.09906e-05,-2.43213e-05,-1.23699e-05,7.91358e-05,-0.000534815,9.1835e-05,0.0466093,
0.00242786,-0.000441904,-0.00115111,0.000843932,0.00013277,0.00131446,1.1207e-05,-0.000441904,0.00111927,-0.000515618,-0.00115989,8.76478e-05,0.000339169,-2.44088e-05,-0.00115111,-0.000515618,0.00423745,0.000138147,-0.00124122,0.00103603,-1.19229e-05,0.000843932,-0.00115989,0.000138148,0.00301042,-0.00173581,-0.00088166,7.9019e-05,0.00013277,8.76478e-05,-0.00124122,-0.00173581,0.0281299,-3.98519e-05,-0.000531819,0.00131446,0.000339169,0.00103603,-0.00088166,-3.98518e-05,0.0269534,9.32095e-05,1.1207e-05,-2.44088e-05,-1.19229e-05,7.9019e-05,-0.000531819,9.32095e-05,0.0466091,
