0.00167722,-0.000353201,-0.00100236,-0.00100989,9.18349e-05,-0.000757766,1.69714e-05,-0.000353201,0.00111773,-0.000521549,0.0011146,-0.000174922,-0.000965117,3.74204e-05,-0.00100236,-0.000521549,0.00440462,-7.92714e-05,-0.00117645,-0.000601731,-0.000106205,-0.00100989,0.0011146,-7.92714e-05,0.00313695,0.00108264,0.00141561,-4.5101e-05,9.18349e-05,-0.000174922,-0.00117645,0.00108264,0.0317334,0.00202429,-0.00124227,-0.000757766,-0.000965117,-0.000601731,0.00141561,0.00202429,0.0290359,9.7364e-05,1.69714e-05,3.74204e-05,-0.000106205,-4.5101e-05,-0.00124227,9.7364e-05,0.0466568,
0.00167856,-0.000353439,-0.00100344,-0.00101158,9.19349e-05,-0.000759,1.697e-05,-0.000353439,0.00111798,-0.000523718,0.00111366,-0.000173544,-0.000964938,3.73734e-05,-0.00100344,-0.000523718,0.00440299,-7.92868e-05,-0.00117657,-0.000606233,-0.000105909,-0.00101158,0.00111366,-7.92867e-05,0.00313557,0.00108586,0.00141146,-4.53833e-05,9.1935e-05,-0.000173544,-0.00117657,0.00108586,0.0317168,0.00202295,-0.00123929,-0.000759,-0.000964938,-0.000606233,0.00141146,0.00202295,0.0290341,9.8905e-05,1.697e-05,3.73734e-05,-0.000105909,-4.53833e-05,-0.00123929,9.89051e-05,0.0466565,
0.00168035,-0.000353736,-0.00100462,-0.00101332,9.22394e-05,-0.000760581,1.69467e-05,-0.000353736,0.00111826,-0.000525961,0.00111268,-0.000172049,-0.000964658,3.72778e-05,-0.00100462,-0.000525961,0.00440126,-7.93131e-05,-0.00117673,-0.000611104,-0.000105545,-0.00101332,0.00111268,-7.93131e-05,0.00313403,0.00108987,0.00140665,-4.57162e-05,9.22394e-05,-0.000172049,-0.00117673,0.00108987,0.0316958,0.00202169,-0.00123537,-0.000760581,-0.000964658,-0.000611104,0.00140665,0.00202169,0.0290313,0.000100459,1.69467e-05,3.72778e-05,-0.000105545,-4.57162e-05,-0.00123537,0.000100459,0.0466562,
0.00168231,-0.000354024,-0.00100578,-0.00101487,9.25984e-05,-0.000762559,1.69079e-05,-0.000354024,0.00111855,-0.000528003,0.00111181,-0.000170624,-0.00096429,3.71375e-05,-0.00100578,-0.000528003,0.0043996,-7.93404e-05,-0.001177,-0.000615929,-0.000105145,-0.00101487,0.00111181,-7.93405e-05,0.00313251,0.00109422,0.00140145,-4.60893e-05,9.25984e-05,-0.000170624,-0.001177,0.00109422,0.0316724,0.00202057,-0.00123088,-0.000762559,-0.00096429,-0.000615929,0.00140145,0.00202057,0.029028,0.000102049,1.69079e-05,3.71375e-05,-0.000105145,-4.60893e-05,-0.00123088,0.000102049,0.0466558,
0.00168462,-0.000354376,-0.00100716,-0.00101631,9.36719e-05,-0.000763984,1.68187e-05,-0.000354376,0.00111889,-0.000530057,0.00111098,-0.000169012,-0.00096378,3.69772e-05,-0.00100716,-0.000530057,0.00439781,-7.94229e-05,-0.00117696,-0.000620559,-0.000104717,-0.00101631,0.00111098,-7.94229e-05,0.00313099,0.00109913,0.00139692,-4.64799e-05,9.36719e-05,-0.000169012,-0.00117696,0.00109913,0.0316453,0.00201926,-0.00122568,-0.000763984,-0.00096378,-0.000620558,0.00139692,0.00201926,0.0290248,0.000103633,1.68187e-05,3.69772e-05,-0.000104717,-4.64799e-05,-0.00122568,0.000103633,0.0466554,
0.00168742,-0.000354783,-0.00100875,-0.00101774,9.48495e-05,-0.000765511,1.67079e-05,-0.000354783,0.00111929,-0.000532164,0.00111015,-0.000167306,-0.000963156,3.67953e-05,-0.00100875,-0.000532164,0.00439587,-7.95767e-05,-0.0011768,-0.000625408,-0.000104247,-0.00101774,0.00111015,-7.95768e-05,0.00312934,0.00110449,0.00139217,-4.689e-05,9.48496e-05,-0.000167306,-0.0011768,0.00110449,0.0316157,0.00201798,-0.00121995,-0.000765511,-0.000963155,-0.000625408,0.00139217,0.00201798,0.0290212,0.000105226,1.67079e-05,3.67953e-05,-0.000104247,-4.689e-05,-0.00121995,0.000105226,0.0466549,
0.0016906,-0.000355253,-0.0010105,-0.00101912,9.62805e-05,-0.000766841,1.65678e-05,-0.000355253,0.00111972,-0.000534294,0.00110933,-0.000165492,-0.00096244,3.66012e-05,-0.0010105,-0.000534294,0.00439381,-7.97934e-05,-0.00117645,-0.000630236,-0.000103754,-0.00101912,0.00110933,-7.97934e-05,0.00312762,0.00111022,0.00138762,-4.73083e-05,9.62805e-05,-0.000165492,-0.00117645,0.00111022,0.0315841,0.00201663,-0.00121379,-0.000766841,-0.00096244,-0.000630236,0.00138762,0.00201663,0.0290175,0.00010681,1.65678e-05,3.66012e-05,-0.000103754,-4.73083e-05,-0.00121379,0.00010681,0.0466544,
0.00169414,-0.00035577,-0.00101237,-0.00102048,9.77557e-05,-0.000768179,1.64104e-05,-0.00035577,0.00112019,-0.000536426,0.00110852,-0.000163627,-0.00096165,3.63955e-05,-0.00101237,-0.000536426,0.00439167,-8.0069e-05,-0.001176,-0.000635112,-0.000103237,-0.00102048,0.00110852,-8.0069e-05,0.00312581,0.00111621,0.00138302,-4.7733e-05,9.77557e-05,-0.000163627,-0.001176,0.00111621,0.0315511,0.00201528,-0.00120734,-0.000768179,-0.00096165,-0.000635112,0.00138302,0.00201528,0.0290136,0.000108389,1.64104e-05,3.63955e-05,-0.000103237,-4.77329e-05,-0.00120734,0.000108389,0.0466539,
0.001698,-0.000356333,-0.00101436,-0.0010218,9.92892e-05,-0.000769465,1.62363e-05,-0.000356333,0.00112069,-0.000538556,0.00110772,-0.000161715,-0.000960794,3.61813e-05,-0.00101436,-0.000538556,0.00438946,-8.03981e-05,-0.00117545,-0.000639985,-0.000102703,-0.0010218,0.00110772,-8.03981e-05,0.00312392,0.00112241,0.00137846,-4.81605e-05,9.92892e-05,-0.000161715,-0.00117545,0.00112241,0.031517,0.00201392,-0.00120064,-0.000769465,-0.000960794,-0.000639985,0.00137846,0.00201392,0.0290096,0.000109961,1.62363e-05,3.61813e-05,-0.000102703,-4.81605e-05,-0.00120064,0.000109961,0.0466534,
0.00170214,-0.000356936,-0.00101643,-0.00102308,0.000100832,-0.00077074,1.60496e-05,-0.000356936,0.00112121,-0.000540678,0.00110694,-0.000159772,-0.000959878,3.59597e-05,-0.00101643,-0.000540678,0.00438719,-8.07759e-05,-0.00117482,-0.000644867,-0.000102154,-0.00102308,0.00110694,-8.07759e-05,0.00312198,0.00112879,0.00137388,-4.85897e-05,0.000100832,-0.000159772,-0.00117482,0.00112879,0.0314821,0.00201255,-0.00119375,-0.00077074,-0.000959878,-0.000644867,0.00137388,0.00201255,0.0290055,0.000111527,1.60497e-05,3.59597e-05,-0.000102154,-4.85897e-05,-0.00119375,0.000111527,0.0466529,
0.00170652,-0.000357575,-0.00101859,-0.00102433,0.000102394,-0.00077197,1.58513e-05,-0.000357575,0.00112176,-0.000542791,0.00110616,-0.000157798,-0.000958908,3.5732e-05,-0.00101859,-0.000542791,0.00438487,-8.11978e-05,-0.0011741,-0.000649733,-0.000101593,-0.00102433,0.00110616,-8.11978e-05,0.00311997,0.00113531,0.00136933,-4.90188e-05,0.000102394,-0.000157798,-0.0011741,0.00113531,0.0314463,0.00201117,-0.00118668,-0.00077197,-0.000958908,-0.000649733,0.00136933,0.00201117,0.0290012,0.000113086,1.58513e-05,3.5732e-05,-0.000101593,-4.90188e-05,-0.00118668,0.000113086,0.0466524,
0.00171113,-0.000358247,-0.00102082,-0.00102555,0.000103948,-0.000773181,1.5644e-05,-0.000358247,0.00112233,-0.000544894,0.0011054,-0.000155805,-0.000957887,3.54988e-05,-0.00102082,-0.000544894,0.00438249,-8.16595e-05,-0.00117332,-0.000654593,-0.00010102,-0.00102555,0.0011054,-8.16595e-05,0.00311791,0.00114195,0.00136477,-4.94476e-05,0.000103948,-0.000155805,-0.00117332,0.00114195,0.0314099,0.00200979,-0.00117947,-0.000773181,-0.000957887,-0.000654593,0.00136477,0.00200979,0.0289968,0.000114639,1.5644e-05,3.54988e-05,-0.00010102,-4.94476e-05,-0.00117947,0.000114639,0.0466519,
0.00171595,-0.000358946,-0.00102311,-0.00102674,0.000105371,-0.000774404,1.54339e-05,-0.000358946,0.00112292,-0.000546985,0.00110465,-0.000153818,-0.000956835,3.5269e-05,-0.00102311,-0.000546985,0.00438008,-8.2169e-05,-0.00117248,-0.000659447,-0.000100445,-0.00102674,0.00110465,-8.2169e-05,0.00311579,0.00114859,0.0013602,-4.98661e-05,0.000105371,-0.000153818,-0.00117248,0.00114859,0.0313737,0.00200842,-0.00117231,-0.000774404,-0.000956835,-0.000659447,0.0013602,0.00200842,0.0289924,0.000116181,1.54339e-05,3.5269e-05,-0.000100444,-4.98661e-05,-0.00117231,0.000116181,0.0466514,
0.00172095,-0.000359669,-0.00102546,-0.00102791,0.00010667,-0.000775644,1.52217e-05,-0.000359669,0.00112352,-0.000549061,0.00110391,-0.000151839,-0.000955754,3.50412e-05,-0.00102546,-0.000549061,0.00437762,-8.27204e-05,-0.00117159,-0.000664297,-9.98664e-05,-0.00102791,0.00110391,-8.27204e-05,0.00311362,0.00115521,0.0013556,-5.02761e-05,0.00010667,-0.000151839,-0.00117159,0.00115521,0.0313378,0.00200708,-0.00116518,-0.000775644,-0.000955754,-0.000664297,0.0013556,0.00200708,0.0289879,0.000117712,1.52217e-05,3.50412e-05,-9.98664e-05,-5.0276e-05,-0.00116518,0.000117712,0.046651,
0.00172611,-0.000360414,-0.00102786,-0.00102905,0.000107852,-0.000776893,1.5008e-05,-0.000360414,0.00112415,-0.000551125,0.00110318,-0.000149868,-0.000954646,3.48161e-05,-0.00102786,-0.000551125,0.00437513,-8.33101e-05,-0.00117065,-0.000669137,-9.92866e-05,-0.00102905,0.00110318,-8.33101e-05,0.00311139,0.00116183,0.00135098,-5.06773e-05,0.000107852,-0.000149868,-0.00117065,0.00116183,0.0313021,0.00200575,-0.00115809,-0.000776893,-0.000954646,-0.000669137,0.00135098,0.00200575,0.0289834,0.000119234,1.50079e-05,3.48161e-05,-9.92866e-05,-5.06772e-05,-0.00115809,0.000119234,0.0466505,
0.00173142,-0.00036118,-0.00103029,-0.00103017,0.000108922,-0.000778151,1.47931e-05,-0.00036118,0.00112479,-0.000553175,0.00110246,-0.000147907,-0.000953511,3.45931e-05,-0.00103029,-0.000553175,0.00437261,-8.39342e-05,-0.00116967,-0.000673965,-9.87053e-05,-0.00103017,0.00110246,-8.39342e-05,0.00310912,0.00116843,0.00134634,-5.10705e-05,0.000108922,-0.000147907,-0.00116967,0.00116843,0.0312667,0.00200443,-0.00115104,-0.000778151,-0.000953511,-0.000673965,0.00134634,0.00200443,0.0289788,0.000120748,1.47931e-05,3.45931e-05,-9.87053e-05,-5.10706e-05,-0.00115104,0.000120748,0.04665,
0.00173686,-0.000361965,-0.00103277,-0.00103126,0.000109889,-0.000779412,1.45774e-05,-0.000361965,0.00112544,-0.000555212,0.00110175,-0.000145955,-0.000952353,3.43721e-05,-0.00103277,-0.000555212,0.00437007,-8.45897e-05,-0.00116866,-0.000678777,-9.8123e-05,-0.00103126,0.00110175,-8.45897e-05,0.00310681,0.00117502,0.00134168,-5.14562e-05,0.000109889,-0.000145955,-0.00116866,0.00117502,0.0312315,0.00200313,-0.00114403,-0.000779412,-0.000952353,-0.000678777,0.00134168,0.00200313,0.0289742,0.000122253,1.45774e-05,3.43721e-05,-9.8123e-05,-5.14562e-05,-0.00114403,0.000122252,0.0466495,
0.00174241,-0.000362768,-0.00103525,-0.00103233,0.000110764,-0.000780669,1.43611e-05,-0.000362768,0.00112611,-0.000557234,0.00110105,-0.000144013,-0.000951175,3.41525e-05,-0.00103525,-0.000557234,0.0043675,-8.5269e-05,-0.00116762,-0.000683563,-9.75402e-05,-0.00103233,0.00110105,-8.5269e-05,0.00310447,0.00118159,0.00133701,-5.18354e-05,0.000110764,-0.000144013,-0.00116762,0.00118159,0.0311964,0.00200183,-0.00113705,-0.000780669,-0.000951175,-0.000683563,0.00133701,0.00200183,0.0289696,0.00012375,1.43611e-05,3.41525e-05,-9.75402e-05,-5.18354e-05,-0.00113705,0.00012375,0.0466491,
0.00174802,-0.000363589,-0.00103772,-0.00103339,0.000111574,-0.0007819,1.4144e-05,-0.000363589,0.00112677,-0.00055924,0.00110033,-0.00014208,-0.000949992,3.39326e-05,-0.00103772,-0.00055924,0.00436495,-8.59559e-05,-0.0011666,-0.000688291,-9.69582e-05,-0.00103339,0.00110033,-8.59559e-05,0.00310209,0.00118815,0.00133232,-5.22103e-05,0.000111574,-0.00014208,-0.0011666,0.00118815,0.0311615,0.00200052,-0.00113008,-0.0007819,-0.000949992,-0.000688291,0.00133232,0.00200052,0.0289649,0.00012524,1.41441e-05,3.39326e-05,-9.69582e-05,-5.22104e-05,-0.00113008,0.00012524,0.0466486,
0.00175367,-0.000364422,-0.00104016,-0.00103443,0.000112312,-0.000783114,1.3928e-05,-0.000364422,0.00112744,-0.000561231,0.00109962,-0.000140161,-0.000948801,3.37133e-05,-0.00104016,-0.000561231,0.00436241,-8.66494e-05,-0.00116559,-0.000692974,-9.63776e-05,-0.00103443,0.00109962,-8.66495e-05,0.0030997,0.0011947,0.00132762,-5.25807e-05,0.000112312,-0.000140161,-0.00116559,0.0011947,0.0311266,0.00199921,-0.00112314,-0.000783114,-0.000948801,-0.000692974,0.00132762,0.00199921,0.0289601,0.000126723,1.3928e-05,3.37134e-05,-9.63776e-05,-5.25807e-05,-0.00112314,0.000126723,0.0466482,
0.00175935,-0.000365264,-0.00104258,-0.00103546,0.000112992,-0.000784303,1.37131e-05,-0.000365264,0.00112811,-0.000563207,0.0010989,-0.000138253,-0.0009476,3.34942e-05,-0.00104258,-0.000563207,0.00435987,-8.73463e-05,-0.00116459,-0.000697611,-9.57982e-05,-0.00103546,0.0010989,-8.73464e-05,0.00309729,0.00120122,0.00132292,-5.2947e-05,0.000112992,-0.000138253,-0.00116459,0.00120122,0.031092,0.00199789,-0.00111621,-0.000784303,-0.0009476,-0.000697611,0.00132292,0.00199789,0.0289553,0.000128202,1.37131e-05,3.34942e-05,-9.57982e-05,-5.2947e-05,-0.00111621,0.000128201,0.0466477,
0.00176504,-0.000366114,-0.00104499,-0.00103647,0.000113617,-0.000785464,1.34999e-05,-0.000366114,0.00112878,-0.000565171,0.00109818,-0.000136359,-0.000946388,3.32752e-05,-0.00104499,-0.000565171,0.00435733,-8.80452e-05,-0.00116361,-0.000702206,-9.52203e-05,-0.00103647,0.00109818,-8.80452e-05,0.00309487,0.00120771,0.0013182,-5.33092e-05,0.000113617,-0.000136359,-0.00116361,0.00120771,0.0310574,0.00199657,-0.00110931,-0.000785464,-0.000946388,-0.000702206,0.0013182,0.00199657,0.0289503,0.000129674,1.34999e-05,3.32752e-05,-9.52203e-05,-5.33092e-05,-0.00110931,0.000129674,0.0466473,
0.00177073,-0.000366968,-0.00104737,-0.00103746,0.000114193,-0.000786598,1.32885e-05,-0.000366968,0.00112946,-0.000567121,0.00109746,-0.000134478,-0.000945166,3.30562e-05,-0.00104737,-0.000567121,0.00435481,-8.87449e-05,-0.00116263,-0.000706758,-9.4644e-05,-0.00103746,0.00109746,-8.87449e-05,0.00309244,0.00121418,0.00131348,-5.36677e-05,0.000114193,-0.000134478,-0.00116263,0.00121418,0.0310229,0.00199523,-0.00110242,-0.000786598,-0.000945166,-0.000706758,0.00131348,0.00199523,0.0289454,0.000131142,1.32885e-05,3.30562e-05,-9.4644e-05,-5.36677e-05,-0.00110242,0.000131142,0.0466468,
0.00177643,-0.000367826,-0.00104974,-0.00103843,0.00011472,-0.000787704,1.30791e-05,-0.000367826,0.00113014,-0.000569058,0.00109674,-0.000132611,-0.000943932,3.28374e-05,-0.00104974,-0.000569058,0.00435228,-8.94445e-05,-0.00116167,-0.000711269,-9.40693e-05,-0.00103843,0.00109674,-8.94445e-05,0.00309,0.00122063,0.00130875,-5.40224e-05,0.00011472,-0.000132611,-0.00116167,0.00122063,0.0309886,0.00199389,-0.00109556,-0.000787704,-0.000943932,-0.000711269,0.00130875,0.00199389,0.0289403,0.000132604,1.30791e-05,3.28374e-05,-9.40693e-05,-5.40224e-05,-0.00109556,0.000132604,0.0466464,
0.00178213,-0.000368688,-0.00105209,-0.00103938,0.000115202,-0.000788781,1.2872e-05,-0.000368688,0.00113083,-0.000570984,0.00109602,-0.000130758,-0.000942688,3.26187e-05,-0.00105209,-0.000570984,0.00434976,-9.01436e-05,-0.00116073,-0.000715739,-9.34963e-05,-0.00103938,0.00109602,-9.01436e-05,0.00308756,0.00122704,0.00130403,-5.43734e-05,0.000115201,-0.000130758,-0.00116073,0.00122704,0.0309544,0.00199253,-0.00108872,-0.000788781,-0.000942688,-0.000715739,0.00130403,0.00199253,0.0289352,0.000134062,1.2872e-05,3.26186e-05,-9.34963e-05,-5.43734e-05,-0.00108872,0.000134062,0.0466459,
0.00178782,-0.000369552,-0.00105442,-0.00104031,0.000115638,-0.000789829,1.2667e-05,-0.000369552,0.00113152,-0.000572896,0.0010953,-0.000128918,-0.000941432,3.24e-05,-0.00105442,-0.000572896,0.00434724,-9.08418e-05,-0.00115979,-0.000720169,-9.29251e-05,-0.00104031,0.0010953,-9.08418e-05,0.00308512,0.00123342,0.0012993,-5.47208e-05,0.000115638,-0.000128918,-0.00115979,0.00123342,0.0309203,0.00199116,-0.00108191,-0.000789829,-0.000941432,-0.000720169,0.0012993,0.00199116,0.0289301,0.000135515,1.2667e-05,3.23999e-05,-9.29251e-05,-5.47208e-05,-0.00108191,0.000135515,0.0466455,
0.0017935,-0.000370419,-0.00105674,-0.00104122,0.000116031,-0.000790848,1.24643e-05,-0.000370419,0.00113221,-0.000574797,0.00109459,-0.000127091,-0.000940164,3.21813e-05,-0.00105674,-0.000574797,0.00434473,-9.15388e-05,-0.00115887,-0.000724559,-9.23556e-05,-0.00104122,0.00109459,-9.15387e-05,0.00308267,0.00123978,0.00129456,-5.50646e-05,0.000116031,-0.000127091,-0.00115887,0.00123978,0.0308864,0.00198978,-0.00107511,-0.000790848,-0.000940164,-0.000724559,0.00129456,0.00198978,0.0289249,0.000136963,1.24643e-05,3.21814e-05,-9.23556e-05,-5.50646e-05,-0.00107511,0.000136963,0.0466451,
0.00179917,-0.000371287,-0.00105904,-0.0010421,0.00011638,-0.000791839,1.22639e-05,-0.000371287,0.00113291,-0.000576685,0.00109387,-0.000125279,-0.000938886,3.19628e-05,-0.00105904,-0.000576685,0.00434222,-9.22344e-05,-0.00115797,-0.000728909,-9.17879e-05,-0.0010421,0.00109387,-9.22344e-05,0.00308022,0.0012461,0.00128983,-5.54049e-05,0.00011638,-0.000125279,-0.00115797,0.0012461,0.0308526,0.00198839,-0.00106834,-0.000791839,-0.000938886,-0.000728909,0.00128983,0.00198839,0.0289196,0.000138405,1.22639e-05,3.19628e-05,-9.17879e-05,-5.54048e-05,-0.00106834,0.000138405,0.0466446,
0.00180484,-0.000372158,-0.00106132,-0.00104297,0.000116687,-0.000792802,1.20657e-05,-0.000372158,0.00113361,-0.000578562,0.00109316,-0.000123479,-0.000937597,3.17443e-05,-0.00106132,-0.000578562,0.00433971,-9.29287e-05,-0.00115707,-0.00073322,-9.12221e-05,-0.00104297,0.00109316,-9.29287e-05,0.00307777,0.00125239,0.0012851,-5.57417e-05,0.000116687,-0.000123479,-0.00115707,0.00125239,0.0308189,0.00198699,-0.00106159,-0.000792802,-0.000937597,-0.00073322,0.0012851,0.00198699,0.0289143,0.000139843,1.20657e-05,3.17443e-05,-9.12221e-05,-5.57416e-05,-0.00106159,0.000139843,0.0466442,
0.00181049,-0.00037303,-0.00106358,-0.00104381,0.000116952,-0.000793737,1.18697e-05,-0.00037303,0.00113432,-0.000580426,0.00109245,-0.000121693,-0.000936297,3.15258e-05,-0.00106358,-0.000580426,0.00433721,-9.36216e-05,-0.00115619,-0.000737492,-9.06581e-05,-0.00104381,0.00109245,-9.36216e-05,0.00307532,0.00125865,0.00128036,-5.6075e-05,0.000116952,-0.000121693,-0.00115619,0.00125865,0.0307853,0.00198558,-0.00105487,-0.000793737,-0.000936297,-0.000737492,0.00128036,0.00198558,0.0289089,0.000141275,1.18697e-05,3.15258e-05,-9.06581e-05,-5.6075e-05,-0.00105487,0.000141275,0.0466438,
0.00181614,-0.000373904,-0.00106583,-0.00104463,0.000117175,-0.000794645,1.1676e-05,-0.000373904,0.00113503,-0.000582279,0.00109174,-0.000119921,-0.000934986,3.13074e-05,-0.00106583,-0.000582279,0.00433472,-9.43129e-05,-0.00115532,-0.000741725,-9.00961e-05,-0.00104463,0.00109174,-9.43129e-05,0.00307286,0.00126488,0.00127563,-5.64049e-05,0.000117175,-0.000119921,-0.00115532,0.00126488,0.0307519,0.00198416,-0.00104817,-0.000794645,-0.000934986,-0.000741725,0.00127563,0.00198416,0.0289035,0.000142703,1.1676e-05,3.13074e-05,-9.00961e-05,-5.64049e-05,-0.00104817,0.000142702,0.0466433,
0.00182177,-0.00037478,-0.00106807,-0.00104543,0.000117357,-0.000795526,1.14846e-05,-0.00037478,0.00113574,-0.00058412,0.00109103,-0.000118161,-0.000933666,3.10891e-05,-0.00106807,-0.000584119,0.00433222,-9.50027e-05,-0.00115446,-0.000745919,-8.95359e-05,-0.00104543,0.00109103,-9.50027e-05,0.0030704,0.00127108,0.0012709,-5.67314e-05,0.000117358,-0.000118161,-0.00115446,0.00127108,0.0307186,0.00198273,-0.00104149,-0.000795526,-0.000933666,-0.000745919,0.0012709,0.00198273,0.028898,0.000144124,1.14846e-05,3.10891e-05,-8.95359e-05,-5.67313e-05,-0.00104149,0.000144124,0.0466429,
0.0018274,-0.000375657,-0.00107029,-0.00104621,0.000117499,-0.00079638,1.12953e-05,-0.000375657,0.00113646,-0.000585949,0.00109032,-0.000116415,-0.000932335,3.08708e-05,-0.00107029,-0.000585949,0.00432973,-9.5691e-05,-0.00115361,-0.000750074,-8.89776e-05,-0.00104621,0.00109032,-9.5691e-05,0.00306794,0.00127724,0.00126616,-5.70545e-05,0.000117499,-0.000116415,-0.00115361,0.00127724,0.0306855,0.00198129,-0.00103483,-0.00079638,-0.000932335,-0.000750074,0.00126616,0.00198129,0.0288925,0.000145541,1.12953e-05,3.08708e-05,-8.89776e-05,-5.70545e-05,-0.00103483,0.000145541,0.0466425,
0.00183301,-0.000376535,-0.00107249,-0.00104697,0.000117599,-0.000797208,1.11082e-05,-0.000376535,0.00113718,-0.000587766,0.00108962,-0.000114681,-0.000930994,3.06526e-05,-0.00107249,-0.000587766,0.00432725,-9.63779e-05,-0.00115278,-0.00075419,-8.84212e-05,-0.00104697,0.00108962,-9.63779e-05,0.00306548,0.00128337,0.00126143,-5.73742e-05,0.000117599,-0.000114681,-0.00115278,0.00128337,0.0306525,0.00197985,-0.0010282,-0.000797208,-0.000930994,-0.00075419,0.00126143,0.00197985,0.0288869,0.000146952,1.11082e-05,3.06526e-05,-8.84213e-05,-5.73743e-05,-0.0010282,0.000146952,0.0466421,
0.00183861,-0.000377416,-0.00107467,-0.00104771,0.00011766,-0.000798011,1.09233e-05,-0.000377416,0.00113791,-0.000589572,0.00108891,-0.00011296,-0.000929643,3.04345e-05,-0.00107467,-0.000589572,0.00432477,-9.70633e-05,-0.00115196,-0.000758269,-8.78668e-05,-0.00104771,0.00108891,-9.70633e-05,0.00306302,0.00128947,0.0012567,-5.76907e-05,0.00011766,-0.00011296,-0.00115196,0.00128947,0.0306197,0.00197839,-0.00102159,-0.000798011,-0.000929643,-0.000758269,0.0012567,0.00197839,0.0288813,0.000148358,1.09233e-05,3.04344e-05,-8.78668e-05,-5.76907e-05,-0.00102159,0.000148358,0.0466417,
0.0018442,-0.000378298,-0.00107685,-0.00104843,0.00011768,-0.000798788,1.07404e-05,-0.000378298,0.00113864,-0.000591366,0.00108821,-0.000111251,-0.000928283,3.02163e-05,-0.00107685,-0.000591366,0.00432229,-9.77472e-05,-0.00115115,-0.000762308,-8.73144e-05,-0.00104843,0.00108821,-9.77472e-05,0.00306056,0.00129553,0.00125197,-5.80039e-05,0.00011768,-0.000111251,-0.00115115,0.00129553,0.0305869,0.00197692,-0.00101501,-0.000798788,-0.000928283,-0.000762308,0.00125197,0.00197692,0.0288756,0.000149758,1.07404e-05,3.02163e-05,-8.73143e-05,-5.80038e-05,-0.00101501,0.000149758,0.0466413,
0.00184978,-0.000379181,-0.001079,-0.00104913,0.000117662,-0.000799541,1.05597e-05,-0.000379181,0.00113937,-0.000593148,0.00108751,-0.000109555,-0.000926914,2.99983e-05,-0.001079,-0.000593148,0.00431982,-9.84297e-05,-0.00115035,-0.00076631,-8.67638e-05,-0.00104913,0.00108751,-9.84297e-05,0.00305809,0.00130157,0.00124724,-5.83138e-05,0.000117661,-0.000109555,-0.00115035,0.00130157,0.0305544,0.00197545,-0.00100845,-0.000799541,-0.000926914,-0.00076631,0.00124724,0.00197545,0.0288699,0.000151152,1.05597e-05,2.99983e-05,-8.67638e-05,-5.83138e-05,-0.00100845,0.000151152,0.0466409,
0.00185535,-0.000380066,-0.00108114,-0.00104981,0.000117604,-0.000800268,1.0381e-05,-0.000380066,0.00114011,-0.000594919,0.00108681,-0.000107871,-0.000925535,2.97803e-05,-0.00108114,-0.000594919,0.00431735,-9.91108e-05,-0.00114957,-0.000770274,-8.62153e-05,-0.00104981,0.00108681,-9.91108e-05,0.00305563,0.00130757,0.00124252,-5.86205e-05,0.000117604,-0.000107871,-0.00114957,0.00130757,0.030522,0.00197397,-0.00100192,-0.000800268,-0.000925535,-0.000770274,0.00124252,0.00197397,0.0288642,0.000152541,1.0381e-05,2.97802e-05,-8.62153e-05,-5.86205e-05,-0.00100192,0.000152541,0.0466405,
0.00186091,-0.000380953,-0.00108327,-0.00105047,0.000117507,-0.000800972,1.02044e-05,-0.000380953,0.00114085,-0.000596679,0.00108611,-0.000106199,-0.000924148,2.95623e-05,-0.00108327,-0.000596679,0.00431489,-9.97905e-05,-0.00114879,-0.000774199,-8.56687e-05,-0.00105047,0.00108611,-9.97905e-05,0.00305317,0.00131353,0.00123779,-5.89239e-05,0.000117507,-0.000106199,-0.00114879,0.00131353,0.0304897,0.00197248,-0.000995403,-0.000800972,-0.000924148,-0.0007742,0.00123779,0.00197248,0.0288584,0.000153924,1.02044e-05,2.95623e-05,-8.56687e-05,-5.89239e-05,-0.000995403,0.000153924,0.0466401,
0.00186645,-0.000381841,-0.00108538,-0.00105111,0.000117373,-0.000801652,1.00298e-05,-0.000381841,0.00114159,-0.000598427,0.00108541,-0.00010454,-0.000922752,2.93444e-05,-0.00108538,-0.000598427,0.00431243,-0.000100469,-0.00114803,-0.000778087,-8.51242e-05,-0.00105111,0.00108541,-0.000100469,0.0030507,0.00131947,0.00123307,-5.92242e-05,0.000117373,-0.00010454,-0.00114803,0.00131947,0.0304576,0.00197098,-0.000988914,-0.000801652,-0.000922752,-0.000778087,0.00123307,0.00197098,0.0288525,0.000155302,1.00298e-05,2.93444e-05,-8.51241e-05,-5.92242e-05,-0.000988914,0.000155302,0.0466397,
0.00187199,-0.000382731,-0.00108747,-0.00105174,0.0001172,-0.000802308,9.8572e-06,-0.000382731,0.00114234,-0.000600164,0.00108472,-0.000102891,-0.000921347,2.91265e-05,-0.00108747,-0.000600164,0.00430998,-0.000101146,-0.00114728,-0.000781938,-8.45816e-05,-0.00105174,0.00108472,-0.000101146,0.00304823,0.00132537,0.00122835,-5.95214e-05,0.0001172,-0.000102891,-0.00114728,0.00132537,0.0304256,0.00196948,-0.00098245,-0.000802308,-0.000921347,-0.000781938,0.00122835,0.00196948,0.0288466,0.000156673,9.85717e-06,2.91265e-05,-8.45816e-05,-5.95214e-05,-0.00098245,0.000156673,0.0466393,
0.00187751,-0.000383623,-0.00108955,-0.00105234,0.00011699,-0.000802941,9.68656e-06,-0.000383623,0.00114309,-0.00060189,0.00108402,-0.000101255,-0.000919934,2.89087e-05,-0.00108955,-0.00060189,0.00430753,-0.000101822,-0.00114654,-0.00078575,-8.4041e-05,-0.00105234,0.00108402,-0.000101822,0.00304577,0.00133123,0.00122364,-5.98155e-05,0.00011699,-0.000101255,-0.00114654,0.00133123,0.0303938,0.00196796,-0.000976009,-0.000802941,-0.000919934,-0.00078575,0.00122364,0.00196796,0.0288407,0.000158039,9.68653e-06,2.89087e-05,-8.4041e-05,-5.98155e-05,-0.000976009,0.000158039,0.0466389,
0.00188303,-0.000384516,-0.00109162,-0.00105292,0.000116744,-0.000803552,9.51786e-06,-0.000384516,0.00114385,-0.000603605,0.00108333,-9.96296e-05,-0.000918513,2.86909e-05,-0.00109162,-0.000603605,0.00430509,-0.000102496,-0.00114581,-0.000789526,-8.35024e-05,-0.00105292,0.00108333,-0.000102496,0.0030433,0.00133707,0.00121893,-6.01064e-05,0.000116744,-9.96296e-05,-0.00114581,0.00133707,0.0303621,0.00196645,-0.000969591,-0.000803552,-0.000918513,-0.000789526,0.00121893,0.00196645,0.0288347,0.000159399,9.51783e-06,2.86909e-05,-8.35025e-05,-6.01065e-05,-0.000969591,0.000159399,0.0466385,
0.00188853,-0.000385411,-0.00109367,-0.00105349,0.00011646,-0.000804139,9.3511e-06,-0.000385411,0.0011446,-0.000605308,0.00108264,-9.80157e-05,-0.000917084,2.84732e-05,-0.00109367,-0.000605308,0.00430265,-0.000103169,-0.0011451,-0.000793264,-8.29659e-05,-0.00105349,0.00108264,-0.000103169,0.00304084,0.00134287,0.00121422,-6.03943e-05,0.00011646,-9.80157e-05,-0.0011451,0.00134287,0.0303306,0.00196492,-0.000963198,-0.000804139,-0.000917084,-0.000793264,0.00121422,0.00196492,0.0288287,0.000160753,9.35113e-06,2.84732e-05,-8.29659e-05,-6.03943e-05,-0.000963198,0.000160753,0.0466381,
0.00189402,-0.000386307,-0.00109571,-0.00105403,0.00011614,-0.000804705,9.18624e-06,-0.000386307,0.00114536,-0.000607001,0.00108195,-9.64129e-05,-0.000915647,2.82555e-05,-0.00109571,-0.000607001,0.00430021,-0.000103841,-0.00114439,-0.000796965,-8.24314e-05,-0.00105403,0.00108195,-0.000103841,0.00303837,0.00134864,0.00120952,-6.06792e-05,0.00011614,-9.64129e-05,-0.00114439,0.00134864,0.0302992,0.00196339,-0.000956828,-0.000804705,-0.000915647,-0.000796965,0.00120952,0.00196339,0.0288226,0.000162101,9.18626e-06,2.82556e-05,-8.24314e-05,-6.06792e-05,-0.000956828,0.000162101,0.0466378,
0.00189949,-0.000387205,-0.00109774,-0.00105456,0.000115785,-0.000805249,9.02325e-06,-0.000387205,0.00114613,-0.000608682,0.00108126,-9.48211e-05,-0.000914202,2.80379e-05,-0.00109774,-0.000608682,0.00429778,-0.000104512,-0.0011437,-0.000800629,-8.1899e-05,-0.00105456,0.00108126,-0.000104512,0.0030359,0.00135437,0.00120482,-6.09611e-05,0.000115785,-9.48211e-05,-0.0011437,0.00135437,0.030268,0.00196185,-0.000950482,-0.000805249,-0.000914202,-0.000800629,0.00120482,0.00196185,0.0288165,0.000163443,9.02328e-06,2.80379e-05,-8.18989e-05,-6.09611e-05,-0.000950482,0.000163443,0.0466374,
0.00190496,-0.000388104,-0.00109975,-0.00105507,0.000115394,-0.000805772,8.86213e-06,-0.000388104,0.00114689,-0.000610353,0.00108057,-9.32401e-05,-0.00091275,2.78203e-05,-0.00109975,-0.000610353,0.00429536,-0.000105181,-0.00114302,-0.000804256,-8.13686e-05,-0.00105507,0.00108057,-0.000105181,0.00303344,0.00136007,0.00120013,-6.124e-05,0.000115394,-9.32401e-05,-0.00114302,0.00136007,0.030237,0.00196031,-0.00094416,-0.000805772,-0.00091275,-0.000804256,0.00120013,0.00196031,0.0288104,0.00016478,8.86213e-06,2.78203e-05,-8.13685e-05,-6.124e-05,-0.00094416,0.00016478,0.046637,
0.00191041,-0.000389005,-0.00110174,-0.00105556,0.000114968,-0.000806273,8.70282e-06,-0.000389005,0.00114766,-0.000612012,0.00107989,-9.16698e-05,-0.000911291,2.76027e-05,-0.00110174,-0.000612012,0.00429294,-0.000105849,-0.00114235,-0.000807846,-8.08402e-05,-0.00105556,0.00107989,-0.000105849,0.00303097,0.00136574,0.00119544,-6.15159e-05,0.000114968,-9.16698e-05,-0.00114235,0.00136574,0.0302061,0.00195876,-0.000937862,-0.000806273,-0.000911291,-0.000807846,0.00119544,0.00195876,0.0288042,0.00016611,8.70282e-06,2.76027e-05,-8.08402e-05,-6.15159e-05,-0.000937862,0.00016611,0.0466366,
0.00191586,-0.000389908,-0.00110372,-0.00105603,0.000114508,-0.000806753,8.54533e-06,-0.000389908,0.00114844,-0.000613661,0.0010792,-9.011e-05,-0.000909824,2.73851e-05,-0.00110372,-0.000613661,0.00429053,-0.000106516,-0.00114168,-0.0008114,-8.03139e-05,-0.00105603,0.0010792,-0.000106516,0.00302851,0.00137138,0.00119076,-6.17889e-05,0.000114508,-9.011e-05,-0.00114168,0.00137138,0.0301753,0.00195721,-0.000931587,-0.000806753,-0.000909824,-0.0008114,0.00119076,0.00195721,0.028798,0.000167434,8.54539e-06,2.73852e-05,-8.03139e-05,-6.17889e-05,-0.000931587,0.000167434,0.0466363,
0.00192129,-0.000390812,-0.00110569,-0.00105649,0.000114013,-0.000807213,8.38965e-06,-0.000390812,0.00114921,-0.000615299,0.00107852,-8.85605e-05,-0.000908351,2.71677e-05,-0.00110569,-0.000615299,0.00428812,-0.000107182,-0.00114103,-0.000814918,-7.97897e-05,-0.00105649,0.00107852,-0.000107182,0.00302604,0.00137698,0.00118608,-6.20591e-05,0.000114013,-8.85606e-05,-0.00114103,0.00137698,0.0301447,0.00195565,-0.000925336,-0.000807213,-0.000908351,-0.000814918,0.00118608,0.00195565,0.0287917,0.000168753,8.38968e-06,2.71677e-05,-7.97897e-05,-6.20591e-05,-0.000925336,0.000168753,0.0466359,
0.00192671,-0.000391718,-0.00110765,-0.00105692,0.000113484,-0.000807653,8.23577e-06,-0.000391718,0.00114999,-0.000616926,0.00107783,-8.70213e-05,-0.000906871,2.69502e-05,-0.00110765,-0.000616926,0.00428571,-0.000107847,-0.00114039,-0.000818399,-7.92675e-05,-0.00105692,0.00107783,-0.000107847,0.00302358,0.00138255,0.00118141,-6.23263e-05,0.000113484,-8.70214e-05,-0.00114039,0.00138255,0.0301143,0.00195408,-0.000919108,-0.000807653,-0.000906871,-0.000818399,0.00118141,0.00195408,0.0287854,0.000170065,8.23575e-06,2.69502e-05,-7.92675e-05,-6.23264e-05,-0.000919108,0.000170065,0.0466356,
0.00193211,-0.000392625,-0.00110959,-0.00105734,0.000112923,-0.000808073,8.08359e-06,-0.000392625,0.00115077,-0.000618542,0.00107715,-8.54922e-05,-0.000905384,2.67328e-05,-0.00110959,-0.000618543,0.00428332,-0.00010851,-0.00113976,-0.000821845,-7.87475e-05,-0.00105734,0.00107715,-0.00010851,0.00302112,0.00138809,0.00117674,-6.25908e-05,0.000112923,-8.54922e-05,-0.00113976,0.00138808,0.030084,0.00195251,-0.000912904,-0.000808073,-0.000905384,-0.000821845,0.00117674,0.00195251,0.0287791,0.000171371,8.08359e-06,2.67327e-05,-7.87475e-05,-6.25908e-05,-0.000912904,0.000171371,0.0466352,
0.00193751,-0.000393534,-0.00111152,-0.00105774,0.000112328,-0.000808473,7.93321e-06,-0.000393534,0.00115156,-0.000620148,0.00107647,-8.3973e-05,-0.000903891,2.65154e-05,-0.00111152,-0.000620148,0.00428092,-0.000109173,-0.00113914,-0.000825254,-7.82295e-05,-0.00105774,0.00107647,-0.000109173,0.00301866,0.00139359,0.00117209,-6.28524e-05,0.000112328,-8.39729e-05,-0.00113914,0.00139359,0.0300539,0.00195094,-0.000906723,-0.000808473,-0.000903891,-0.000825254,0.00117209,0.00195094,0.0287728,0.000172671,7.93321e-06,2.65154e-05,-7.82294e-05,-6.28523e-05,-0.000906723,0.000172671,0.0466349,
0.00194289,-0.000394444,-0.00111343,-0.00105813,0.000111701,-0.000808853,7.78452e-06,-0.000394444,0.00115234,-0.000621744,0.00107579,-8.24636e-05,-0.000902392,2.6298e-05,-0.00111343,-0.000621744,0.00427854,-0.000109834,-0.00113854,-0.000828628,-7.77135e-05,-0.00105813,0.00107579,-0.000109834,0.0030162,0.00139906,0.00116744,-6.31112e-05,0.000111701,-8.24635e-05,-0.00113854,0.00139906,0.0300239,0.00194936,-0.000900566,-0.000808853,-0.000902392,-0.000828628,0.00116744,0.00194936,0.0287664,0.000173965,7.7845e-06,2.6298e-05,-7.77135e-05,-6.31112e-05,-0.000900566,0.000173965,0.0466345,
0.00194826,-0.000395356,-0.00111533,-0.0010585,0.000111041,-0.000809215,7.63753e-06,-0.000395356,0.00115313,-0.000623329,0.00107511,-8.09638e-05,-0.000900886,2.60807e-05,-0.00111533,-0.000623329,0.00427615,-0.000110494,-0.00113794,-0.000831966,-7.71997e-05,-0.0010585,0.00107511,-0.000110494,0.00301374,0.00140449,0.00116279,-6.33673e-05,0.000111041,-8.09638e-05,-0.00113794,0.00140449,0.0299941,0.00194777,-0.000894433,-0.000809215,-0.000900886,-0.000831966,0.00116279,0.00194777,0.0287599,0.000175253,7.6375e-06,2.60807e-05,-7.71997e-05,-6.33673e-05,-0.000894433,0.000175253,0.0466342,
0.00195362,-0.000396269,-0.00111722,-0.00105885,0.00011035,-0.000809558,7.4922e-06,-0.000396269,0.00115393,-0.000624903,0.00107443,-7.94735e-05,-0.000899375,2.58634e-05,-0.00111722,-0.000624903,0.00427378,-0.000111153,-0.00113735,-0.000835269,-7.6688e-05,-0.00105885,0.00107443,-0.000111153,0.00301128,0.0014099,0.00115815,-6.36206e-05,0.00011035,-7.94735e-05,-0.00113735,0.0014099,0.0299644,0.00194618,-0.000888323,-0.000809558,-0.000899375,-0.000835269,0.00115815,0.00194618,0.0287535,0.000176535,7.49223e-06,2.58634e-05,-7.6688e-05,-6.36206e-05,-0.000888323,0.000176535,0.0466338,
0.00195897,-0.000397184,-0.0011191,-0.00105918,0.000109628,-0.000809882,7.34859e-06,-0.000397184,0.00115472,-0.000626467,0.00107376,-7.79926e-05,-0.000897857,2.56461e-05,-0.0011191,-0.000626467,0.00427141,-0.000111811,-0.00113677,-0.000838536,-7.61784e-05,-0.00105918,0.00107376,-0.000111811,0.00300882,0.00141527,0.00115352,-6.38712e-05,0.000109628,-7.79926e-05,-0.00113677,0.00141527,0.0299349,0.00194459,-0.000882236,-0.000809882,-0.000897857,-0.000838536,0.00115352,0.00194459,0.028747,0.000177811,7.34862e-06,2.56462e-05,-7.61783e-05,-6.38712e-05,-0.000882236,0.000177811,0.0466335,
0.0019643,-0.000398101,-0.00112096,-0.0010595,0.000108874,-0.000810188,7.2066e-06,-0.000398101,0.00115552,-0.000628021,0.00107308,-7.65209e-05,-0.000896335,2.54289e-05,-0.00112096,-0.000628021,0.00426904,-0.000112468,-0.0011362,-0.000841769,-7.56708e-05,-0.0010595,0.00107308,-0.000112468,0.00300636,0.00142061,0.0011489,-6.41192e-05,0.000108874,-7.6521e-05,-0.0011362,0.00142061,0.0299056,0.001943,-0.000876173,-0.000810188,-0.000896335,-0.000841769,0.0011489,0.001943,0.0287405,0.000179081,7.20657e-06,2.54289e-05,-7.56709e-05,-6.41192e-05,-0.000876173,0.000179081,0.0466331,
0.00196963,-0.000399019,-0.00112281,-0.0010598,0.00010809,-0.000810476,7.06624e-06,-0.000399019,0.00115632,-0.000629565,0.00107241,-7.50584e-05,-0.000894806,2.52117e-05,-0.00112281,-0.000629565,0.00426668,-0.000113124,-0.00113564,-0.000844967,-7.51655e-05,-0.0010598,0.00107241,-0.000113124,0.00300391,0.00142591,0.00114429,-6.43644e-05,0.00010809,-7.50584e-05,-0.00113564,0.00142591,0.0298764,0.0019414,-0.000870133,-0.000810476,-0.000894806,-0.000844967,0.00114429,0.0019414,0.0287339,0.000180344,7.06624e-06,2.52117e-05,-7.51654e-05,-6.43644e-05,-0.000870133,0.000180344,0.0466328,
0.00197494,-0.000399938,-0.00112465,-0.00106008,0.000107276,-0.000810747,6.92749e-06,-0.000399938,0.00115712,-0.000631098,0.00107173,-7.36048e-05,-0.000893272,2.49945e-05,-0.00112465,-0.000631098,0.00426433,-0.000113779,-0.00113509,-0.000848129,-7.46622e-05,-0.00106008,0.00107173,-0.000113779,0.00300146,0.00143119,0.00113968,-6.46071e-05,0.000107276,-7.36048e-05,-0.00113509,0.00143119,0.0298473,0.00193979,-0.000864116,-0.000810747,-0.000893272,-0.00084813,0.00113968,0.00193979,0.0287273,0.000181602,6.92751e-06,2.49946e-05,-7.46622e-05,-6.4607e-05,-0.000864116,0.000181602,0.0466325,
0.00198023,-0.000400859,-0.00112648,-0.00106035,0.000106432,-0.000811,6.79037e-06,-0.000400859,0.00115793,-0.000632621,0.00107106,-7.21601e-05,-0.000891734,2.47774e-05,-0.00112648,-0.000632621,0.00426198,-0.000114433,-0.00113455,-0.000851258,-7.4161e-05,-0.00106035,0.00107106,-0.000114433,0.00299901,0.00143643,0.00113508,-6.48471e-05,0.000106432,-7.21601e-05,-0.00113455,0.00143643,0.0298185,0.00193819,-0.000858122,-0.000811,-0.000891734,-0.000851258,0.00113508,0.00193819,0.0287207,0.000182853,6.7904e-06,2.47774e-05,-7.4161e-05,-6.48471e-05,-0.000858122,0.000182853,0.0466322,
0.00198552,-0.000401781,-0.00112829,-0.0010606,0.000105558,-0.000811235,6.65484e-06,-0.000401781,0.00115873,-0.000634135,0.00107039,-7.07241e-05,-0.00089019,2.45603e-05,-0.00112829,-0.000634135,0.00425964,-0.000115086,-0.00113402,-0.000854352,-7.36619e-05,-0.0010606,0.00107039,-0.000115086,0.00299656,0.00144163,0.0011305,-6.50845e-05,0.000105558,-7.07241e-05,-0.00113402,0.00144163,0.0297897,0.00193658,-0.000852152,-0.000811236,-0.00089019,-0.000854352,0.0011305,0.00193658,0.0287141,0.000184098,6.65484e-06,2.45603e-05,-7.3662e-05,-6.50845e-05,-0.000852152,0.000184098,0.0466318,
0.00199079,-0.000402705,-0.00113009,-0.00106084,0.000104655,-0.000811454,6.52084e-06,-0.000402705,0.00115954,-0.000635638,0.00106972,-6.92967e-05,-0.000888641,2.43432e-05,-0.00113009,-0.000635638,0.0042573,-0.000115738,-0.0011335,-0.000857412,-7.3165e-05,-0.00106084,0.00106972,-0.000115738,0.00299411,0.00144681,0.00112592,-6.53195e-05,0.000104655,-6.92967e-05,-0.0011335,0.00144681,0.0297612,0.00193496,-0.000846205,-0.000811454,-0.000888641,-0.000857412,0.00112592,0.00193496,0.0287074,0.000185338,6.52084e-06,2.43432e-05,-7.3165e-05,-6.53195e-05,-0.000846205,0.000185337,0.0466315,
0.00199605,-0.00040363,-0.00113188,-0.00106106,0.000103724,-0.000811657,6.38845e-06,-0.00040363,0.00116036,-0.000637131,0.00106905,-6.78778e-05,-0.000887087,2.41262e-05,-0.00113188,-0.000637131,0.00425497,-0.000116389,-0.00113298,-0.000860438,-7.26703e-05,-0.00106106,0.00106905,-0.000116389,0.00299167,0.00145195,0.00112135,-6.55518e-05,0.000103724,-6.78778e-05,-0.00113298,0.00145195,0.0297328,0.00193335,-0.000840281,-0.000811657,-0.000887087,-0.000860438,0.00112135,0.00193335,0.0287008,0.000186571,6.38845e-06,2.41263e-05,-7.26703e-05,-6.55518e-05,-0.000840281,0.000186571,0.0466312,
0.0020013,-0.000404556,-0.00113366,-0.00106126,0.000102764,-0.000811843,6.25755e-06,-0.000404556,0.00116117,-0.000638614,0.00106838,-6.64672e-05,-0.000885529,2.39093e-05,-0.00113366,-0.000638614,0.00425264,-0.000117039,-0.00113248,-0.00086343,-7.21776e-05,-0.00106126,0.00106838,-0.000117039,0.00298922,0.00145706,0.00111678,-6.57817e-05,0.000102764,-6.64672e-05,-0.00113248,0.00145706,0.0297045,0.00193173,-0.00083438,-0.000811843,-0.000885529,-0.00086343,0.00111678,0.00193173,0.028694,0.000187797,6.25755e-06,2.39093e-05,-7.21775e-05,-6.57817e-05,-0.00083438,0.000187797,0.0466309,
0.00200654,-0.000405484,-0.00113543,-0.00106145,0.000101777,-0.000812013,6.12818e-06,-0.000405484,0.00116199,-0.000640088,0.00106771,-6.50648e-05,-0.000883966,2.36923e-05,-0.00113543,-0.000640088,0.00425032,-0.000117688,-0.00113199,-0.000866388,-7.1687e-05,-0.00106145,0.00106771,-0.000117688,0.00298678,0.00146214,0.00111223,-6.60091e-05,0.000101777,-6.50648e-05,-0.00113199,0.00146214,0.0296764,0.00193011,-0.000828502,-0.000812013,-0.000883967,-0.000866388,0.00111223,0.00193011,0.0286873,0.000189018,6.12815e-06,2.36923e-05,-7.1687e-05,-6.60091e-05,-0.000828502,0.000189018,0.0466306,
0.00201176,-0.000406413,-0.00113718,-0.00106163,0.000100761,-0.000812167,6.00034e-06,-0.000406413,0.0011628,-0.000641551,0.00106704,-6.36706e-05,-0.0008824,2.34754e-05,-0.00113718,-0.000641551,0.00424801,-0.000118336,-0.0011315,-0.000869313,-7.11987e-05,-0.00106163,0.00106704,-0.000118336,0.00298434,0.00146718,0.00110769,-6.6234e-05,0.000100761,-6.36706e-05,-0.0011315,0.00146718,0.0296485,0.00192848,-0.000822647,-0.000812167,-0.0008824,-0.000869313,0.00110769,0.00192848,0.0286805,0.000190233,6.00031e-06,2.34754e-05,-7.11987e-05,-6.6234e-05,-0.000822647,0.000190233,0.0466303,
0.00201697,-0.000407344,-0.00113892,-0.00106178,9.97191e-05,-0.000812305,5.874e-06,-0.000407344,0.00116363,-0.000643005,0.00106638,-6.22843e-05,-0.000880828,2.32585e-05,-0.00113892,-0.000643005,0.0042457,-0.000118984,-0.00113102,-0.000872205,-7.07124e-05,-0.00106178,0.00106638,-0.000118984,0.00298191,0.0014722,0.00110316,-6.64565e-05,9.97191e-05,-6.22844e-05,-0.00113102,0.0014722,0.0296207,0.00192686,-0.000816814,-0.000812305,-0.000880828,-0.000872205,0.00110316,0.00192686,0.0286737,0.000191442,5.87397e-06,2.32585e-05,-7.07124e-05,-6.64565e-05,-0.000816814,0.000191442,0.04663,
