0.00289534,0.000701498,-0.00139319,-0.000854977,0.000208457,0.00136415,-0.000109945,0.000701498,0.00170245,0.000997236,-0.000706869,-0.000986636,-3.60389e-06,-7.88095e-05,-0.00139319,0.000997236,0.00358709,-6.60572e-06,-0.000164297,0.00186998,-0.000119264,-0.000854977,-0.000706869,-6.60573e-06,0.00195832,0.000865925,-0.000401684,3.67238e-05,0.000208457,-0.000986636,-0.000164297,0.000865925,0.0344074,0.00177604,-0.00191342,0.00136415,-3.6039e-06,0.00186998,-0.000401684,0.00177604,0.0299554,0.000117605,-0.000109945,-7.88095e-05,-0.000119264,3.67238e-05,-0.00191342,0.000117605,0.0467334,
0.00289411,0,-0.00139152,0,0.000207548,0.00136352,-0.000109851,0.000701303,0,0.000997985,0,-0.000988711,-5.01731e-06,-7.8574e-05,-0.00139152,0,0.0035881,0,-0.000165346,0.00187109,-0.000119204,-0.000857341,0,-5.96995e-06,0,0.000859532,-0.000408474,3.75786e-05,0.000207548,0,-0.000165346,0,0.0344062,0.00177846,-0.00191152,0.00136352,0,0.00187109,0,0.00177846,0.0299594,0.000118243,-0.000109851,0,-0.000119204,0,-0.00191152,0.000118243,0.0467331,
0.00289408,0,-0.00138897,0,0.000205363,0.00136422,-0.000109841,0.000701836,0,0.000999121,0,-0.000991408,-6.42324e-06,-7.83779e-05,-0.00138897,0,0.00358984,0,-0.000167525,0.00187239,-0.000119181,-0.000859772,0,-5.12226e-06,0,0.000852048,-0.000412756,3.84784e-05,0.000205363,0,-0.000167525,0,0.0344038,0.0017799,-0.00190875,0.00136422,0,0.00187239,0,0.0017799,0.0299645,0.000119026,-0.000109841,0,-0.000119181,0,-0.00190875,0.000119026,0.0467327,
0.00289553,0,-0.00138621,0,0.00020214,0.00136606,-0.000109837,0.000703042,0,0.0010003,0,-0.000994975,-7.85555e-06,-7.81269e-05,-0.00138621,0,0.00359191,0,-0.00016984,0.00187367,-0.000119115,-0.000861835,0,-4.76708e-06,0,0.000842298,-0.000418789,3.95656e-05,0.00020214,0,-0.000169839,0,0.0344006,0.00178126,-0.00190517,0.00136606,0,0.00187367,0,0.00178126,0.0299716,0.000119953,-0.000109837,0,-0.000119115,0,-0.00190517,0.000119953,0.0467322,
0.00289854,0,-0.00138351,-0.000863013,0.000198275,0.00136874,-0.00010991,0.000704977,0,0.00100148,-0.000701814,-0.000998714,-8.89418e-06,-7.79213e-05,-0.00138351,0,0.00359401,-4.61031e-06,-0.000172161,0.00187474,-0.000119075,-0.000863013,0,-4.61037e-06,0.00195663,0.000833376,-0.000423749,4.05184e-05,0.000198275,0,-0.000172161,0.000833376,0.0343976,0.00178217,-0.00190178,0.00136874,0,0.00187474,-0.000423749,0.00178217,0.0299786,0.000120895,-0.00010991,0,-0.000119075,4.05184e-05,-0.00190178,0.000120895,0.0467317,
0.00290294,0,-0.00138098,-0.000863411,0.000193735,0.00137233,-0.000109994,0.00070751,0,0.00100261,-0.000699378,-0.00100289,-9.54042e-06,-7.77042e-05,-0.00138098,0,0.00359604,-4.82553e-06,-0.000174278,0.0018757,-0.000119,-0.000863411,0,-4.8255e-06,0.00195423,0.00082363,-0.000429406,4.15002e-05,0.000193735,0,-0.000174278,0.00082363,0.0343944,0.00178298,-0.00189809,0.00137233,0,0.0018757,-0.000429406,0.00178298,0.0299866,0.000121886,-0.000109994,0,-0.000118999,4.15001e-05,-0.00189809,0.000121886,0.0467312,
0.00290847,0,-0.00137875,-0.000863,0.000188869,0.00137654,-0.000110106,0.000710476,0,0.00100358,-0.000696774,-0.0010071,-9.92653e-06,-7.75019e-05,-0.00137875,0,0.003598,-5.46549e-06,-0.000176156,0.00187639,-0.000118921,-0.000863,0,-5.46552e-06,0.00195127,0.000814294,-0.000434929,4.24175e-05,0.000188869,0,-0.000176156,0.000814294,0.0343911,0.00178365,-0.00189452,0.00137654,0,0.00187639,-0.000434929,0.00178365,0.0299947,0.000122886,-0.000110106,0,-0.000118921,4.24175e-05,-0.00189452,0.000122887,0.0467307,
0.00291498,0,-0.00137681,-0.000861885,0.000183718,0.0013813,-0.000110232,0.000713787,0,0.00100439,-0.00069407,-0.00101136,-1.01092e-05,-7.7303e-05,-0.00137681,0,0.00359989,-6.53624e-06,-0.0001778,0.00187685,-0.000118831,-0.000861885,0,-6.53622e-06,0.00194786,0.000805072,-0.000440584,4.33051e-05,0.000183718,0,-0.0001778,0.000805072,0.0343877,0.00178425,-0.00189097,0.0013813,0,0.00187685,-0.000440584,0.00178425,0.0300031,0.000123902,-0.000110232,0,-0.000118831,4.33051e-05,-0.00189097,0.000123902,0.0467302,
0.00292229,0,-0.00137512,-0.000860151,0.000178342,0.00138649,-0.000110371,0.000717386,0,0.00100507,-0.000691276,-0.00101565,-1.01261e-05,-7.71098e-05,-0.00137512,0,0.00360172,-7.96266e-06,-0.000179258,0.00187709,-0.000118734,-0.000860151,0,-7.96266e-06,0.00194408,0.000796074,-0.000446248,4.41542e-05,0.000178342,0,-0.000179258,0.000796074,0.0343843,0.00178476,-0.00188749,0.00138649,0,0.00187709,-0.000446248,0.00178476,0.0300116,0.000124924,-0.000110371,0,-0.000118734,4.41542e-05,-0.00188749,0.000124924,0.0467296,
0.00293028,0,-0.00137363,-0.000857877,0.000172766,0.00139205,-0.000110517,0.000721226,0,0.00100563,-0.0006884,-0.00101995,-1.00036e-05,-7.69199e-05,-0.00137363,0,0.0036035,-9.69563e-06,-0.000180563,0.00187715,-0.00011863,-0.000857877,0,-9.69566e-06,0.00193997,0.000787224,-0.000451932,4.49734e-05,0.000172766,0,-0.000180563,0.000787224,0.0343809,0.00178519,-0.00188403,0.00139205,0,0.00187715,-0.000451932,0.00178519,0.0300202,0.000125951,-0.000110517,0,-0.00011863,4.49734e-05,-0.00188403,0.000125951,0.0467291,
0.00293885,0,-0.00137231,-0.000855129,0.000167022,0.00139789,-0.000110669,0.000725264,0,0.00100611,-0.000685449,-0.00102427,-9.76641e-06,-7.67327e-05,-0.00137231,0,0.00360524,-1.16894e-05,-0.000181745,0.00187707,-0.00011852,-0.000855129,0,-1.16895e-05,0.0019356,0.000778516,-0.000457609,4.57641e-05,0.000167022,0,-0.000181745,0.000778516,0.0343774,0.00178555,-0.00188062,0.00139789,0,0.00187707,-0.000457609,0.00178555,0.0300288,0.000126982,-0.000110669,0,-0.00011852,4.57641e-05,-0.00188062,0.000126982,0.0467286,
0.00294789,0,-0.00137112,-0.00085196,0.000161131,0.00140398,-0.000110824,0.000729468,0,0.0010065,-0.000682429,-0.00102859,-9.43401e-06,-7.65474e-05,-0.00137112,0,0.00360692,-1.39073e-05,-0.000182829,0.00187685,-0.000118404,-0.00085196,0,-1.39073e-05,0.00193101,0.000769924,-0.000463269,4.65296e-05,0.000161131,0,-0.000182829,0.000769924,0.0343739,0.00178583,-0.00187724,0.00140398,0,0.00187685,-0.000463269,0.00178583,0.0300375,0.000128014,-0.000110824,0,-0.000118404,4.65296e-05,-0.00187724,0.000128014,0.0467281,
0.00295715,0.000733762,-0.00136994,-0.000848594,0.000155127,0.00141013,-0.00011098,0.000733762,0.00170129,0.00100689,-0.000679307,-0.00103294,-9.08457e-06,-7.63632e-05,-0.00136994,0.00100689,0.00360862,-1.61735e-05,-0.000183938,0.00187659,-0.000118287,-0.000848594,-0.000679307,-1.61735e-05,0.0019263,0.000761422,-0.000468834,4.7273e-05,0.000155127,-0.00103294,-0.000183938,0.000761422,0.0343704,0.00178602,-0.00187388,0.00141013,-9.08457e-06,0.00187659,-0.000468834,0.00178602,0.030046,0.000129046,-0.00011098,-7.63632e-05,-0.000118287,4.7273e-05,-0.00187388,0.000129046,0.0467276,
0.00296655,0.000738107,-0.00136874,-0.000845072,0.00014903,0.00141633,-0.000111133,0.000738107,0.0017018,0.00100729,-0.000676104,-0.00103731,-8.71436e-06,-7.61788e-05,-0.00136874,0.00100729,0.0036103,-1.84661e-05,-0.000185081,0.00187631,-0.000118167,-0.000845072,-0.000676104,-1.8466e-05,0.00192151,0.00075292,-0.000474291,4.80036e-05,0.00014903,-0.00103731,-0.000185081,0.00075292,0.0343668,0.00178613,-0.0018705,0.00141633,-8.71442e-06,0.00187631,-0.000474291,0.00178613,0.0300544,0.000130078,-0.000111133,-7.61788e-05,-0.000118167,4.80037e-05,-0.0018705,0.000130078,0.046727,
0.00297603,0.000742478,-0.00136754,-0.000841423,0.000142873,0.00142252,-0.00011128,0.000742478,0.00170231,0.00100769,-0.000672838,-0.00104168,-8.33927e-06,-7.59937e-05,-0.00136754,0.00100769,0.00361198,-2.07733e-05,-0.000186253,0.001876,-0.000118044,-0.000841423,-0.000672838,-2.07733e-05,0.00191667,0.00074445,-0.000479659,4.87203e-05,0.000142873,-0.00104168,-0.000186253,0.00074445,0.0343631,0.00178617,-0.00186712,0.00142252,-8.33933e-06,0.001876,-0.000479659,0.00178617,0.0300628,0.000131108,-0.00011128,-7.59937e-05,-0.000118044,4.87203e-05,-0.00186712,0.000131108,0.0467265,
0.00298554,0.000746856,-0.00136633,-0.000837665,0.000136673,0.00142868,-0.000111421,0.000746856,0.00170282,0.00100809,-0.00066952,-0.00104604,-7.96535e-06,-7.58076e-05,-0.00136633,0.00100809,0.00361364,-2.30884e-05,-0.000187456,0.00187568,-0.000117918,-0.000837665,-0.00066952,-2.30885e-05,0.00191181,0.000736001,-0.000484939,4.9425e-05,0.000136673,-0.00104604,-0.000187456,0.000736001,0.0343594,0.00178614,-0.00186374,0.00142868,-7.96535e-06,0.00187568,-0.000484939,0.00178614,0.030071,0.000132136,-0.000111421,-7.58076e-05,-0.000117918,4.9425e-05,-0.00186374,0.000132136,0.046726,
0.00299506,0.00075123,-0.00136511,-0.000833813,0.000130443,0.00143481,-0.000111555,0.00075123,0.00170334,0.00100849,-0.00066616,-0.00105038,-7.59948e-06,-7.56202e-05,-0.00136511,0.00100849,0.00361529,-2.54067e-05,-0.000188691,0.00187534,-0.000117788,-0.000833813,-0.00066616,-2.54067e-05,0.00190694,0.000727577,-0.000490135,5.01184e-05,0.000130443,-0.00105038,-0.000188691,0.000727577,0.0343556,0.00178606,-0.00186036,0.00143481,-7.59948e-06,0.00187534,-0.000490135,0.00178606,0.030079,0.000133162,-0.000111555,-7.56202e-05,-0.000117788,5.01184e-05,-0.00186036,0.000133162,0.0467255,
0.00300458,0.000755591,-0.00136388,-0.000829877,0.00012419,0.00144089,-0.000111681,0.000755591,0.00170385,0.0010089,-0.000662763,-0.00105471,-7.24537e-06,-7.54314e-05,-0.00136388,0.0010089,0.00361693,-2.77248e-05,-0.000189957,0.00187499,-0.000117656,-0.000829877,-0.000662763,-2.77248e-05,0.00190207,0.000719176,-0.000495251,5.08012e-05,0.00012419,-0.00105471,-0.000189957,0.000719176,0.0343517,0.00178594,-0.00185699,0.00144089,-7.24537e-06,0.00187499,-0.000495251,0.00178594,0.0300869,0.000134186,-0.000111681,-7.54314e-05,-0.000117656,5.08011e-05,-0.00185699,0.000134186,0.046725,
0.00301408,0.000759934,-0.00136264,-0.000825862,0.000117921,0.00144691,-0.000111799,0.000759934,0.00170435,0.00100931,-0.000659335,-0.00105901,-6.90598e-06,-7.52409e-05,-0.00136264,0.00100931,0.00361856,-3.00405e-05,-0.000191255,0.00187463,-0.00011752,-0.000825862,-0.000659335,-3.00405e-05,0.00189721,0.000710796,-0.000500291,5.1474e-05,0.000117921,-0.00105901,-0.000191255,0.000710796,0.0343478,0.00178576,-0.00185361,0.00144691,-6.90603e-06,0.00187463,-0.000500291,0.00178576,0.0300947,0.000135209,-0.000111799,-7.52409e-05,-0.00011752,5.1474e-05,-0.00185361,0.000135209,0.0467245,
0.00302355,0.000764253,-0.00136138,-0.000821776,0.000111641,0.00145287,-0.000111908,0.000764253,0.00170484,0.00100972,-0.000655878,-0.00106329,-6.58323e-06,-7.50489e-05,-0.00136138,0.00100972,0.00362018,-3.23523e-05,-0.000192585,0.00187426,-0.000117381,-0.000821776,-0.000655878,-3.23523e-05,0.00189237,0.000702435,-0.000505256,5.21374e-05,0.000111641,-0.00106329,-0.000192585,0.000702435,0.0343439,0.00178554,-0.00185023,0.00145287,-6.58323e-06,0.00187426,-0.000505256,0.00178554,0.0301023,0.000136231,-0.000111908,-7.50489e-05,-0.000117381,5.21374e-05,-0.00185023,0.000136231,0.046724,
0.00303298,0.000768547,-0.00136012,-0.00081762,0.000105352,0.00145876,-0.000112009,0.000768547,0.00170532,0.00101013,-0.000652395,-0.00106755,-6.27831e-06,-7.48552e-05,-0.00136012,0.00101013,0.00362178,-3.4659e-05,-0.000193946,0.00187388,-0.00011724,-0.00081762,-0.000652395,-3.4659e-05,0.00188754,0.000694091,-0.00051015,5.27918e-05,0.000105352,-0.00106755,-0.000193946,0.000694091,0.0343399,0.00178528,-0.00184686,0.00145876,-6.27826e-06,0.00187388,-0.00051015,0.00178528,0.0301098,0.000137253,-0.000112009,-7.48552e-05,-0.00011724,5.27918e-05,-0.00184686,0.000137253,0.0467235,
0.00304237,0.000772812,-0.00135885,-0.000813399,9.9057e-05,0.00146459,-0.000112102,0.000772812,0.00170578,0.00101054,-0.000648887,-0.00107179,-5.99198e-06,-7.46597e-05,-0.00135885,0.00101054,0.00362337,-3.69599e-05,-0.000195339,0.0018735,-0.000117095,-0.000813399,-0.000648886,-3.69599e-05,0.00188273,0.000685761,-0.000514974,5.34376e-05,9.9057e-05,-0.00107179,-0.000195339,0.000685761,0.0343358,0.00178498,-0.00184348,0.00146459,-5.99193e-06,0.0018735,-0.000514974,0.00178498,0.0301171,0.000138274,-0.000112102,-7.46597e-05,-0.000117095,5.34375e-05,-0.00184348,0.000138274,0.046723,
0.00305172,0.000777048,-0.00135756,-0.000809115,9.27578e-05,0.00147035,-0.000112186,0.000777048,0.00170624,0.00101096,-0.000645355,-0.001076,-5.72475e-06,-7.44625e-05,-0.00135756,0.00101096,0.00362495,-3.92545e-05,-0.000196763,0.0018731,-0.000116947,-0.000809115,-0.000645355,-3.92545e-05,0.00187795,0.000677445,-0.000519731,5.4075e-05,9.27579e-05,-0.001076,-0.000196763,0.000677445,0.0343317,0.00178465,-0.0018401,0.00147035,-5.72475e-06,0.0018731,-0.000519731,0.00178465,0.0301243,0.000139296,-0.000112186,-7.44625e-05,-0.000116947,5.40749e-05,-0.0018401,0.000139296,0.0467225,
0.00306101,0.000781254,-0.00135627,-0.000804768,8.64559e-05,0.00147605,-0.000112261,0.000781254,0.00170668,0.00101137,-0.000641801,-0.00108018,-5.47701e-06,-7.42635e-05,-0.00135627,0.00101137,0.00362652,-4.15424e-05,-0.000198217,0.0018727,-0.000116796,-0.000804768,-0.000641801,-4.15424e-05,0.00187319,0.000669139,-0.000524422,5.47043e-05,8.64559e-05,-0.00108018,-0.000198217,0.000669139,0.0343275,0.00178428,-0.00183673,0.00147605,-5.47695e-06,0.0018727,-0.000524422,0.00178428,0.0301313,0.000140318,-0.000112261,-7.42635e-05,-0.000116796,5.47044e-05,-0.00183673,0.000140318,0.046722,
0.00307027,0.000785428,-0.00135496,-0.000800361,8.01524e-05,0.00148167,-0.000112328,0.000785428,0.00170711,0.00101179,-0.000638225,-0.00108434,-5.24869e-06,-7.40628e-05,-0.00135496,0.00101179,0.00362808,-4.38231e-05,-0.000199702,0.00187228,-0.000116642,-0.000800361,-0.000638225,-4.38232e-05,0.00186845,0.000660843,-0.000529049,5.53259e-05,8.01523e-05,-0.00108434,-0.000199702,0.000660843,0.0343233,0.00178387,-0.00183335,0.00148167,-5.24875e-06,0.00187228,-0.000529049,0.00178387,0.0301383,0.000141342,-0.000112327,-7.40628e-05,-0.000116642,5.53259e-05,-0.00183335,0.000141342,0.0467215,
0.00307946,0.00078957,-0.00135364,-0.000795894,7.38482e-05,0.00148723,-0.000112386,0.00078957,0.00170752,0.00101221,-0.000634629,-0.00108847,-5.04008e-06,-7.38604e-05,-0.00135364,0.00101221,0.00362962,-4.60967e-05,-0.000201217,0.00187187,-0.000116485,-0.000795894,-0.000634629,-4.60967e-05,0.00186375,0.000652554,-0.000533613,5.59399e-05,7.38482e-05,-0.00108847,-0.000201217,0.000652554,0.034319,0.00178344,-0.00182997,0.00148723,-5.04008e-06,0.00187187,-0.000533613,0.00178344,0.030145,0.000142368,-0.000112386,-7.38603e-05,-0.000116485,5.59399e-05,-0.00182997,0.000142368,0.046721,
0.00308861,0.00079368,-0.00135231,-0.000791368,6.75443e-05,0.00149271,-0.000112435,0.00079368,0.00170792,0.00101264,-0.000631011,-0.00109258,-4.85106e-06,-7.36562e-05,-0.00135231,0.00101264,0.00363116,-4.83628e-05,-0.000202762,0.00187144,-0.000116325,-0.000791368,-0.000631011,-4.83628e-05,0.00185907,0.000644272,-0.000538116,5.65464e-05,6.75443e-05,-0.00109258,-0.000202762,0.000644272,0.0343147,0.00178297,-0.00182659,0.00149271,-4.85106e-06,0.00187144,-0.000538116,0.00178297,0.0301517,0.000143395,-0.000112435,-7.36562e-05,-0.000116325,5.65464e-05,-0.00182659,0.000143395,0.0467205,
0.00309771,0.000797757,-0.00135097,-0.000786784,6.12416e-05,0.00149813,-0.000112476,0.000797757,0.00170831,0.00101306,-0.000627374,-0.00109666,-4.68159e-06,-7.34503e-05,-0.00135097,0.00101306,0.00363268,-5.06213e-05,-0.000204337,0.00187101,-0.000116162,-0.000786784,-0.000627374,-5.06213e-05,0.00185441,0.000635995,-0.000542558,5.71458e-05,6.12416e-05,-0.00109666,-0.000204337,0.000635995,0.0343103,0.00178247,-0.00182321,0.00149813,-4.68153e-06,0.00187101,-0.000542558,0.00178247,0.0301582,0.000144424,-0.000112476,-7.34503e-05,-0.000116162,5.71458e-05,-0.00182321,0.000144424,0.04672,
0.00310675,0.000801801,-0.00134962,-0.000782142,5.49408e-05,0.00150348,-0.000112509,0.000801801,0.00170869,0.00101349,-0.000623716,-0.00110071,-4.5316e-06,-7.32427e-05,-0.00134962,0.00101349,0.0036342,-5.28721e-05,-0.000205941,0.00187057,-0.000115997,-0.000782142,-0.000623716,-5.28721e-05,0.00184979,0.000627723,-0.000546941,5.77381e-05,5.49408e-05,-0.00110071,-0.000205941,0.000627723,0.0343058,0.00178194,-0.00181983,0.00150348,-4.5316e-06,0.00187057,-0.000546941,0.00178194,0.0301646,0.000145456,-0.000112509,-7.32427e-05,-0.000115997,5.77381e-05,-0.00181983,0.000145456,0.0467195,
0.00311573,0.000805812,-0.00134826,-0.000777444,4.86427e-05,0.00150876,-0.000112533,0.000805812,0.00170905,0.00101391,-0.00062004,-0.00110474,-4.40104e-06,-7.30335e-05,-0.00134826,0.00101391,0.0036357,-5.51151e-05,-0.000207573,0.00187012,-0.000115828,-0.000777444,-0.00062004,-5.5115e-05,0.00184519,0.000619454,-0.000551266,5.83235e-05,4.86428e-05,-0.00110474,-0.000207573,0.000619454,0.0343013,0.00178138,-0.00181645,0.00150876,-4.40104e-06,0.00187012,-0.000551266,0.00178138,0.0301708,0.00014649,-0.000112533,-7.30335e-05,-0.000115828,5.83235e-05,-0.00181645,0.00014649,0.046719,
0.00312466,0.000809789,-0.00134689,-0.000772689,4.23481e-05,0.00151398,-0.000112548,0.000809789,0.00170939,0.00101434,-0.000616344,-0.00110874,-4.28985e-06,-7.28226e-05,-0.00134689,0.00101434,0.00363719,-5.735e-05,-0.000209235,0.00186967,-0.000115657,-0.000772689,-0.000616344,-5.735e-05,0.00184063,0.000611188,-0.000555534,5.89021e-05,4.23481e-05,-0.00110874,-0.000209235,0.000611188,0.0342968,0.0017808,-0.00181306,0.00151398,-4.28985e-06,0.00186967,-0.000555534,0.0017808,0.0301769,0.000147528,-0.000112548,-7.28226e-05,-0.000115657,5.89022e-05,-0.00181306,0.000147528,0.0467185,
0.00313354,0.000813732,-0.00134551,-0.000767879,3.60578e-05,0.00151912,-0.000112556,0.000813732,0.00170972,0.00101477,-0.000612629,-0.00111271,-4.19781e-06,-7.26101e-05,-0.00134551,0.00101477,0.00363867,-5.95768e-05,-0.000210924,0.00186921,-0.000115483,-0.000767879,-0.000612629,-5.95768e-05,0.00183609,0.000602924,-0.000559745,5.94741e-05,3.60578e-05,-0.00111271,-0.000210924,0.000602924,0.0342922,0.00178019,-0.00180968,0.00151912,-4.19786e-06,0.00186921,-0.000559745,0.00178019,0.0301829,0.000148568,-0.000112556,-7.26101e-05,-0.000115483,5.94741e-05,-0.00180968,0.000148568,0.046718,
0.00314235,0.000817641,-0.00134412,-0.000763014,2.97724e-05,0.0015242,-0.000112555,0.000817641,0.00171004,0.00101521,-0.000608896,-0.00111665,-4.12498e-06,-7.2396e-05,-0.00134412,0.00101521,0.00364014,-6.17955e-05,-0.000212642,0.00186875,-0.000115306,-0.000763014,-0.000608896,-6.17955e-05,0.00183159,0.000594661,-0.0005639,6.00395e-05,2.97724e-05,-0.00111665,-0.000212642,0.000594661,0.0342875,0.00177956,-0.00180629,0.0015242,-4.12503e-06,0.00186875,-0.0005639,0.00177956,0.0301888,0.000149612,-0.000112555,-7.2396e-05,-0.000115306,6.00395e-05,-0.00180629,0.000149612,0.0467175,
0.00315111,0.000821516,-0.00134272,-0.000758094,2.34929e-05,0.0015292,-0.000112546,0.000821516,0.00171035,0.00101564,-0.000605145,-0.00112057,-4.07119e-06,-7.21804e-05,-0.00134272,0.00101564,0.0036416,-6.40058e-05,-0.000214387,0.00186828,-0.000115126,-0.000758094,-0.000605145,-6.40058e-05,0.00182711,0.0005864,-0.000568001,6.05985e-05,2.34929e-05,-0.00112057,-0.000214387,0.0005864,0.0342828,0.0017789,-0.00180291,0.0015292,-4.07119e-06,0.00186828,-0.000568001,0.0017789,0.0301945,0.000150659,-0.000112546,-7.21804e-05,-0.000115126,6.05985e-05,-0.00180291,0.00015066,0.046717,
0.00315981,0.000825356,-0.00134131,-0.000753121,1.72199e-05,0.00153414,-0.000112529,0.000825356,0.00171063,0.00101607,-0.000601376,-0.00112447,-4.03633e-06,-7.19632e-05,-0.00134131,0.00101607,0.00364305,-6.62077e-05,-0.00021616,0.0018678,-0.000114944,-0.000753121,-0.000601376,-6.62077e-05,0.00182267,0.000578139,-0.000572048,6.11513e-05,1.72199e-05,-0.00112447,-0.00021616,0.000578139,0.034278,0.00177822,-0.00179952,0.00153414,-4.03633e-06,0.0018678,-0.000572048,0.00177822,0.0302001,0.00015171,-0.000112529,-7.19632e-05,-0.000114944,6.11513e-05,-0.00179952,0.00015171,0.0467165,
0.00316845,0.000829162,-0.00133989,-0.000748094,1.09542e-05,0.00153901,-0.000112504,0.000829162,0.00171091,0.00101651,-0.000597589,-0.00112833,-4.02028e-06,-7.17445e-05,-0.00133989,0.00101651,0.00364449,-6.8401e-05,-0.00021796,0.00186732,-0.000114759,-0.000748094,-0.00059759,-6.8401e-05,0.00181825,0.000569879,-0.000576041,6.16977e-05,1.09542e-05,-0.00112833,-0.00021796,0.000569879,0.0342732,0.00177751,-0.00179613,0.00153901,-4.02034e-06,0.00186732,-0.000576041,0.00177751,0.0302056,0.000152765,-0.000112504,-7.17445e-05,-0.000114759,6.16978e-05,-0.00179613,0.000152765,0.046716,
0.00317702,0.000832933,-0.00133846,-0.000743014,4.6966e-06,0.00154382,-0.000112471,0.000832933,0.00171117,0.00101695,-0.000593786,-0.00113217,-4.02306e-06,-7.15243e-05,-0.00133846,0.00101695,0.00364592,-7.05856e-05,-0.000219786,0.00186683,-0.000114572,-0.000743014,-0.000593786,-7.05856e-05,0.00181387,0.000561618,-0.000579981,6.22381e-05,4.69663e-06,-0.00113217,-0.000219786,0.000561618,0.0342684,0.00177679,-0.00179274,0.00154382,-4.02306e-06,0.00186683,-0.000579981,0.00177679,0.030211,0.000153823,-0.000112471,-7.15243e-05,-0.000114572,6.22382e-05,-0.00179274,0.000153823,0.0467155,
0.00318554,0.000836669,-0.00133702,-0.000737882,-1.55204e-06,0.00154855,-0.00011243,0.000836669,0.00171142,0.00101739,-0.000589966,-0.00113598,-4.04449e-06,-7.13027e-05,-0.00133702,0.00101739,0.00364734,-7.27614e-05,-0.000221639,0.00186634,-0.000114382,-0.000737882,-0.000589966,-7.27614e-05,0.00180953,0.000553358,-0.00058387,6.27725e-05,-1.55204e-06,-0.00113598,-0.000221639,0.000553358,0.0342635,0.00177604,-0.00178935,0.00154855,-4.04449e-06,0.00186634,-0.00058387,0.00177604,0.0302162,0.000154886,-0.00011243,-7.13027e-05,-0.000114382,6.27725e-05,-0.00178935,0.000154886,0.046715,
0.003194,0.00084037,-0.00133557,-0.000732699,-7.79105e-06,0.00155322,-0.000112382,0.00084037,0.00171165,0.00101783,-0.000586129,-0.00113976,-4.08445e-06,-7.10797e-05,-0.00133557,0.00101783,0.00364875,-7.49282e-05,-0.000223518,0.00186584,-0.00011419,-0.000732699,-0.000586129,-7.49282e-05,0.00180521,0.000545098,-0.000587707,6.33009e-05,-7.79105e-06,-0.00113976,-0.000223518,0.000545098,0.0342585,0.00177527,-0.00178596,0.00155322,-4.08445e-06,0.00186584,-0.000587707,0.00177527,0.0302214,0.000155952,-0.000112382,-7.10797e-05,-0.00011419,6.33009e-05,-0.00178596,0.000155952,0.0467145,
0.00320239,0.000844035,-0.00133411,-0.000727464,-1.40196e-05,0.00155782,-0.000112325,0.000844035,0.00171187,0.00101828,-0.000582276,-0.00114351,-4.14285e-06,-7.08553e-05,-0.00133411,0.00101828,0.00365015,-7.70861e-05,-0.000225422,0.00186534,-0.000113995,-0.000727464,-0.000582276,-7.70861e-05,0.00180093,0.000536837,-0.000591493,6.38236e-05,-1.40196e-05,-0.00114351,-0.000225422,0.000536837,0.0342535,0.00177449,-0.00178257,0.00155782,-4.14291e-06,0.00186534,-0.000591493,0.00177449,0.0302264,0.000157022,-0.000112325,-7.08553e-05,-0.000113995,6.38236e-05,-0.00178257,0.000157022,0.046714,
0.00321072,0.000847665,-0.00133265,-0.00072218,-2.02369e-05,0.00156236,-0.000112261,0.000847665,0.00171208,0.00101872,-0.000578407,-0.00114724,-4.21968e-06,-7.06295e-05,-0.00133265,0.00101872,0.00365154,-7.92347e-05,-0.000227352,0.00186483,-0.000113797,-0.00072218,-0.000578407,-7.92346e-05,0.00179668,0.000528576,-0.00059523,6.43404e-05,-2.02369e-05,-0.00114724,-0.000227352,0.000528576,0.0342484,0.00177368,-0.00177918,0.00156236,-4.21968e-06,0.00186483,-0.00059523,0.00177368,0.0302313,0.000158097,-0.000112261,-7.06296e-05,-0.000113797,6.43404e-05,-0.00177918,0.000158097,0.0467135,
0.00321899,0.00085126,-0.00133117,-0.000716845,-2.64421e-05,0.00156682,-0.000112189,0.00085126,0.00171227,0.00101917,-0.000574523,-0.00115093,-4.31477e-06,-7.04024e-05,-0.00133117,0.00101917,0.00365292,-8.1374e-05,-0.000229307,0.00186431,-0.000113598,-0.000716845,-0.000574523,-8.1374e-05,0.00179246,0.000520314,-0.000598917,6.48517e-05,-2.64421e-05,-0.00115093,-0.000229307,0.000520314,0.0342434,0.00177286,-0.00177579,0.00156682,-4.31477e-06,0.00186431,-0.000598917,0.00177286,0.0302361,0.000159175,-0.000112189,-7.04024e-05,-0.000113598,6.48517e-05,-0.00177579,0.000159175,0.046713,
0.00322719,0.000854819,-0.00132968,-0.000711462,-3.26345e-05,0.00157122,-0.00011211,0.000854819,0.00171244,0.00101962,-0.000570624,-0.0011546,-4.42801e-06,-7.0174e-05,-0.00132968,0.00101962,0.00365429,-8.35038e-05,-0.000231287,0.00186379,-0.000113396,-0.000711462,-0.000570624,-8.35038e-05,0.00178828,0.000512053,-0.000602555,6.53573e-05,-3.26346e-05,-0.0011546,-0.000231287,0.000512053,0.0342382,0.00177202,-0.0017724,0.00157122,-4.42801e-06,0.00186379,-0.000602555,0.00177202,0.0302408,0.000160258,-0.00011211,-7.0174e-05,-0.000113396,6.53573e-05,-0.0017724,0.000160258,0.0467125,
0.00323533,0.000858342,-0.00132819,-0.00070603,-3.88134e-05,0.00157555,-0.000112023,0.000858342,0.0017126,0.00102007,-0.00056671,-0.00115824,-4.55933e-06,-6.99444e-05,-0.00132819,0.00102007,0.00365565,-8.56241e-05,-0.000233291,0.00186326,-0.000113191,-0.00070603,-0.00056671,-8.56241e-05,0.00178414,0.00050379,-0.000606145,6.58575e-05,-3.88133e-05,-0.00115824,-0.000233291,0.00050379,0.034233,0.00177116,-0.00176901,0.00157555,-4.55935e-06,0.00186326,-0.000606145,0.00177116,0.0302453,0.000161344,-0.000112023,-6.99443e-05,-0.000113191,6.58575e-05,-0.00176901,0.000161344,0.046712,
0.00324341,0.000861828,-0.00132668,-0.00070055,-4.49778e-05,0.00157982,-0.000111929,0.000861828,0.00171275,0.00102052,-0.000562782,-0.00116185,-4.70862e-06,-6.97135e-05,-0.00132668,0.00102052,0.00365701,-8.77348e-05,-0.000235319,0.00186273,-0.000112985,-0.00070055,-0.000562782,-8.77348e-05,0.00178003,0.000495528,-0.000609687,6.63523e-05,-4.49779e-05,-0.00116185,-0.000235319,0.000495528,0.0342278,0.00177029,-0.00176563,0.00157982,-4.70868e-06,0.00186273,-0.000609687,0.00177029,0.0302498,0.000162435,-0.000111929,-6.97135e-05,-0.000112985,6.63523e-05,-0.00176563,0.000162435,0.0467115,
0.00325141,0.000865279,-0.00132517,-0.000695024,-5.11272e-05,0.00158402,-0.000111828,0.000865279,0.00171288,0.00102097,-0.00055884,-0.00116543,-4.87579e-06,-6.94814e-05,-0.00132517,0.00102097,0.00365835,-8.98357e-05,-0.000237372,0.00186219,-0.000112776,-0.000695024,-0.00055884,-8.98357e-05,0.00177595,0.000487265,-0.000613183,6.68417e-05,-5.11272e-05,-0.00116543,-0.000237372,0.000487265,0.0342225,0.0017694,-0.00176224,0.00158402,-4.87577e-06,0.00186219,-0.000613183,0.0017694,0.0302541,0.00016353,-0.000111828,-6.94814e-05,-0.000112776,6.68418e-05,-0.00176224,0.00016353,0.046711,
0.00325935,0.000868694,-0.00132365,-0.000689451,-5.72605e-05,0.00158815,-0.000111719,0.000868694,0.001713,0.00102142,-0.000554884,-0.00116898,-5.0607e-06,-6.92481e-05,-0.00132365,0.00102142,0.00365969,-9.19266e-05,-0.000239447,0.00186165,-0.000112565,-0.000689451,-0.000554884,-9.19266e-05,0.00177191,0.000479002,-0.000616632,6.7326e-05,-5.72605e-05,-0.00116898,-0.000239447,0.000479002,0.0342172,0.0017685,-0.00175885,0.00158815,-5.06073e-06,0.00186165,-0.000616632,0.0017685,0.0302583,0.000164629,-0.000111719,-6.92481e-05,-0.000112565,6.73259e-05,-0.00175885,0.000164629,0.0467105,
0.00326723,0.000872072,-0.00132212,-0.000683832,-6.33773e-05,0.00159221,-0.000111603,0.000872072,0.00171311,0.00102188,-0.000550915,-0.00117251,-5.26329e-06,-6.90137e-05,-0.00132212,0.00102188,0.00366102,-9.40075e-05,-0.000241546,0.0018611,-0.000112351,-0.000683832,-0.000550915,-9.40075e-05,0.00176791,0.000470739,-0.000620035,6.7805e-05,-6.33772e-05,-0.00117251,-0.000241546,0.000470739,0.0342118,0.00176759,-0.00175547,0.00159221,-5.26329e-06,0.0018611,-0.000620035,0.00176759,0.0302624,0.000165733,-0.000111603,-6.90137e-05,-0.000112351,6.7805e-05,-0.00175547,0.000165733,0.04671,
0.00327503,0.000875413,-0.00132058,-0.000678169,-6.94766e-05,0.00159621,-0.00011148,0.000875413,0.0017132,0.00102233,-0.000546933,-0.001176,-5.48345e-06,-6.87781e-05,-0.00132058,0.00102233,0.00366233,-9.60783e-05,-0.000243667,0.00186055,-0.000112136,-0.000678169,-0.000546933,-9.60783e-05,0.00176394,0.000462476,-0.000623393,6.8279e-05,-6.94766e-05,-0.001176,-0.000243667,0.000462476,0.0342064,0.00176666,-0.00175209,0.00159621,-5.48345e-06,0.00186055,-0.000623393,0.00176666,0.0302664,0.00016684,-0.00011148,-6.87781e-05,-0.000112136,6.8279e-05,-0.00175209,0.00016684,0.0467095,
0.00328277,0.000878719,-0.00131904,-0.000672461,-7.55577e-05,0.00160014,-0.00011135,0.000878719,0.00171327,0.00102279,-0.000542938,-0.00117946,-5.72098e-06,-6.85415e-05,-0.00131904,0.00102279,0.00366364,-9.81388e-05,-0.000245811,0.00185999,-0.000111918,-0.000672461,-0.000542938,-9.81388e-05,0.00176001,0.000454213,-0.000626706,6.8748e-05,-7.55577e-05,-0.00117946,-0.000245811,0.000454213,0.034201,0.00176572,-0.0017487,0.00160014,-5.72098e-06,0.00185999,-0.000626706,0.00176572,0.0302703,0.000167952,-0.00011135,-6.85415e-05,-0.000111918,6.8748e-05,-0.0017487,0.000167951,0.046709,
0.00329044,0.000881987,-0.00131748,-0.000666709,-8.162e-05,0.00160401,-0.000111213,0.000881987,0.00171334,0.00102325,-0.000538932,-0.00118289,-5.97586e-06,-6.83038e-05,-0.00131748,0.00102325,0.00366495,-0.000100189,-0.000247978,0.00185943,-0.000111699,-0.000666709,-0.000538932,-0.000100189,0.00175612,0.000445951,-0.000629975,6.92121e-05,-8.16199e-05,-0.00118289,-0.000247978,0.000445951,0.0341955,0.00176477,-0.00174532,0.00160401,-5.97583e-06,0.00185943,-0.000629975,0.00176477,0.0302741,0.000169067,-0.000111213,-6.83038e-05,-0.000111699,6.9212e-05,-0.00174532,0.000169067,0.0467085,
0.00329804,0.000885219,-0.00131592,-0.000660915,-8.76626e-05,0.00160781,-0.000111069,0.000885219,0.00171338,0.00102371,-0.000534913,-0.0011863,-6.24792e-06,-6.80651e-05,-0.00131592,0.00102371,0.00366624,-0.000102229,-0.000250166,0.00185886,-0.000111477,-0.000660915,-0.000534913,-0.000102229,0.00175227,0.000437689,-0.000633201,6.96712e-05,-8.76625e-05,-0.0011863,-0.000250166,0.000437689,0.03419,0.00176381,-0.00174194,0.00160781,-6.24795e-06,0.00185886,-0.000633201,0.00176381,0.0302778,0.000170186,-0.000111069,-6.80651e-05,-0.000111477,6.96713e-05,-0.00174194,0.000170186,0.046708,
0.00330557,0.000888413,-0.00131435,-0.000655078,-9.36848e-05,0.00161155,-0.000110918,0.000888413,0.00171342,0.00102417,-0.000530883,-0.00118967,-6.5371e-06,-6.78254e-05,-0.00131435,0.00102417,0.00366752,-0.000104258,-0.000252375,0.00185829,-0.000111254,-0.000655078,-0.000530883,-0.000104258,0.00174845,0.000429427,-0.000636384,7.01257e-05,-9.36848e-05,-0.00118967,-0.000252375,0.000429427,0.0341844,0.00176284,-0.00173857,0.00161155,-6.5371e-06,0.00185829,-0.000636384,0.00176284,0.0302814,0.00017131,-0.000110918,-6.78254e-05,-0.000111254,7.01257e-05,-0.00173857,0.00017131,0.0467075,
0.00331303,0.000891571,-0.00131277,-0.0006492,-9.9686e-05,0.00161522,-0.000110761,0.000891571,0.00171344,0.00102463,-0.000526842,-0.00119301,-6.84322e-06,-6.75847e-05,-0.00131277,0.00102463,0.0036688,-0.000106276,-0.000254606,0.00185771,-0.000111028,-0.0006492,-0.000526842,-0.000106276,0.00174467,0.000421167,-0.000639524,7.05755e-05,-9.9686e-05,-0.00119301,-0.000254606,0.000421167,0.0341788,0.00176186,-0.00173519,0.00161522,-6.84322e-06,0.00185771,-0.000639524,0.00176186,0.0302848,0.000172437,-0.000110761,-6.75847e-05,-0.000111028,7.05755e-05,-0.00173519,0.000172437,0.046707,
0.00332042,0.000894692,-0.00131119,-0.000643282,-0.000105665,0.00161882,-0.000110597,0.000894692,0.00171344,0.00102509,-0.000522791,-0.00119632,-7.16618e-06,-6.73431e-05,-0.00131119,0.00102509,0.00367007,-0.000108284,-0.000256858,0.00185713,-0.000110801,-0.000643282,-0.000522791,-0.000108284,0.00174093,0.000412907,-0.000642623,7.10206e-05,-0.000105665,-0.00119632,-0.000256858,0.000412907,0.0341732,0.00176087,-0.00173182,0.00161882,-7.16618e-06,0.00185713,-0.000642623,0.00176087,0.0302882,0.000173568,-0.000110597,-6.73431e-05,-0.000110801,7.10206e-05,-0.00173182,0.000173568,0.0467065,
0.00332773,0.000897776,-0.00130959,-0.000637323,-0.000111622,0.00162236,-0.000110426,0.000897776,0.00171343,0.00102555,-0.000518729,-0.0011996,-7.50586e-06,-6.71006e-05,-0.00130959,0.00102555,0.00367133,-0.00011028,-0.00025913,0.00185654,-0.000110571,-0.000637323,-0.000518729,-0.00011028,0.00173723,0.000404649,-0.000645681,7.14613e-05,-0.000111622,-0.0011996,-0.00025913,0.000404649,0.0341675,0.00175987,-0.00172845,0.00162236,-7.50586e-06,0.00185654,-0.000645681,0.00175987,0.0302915,0.000174703,-0.000110426,-6.71005e-05,-0.000110571,7.14613e-05,-0.00172845,0.000174703,0.046706,
0.00333498,0.000900823,-0.00130799,-0.000631326,-0.000117556,0.00162584,-0.000110249,0.000900823,0.00171341,0.00102602,-0.000514657,-0.00120285,-7.8621e-06,-6.68571e-05,-0.00130799,0.00102602,0.00367258,-0.000112266,-0.000261422,0.00185595,-0.00011034,-0.000631326,-0.000514657,-0.000112266,0.00173356,0.000396392,-0.000648698,7.18974e-05,-0.000117556,-0.00120285,-0.000261422,0.000396391,0.0341618,0.00175886,-0.00172509,0.00162584,-7.8621e-06,0.00185595,-0.000648698,0.00175886,0.0302946,0.000175842,-0.000110249,-6.68572e-05,-0.00011034,7.18974e-05,-0.00172509,0.000175842,0.0467055,
0.00334216,0.000903833,-0.00130639,-0.000625289,-0.000123466,0.00162925,-0.000110065,0.000903833,0.00171337,0.00102649,-0.000510576,-0.00120607,-8.23483e-06,-6.66129e-05,-0.00130639,0.00102649,0.00367383,-0.00011424,-0.000263735,0.00185535,-0.000110107,-0.000625289,-0.000510576,-0.00011424,0.00172994,0.000388136,-0.000651675,7.23292e-05,-0.000123466,-0.00120607,-0.000263735,0.000388136,0.0341561,0.00175785,-0.00172172,0.00162925,-8.2348e-06,0.00185535,-0.000651675,0.00175785,0.0302977,0.000176984,-0.000110065,-6.66129e-05,-0.000110107,7.23291e-05,-0.00172172,0.000176984,0.046705,
0.00334926,0.000906805,-0.00130477,-0.000619216,-0.000129352,0.0016326,-0.000109875,0.000906805,0.00171332,0.00102695,-0.000506485,-0.00120925,-8.62385e-06,-6.63678e-05,-0.00130477,0.00102695,0.00367506,-0.000116204,-0.000266067,0.00185475,-0.000109872,-0.000619216,-0.000506485,-0.000116204,0.00172635,0.000379882,-0.000654613,7.27566e-05,-0.000129352,-0.00120925,-0.000266067,0.000379882,0.0341503,0.00175683,-0.00171836,0.0016326,-8.62388e-06,0.00185475,-0.000654613,0.00175683,0.0303007,0.00017813,-0.000109875,-6.63679e-05,-0.000109872,7.27566e-05,-0.00171836,0.00017813,0.0467045,
0.00335629,0.000909741,-0.00130315,-0.000613105,-0.000135212,0.00163588,-0.000109679,0.000909741,0.00171326,0.00102742,-0.000502386,-0.00121241,-9.02906e-06,-6.61219e-05,-0.00130315,0.00102742,0.00367629,-0.000118156,-0.000268418,0.00185414,-0.000109636,-0.000613105,-0.000502386,-0.000118156,0.00172281,0.00037163,-0.000657512,7.31798e-05,-0.000135212,-0.00121241,-0.000268418,0.00037163,0.0341445,0.0017558,-0.001715,0.00163588,-9.02906e-06,0.00185414,-0.000657512,0.0017558,0.0303035,0.00017928,-0.000109679,-6.6122e-05,-0.000109636,7.31798e-05,-0.001715,0.00017928,0.046704,
0.00336324,0.000912639,-0.00130152,-0.000606958,-0.000141047,0.0016391,-0.000109477,0.000912639,0.00171318,0.00102789,-0.000498278,-0.00121553,-9.45033e-06,-6.58753e-05,-0.00130152,0.00102789,0.00367752,-0.000120097,-0.000270788,0.00185353,-0.000109397,-0.000606958,-0.000498278,-0.000120097,0.00171931,0.000363381,-0.000660372,7.35988e-05,-0.000141047,-0.00121553,-0.000270788,0.000363381,0.0341386,0.00175477,-0.00171165,0.0016391,-9.45033e-06,0.00185353,-0.000660372,0.00175477,0.0303063,0.000180433,-0.000109477,-6.58753e-05,-0.000109397,7.35989e-05,-0.00171165,0.000180433,0.0467035,
0.00337013,0.0009155,-0.00129989,-0.000600775,-0.000146855,0.00164226,-0.000109268,0.0009155,0.00171308,0.00102836,-0.000494162,-0.00121863,-9.88751e-06,-6.5628e-05,-0.00129989,0.00102836,0.00367873,-0.000122026,-0.000273177,0.00185292,-0.000109157,-0.000600775,-0.000494162,-0.000122026,0.00171584,0.000355134,-0.000663195,7.40138e-05,-0.000146855,-0.00121863,-0.000273177,0.000355134,0.0341327,0.00175373,-0.0017083,0.00164226,-9.88748e-06,0.00185292,-0.000663195,0.00175373,0.030309,0.000181589,-0.000109268,-6.56279e-05,-0.000109157,7.40138e-05,-0.0017083,0.000181589,0.046703,
0.00337694,0.000918323,-0.00129825,-0.000594558,-0.000152636,0.00164535,-0.000109054,0.000918323,0.00171298,0.00102883,-0.000490038,-0.00122169,-1.03404e-05,-6.53799e-05,-0.00129825,0.00102883,0.00367994,-0.000123944,-0.000275584,0.00185229,-0.000108915,-0.000594558,-0.000490038,-0.000123944,0.00171242,0.000346889,-0.00066598,7.44247e-05,-0.000152636,-0.00122169,-0.000275584,0.000346889,0.0341268,0.00175269,-0.00170495,0.00164535,-1.03404e-05,0.00185229,-0.00066598,0.00175269,0.0303116,0.000182749,-0.000109054,-6.53799e-05,-0.000108915,7.44247e-05,-0.00170495,0.000182749,0.0467025,
0.00338368,0.00092111,-0.0012966,-0.000588307,-0.00015839,0.00164838,-0.000108833,0.00092111,0.00171286,0.0010293,-0.000485907,-0.00122472,-1.0809e-05,-6.51311e-05,-0.0012966,0.0010293,0.00368114,-0.00012585,-0.00027801,0.00185167,-0.000108672,-0.000588307,-0.000485907,-0.00012585,0.00170904,0.000338648,-0.000668729,7.48316e-05,-0.00015839,-0.00122472,-0.00027801,0.000338648,0.0341208,0.00175164,-0.00170161,0.00164838,-1.08089e-05,0.00185167,-0.000668729,0.00175164,0.030314,0.000183912,-0.000108833,-6.51311e-05,-0.000108672,7.48316e-05,-0.00170161,0.000183912,0.046702,
0.00339034,0.000923859,-0.00129495,-0.000582023,-0.000164115,0.00165135,-0.000108607,0.000923859,0.00171272,0.00102977,-0.000481769,-0.00122771,-1.1293e-05,-6.48817e-05,-0.00129495,0.00102977,0.00368233,-0.000127744,-0.000280453,0.00185104,-0.000108427,-0.000582023,-0.000481769,-0.000127744,0.00170569,0.00033041,-0.000671442,7.52347e-05,-0.000164115,-0.00122771,-0.000280453,0.00033041,0.0341148,0.00175059,-0.00169827,0.00165135,-1.1293e-05,0.00185104,-0.000671442,0.00175059,0.0303164,0.000185078,-0.000108607,-6.48818e-05,-0.000108427,7.52347e-05,-0.00169827,0.000185078,0.0467015,
0.00339693,0.000926571,-0.00129329,-0.000575707,-0.000169812,0.00165425,-0.000108375,0.000926571,0.00171257,0.00103024,-0.000477625,-0.00123068,-1.17923e-05,-6.46317e-05,-0.00129329,0.00103024,0.00368352,-0.000129627,-0.000282913,0.0018504,-0.00010818,-0.000575707,-0.000477625,-0.000129627,0.00170239,0.000322175,-0.00067412,7.56339e-05,-0.000169812,-0.00123068,-0.000282913,0.000322175,0.0341088,0.00174953,-0.00169493,0.00165425,-1.17923e-05,0.0018504,-0.00067412,0.00174953,0.0303187,0.000186247,-0.000108375,-6.46317e-05,-0.00010818,7.56339e-05,-0.00169493,0.000186247,0.046701,
0.00340344,0.000929246,-0.00129163,-0.000569359,-0.00017548,0.0016571,-0.000108137,0.000929246,0.00171241,0.00103071,-0.000473474,-0.00123361,-1.23068e-05,-6.43811e-05,-0.00129163,0.00103071,0.0036847,-0.000131498,-0.00028539,0.00184976,-0.000107932,-0.000569359,-0.000473474,-0.000131498,0.00169913,0.000313944,-0.000676762,7.60294e-05,-0.00017548,-0.00123361,-0.00028539,0.000313944,0.0341028,0.00174848,-0.0016916,0.0016571,-1.23068e-05,0.00184976,-0.000676762,0.00174848,0.0303209,0.000187419,-0.000108137,-6.43811e-05,-0.000107932,7.60294e-05,-0.0016916,0.000187419,0.0467005,
0.00340988,0.000931883,-0.00128996,-0.00056298,-0.000181117,0.00165988,-0.000107894,0.000931883,0.00171223,0.00103118,-0.000469317,-0.00123652,-1.28363e-05,-6.41299e-05,-0.00128996,0.00103118,0.00368587,-0.000133357,-0.000287885,0.00184912,-0.000107682,-0.00056298,-0.000469317,-0.000133357,0.00169591,0.000305716,-0.00067937,7.64212e-05,-0.000181117,-0.00123652,-0.000287885,0.000305716,0.0340967,0.00174742,-0.00168827,0.00165988,-1.28363e-05,0.00184912,-0.00067937,0.00174742,0.030323,0.000188595,-0.000107894,-6.41299e-05,-0.000107682,7.64212e-05,-0.00168827,0.000188595,0.0467,
0.00341624,0.000934484,-0.00128828,-0.000556571,-0.000186724,0.0016626,-0.000107645,0.000934484,0.00171205,0.00103166,-0.000465155,-0.00123939,-1.33807e-05,-6.38782e-05,-0.00128828,0.00103166,0.00368704,-0.000135204,-0.000290396,0.00184847,-0.000107431,-0.000556571,-0.000465155,-0.000135204,0.00169274,0.000297493,-0.000681944,7.68094e-05,-0.000186724,-0.00123939,-0.000290396,0.000297493,0.0340906,0.00174636,-0.00168494,0.0016626,-1.33807e-05,0.00184847,-0.000681944,0.00174636,0.0303251,0.000189773,-0.000107645,-6.38782e-05,-0.000107431,7.68093e-05,-0.00168494,0.000189773,0.0466995,
0.00342253,0.000937047,-0.0012866,-0.000550133,-0.0001923,0.00166526,-0.00010739,0.000937047,0.00171184,0.00103213,-0.000460988,-0.00124222,-1.39398e-05,-6.3626e-05,-0.0012866,0.00103213,0.0036882,-0.000137039,-0.000292923,0.00184782,-0.000107178,-0.000550133,-0.000460988,-0.000137039,0.0016896,0.000289275,-0.000684485,7.7194e-05,-0.0001923,-0.00124222,-0.000292923,0.000289275,0.0340844,0.00174529,-0.00168162,0.00166526,-1.39398e-05,0.00184782,-0.000684485,0.00174529,0.030327,0.000190953,-0.00010739,-6.36259e-05,-0.000107178,7.7194e-05,-0.00168162,0.000190953,0.046699,
