0.00302451,-0.000385861,-0.00187714,0.000251392,0.000782752,0.000590364,-4.15684e-05,-0.000385861,0.0013097,-0.000393538,-0.00113301,4.28915e-05,-0.000948096,3.8445e-05,-0.00187714,-0.000393538,0.00299154,0.000304377,0.000871383,0.000640323,-4.12276e-05,0.000251392,-0.00113301,0.000304377,0.00282742,-0.00081847,-0.00206523,7.46418e-05,0.000782752,4.28915e-05,0.000871383,-0.00081847,0.0334945,0.00199814,-0.00221606,0.000590364,-0.000948096,0.000640323,-0.00206523,0.00199814,0.0296381,8.17076e-05,-4.15684e-05,3.8445e-05,-4.12276e-05,7.46418e-05,-0.00221606,8.17076e-05,0.0467596,
0.00302182,-0.0003865,-0.00187721,0.000253859,0.000777689,0.00058619,-4.05574e-05,-0.0003865,0.00131046,-0.000395451,-0.00113291,4.2409e-05,-0.000945591,3.8405e-05,-0.00187721,-0.000395451,0.00299476,0.000304855,0.000862579,0.00063494,-4.03509e-05,0.000253859,-0.00113291,0.000304855,0.00282751,-0.00082535,-0.00207271,7.46471e-05,0.000777689,4.2409e-05,0.000862579,-0.000825351,0.0335104,0.00200286,-0.00221308,0.00058619,-0.000945591,0.00063494,-0.00207271,0.00200286,0.0296407,8.15599e-05,-4.05574e-05,3.84049e-05,-4.03509e-05,7.46471e-05,-0.00221308,8.15599e-05,0.0467592,
0.00301881,-0.000387077,-0.00187726,0.000256577,0.000772576,0.000581821,-3.95132e-05,-0.000387077,0.00131117,-0.000397465,-0.00113288,4.18839e-05,-0.000942951,3.83723e-05,-0.00187726,-0.000397465,0.0029984,0.000305302,0.000853288,0.000629203,-3.94581e-05,0.000256577,-0.00113288,0.000305302,0.00282779,-0.0008324,-0.00208032,7.46253e-05,0.000772576,4.18839e-05,0.000853288,-0.0008324,0.0335262,0.00200767,-0.00220999,0.000581821,-0.000942951,0.000629203,-0.00208032,0.00200767,0.0296431,8.13701e-05,-3.95132e-05,3.83722e-05,-3.94581e-05,7.46253e-05,-0.00220999,8.13701e-05,0.0467587,
0.00301569,-0.000387608,-0.00187732,0.000259344,0.000767463,0.000577553,-3.84707e-05,-0.000387608,0.00131185,-0.000399476,-0.00113288,4.13904e-05,-0.000940284,3.83345e-05,-0.00187732,-0.000399476,0.00300211,0.000305709,0.000843884,0.000623522,-3.85698e-05,0.000259344,-0.00113288,0.000305709,0.00282811,-0.000839265,-0.00208782,7.45907e-05,0.000767463,4.13904e-05,0.000843884,-0.000839265,0.0335419,0.00201245,-0.00220682,0.000577553,-0.000940284,0.000623522,-0.00208782,0.00201245,0.0296455,8.11792e-05,-3.84707e-05,3.83345e-05,-3.85698e-05,7.45906e-05,-0.00220682,8.11792e-05,0.0467583,
0.0030125,-0.000388097,-0.00187738,0.000262139,0.000762371,0.000573214,-3.74315e-05,-0.000388097,0.00131251,-0.000401471,-0.00113288,4.08721e-05,-0.000937625,3.82969e-05,-0.00187738,-0.000401471,0.00300586,0.000306086,0.000834441,0.000617734,-3.76851e-05,0.000262139,-0.00113288,0.000306086,0.00282844,-0.00084605,-0.00209521,7.45415e-05,0.000762371,4.08721e-05,0.000834441,-0.00084605,0.0335574,0.00201717,-0.00220361,0.000573214,-0.000937625,0.000617734,-0.00209521,0.00201717,0.0296478,8.09804e-05,-3.74315e-05,3.82969e-05,-3.76851e-05,7.45415e-05,-0.00220361,8.09803e-05,0.0467579,
0.00300926,-0.000388551,-0.00187745,0.000264954,0.000757279,0.000568871,-3.63946e-05,-0.000388551,0.00131315,-0.000403449,-0.00113289,4.03527e-05,-0.000934967,3.82568e-05,-0.00187745,-0.000403449,0.00300962,0.000306435,0.000824953,0.000611916,-3.68025e-05,0.000264954,-0.00113289,0.000306435,0.00282879,-0.000852713,-0.00210251,7.44802e-05,0.000757279,4.03528e-05,0.000824953,-0.000852713,0.0335725,0.00202183,-0.00220037,0.000568871,-0.000934967,0.000611916,-0.00210251,0.00202183,0.0296501,8.07789e-05,-3.63946e-05,3.82567e-05,-3.68025e-05,7.44802e-05,-0.00220037,8.07789e-05,0.0467574,
0.00300597,-0.000388975,-0.00187751,0.000267788,0.000752194,0.000564506,-3.53614e-05,-0.000388975,0.00131377,-0.000405413,-0.00113289,3.98287e-05,-0.000932314,3.82153e-05,-0.00187751,-0.000405413,0.00301339,0.000306759,0.000815434,0.00060605,-3.5923e-05,0.000267788,-0.00113289,0.000306759,0.00282914,-0.00085927,-0.0021097,7.44065e-05,0.000752194,3.98288e-05,0.000815434,-0.00085927,0.0335875,0.00202643,-0.00219708,0.000564506,-0.000932314,0.00060605,-0.0021097,0.00202643,0.0296522,8.05752e-05,-3.53613e-05,3.82153e-05,-3.5923e-05,7.44065e-05,-0.00219708,8.05753e-05,0.046757,
0.00300263,-0.000389371,-0.00187758,0.000270639,0.000747111,0.000560128,-3.43317e-05,-0.000389371,0.00131438,-0.000407365,-0.0011329,3.93049e-05,-0.000929667,3.81721e-05,-0.00187758,-0.000407365,0.00301718,0.000307062,0.000805882,0.000600149,-3.50462e-05,0.000270639,-0.0011329,0.000307062,0.0028295,-0.000865718,-0.0021168,7.4321e-05,0.000747111,3.93049e-05,0.000805882,-0.000865718,0.0336021,0.00203098,-0.00219376,0.000560128,-0.000929667,0.000600149,-0.0021168,0.00203098,0.0296542,8.03711e-05,-3.43317e-05,3.81722e-05,-3.50462e-05,7.4321e-05,-0.00219376,8.03711e-05,0.0467566,
0.00299926,-0.000389744,-0.00187764,0.000273506,0.000742027,0.000555735,-3.33061e-05,-0.000389744,0.00131498,-0.000409306,-0.0011329,3.87825e-05,-0.000927025,3.81277e-05,-0.00187764,-0.000409306,0.00302098,0.000307345,0.000796304,0.000594213,-3.41725e-05,0.000273506,-0.0011329,0.000307345,0.00282985,-0.000872061,-0.0021238,7.4224e-05,0.000742027,3.87825e-05,0.000796304,-0.000872061,0.0336165,0.00203546,-0.0021904,0.000555735,-0.000927025,0.000594213,-0.0021238,0.00203546,0.0296561,8.01672e-05,-3.33061e-05,3.81277e-05,-3.41725e-05,7.4224e-05,-0.0021904,8.01672e-05,0.0467561,
0.00299586,-0.000390096,-0.00187769,0.000276389,0.000736942,0.000551332,-3.22848e-05,-0.000390096,0.00131556,-0.000411238,-0.0011329,3.82635e-05,-0.000924389,3.8082e-05,-0.00187769,-0.000411238,0.00302479,0.00030761,0.000786702,0.000588248,-3.33017e-05,0.000276389,-0.0011329,0.00030761,0.0028302,-0.0008783,-0.0021307,7.41157e-05,0.000736943,3.82635e-05,0.000786702,-0.0008783,0.0336307,0.00203988,-0.002187,0.000551331,-0.000924389,0.000588248,-0.0021307,0.00203988,0.0296579,7.99641e-05,-3.22848e-05,3.8082e-05,-3.33017e-05,7.41157e-05,-0.002187,7.99642e-05,0.0467557,
0.00299244,-0.00039043,-0.00187774,0.000279286,0.000731854,0.000546917,-3.1268e-05,-0.00039043,0.00131614,-0.000413161,-0.0011329,3.7749e-05,-0.00092176,3.80352e-05,-0.00187774,-0.000413161,0.00302859,0.00030786,0.000777078,0.000582257,-3.24341e-05,0.000279286,-0.0011329,0.00030786,0.00283055,-0.000884437,-0.00213751,7.39963e-05,0.000731854,3.7749e-05,0.000777078,-0.000884437,0.0336446,0.00204425,-0.00218357,0.000546917,-0.00092176,0.000582257,-0.00213751,0.00204425,0.0296596,7.97627e-05,-3.1268e-05,3.80352e-05,-3.24341e-05,7.39963e-05,-0.00218357,7.97627e-05,0.0467553,
0.00298899,-0.000390747,-0.00187778,0.000282196,0.000726761,0.000542493,-3.02559e-05,-0.000390747,0.0013167,-0.000415076,-0.00113289,3.724e-05,-0.000919136,3.79873e-05,-0.00187778,-0.000415076,0.0030324,0.000308095,0.000767434,0.000576241,-3.15696e-05,0.000282196,-0.00113289,0.000308095,0.0028309,-0.000890473,-0.00214423,7.38661e-05,0.000726761,3.724e-05,0.000767434,-0.000890473,0.0336582,0.00204855,-0.0021801,0.000542493,-0.000919136,0.000576241,-0.00214423,0.00204855,0.0296612,7.95631e-05,-3.02559e-05,3.79873e-05,-3.15695e-05,7.38661e-05,-0.0021801,7.95631e-05,0.0467548,
0.00298552,-0.000391049,-0.00187781,0.000285118,0.000721662,0.00053806,-2.92487e-05,-0.000391049,0.00131726,-0.000416984,-0.00113289,3.67374e-05,-0.000916519,3.79385e-05,-0.00187781,-0.000416984,0.00303622,0.000308318,0.000757775,0.000570203,-3.07083e-05,0.000285118,-0.00113289,0.000308318,0.00283124,-0.000896409,-0.00215085,7.37252e-05,0.000721662,3.67374e-05,0.000757775,-0.000896409,0.0336716,0.00205279,-0.0021766,0.00053806,-0.000916519,0.000570203,-0.00215085,0.00205279,0.0296627,7.93657e-05,-2.92487e-05,3.79385e-05,-3.07082e-05,7.37252e-05,-0.0021766,7.93657e-05,0.0467544,
0.00298204,-0.000391338,-0.00187782,0.000288051,0.000716556,0.000533619,-2.82466e-05,-0.000391338,0.0013178,-0.000418884,-0.00113288,3.62418e-05,-0.000913909,3.78888e-05,-0.00187782,-0.000418884,0.00304003,0.00030853,0.0007481,0.000564145,-2.98502e-05,0.000288051,-0.00113288,0.00030853,0.00283158,-0.000902247,-0.00215739,7.3574e-05,0.000716556,3.62418e-05,0.0007481,-0.000902247,0.0336847,0.00205697,-0.00217307,0.000533619,-0.000913909,0.000564145,-0.00215739,0.00205697,0.0296642,7.91706e-05,-2.82466e-05,3.78887e-05,-2.98502e-05,7.3574e-05,-0.00217307,7.91706e-05,0.046754,
0.00297855,-0.000391615,-0.00187782,0.000290994,0.000711441,0.00052917,-2.72497e-05,-0.000391615,0.00131835,-0.000420778,-0.00113287,3.57536e-05,-0.000911304,3.78382e-05,-0.00187782,-0.000420778,0.00304383,0.000308731,0.000738413,0.00055807,-2.89954e-05,0.000290994,-0.00113287,0.000308731,0.00283191,-0.000907988,-0.00216384,7.34125e-05,0.000711441,3.57536e-05,0.000738413,-0.000907988,0.0336976,0.00206109,-0.0021695,0.00052917,-0.000911304,0.00055807,-0.00216384,0.00206109,0.0296655,7.89781e-05,-2.72497e-05,3.78382e-05,-2.89955e-05,7.34124e-05,-0.0021695,7.89781e-05,0.0467535,
0.00297505,-0.000391882,-0.00187781,0.000293947,0.000706318,0.000524715,-2.62582e-05,-0.000391882,0.00131888,-0.000422665,-0.00113285,3.52732e-05,-0.000908707,3.77869e-05,-0.00187781,-0.000422665,0.00304764,0.000308923,0.000728714,0.000551979,-2.8144e-05,0.000293947,-0.00113285,0.000308923,0.00283223,-0.000913634,-0.0021702,7.32409e-05,0.000706318,3.52732e-05,0.000728714,-0.000913634,0.0337103,0.00206514,-0.0021659,0.000524715,-0.000908707,0.000551979,-0.0021702,0.00206514,0.0296667,7.87883e-05,-2.62582e-05,3.77869e-05,-2.8144e-05,7.32409e-05,-0.0021659,7.87883e-05,0.0467531,
0.00297154,-0.000392139,-0.00187778,0.000296908,0.000701185,0.000520253,-2.52722e-05,-0.000392139,0.0013194,-0.000424547,-0.00113283,3.4801e-05,-0.000906116,3.77348e-05,-0.00187778,-0.000424547,0.00305143,0.000309106,0.000719007,0.000545873,-2.7296e-05,0.000296909,-0.00113283,0.000309106,0.00283255,-0.000919185,-0.00217647,7.30594e-05,0.000701185,3.4801e-05,0.000719007,-0.000919185,0.0337226,0.00206914,-0.00216226,0.000520253,-0.000906116,0.000545873,-0.00217647,0.00206914,0.0296678,7.86011e-05,-2.52722e-05,3.77348e-05,-2.7296e-05,7.30594e-05,-0.00216226,7.86011e-05,0.0467527,
0.00296803,-0.000392388,-0.00187774,0.000299878,0.000696043,0.000515786,-2.42917e-05,-0.000392388,0.00131992,-0.000426422,-0.00113281,3.43371e-05,-0.000903531,3.76821e-05,-0.00187774,-0.000426422,0.00305523,0.000309282,0.000709291,0.000539754,-2.64515e-05,0.000299878,-0.00113281,0.000309282,0.00283286,-0.000924641,-0.00218266,7.28682e-05,0.000696043,3.43371e-05,0.000709291,-0.000924641,0.0337348,0.00207308,-0.0021586,0.000515786,-0.000903531,0.000539754,-0.00218266,0.00207308,0.0296689,7.84168e-05,-2.42917e-05,3.76821e-05,-2.64515e-05,7.28682e-05,-0.0021586,7.84168e-05,0.0467522,
0.00296452,-0.000392628,-0.00187768,0.000302855,0.000690891,0.000511312,-2.3317e-05,-0.000392628,0.00132044,-0.000428291,-0.00113279,3.38819e-05,-0.000900953,3.76288e-05,-0.00187768,-0.000428291,0.00305901,0.00030945,0.000699568,0.000533623,-2.56104e-05,0.000302855,-0.00113279,0.00030945,0.00283316,-0.000930005,-0.00218876,7.26673e-05,0.000690891,3.38819e-05,0.000699568,-0.000930005,0.0337467,0.00207696,-0.0021549,0.000511312,-0.000900953,0.000533623,-0.00218876,0.00207696,0.0296698,7.82353e-05,-2.3317e-05,3.76288e-05,-2.56103e-05,7.26673e-05,-0.0021549,7.82353e-05,0.0467518,
0.002961,-0.000392861,-0.0018776,0.000305839,0.000685728,0.000506834,-2.2348e-05,-0.000392861,0.00132094,-0.000430155,-0.00113277,3.34353e-05,-0.000898383,3.75749e-05,-0.0018776,-0.000430155,0.00306279,0.000309611,0.00068984,0.000527481,-2.47728e-05,0.000305839,-0.00113277,0.000309611,0.00283346,-0.000935277,-0.00219477,7.2457e-05,0.000685728,3.34353e-05,0.00068984,-0.000935277,0.0337583,0.00208078,-0.00215118,0.000506834,-0.000898383,0.000527481,-0.00219477,0.00208078,0.0296707,7.80565e-05,-2.2348e-05,3.75749e-05,-2.47729e-05,7.2457e-05,-0.00215118,7.80565e-05,0.0467514,
0.00295749,-0.000393087,-0.00187751,0.000308829,0.000680555,0.000502351,-2.13849e-05,-0.000393087,0.00132144,-0.000432013,-0.00113274,3.29975e-05,-0.000895819,3.75204e-05,-0.00187751,-0.000432013,0.00306656,0.000309766,0.000680108,0.00052133,-2.39389e-05,0.000308829,-0.00113274,0.000309766,0.00283375,-0.000940457,-0.0022007,7.22375e-05,0.000680555,3.29975e-05,0.000680108,-0.000940457,0.0337697,0.00208454,-0.00214743,0.000502351,-0.000895819,0.00052133,-0.0022007,0.00208454,0.0296714,7.78805e-05,-2.13849e-05,3.75204e-05,-2.39389e-05,7.22375e-05,-0.00214743,7.78805e-05,0.0467509,
0.00295398,-0.000393307,-0.0018774,0.000311825,0.000675371,0.000497864,-2.04277e-05,-0.000393307,0.00132194,-0.000433865,-0.00113271,3.25687e-05,-0.000893262,3.74654e-05,-0.0018774,-0.000433865,0.00307032,0.000309915,0.000670373,0.000515171,-2.31087e-05,0.000311825,-0.00113271,0.000309915,0.00283404,-0.000945547,-0.00220655,7.20088e-05,0.000675371,3.25687e-05,0.000670373,-0.000945547,0.0337809,0.00208824,-0.00214364,0.000497864,-0.000893262,0.000515171,-0.00220655,0.00208824,0.0296721,7.77073e-05,-2.04277e-05,3.74654e-05,-2.31086e-05,7.20088e-05,-0.00214364,7.77073e-05,0.0467505,
0.00295047,-0.000393522,-0.00187728,0.000314827,0.000670178,0.000493373,-1.94765e-05,-0.000393522,0.00132242,-0.000435712,-0.00113267,3.21487e-05,-0.000890712,3.741e-05,-0.00187728,-0.000435712,0.00307407,0.000310059,0.000660636,0.000509004,-2.2282e-05,0.000314827,-0.00113267,0.000310059,0.00283431,-0.000950548,-0.00221232,7.17711e-05,0.000670177,3.21487e-05,0.000660636,-0.000950548,0.0337918,0.00209188,-0.00213983,0.000493373,-0.000890712,0.000509004,-0.00221232,0.00209188,0.0296727,7.75369e-05,-1.94765e-05,3.741e-05,-2.22821e-05,7.17711e-05,-0.00213983,7.75369e-05,0.04675,
0.00294697,-0.000393731,-0.00187714,0.000317833,0.000664974,0.000488879,-1.85314e-05,-0.000393731,0.00132291,-0.000437553,-0.00113263,3.17376e-05,-0.00088817,3.73541e-05,-0.00187714,-0.000437553,0.00307781,0.000310197,0.000650898,0.00050283,-2.14592e-05,0.000317833,-0.00113263,0.000310197,0.00283458,-0.000955459,-0.00221801,7.15246e-05,0.000664974,3.17377e-05,0.000650898,-0.000955459,0.0338025,0.00209547,-0.00213599,0.000488879,-0.00088817,0.00050283,-0.00221801,0.00209547,0.0296732,7.73691e-05,-1.85314e-05,3.73541e-05,-2.14592e-05,7.15246e-05,-0.00213599,7.73691e-05,0.0467496,
0.00294357,-0.000393927,-0.00187739,0.000320767,0.00065922,0.000486336,-1.69549e-05,-0.000393931,0.00132338,-0.000439409,-0.0011326,3.13095e-05,-0.00088554,3.73286e-05,-0.00187687,-0.00043938,0.0030811,0.000310248,0.000640586,0.000498728,-1.99626e-05,0.000320793,-0.0011326,0.000310548,0.00283488,-0.000960002,-0.00222462,7.09394e-05,0.000659923,3.13498e-05,0.000640465,-0.00096041,0.0338121,0.00210224,-0.00213107,0.000483731,-0.000885691,0.000499431,-0.00222309,0.00210258,0.0296607,7.29805e-05,-1.76044e-05,3.72968e-05,-2.05889e-05,7.12789e-05,-0.00213206,7.69648e-05,0.0467491,
0.00294008,-0.000394127,-0.00187722,0.000323784,0.00065399,0.000481836,-1.60104e-05,-0.00039413,0.00132385,-0.000441241,-0.00113255,3.09152e-05,-0.000883013,3.72706e-05,-0.00187668,-0.000441211,0.00308481,0.000310378,0.000630841,0.000492548,-1.91341e-05,0.000323804,-0.00113255,0.000310683,0.00283514,-0.000964724,-0.00223016,7.06741e-05,0.000654719,3.09562e-05,0.000630702,-0.000965141,0.0338223,0.00210583,-0.00212715,0.000479176,-0.000883164,0.000493316,-0.00222863,0.00210618,0.0296609,7.28008e-05,-1.66672e-05,3.7238e-05,-1.97663e-05,7.10216e-05,-0.00212817,7.68525e-05,0.0467486,
0.00293665,-0.000394319,-0.00187721,0.000326774,0.000648527,0.000478129,-1.48044e-05,-0.000394323,0.00132432,-0.000443075,-0.00113251,3.05185e-05,-0.000880456,3.72239e-05,-0.00187643,-0.000443033,0.00308833,0.000310472,0.000620859,0.000487211,-1.80241e-05,0.000326793,-0.00113251,0.000310908,0.0028354,-0.000969235,-0.00223604,7.02639e-05,0.000649589,3.05772e-05,0.000620638,-0.000969834,0.0338319,0.00211077,-0.00212274,0.000474308,-0.000880669,0.000488383,-0.00223387,0.00211128,0.0296557,7.0886e-05,-1.57382e-05,3.71772e-05,-1.89214e-05,7.07643e-05,-0.00212422,7.66802e-05,0.0467481,
0.00293318,-0.000394511,-0.00187701,0.0003298,0.000643281,0.000473627,-1.38611e-05,-0.000394514,0.00132478,-0.000444896,-0.00113246,3.01411e-05,-0.000877948,3.71621e-05,-0.0018762,-0.000444853,0.00309201,0.000310594,0.000611119,0.000481028,-1.7191e-05,0.000329809,-0.00113246,0.000311038,0.00283564,-0.000973773,-0.00224142,6.99893e-05,0.000644379,3.02009e-05,0.000610872,-0.000974384,0.0338416,0.00211435,-0.00211875,0.000469729,-0.000878161,0.000482291,-0.00223925,0.00211488,0.0296557,7.07735e-05,-1.48044e-05,3.71143e-05,-1.80961e-05,7.0501e-05,-0.00212028,7.66609e-05,0.0467476,
0.00292972,-0.000394699,-0.00187678,0.000332828,0.000638032,0.000469125,-1.29204e-05,-0.000394701,0.00132523,-0.000446712,-0.00113241,2.97722e-05,-0.00087545,3.70985e-05,-0.00187596,-0.000446668,0.00309569,0.000310712,0.000601389,0.000474844,-1.63581e-05,0.000332828,-0.00113241,0.000311163,0.00283587,-0.000978221,-0.00224672,6.97112e-05,0.000639168,2.9833e-05,0.000601116,-0.000978844,0.0338511,0.0021179,-0.00211474,0.00046515,-0.000875664,0.000476198,-0.00224454,0.00211845,0.0296556,7.07053e-05,-1.3873e-05,3.70497e-05,-1.72704e-05,7.02342e-05,-0.00211632,7.6685e-05,0.0467471,
0.00292626,-0.000394884,-0.00187654,0.00033586,0.000632776,0.000464623,-1.19824e-05,-0.000394884,0.00132568,-0.000448522,-0.00113235,2.94119e-05,-0.000872961,3.70331e-05,-0.0018757,-0.000448478,0.00309936,0.000310825,0.000591664,0.000468659,-1.55252e-05,0.00033585,-0.00113235,0.000311284,0.0028361,-0.000982583,-0.00225195,6.94289e-05,0.000633949,2.94738e-05,0.000591363,-0.000983217,0.0338603,0.00212143,-0.0021107,0.000460571,-0.000873175,0.000470105,-0.00224976,0.00212199,0.0296555,7.06734e-05,-1.29438e-05,3.69832e-05,-1.64446e-05,6.99631e-05,-0.00211233,7.67446e-05,0.0467466,
0.00292281,-0.000395065,-0.00187628,0.000338894,0.000627516,0.00046012,-1.10481e-05,-0.000395064,0.00132613,-0.000450327,-0.00113229,2.90598e-05,-0.000870481,3.69665e-05,-0.00187542,-0.000450282,0.00310302,0.000310934,0.000581948,0.000462474,-1.46937e-05,0.000338874,-0.0011323,0.000311401,0.00283631,-0.000986857,-0.0022571,6.91415e-05,0.000628725,2.91227e-05,0.000581618,-0.000987504,0.0338694,0.00212492,-0.00210665,0.000455992,-0.000870696,0.000464011,-0.0022549,0.0021255,0.0296552,7.06707e-05,-1.20181e-05,3.69155e-05,-1.56199e-05,6.96869e-05,-0.00210831,7.68323e-05,0.0467461,
0.00291938,-0.000395242,-0.00187601,0.000341931,0.000622249,0.000455618,-1.01179e-05,-0.000395241,0.00132657,-0.000452127,-0.00113223,2.87163e-05,-0.000868011,3.68986e-05,-0.00187513,-0.000452081,0.00310666,0.00031104,0.000572238,0.00045629,-1.38639e-05,0.000341901,-0.00113223,0.000311513,0.00283652,-0.000991047,-0.00226217,6.88485e-05,0.000623496,2.87803e-05,0.000571879,-0.000991705,0.0338782,0.00212838,-0.00210256,0.000451414,-0.000868226,0.000457918,-0.00225996,0.00212897,0.0296549,7.06925e-05,-1.10961e-05,3.68466e-05,-1.47964e-05,6.9405e-05,-0.00210428,7.69431e-05,0.0467456,
0.00291595,-0.000395417,-0.00187571,0.00034497,0.000616977,0.000451116,-9.19234e-06,-0.000395415,0.001327,-0.000453922,-0.00113217,2.8381e-05,-0.000865549,3.68297e-05,-0.00187481,-0.000453875,0.0031103,0.000311141,0.000562536,0.000450106,-1.30363e-05,0.00034493,-0.00113217,0.000311622,0.00283672,-0.000995153,-0.00226716,6.85496e-05,0.000618261,2.84461e-05,0.000562147,-0.000995821,0.0338868,0.0021318,-0.00209845,0.000446836,-0.000865765,0.000451825,-0.00226495,0.00213241,0.0296545,7.0734e-05,-1.01784e-05,3.67766e-05,-1.39748e-05,6.9117e-05,-0.00210021,7.70727e-05,0.0467451,
0.00291253,-0.000395589,-0.0018754,0.00034801,0.0006117,0.000446614,-8.27166e-06,-0.000395586,0.00132743,-0.000455711,-0.0011321,2.80541e-05,-0.000863096,3.676e-05,-0.00187448,-0.000455664,0.00311392,0.000311238,0.000552842,0.000443924,-1.22112e-05,0.000347961,-0.00113211,0.000311727,0.00283692,-0.000999175,-0.00227208,6.82443e-05,0.000613021,2.81202e-05,0.000552424,-0.000999854,0.0338952,0.00213518,-0.00209432,0.000442258,-0.000863313,0.000445733,-0.00226986,0.0021358,0.0296539,7.07921e-05,-9.26526e-06,3.67058e-05,-1.31555e-05,6.88226e-05,-0.00209613,7.72175e-05,0.0467446,
0.00290912,-0.000395758,-0.00187507,0.000351052,0.000606418,0.000442112,-7.35623e-06,-0.000395754,0.00132785,-0.000457495,-0.00113204,2.77354e-05,-0.000860653,3.66895e-05,-0.00187413,-0.000457447,0.00311754,0.000311331,0.000543158,0.000437743,-1.13891e-05,0.000350993,-0.00113204,0.000311828,0.00283711,-0.00100311,-0.00227692,6.79325e-05,0.000607776,2.78026e-05,0.000542708,-0.0010038,0.0339034,0.00213852,-0.00209016,0.000437682,-0.00086087,0.000439643,-0.00227469,0.00213914,0.0296534,7.08638e-05,-8.35704e-06,3.66343e-05,-1.23388e-05,6.85216e-05,-0.00209201,7.73747e-05,0.046744,
0.00290572,-0.000395924,-0.00187472,0.000354096,0.000601132,0.000437611,-6.44629e-06,-0.000395919,0.00132827,-0.000459274,-0.00113196,2.74249e-05,-0.000858218,3.66183e-05,-0.00187377,-0.000459225,0.00312114,0.000311421,0.000533482,0.000431565,-1.05702e-05,0.000354027,-0.00113196,0.000311925,0.00283729,-0.00100697,-0.00228169,6.76142e-05,0.000602526,2.74932e-05,0.000533002,-0.00100767,0.0339114,0.00214181,-0.00208598,0.000433108,-0.000858436,0.000433555,-0.00227945,0.00214245,0.0296527,7.09469e-05,-7.45398e-06,3.6562e-05,-1.1525e-05,6.82139e-05,-0.00208788,7.7542e-05,0.0467435,
0.00290232,-0.000396088,-0.00187436,0.00035714,0.000595841,0.000433111,-5.54204e-06,-0.000396082,0.00132868,-0.000461047,-0.00113189,2.71224e-05,-0.000855792,3.65467e-05,-0.00187339,-0.000460997,0.00312473,0.000311506,0.000523817,0.000425389,-9.75481e-06,0.000357062,-0.00113189,0.000312018,0.00283746,-0.00101075,-0.00228638,6.7289e-05,0.000597273,2.71918e-05,0.000523305,-0.00101146,0.0339191,0.00214505,-0.00208178,0.000428535,-0.000856011,0.000427469,-0.00228414,0.0021457,0.029652,7.10395e-05,-6.5562e-06,3.64892e-05,-1.07143e-05,6.78993e-05,-0.00208372,7.77174e-05,0.046743,
0.00289894,-0.000396249,-0.00187398,0.000360186,0.000590547,0.000428613,-4.64365e-06,-0.000396242,0.00132909,-0.000462815,-0.00113181,2.6828e-05,-0.000853375,3.64745e-05,-0.00187299,-0.000462765,0.00312831,0.000311588,0.000514162,0.000419217,-8.94301e-06,0.000360098,-0.00113181,0.000312107,0.00283763,-0.00101445,-0.00229099,6.69571e-05,0.000592015,2.68985e-05,0.000513618,-0.00101517,0.0339267,0.00214826,-0.00207755,0.000423964,-0.000853595,0.000421386,-0.00228875,0.00214891,0.0296511,7.11401e-05,-5.66397e-06,3.64159e-05,-9.90685e-06,6.75777e-05,-0.00207954,7.78996e-05,0.0467424,
0.00289557,-0.000396408,-0.00187358,0.000363232,0.00058525,0.000424116,-3.75122e-06,-0.0003964,0.00132949,-0.000464578,-0.00113173,2.65414e-05,-0.000850968,3.64019e-05,-0.00187257,-0.000464527,0.00313187,0.000311666,0.000504519,0.000413048,-8.13502e-06,0.000363134,-0.00113173,0.000312193,0.00283779,-0.00101806,-0.00229554,6.66183e-05,0.000586755,2.66131e-05,0.000503941,-0.00101879,0.0339341,0.00215141,-0.0020733,0.000419395,-0.000851189,0.000415307,-0.00229329,0.00215208,0.0296503,7.12474e-05,-4.77746e-06,3.63422e-05,-9.103e-06,6.72493e-05,-0.00207534,7.8087e-05,0.0467419,
0.00289221,-0.000396564,-0.00187316,0.000366278,0.00057995,0.000419621,-2.86493e-06,-0.000396556,0.00132989,-0.000466335,-0.00113165,2.62627e-05,-0.000848569,3.63289e-05,-0.00187214,-0.000466283,0.00313543,0.000311739,0.000494886,0.000406884,-7.33094e-06,0.000366171,-0.00113165,0.000312274,0.00283794,-0.0010216,-0.00230001,6.62728e-05,0.000581491,2.63355e-05,0.000494276,-0.00102234,0.0339412,0.00215452,-0.00206903,0.000414828,-0.000848791,0.000409231,-0.00229775,0.0021552,0.0296493,7.13604e-05,-3.89661e-06,3.62681e-05,-8.30269e-06,6.69139e-05,-0.00207111,7.82789e-05,0.0467414,
0.00288886,-0.000396719,-0.00187273,0.000369325,0.000574647,0.000415127,-1.9848e-06,-0.000396709,0.00133028,-0.000468087,-0.00113157,2.59918e-05,-0.00084618,3.62556e-05,-0.00187169,-0.000468034,0.00313898,0.000311809,0.000485266,0.000400725,-6.53094e-06,0.000369208,-0.00113157,0.000312352,0.00283808,-0.00102506,-0.0023044,6.59206e-05,0.000576225,2.60658e-05,0.000484622,-0.00102581,0.0339482,0.00215758,-0.00206474,0.000410265,-0.000846403,0.00040316,-0.00230214,0.00215826,0.0296483,7.14782e-05,-3.02169e-06,3.61937e-05,-7.50622e-06,6.65716e-05,-0.00206687,7.84743e-05,0.0467408,
0.00288552,-0.000396871,-0.00187228,0.000372372,0.000569343,0.000410637,-1.11094e-06,-0.00039686,0.00133067,-0.000469834,-0.00113148,2.57285e-05,-0.0008438,3.6182e-05,-0.00187122,-0.00046978,0.00314251,0.000311876,0.000475659,0.000394571,-5.73513e-06,0.000372245,-0.00113148,0.000312425,0.00283822,-0.00102845,-0.00230873,6.55616e-05,0.000570956,2.58036e-05,0.000474981,-0.00102921,0.0339549,0.0021606,-0.00206043,0.000405704,-0.000844025,0.000397094,-0.00230646,0.00216129,0.0296472,7.16003e-05,-2.15272e-06,3.61189e-05,-6.71363e-06,6.62225e-05,-0.0020626,7.86725e-05,0.0467403,
0.00288219,-0.000397021,-0.00187181,0.000375418,0.000564037,0.000406149,-2.43416e-07,-0.000397009,0.00133105,-0.000471575,-0.00113139,2.54727e-05,-0.000841429,3.61081e-05,-0.00187074,-0.00047152,0.00314603,0.000311938,0.000466064,0.000388423,-4.94355e-06,0.000375282,-0.00113139,0.000312495,0.00283835,-0.00103175,-0.00231298,6.51961e-05,0.000565686,2.5549e-05,0.000465353,-0.00103252,0.0339615,0.00216357,-0.0020561,0.000401147,-0.000841655,0.000391033,-0.00231071,0.00216426,0.029646,7.17259e-05,-1.2898e-06,3.60439e-05,-5.92493e-06,6.58667e-05,-0.00205831,7.88731e-05,0.0467398,
0.00287887,-0.000397169,-0.00187132,0.000378464,0.000558729,0.000401663,6.17728e-07,-0.000397156,0.00133143,-0.000473311,-0.00113129,2.52244e-05,-0.000839068,3.6034e-05,-0.00187024,-0.000473255,0.00314954,0.000311996,0.000456483,0.000382282,-4.15629e-06,0.000378319,-0.00113129,0.000312561,0.00283848,-0.00103498,-0.00231716,6.4824e-05,0.000560415,2.53019e-05,0.000455737,-0.00103576,0.0339678,0.00216649,-0.00205175,0.000396594,-0.000839296,0.000384978,-0.00231488,0.00216719,0.0296447,7.18547e-05,-4.32876e-07,3.59687e-05,-5.14033e-06,6.55042e-05,-0.002054,7.90755e-05,0.0467392,
0.00287556,-0.000397315,-0.00187082,0.00038151,0.000553422,0.000397181,1.47246e-06,-0.000397301,0.0013318,-0.000475042,-0.0011312,2.49835e-05,-0.000836716,3.59598e-05,-0.00186972,-0.000474985,0.00315304,0.000312051,0.000446916,0.000376147,-3.37344e-06,0.000381355,-0.0011312,0.000312623,0.00283859,-0.00103814,-0.00232127,6.44456e-05,0.000555142,2.50622e-05,0.000446136,-0.00103892,0.033974,0.00216937,-0.00204738,0.000392044,-0.000836945,0.000378929,-0.00231899,0.00217008,0.0296434,7.19865e-05,4.17943e-07,3.58934e-05,-4.35979e-06,6.51352e-05,-0.00204968,7.92795e-05,0.0467387,
0.00287226,-0.000397459,-0.0018703,0.000384555,0.000548114,0.000392703,2.32075e-06,-0.000397445,0.00133217,-0.000476767,-0.0011311,2.47498e-05,-0.000834374,3.58853e-05,-0.00186919,-0.000476709,0.00315653,0.000312101,0.000437364,0.000370019,-2.59501e-06,0.00038439,-0.0011311,0.000312681,0.00283871,-0.00104122,-0.00232531,6.40608e-05,0.000549869,2.48298e-05,0.000436549,-0.00104201,0.03398,0.0021722,-0.00204299,0.000387499,-0.000834605,0.000372887,-0.00232302,0.00217291,0.029642,7.21207e-05,1.26255e-06,3.58178e-05,-3.58347e-06,6.47596e-05,-0.00204533,7.94846e-05,0.0467381,
0.00286897,-0.000397602,-0.00186977,0.000387599,0.000542806,0.000388228,3.16261e-06,-0.000397586,0.00133253,-0.000478487,-0.001131,2.45234e-05,-0.000832041,3.58108e-05,-0.00186865,-0.000478428,0.00316001,0.000312148,0.000427827,0.000363899,-1.8211e-06,0.000387425,-0.001131,0.000312735,0.00283881,-0.00104422,-0.00232929,6.36698e-05,0.000544596,2.46046e-05,0.000426977,-0.00104503,0.0339858,0.00217499,-0.00203859,0.000382958,-0.000832274,0.000366852,-0.00232699,0.00217571,0.0296406,7.22573e-05,2.10104e-06,3.57421e-05,-2.81136e-06,6.43778e-05,-0.00204097,7.96908e-05,0.0467376,
0.00286569,-0.000397742,-0.00186922,0.000390642,0.000537499,0.000383757,3.99794e-06,-0.000397726,0.00133289,-0.000480201,-0.0011309,2.43039e-05,-0.000829719,3.57361e-05,-0.00186808,-0.000480142,0.00316348,0.000312191,0.000418306,0.000357788,-1.05169e-06,0.000390459,-0.0011309,0.000312786,0.00283891,-0.00104716,-0.00233319,6.32727e-05,0.000539324,2.43864e-05,0.00041742,-0.00104797,0.0339914,0.00217773,-0.00203416,0.000378422,-0.000829953,0.000360825,-0.00233089,0.00217845,0.0296391,7.2396e-05,2.93332e-06,3.56662e-05,-2.04353e-06,6.39896e-05,-0.00203659,7.98978e-05,0.0467371,
0.00286243,-0.000397881,-0.00186865,0.000393683,0.000532193,0.000379291,4.82681e-06,-0.000397864,0.00133325,-0.00048191,-0.00113079,2.40915e-05,-0.000827406,3.56613e-05,-0.0018675,-0.00048185,0.00316693,0.00031223,0.000408801,0.000351685,-2.86854e-07,0.000393491,-0.00113079,0.000312832,0.002839,-0.00105002,-0.00233702,6.28696e-05,0.000534052,2.41752e-05,0.00040788,-0.00105084,0.0339968,0.00218044,-0.00202972,0.000373892,-0.000827642,0.000354806,-0.00233471,0.00218116,0.0296375,7.25368e-05,3.75944e-06,3.55903e-05,-1.27998e-06,6.35954e-05,-0.00203219,8.01056e-05,0.0467365,
0.00285917,-0.000398018,-0.00186807,0.000396724,0.000526888,0.000374829,5.64918e-06,-0.000398,0.00133359,-0.000483614,-0.00113068,2.38859e-05,-0.000825103,3.55863e-05,-0.00186691,-0.000483552,0.00317037,0.000312265,0.000399312,0.000345591,4.73399e-07,0.000396522,-0.00113068,0.000312874,0.00283908,-0.0010528,-0.00234079,6.24607e-05,0.000528781,2.3971e-05,0.000398355,-0.00105363,0.034002,0.00218309,-0.00202527,0.000369366,-0.000825342,0.000348795,-0.00233847,0.00218382,0.0296359,7.26795e-05,4.57934e-06,3.55143e-05,-5.2075e-07,6.31951e-05,-0.00202777,8.03139e-05,0.046736,
0.00285593,-0.000398154,-0.00186747,0.000399762,0.000521585,0.000370372,6.46505e-06,-0.000398135,0.00133394,-0.000485312,-0.00113057,2.36871e-05,-0.00082281,3.55113e-05,-0.0018663,-0.00048525,0.00317381,0.000312296,0.000389841,0.000339506,1.22899e-06,0.000399552,-0.00113057,0.000312913,0.00283916,-0.00105552,-0.00234449,6.2046e-05,0.000523512,2.37734e-05,0.000388848,-0.00105635,0.034007,0.00218571,-0.0020208,0.000364847,-0.000823051,0.000342792,-0.00234217,0.00218643,0.0296342,7.2824e-05,5.39296e-06,3.54382e-05,2.34035e-07,6.27889e-05,-0.00202334,8.05228e-05,0.0467355,
0.0028527,-0.000398288,-0.00186686,0.000402799,0.000516285,0.00036592,7.27446e-06,-0.000398268,0.00133428,-0.000487005,-0.00113046,2.3495e-05,-0.000820527,3.54363e-05,-0.00186567,-0.000486941,0.00317723,0.000312323,0.000380387,0.000333432,1.97997e-06,0.000402579,-0.00113046,0.000312947,0.00283923,-0.00105816,-0.00234812,6.16258e-05,0.000518245,2.35827e-05,0.000379358,-0.00105901,0.0340119,0.00218828,-0.00201631,0.000360333,-0.00082077,0.0003368,-0.00234579,0.002189,0.0296324,7.29704e-05,6.20043e-06,3.53619e-05,9.84435e-07,6.2377e-05,-0.00201889,8.07321e-05,0.0467349,
0.00284948,-0.000398421,-0.00186623,0.000405833,0.000510987,0.000361473,8.0774e-06,-0.0003984,0.00133461,-0.000488692,-0.00113034,2.33094e-05,-0.000818255,3.53611e-05,-0.00186503,-0.000488628,0.00318064,0.000312346,0.000370951,0.000327367,2.72632e-06,0.000405605,-0.00113034,0.000312977,0.0028393,-0.00106074,-0.00235168,6.12001e-05,0.00051298,2.33985e-05,0.000369886,-0.00106159,0.0340166,0.00219081,-0.00201181,0.000355825,-0.0008185,0.000330816,-0.00234935,0.00219153,0.0296306,7.31185e-05,7.00168e-06,3.52857e-05,1.73045e-06,6.19595e-05,-0.00201443,8.0942e-05,0.0467344,
0.00284627,-0.000398552,-0.00186558,0.000408866,0.000505693,0.000357032,8.87382e-06,-0.00039853,0.00133494,-0.000490374,-0.00113022,2.31304e-05,-0.000815993,3.5286e-05,-0.00186438,-0.000490308,0.00318404,0.000312366,0.000361533,0.000321314,3.46795e-06,0.000408629,-0.00113022,0.000313004,0.00283936,-0.00106324,-0.00235518,6.0769e-05,0.000507719,2.32208e-05,0.000360433,-0.0010641,0.0340211,0.0021933,-0.00200729,0.000351324,-0.00081624,0.000324843,-0.00235285,0.00219402,0.0296287,7.32683e-05,7.79671e-06,3.52093e-05,2.47197e-06,6.15364e-05,-0.00200995,8.11522e-05,0.0467339,
0.00284307,-0.000398681,-0.00186492,0.000411896,0.000500402,0.000352596,9.66383e-06,-0.000398659,0.00133526,-0.00049205,-0.0011301,2.29577e-05,-0.000813741,3.52108e-05,-0.00186371,-0.000491984,0.00318743,0.000312381,0.000352134,0.000315272,4.20494e-06,0.00041165,-0.0011301,0.000313026,0.00283941,-0.00106568,-0.00235861,6.03327e-05,0.00050246,2.30495e-05,0.000350998,-0.00106654,0.0340254,0.00219575,-0.00200276,0.00034683,-0.00081399,0.00031888,-0.00235628,0.00219647,0.0296267,7.34198e-05,8.58552e-06,3.5133e-05,3.2091e-06,6.11079e-05,-0.00200546,8.13627e-05,0.0467333,
0.00283988,-0.00039881,-0.00186425,0.000414924,0.000495115,0.000348167,1.04473e-05,-0.000398786,0.00133558,-0.000493721,-0.00112998,2.27913e-05,-0.000811499,3.51355e-05,-0.00186302,-0.000493654,0.00319081,0.000312392,0.000342755,0.000309241,4.93719e-06,0.00041467,-0.00112998,0.000313045,0.00283946,-0.00106804,-0.00236198,5.98913e-05,0.000497205,2.28844e-05,0.000341582,-0.00106891,0.0340296,0.00219816,-0.00199822,0.000342342,-0.000811751,0.000312928,-0.00235964,0.00219887,0.0296247,7.3573e-05,9.36823e-06,3.50567e-05,3.94174e-06,6.06741e-05,-0.00200095,8.15738e-05,0.0467328,
0.0028367,-0.000398937,-0.00186356,0.000417949,0.000489833,0.000343744,1.12244e-05,-0.000398912,0.0013359,-0.000495387,-0.00112985,2.26311e-05,-0.000809268,3.50603e-05,-0.00186232,-0.000495318,0.00319417,0.0003124,0.000333395,0.000303222,5.66475e-06,0.000417686,-0.00112985,0.000313059,0.0028395,-0.00107034,-0.00236528,5.94448e-05,0.000491954,2.27257e-05,0.000332187,-0.00107122,0.0340336,0.00220053,-0.00199366,0.000337862,-0.000809522,0.000306987,-0.00236294,0.00220124,0.0296227,7.37279e-05,1.01447e-05,3.49804e-05,4.66982e-06,6.02352e-05,-0.00199643,8.17851e-05,0.0467323,
0.00283354,-0.000399062,-0.00186285,0.000420971,0.000484555,0.000339328,1.19951e-05,-0.000399037,0.00133621,-0.000497047,-0.00112972,2.2477e-05,-0.000807048,3.4985e-05,-0.00186161,-0.000496977,0.00319753,0.000312403,0.000324056,0.000297215,6.38758e-06,0.0004207,-0.00112973,0.000313069,0.00283953,-0.00107257,-0.00236852,5.89935e-05,0.000486707,2.25729e-05,0.000322811,-0.00107346,0.0340374,0.00220286,-0.00198909,0.00033339,-0.000807304,0.000301057,-0.00236617,0.00220356,0.0296205,7.38845e-05,1.09149e-05,3.49039e-05,5.39341e-06,5.97912e-05,-0.0019919,8.19968e-05,0.0467318,
0.00283038,-0.000399187,-0.00186213,0.00042399,0.000479282,0.000334918,1.27594e-05,-0.000399161,0.00133651,-0.000498701,-0.00112959,2.23288e-05,-0.000804838,3.49098e-05,-0.00186088,-0.00049863,0.00320087,0.000312403,0.000314737,0.000291221,7.1057e-06,0.000423711,-0.00112959,0.000313075,0.00283956,-0.00107474,-0.0023717,5.85375e-05,0.000481465,2.24262e-05,0.000313456,-0.00107563,0.0340411,0.00220515,-0.00198451,0.000328925,-0.000805097,0.00029514,-0.00236935,0.00220585,0.0296184,7.40426e-05,1.1679e-05,3.48275e-05,6.1125e-06,5.93424e-05,-0.00198736,8.22089e-05,0.0467312,
0.00282724,-0.00039931,-0.0018614,0.000427007,0.000474015,0.000330516,1.35172e-05,-0.000399283,0.00133682,-0.00050035,-0.00112946,2.21866e-05,-0.000802638,3.48346e-05,-0.00186014,-0.000500278,0.00320421,0.000312398,0.000305439,0.00028524,7.81908e-06,0.00042672,-0.00112946,0.000313077,0.00283959,-0.00107684,-0.00237482,5.80768e-05,0.000476227,2.22855e-05,0.000304122,-0.00107774,0.0340446,0.0022074,-0.00197992,0.000324468,-0.0008029,0.000289234,-0.00237246,0.0022081,0.0296161,7.42025e-05,1.2437e-05,3.47512e-05,6.82704e-06,5.88887e-05,-0.0019828,8.24212e-05,0.0467307,
0.00282411,-0.000399432,-0.00186065,0.00043002,0.000468754,0.000326121,1.42687e-05,-0.000399404,0.00133711,-0.000501994,-0.00112932,2.20502e-05,-0.00080045,3.47594e-05,-0.00185938,-0.000501921,0.00320753,0.000312389,0.000296162,0.000279273,8.52773e-06,0.000429725,-0.00112933,0.000313075,0.0028396,-0.00107887,-0.00237787,5.76117e-05,0.000470996,2.21506e-05,0.00029481,-0.00107978,0.0340479,0.00220962,-0.00197531,0.000320019,-0.000800715,0.000283341,-0.0023755,0.00221031,0.0296139,7.43639e-05,1.31888e-05,3.46749e-05,7.53708e-06,5.84303e-05,-0.00197823,8.2634e-05,0.0467302,
0.00282099,-0.000399552,-0.00185988,0.000433029,0.000463499,0.000321733,1.50139e-05,-0.000399524,0.0013374,-0.000503632,-0.00112919,2.19195e-05,-0.000798272,3.46842e-05,-0.00185861,-0.000503558,0.00321084,0.000312377,0.000286907,0.000273319,9.23164e-06,0.000432726,-0.00112919,0.000313069,0.00283962,-0.00108084,-0.00238086,5.71421e-05,0.00046577,2.20213e-05,0.000285519,-0.00108175,0.0340511,0.0022118,-0.0019707,0.000315579,-0.00079854,0.000277461,-0.00237849,0.00221248,0.0296115,7.45269e-05,1.39345e-05,3.45986e-05,8.24252e-06,5.79674e-05,-0.00197365,8.2847e-05,0.0467297,
0.00281788,-0.000399672,-0.0018591,0.000436036,0.00045825,0.000317353,1.57527e-05,-0.000399643,0.00133769,-0.000505264,-0.00112905,2.17944e-05,-0.000796106,3.4609e-05,-0.00185783,-0.000505189,0.00321414,0.00031236,0.000277675,0.000267379,9.93081e-06,0.000435725,-0.00112905,0.000313059,0.00283962,-0.00108275,-0.00238379,5.66682e-05,0.00046055,2.18978e-05,0.00027625,-0.00108366,0.0340541,0.00221394,-0.00196607,0.000311147,-0.000796376,0.000271594,-0.00238141,0.00221461,0.0296091,7.46916e-05,1.46741e-05,3.45223e-05,8.94335e-06,5.74999e-05,-0.00196906,8.30603e-05,0.0467291,
0.00281479,-0.000399791,-0.00185831,0.000439038,0.000453009,0.00031298,1.64852e-05,-0.00039976,0.00133797,-0.000506891,-0.0011289,2.16749e-05,-0.00079395,3.45339e-05,-0.00185703,-0.000506815,0.00321743,0.000312339,0.000268464,0.000261453,1.06252e-05,0.00043872,-0.00112891,0.000313045,0.00283962,-0.00108459,-0.00238665,5.61902e-05,0.000455336,2.17797e-05,0.000267004,-0.00108551,0.0340569,0.00221605,-0.00196144,0.000306724,-0.000794223,0.00026574,-0.00238428,0.00221671,0.0296067,7.48578e-05,1.54076e-05,3.44461e-05,9.63968e-06,5.70282e-05,-0.00196446,8.3274e-05,0.0467286,
0.0028117,-0.000399908,-0.00185751,0.000442037,0.000447775,0.000308616,1.72114e-05,-0.000399877,0.00133825,-0.000508513,-0.00112876,2.15608e-05,-0.000791805,3.44589e-05,-0.00185622,-0.000508435,0.00322071,0.000312315,0.000259277,0.000255542,1.13149e-05,0.000441711,-0.00112876,0.000313026,0.00283962,-0.00108637,-0.00238946,5.5708e-05,0.00045013,2.16671e-05,0.000257781,-0.00108729,0.0340596,0.00221812,-0.00195679,0.00030231,-0.000792081,0.000259901,-0.00238708,0.00221877,0.0296042,7.50255e-05,1.6135e-05,3.437e-05,1.03315e-05,5.65522e-05,-0.00195984,8.34879e-05,0.0467281,
0.00280863,-0.000400025,-0.00185669,0.000445032,0.000442548,0.00030426,1.79314e-05,-0.000399993,0.00133852,-0.000510129,-0.00112861,2.1452e-05,-0.000789671,3.43839e-05,-0.00185539,-0.00051005,0.00322398,0.000312286,0.000250112,0.000249646,1.19998e-05,0.000444698,-0.00112861,0.000313004,0.00283961,-0.00108809,-0.00239221,5.5222e-05,0.00044493,2.15599e-05,0.000248582,-0.00108902,0.0340622,0.00222015,-0.00195214,0.000297906,-0.00078995,0.000254075,-0.00238982,0.00222079,0.0296016,7.51948e-05,1.68563e-05,3.42938e-05,1.10186e-05,5.6072e-05,-0.00195522,8.3702e-05,0.0467276,
0.00280557,-0.00040014,-0.00185585,0.000448022,0.000437329,0.000299913,1.86451e-05,-0.000400107,0.00133879,-0.000511739,-0.00112846,2.13485e-05,-0.000787548,3.4309e-05,-0.00185456,-0.000511659,0.00322724,0.000312253,0.000240972,0.000243765,1.26799e-05,0.000447682,-0.00112847,0.000312977,0.0028396,-0.00108974,-0.0023949,5.47321e-05,0.000439738,2.14579e-05,0.000239406,-0.00109068,0.0340646,0.00222215,-0.00194748,0.000293511,-0.000787831,0.000248264,-0.00239251,0.00222278,0.029599,7.53656e-05,1.75717e-05,3.42179e-05,1.17011e-05,5.55879e-05,-0.00195059,8.39164e-05,0.0467271,
0.00280252,-0.000400255,-0.00185501,0.000451009,0.000432118,0.000295574,1.93525e-05,-0.000400221,0.00133906,-0.000513344,-0.00112831,2.12501e-05,-0.000785437,3.42341e-05,-0.00185371,-0.000513263,0.00323049,0.000312216,0.000231855,0.0002379,1.33553e-05,0.000450661,-0.00112831,0.000312946,0.00283958,-0.00109134,-0.00239753,5.42384e-05,0.000434554,2.13611e-05,0.000230254,-0.00109228,0.0340668,0.00222412,-0.00194281,0.000289126,-0.000785722,0.000242467,-0.00239514,0.00222473,0.0295964,7.55377e-05,1.82809e-05,3.41419e-05,1.23792e-05,5.50998e-05,-0.00194595,8.4131e-05,0.0467265,
