1.93603,1.43472,0.209379,-0.314223,
1.93704,1.43321,0.251222,-0.377226,
1.93821,1.43145,0.29306,-0.440359,
1.93955,1.42943,0.334895,-0.503656,
1.94106,1.42717,0.37673,-0.567149,
1.94273,1.42464,0.418566,-0.630872,
1.94457,1.42186,0.460408,-0.694858,
1.94658,1.41883,0.502257,-0.759142,
1.94876,1.41553,0.544118,-0.823757,
1.9511,1.41198,0.585993,-0.888738,
1.95361,1.40816,0.627887,-0.954119,
1.95629,1.40408,0.669803,-1.01994,
1.95914,1.39974,0.711746,-1.08622,
1.96215,1.39512,0.75372,-1.15301,
1.96534,1.39024,0.79573,-1.22035,
1.96869,1.38509,0.837783,-1.28826,
1.97221,1.37966,0.879882,-1.3568,
1.9759,1.37396,0.922036,-1.42598,
1.97975,1.36797,0.96425,-1.49586,
1.98378,1.36171,1.00653,-1.56647,
1.98798,1.35516,1.04889,-1.63786,
1.99234,1.34832,1.09133,-1.71005,
1.99688,1.34118,1.13386,-1.78311,
2.00158,1.33376,1.1765,-1.85706,
2.00646,1.32603,1.21925,-1.93196,
2.01151,1.318,1.26212,-2.00785,
2.01673,1.30966,1.30513,-2.08478,
2.02212,1.30101,1.34829,-2.16278,
2.02769,1.29204,1.3916,-2.24193,
2.03343,1.28275,1.4351,-2.32226,
2.03934,1.27313,1.47878,-2.40383,
2.04543,1.26319,1.52267,-2.48669,
2.0517,1.2529,1.56679,-2.5709,
2.05815,1.24228,1.61115,-2.65653,
2.06477,1.2313,1.65577,-2.74363,
2.07157,1.21997,1.70068,-2.83226,
2.07855,1.20828,1.74589,-2.9225,
2.08572,1.19623,1.79143,-3.01441,
2.09307,1.18379,1.83732,-3.10807,
2.1006,1.17098,1.8836,-3.20354,
2.10833,1.15778,1.93028,-3.30092,
2.11623,1.14418,1.9774,-3.40028,
2.12433,1.13017,2.02499,-3.5017,
2.13263,1.11575,2.07308,-3.60529,
2.14111,1.1009,2.1217,-3.71112,
2.1498,1.08563,2.1709,-3.81931,
2.15868,1.06991,2.22071,-3.92995,
2.16777,1.05373,2.27117,-4.04314,
2.17705,1.0371,2.32232,-4.15901,
2.18655,1.01999,2.37421,-4.27766,
2.19626,1.00239,2.42689,-4.39921,
2.20618,0.984295,2.48039,-4.52379,
2.21632,0.965689,2.53478,-4.65153,
2.22668,0.946559,2.5901,-4.78254,
2.23727,0.926891,2.6464,-4.91698,
2.24808,0.906671,2.70374,-5.05496,
2.25913,0.885885,2.76218,-5.19662,
2.27042,0.864516,2.82176,-5.3421,
2.28195,0.84255,2.88253,-5.49152,
2.29372,0.81997,2.94456,-5.645,
2.30576,0.79676,3.00789,-5.80266,
2.31805,0.772901,3.07255,-5.96457,
2.3306,0.748378,3.13859,-6.13083,
2.34342,0.723172,3.20604,-6.30146,
2.35652,0.697266,3.2749,-6.47646,
2.36991,0.670643,3.34518,-6.6558,
2.38357,0.643286,3.41685,-6.83937,
2.39753,0.615178,3.48986,-7.02695,
2.41179,0.586305,3.56413,-7.21828,
2.42635,0.556653,3.63954,-7.41292,
2.44121,0.526212,3.7159,-7.61032,
2.45638,0.494973,3.79299,-7.80973,
2.47186,0.462932,3.8705,-8.0102,
2.48766,0.43009,3.94803,-8.21052,
2.50376,0.396453,4.02513,-8.40923,
2.52016,0.362035,4.10119,-8.60457,
2.53686,0.326857,4.17554,-8.79444,
2.55385,0.290951,4.24739,-8.97645,
2.57112,0.25436,4.31584,-9.14791,
2.58864,0.217136,4.37993,-9.3059,
2.60639,0.179347,4.43863,-9.44734,
2.62435,0.14107,4.49091,-9.56912,
2.6425,0.102397,4.53578,-9.66829,
2.66079,0.0634283,4.57237,-9.74217,
2.67919,0.0242737,4.59998,-9.78864,
2.69766,-0.0149511,4.61811,-9.8062,
2.71617,-0.0541278,4.62655,-9.79417,
2.73467,-0.0931387,4.62538,-9.75274,
2.75313,-0.13187,4.61495,-9.68291,
2.77151,-0.170216,4.59589,-9.58646,
2.78979,-0.208079,4.569,-9.46578,
2.80793,-0.245374,4.53526,-9.32367,
2.82591,-0.282027,4.4957,-9.1632,
2.84372,-0.317977,4.45138,-8.98747,
2.86133,-0.353175,4.40331,-8.7995,
2.87874,-0.387583,4.35246,-8.60211,
2.89594,-0.421174,4.29968,-8.39783,
2.91292,-0.45393,4.24572,-8.18889,
2.92969,-0.485839,4.1912,-7.97718,
2.94623,-0.516896,4.13665,-7.76428,
2.96256,-0.547102,4.0825,-7.55147,
2.97868,-0.576461,4.02908,-7.33978,
2.99459,-0.604981,3.97663,-7.13,
3.01029,-0.632672,3.92535,-6.92272,
3.02579,-0.659545,3.87536,-6.71838,
3.04109,-0.685614,3.82674,-6.51728,
3.05621,-0.710893,3.77954,-6.31962,
3.07115,-0.735395,3.73377,-6.12549,
3.08591,-0.759135,3.68943,-5.93493,
3.10049,-0.782126,3.64649,-5.74794,
3.11491,-0.804384,3.60489,-5.56445,
3.12917,-0.825922,3.5646,-5.38438,
3.14327,-0.846752,3.52554,-5.20761,
3.15722,-0.866888,3.48766,-5.03404,
3.17103,-0.886342,3.45087,-4.86352,
3.18469,-0.905126,3.41511,-4.69591,
3.19821,-0.92325,3.38029,-4.53107,
3.21159,-0.940726,3.34635,-4.36887,
3.22485,-0.957562,3.31321,-4.20915,
3.23797,-0.973769,3.28079,-4.05178,
3.25097,-0.989356,3.24902,-3.89663,
3.26384,-1.00433,3.21782,-3.74357,
3.27658,-1.0187,3.18712,-3.59246,
3.28921,-1.03247,3.15686,-3.4432,
3.30172,-1.04566,3.12696,-3.29567,
3.31411,-1.05825,3.09735,-3.14975,
3.32638,-1.07028,3.06798,-3.00535,
3.33854,-1.08173,3.03877,-2.86238,
3.35058,-1.09261,3.00968,-2.72073,
3.3625,-1.10293,2.98063,-2.58032,
3.3743,-1.11269,2.95156,-2.44108,
3.38599,-1.12191,2.92244,-2.30292,
3.39757,-1.13057,2.89319,-2.16577,
3.40902,-1.13869,2.86377,-2.02956,
3.42036,-1.14626,2.83412,-1.89423,
3.43157,-1.1533,2.80421,-1.75972,
3.44267,-1.15981,2.77397,-1.62597,
3.45364,-1.16578,2.74337,-1.49293,
3.46449,-1.17122,2.71236,-1.36055,
3.47522,-1.17614,2.68089,-1.22877,
3.48581,-1.18053,2.64894,-1.09756,
3.49628,-1.18439,2.61646,-0.966865,
3.50661,-1.18774,2.58341,-0.83665,
3.51681,-1.19057,2.54975,-0.706872,
3.52687,-1.19288,2.51547,-0.577494,
3.5368,-1.19467,2.48051,-0.448477,
3.54657,-1.19595,2.44485,-0.319787,
3.55621,-1.19672,2.40847,-0.191387,
3.56569,-1.19697,2.37133,-0.0632429,
3.57503,-1.19671,2.33341,0.0646805,
3.58421,-1.19594,2.29469,0.192418,
3.59323,-1.19466,2.25514,0.320003,
3.60209,-1.19287,2.21474,0.447471,
3.61078,-1.19057,2.17346,0.574858,
3.6193,-1.18776,2.1313,0.7022,
3.62766,-1.18444,2.08824,0.829533,
3.63583,-1.18062,2.04425,0.956897,
3.64383,-1.17628,1.99933,1.08433,
3.65165,-1.17143,1.95345,1.21187,
3.65927,-1.16607,1.90661,1.33957,
3.66671,-1.1602,1.8588,1.46747,
3.67395,-1.15382,1.80999,1.59561,
3.68099,-1.14693,1.76019,1.72404,
3.68783,-1.13951,1.70939,1.85283,
3.69446,-1.13159,1.65757,1.98201,
3.70088,-1.12314,1.60472,2.11165,
3.70708,-1.11417,1.55084,2.24181,
3.71306,-1.10468,1.49593,2.37255,
3.71882,-1.09467,1.43996,2.50395,
3.72435,-1.08412,1.38295,2.63606,
3.72965,-1.07305,1.32487,2.76896,
3.73472,-1.06143,1.26572,2.90274,
3.73954,-1.04929,1.2055,3.03747,
3.74411,-1.03659,1.1442,3.17324,
3.74844,-1.02335,1.0818,3.31015,
3.75252,-1.00956,1.01831,3.44828,
3.75633,-0.995207,0.953704,3.58773,
3.75988,-0.980293,0.887986,3.7286,
3.76317,-0.964809,0.821142,3.87101,
3.76618,-0.948749,0.753163,4.01506,
3.76892,-0.932105,0.68404,4.16087,
3.77137,-0.914871,0.613763,4.30854,
3.77354,-0.897038,0.542322,4.4582,
3.77542,-0.878599,0.469708,4.60996,
3.777,-0.859543,0.395915,4.76395,
3.77829,-0.839862,0.320935,4.92027,
3.77927,-0.819546,0.244764,5.07903,
3.77993,-0.798584,0.167402,5.24035,
3.78029,-0.776967,0.0888519,5.40431,
3.78033,-0.754683,0.00912312,5.571,
3.78004,-0.731721,-0.0717675,5.74046,
3.77942,-0.70807,-0.153793,5.91275,
3.77848,-0.683719,-0.236916,6.08785,
3.77719,-0.658656,-0.32108,6.26573,
3.77557,-0.632871,-0.406214,6.44629,
3.7736,-0.606353,-0.492218,6.62937,
3.77128,-0.579094,-0.578969,6.81474,
3.76862,-0.551086,-0.666305,7.00205,
3.7656,-0.522322,-0.754024,7.19086,
3.76223,-0.4928,-0.841875,7.38056,
3.75852,-0.462519,-0.929553,7.5704,
3.75445,-0.431481,-1.01669,7.75945,
3.75004,-0.399695,-1.10283,7.94655,
3.74529,-0.367173,-1.18748,8.13036,
3.74021,-0.333936,-1.27002,8.30925,
3.73481,-0.300011,-1.34977,8.4814,
3.7291,-0.265432,-1.42599,8.64475,
3.72311,-0.230243,-1.49786,8.79704,
3.71686,-0.1945,-1.56452,8.93591,
3.71035,-0.158264,-1.6251,9.05894,
3.70364,-0.121609,-1.67876,9.16376,
3.69674,-0.0846162,-1.72473,9.2482,
3.68969,-0.0473746,-1.76235,9.31039,
3.68253,-0.00997886,-1.79112,9.34895,
3.67528,0.0274732,-1.81076,9.36301,
3.668,0.0648827,-1.82119,9.35238,
3.66071,0.102153,-1.82259,9.31748,
3.65345,0.13919,-1.81534,9.25938,
3.64625,0.175909,-1.80002,9.17969,
3.63914,0.212231,-1.77738,9.08047,
3.63214,0.248087,-1.74826,8.96406,
3.62529,0.283419,-1.71357,8.83296,
3.61859,0.318178,-1.67424,8.68973,
3.61207,0.352325,-1.63117,8.53683,
3.60573,0.385831,-1.5852,8.37656,
3.59958,0.418675,-1.53711,8.21103,
3.59363,0.450844,-1.48758,8.04209,
3.58788,0.482329,-1.43722,7.87134,
3.58233,0.51313,-1.38653,7.70013,
3.57699,0.543248,-1.33596,7.52957,
3.57185,0.57269,-1.28584,7.36058,
3.5669,0.601466,-1.23647,7.19387,
3.56215,0.629586,-1.18807,7.02999,
3.55759,0.657063,-1.14082,6.86935,
3.55321,0.683912,-1.09485,6.71227,
3.54901,0.710148,-1.05027,6.55895,
3.54498,0.735786,-1.00715,6.40951,
3.54111,0.760842,-0.965524,6.26403,
3.53741,0.785332,-0.925428,6.12251,
3.53387,0.809272,-0.886872,5.98495,
3.53047,0.832677,-0.849858,5.85127,
3.52721,0.855563,-0.814375,5.72142,
3.52409,0.877944,-0.780407,5.59529,
3.5211,0.899835,-0.747932,5.47279,
3.51823,0.92125,-0.716923,5.35381,
3.51548,0.942203,-0.687351,5.23821,
3.51284,0.962707,-0.659185,5.1259,
3.51031,0.982774,-0.632392,5.01674,
3.50788,1.00242,-0.606938,4.91061,
3.50555,1.02165,-0.582791,4.80739,
3.50331,1.04047,-0.559915,4.70697,
3.50116,1.05891,-0.538278,4.60924,
3.49909,1.07697,-0.517847,4.51408,
3.49709,1.09465,-0.498588,4.42138,
3.49517,1.11198,-0.480472,4.33105,
3.49332,1.12895,-0.463465,4.24297,
3.49153,1.14558,-0.44754,4.15706,
3.4898,1.16187,-0.432666,4.07323,
3.48812,1.17784,-0.418816,3.99138,
3.4865,1.19348,-0.405961,3.91144,
3.48492,1.20881,-0.394076,3.83332,
3.48339,1.22384,-0.383134,3.75694,
3.4819,1.23857,-0.37311,3.68223,
3.48044,1.25301,-0.363981,3.60912,
3.47902,1.26716,-0.355722,3.53754,
3.47763,1.28103,-0.348311,3.46742,
3.47626,1.29462,-0.341726,3.39871,
3.47491,1.30795,-0.335946,3.33135,
3.47359,1.32101,-0.330948,3.26527,
3.47228,1.33381,-0.326713,3.20042,
3.47099,1.34636,-0.323222,3.13675,
3.46971,1.35865,-0.320453,3.07422,
3.46844,1.37071,-0.31839,3.01276,
3.46717,1.38251,-0.317012,2.95234,
3.4659,1.39409,-0.316302,2.8929,
3.46464,1.40542,-0.316242,2.83441,
3.46337,1.41653,-0.316814,2.77683,
3.4621,1.42741,-0.318002,2.7201,
3.46082,1.43807,-0.319788,2.66421,
3.45953,1.4485,-0.322156,2.6091,
3.45823,1.45872,-0.32509,2.55473,
3.45692,1.46873,-0.328573,2.50109,
3.45559,1.47852,-0.332589,2.44813,
3.45424,1.4881,-0.337122,2.39581,
3.45287,1.49748,-0.342157,2.34411,
3.45148,1.50665,-0.347679,2.29299,
3.45006,1.51562,-0.353672,2.24243,
3.44862,1.52439,-0.360121,2.1924,
3.44715,1.53296,-0.36701,2.14286,
3.44566,1.54134,-0.374325,2.09379,
3.44413,1.54952,-0.382051,2.04515,
3.44257,1.55751,-0.390173,1.99694,
3.44097,1.5653,-0.398676,1.94911,
3.43934,1.57291,-0.407545,1.90164,
3.43768,1.58033,-0.416766,1.85452,
3.43597,1.58756,-0.426324,1.8077,
3.43423,1.5946,-0.436203,1.76118,
3.43244,1.60146,-0.446391,1.71492,
3.43061,1.60814,-0.456871,1.66891,
3.42874,1.61463,-0.467629,1.62312,
3.42683,1.62094,-0.478651,1.57752,
3.42487,1.62707,-0.489921,1.53211,
3.42286,1.63302,-0.501425,1.48685,
3.42081,1.63878,-0.513148,1.44173,
3.41871,1.64437,-0.525076,1.39673,
3.41656,1.64978,-0.537193,1.35182,
3.41436,1.65501,-0.549485,1.30698,
3.41212,1.66005,-0.561935,1.26221,
3.40982,1.66492,-0.574531,1.21747,
3.40747,1.66962,-0.587255,1.17275,
3.40507,1.67413,-0.600094,1.12803,
3.40262,1.67846,-0.613032,1.08329,
3.40011,1.68261,-0.626053,1.03852,
3.39755,1.68659,-0.639142,0.993694,
3.39495,1.69038,-0.652283,0.948799,
3.39228,1.694,-0.665462,0.903817,
3.38957,1.69743,-0.678662,0.858731,
3.3868,1.70069,-0.691867,0.813525,
3.38398,1.70376,-0.705061,0.768182,
3.38111,1.70665,-0.718229,0.722686,
3.37818,1.70936,-0.731355,0.677021,
3.37521,1.71189,-0.744421,0.631173,
3.37218,1.71423,-0.757413,0.585125,
3.36909,1.71638,-0.770313,0.538863,
3.36596,1.71835,-0.783106,0.492372,
3.36278,1.72013,-0.795774,0.445637,
3.35955,1.72173,-0.8083,0.398643,
3.35626,1.72313,-0.820669,0.351377,
3.35293,1.72435,-0.832863,0.303824,
3.34955,1.72537,-0.844865,0.255971,
3.34613,1.7262,-0.856658,0.207803,
3.34265,1.72684,-0.868225,0.159308,
3.33913,1.72728,-0.879549,0.110471,
3.33557,1.72753,-0.890612,0.0612808,
3.33197,1.72757,-0.901398,0.0117232,
3.32832,1.72742,-0.911889,-0.0382144,
3.32463,1.72707,-0.922066,-0.0885446,
3.3209,1.72651,-0.931914,-0.13928,
3.31714,1.72575,-0.941413,-0.190433,
3.31334,1.72478,-0.950547,-0.242017,
3.3095,1.7236,-0.959298,-0.294042,
3.30563,1.72222,-0.967649,-0.346522,
3.30172,1.72062,-0.97558,-0.399468,
3.29779,1.71881,-0.983076,-0.452893,
3.29383,1.71678,-0.990117,-0.506809,
3.28985,1.71454,-0.996687,-0.561227,
3.28583,1.71207,-1.00277,-0.61616,
3.2818,1.70939,-1.00834,-0.671619,
3.27775,1.70648,-1.01339,-0.727616,
3.27368,1.70334,-1.0179,-0.784164,
3.26959,1.69997,-1.02185,-0.841275,
3.26549,1.69638,-1.02522,-0.898961,
3.26138,1.69255,-1.02799,-0.957234,
3.25726,1.68848,-1.03016,-1.01611,
3.25313,1.68418,-1.03169,-1.07559,
3.249,1.67964,-1.03259,-1.1357,
3.24487,1.67485,-1.03281,-1.19645,
3.24074,1.66982,-1.03236,-1.25786,
3.23661,1.66454,-1.03122,-1.31992,
3.23249,1.65901,-1.02936,-1.38267,
3.22839,1.65323,-1.02677,-1.44612,
3.22429,1.64719,-1.02343,-1.51027,
3.22022,1.64089,-1.01934,-1.57515,
3.21616,1.63432,-1.01447,-1.64077,
3.21212,1.62749,-1.00881,-1.70715,
3.20811,1.6204,-1.00234,-1.77431,
3.20413,1.61303,-0.995044,-1.84226,
3.20019,1.60538,-0.986912,-1.91103,
3.19627,1.59746,-0.977928,-1.98063,
3.1924,1.58926,-0.968075,-2.05108,
3.18857,1.58077,-0.95734,-2.12241,
3.18479,1.57199,-0.945709,-2.19464,
3.18106,1.56292,-0.933166,-2.26779,
3.17738,1.55355,-0.919698,-2.34189,
3.17376,1.54388,-0.905291,-2.41696,
3.1702,1.53391,-0.889931,-2.49304,
3.1667,1.52363,-0.873604,-2.57015,
3.16328,1.51304,-0.856296,-2.64833,
3.15993,1.50213,-0.837994,-2.72761,
3.15665,1.49089,-0.818683,-2.80801,
3.15346,1.47933,-0.79835,-2.88959,
3.15035,1.46745,-0.776982,-2.97238,
3.14733,1.45522,-0.754564,-3.05642,
3.14441,1.44265,-0.731081,-3.14176,
3.14158,1.42974,-0.706521,-3.22844,
3.13886,1.41647,-0.680868,-3.31651,
3.13624,1.40285,-0.654107,-3.40603,
3.13374,1.38886,-0.626223,-3.49705,
3.13135,1.3745,-0.597201,-3.58963,
3.12908,1.35977,-0.567024,-3.68383,
3.12694,1.34465,-0.535676,-3.77972,
3.12492,1.32914,-0.503138,-3.87738,
3.12305,1.31323,-0.469394,-3.97687,
3.12131,1.29692,-0.434425,-4.07828,
3.11972,1.28019,-0.398209,-4.18169,
3.11827,1.26304,-0.360728,-4.28718,
3.11699,1.24546,-0.321959,-4.39486,
3.11586,1.22744,-0.28188,-4.50483,
3.1149,1.20897,-0.240466,-4.61718,
3.11411,1.19005,-0.197693,-4.73204,
3.11349,1.17065,-0.153534,-4.84951,
3.11306,1.15077,-0.107962,-4.96972,
3.11282,1.1304,-0.0609484,-5.09281,
3.11277,1.10952,-0.0124624,-5.2189,
3.11292,1.08813,0.0375265,-5.34814,
3.11327,1.06621,0.0890506,-5.48068,
3.11384,1.04374,0.142143,-5.61666,
3.11463,1.02072,0.196836,-5.75625,
3.11564,0.997117,0.253163,-5.89961,
3.11689,0.97293,0.311157,-6.0469,
3.11837,0.948137,0.37085,-6.19828,
3.1201,0.922721,0.432269,-6.3539,
3.12208,0.896665,0.495441,-6.51393,
3.12432,0.869951,0.560384,-6.67851,
3.12683,0.84256,0.627111,-6.84776,
3.12961,0.814473,0.695623,-7.02177,
3.13268,0.785671,0.765909,-7.20063,
3.13603,0.756133,0.837937,-7.38434,
3.13967,0.725842,0.911653,-7.57287,
3.14362,0.694778,0.986975,-7.76609,
3.14788,0.662922,1.06378,-7.9638,
3.15244,0.63026,1.1419,-8.16562,
3.15733,0.596776,1.2211,-8.37106,
3.16253,0.562458,1.30109,-8.57941,
3.16806,0.527299,1.38148,-8.78971,
3.17391,0.491296,1.46178,-9.00072,
3.18007,0.454453,1.54139,-9.21089,
3.18655,0.41678,1.61957,-9.41826,
3.19333,0.378298,1.69544,-9.62047,
3.2004,0.339039,1.76797,-9.81476,
3.20775,0.299047,1.83599,-9.9979,
3.21534,0.258382,1.89819,-10.1663,
3.22315,0.217117,1.95318,-10.3162,
3.23115,0.175343,1.99955,-10.4435,
3.2393,0.133165,2.0359,-10.5445,
3.24754,0.090702,2.061,-10.6157,
3.25583,0.0480853,2.07383,-10.6542,
3.26413,0.00545292,2.0737,-10.6581,
3.27237,-0.0370535,2.06034,-10.6266,
3.28051,-0.0792939,2.03386,-10.5601,
3.28849,-0.121135,1.99484,-10.4602,
3.29626,-0.162453,1.94421,-10.3295,
3.3038,-0.203138,1.88318,-10.1714,
3.31105,-0.243097,1.81318,-9.98982,
3.31799,-0.282253,1.73569,-9.78901,
3.3246,-0.320545,1.65222,-9.57305,
3.33086,-0.357929,1.56419,-9.34584,
3.33675,-0.394373,1.47287,-9.11091,
3.34227,-0.429858,1.37942,-8.87132,
3.3474,-0.464376,1.2848,-8.62965,
3.35216,-0.497928,1.18982,-8.38802,
3.35654,-0.530521,1.09512,-8.14811,
3.36055,-0.562166,1.00123,-7.91123,
3.36418,-0.592879,0.908548,-7.67834,
3.36745,-0.62268,0.81738,-7.45014,
3.37036,-0.651588,0.727948,-7.22711,
3.37293,-0.679626,0.640408,-7.00955,
3.37515,-0.706817,0.554865,-6.7976,
3.37703,-0.733182,0.471383,-6.59132,
3.37859,-0.758745,0.389994,-6.39067,
3.37983,-0.783527,0.310706,-6.19556,
3.38077,-0.80755,0.233509,-6.00583,
3.3814,-0.830836,0.158381,-5.82131,
3.38174,-0.853403,0.085288,-5.64182,
3.3818,-0.875271,0.014192,-5.46715,
3.38158,-0.89646,-0.0549503,-5.29708,
3.38109,-0.916985,-0.122184,-5.13139,
3.38034,-0.936865,-0.187556,-4.96988,
3.37934,-0.956114,-0.251113,-4.81234,
3.37808,-0.974748,-0.312901,-4.65856,
3.37659,-0.992782,-0.372964,-4.50836,
3.37487,-1.01023,-0.431346,-4.36153,
3.37292,-1.0271,-0.488089,-4.21791,
3.37074,-1.04341,-0.543232,-4.07733,
3.36836,-1.05917,-0.596814,-3.93962,
3.36576,-1.07439,-0.648871,-3.80463,
3.36296,-1.08907,-0.699438,-3.67223,
3.35997,-1.10324,-0.748546,-3.54227,
3.35678,-1.1169,-0.796228,-3.41463,
3.35341,-1.13006,-0.842512,-3.28918,
3.34986,-1.14272,-0.887426,-3.16582,
3.34614,-1.1549,-0.930998,-3.04445,
3.34225,-1.1666,-0.973252,-2.92496,
3.33819,-1.17783,-1.01421,-2.80726,
3.33397,-1.18859,-1.05391,-2.69127,
3.3296,-1.1989,-1.09235,-2.57691,
3.32509,-1.20876,-1.12957,-2.46409,
3.32042,-1.21817,-1.16559,-2.35275,
3.31562,-1.22714,-1.20043,-2.24283,
3.31069,-1.23568,-1.2341,-2.13426,
3.30562,-1.24379,-1.26664,-2.02698,
3.30043,-1.25147,-1.29804,-1.92094,
3.29511,-1.25873,-1.32835,-1.8161,
3.28968,-1.26558,-1.35757,-1.71239,
3.28414,-1.27202,-1.38573,-1.60978,
3.27849,-1.27806,-1.41285,-1.50824,
3.27273,-1.28369,-1.43894,-1.40771,
3.26688,-1.28892,-1.46402,-1.30816,
3.26092,-1.29376,-1.48811,-1.20956,
3.25488,-1.2982,-1.51124,-1.11188,
3.24875,-1.30226,-1.53342,-1.01508,
3.24253,-1.30594,-1.55467,-0.919143,
3.23623,-1.30924,-1.57502,-0.824037,
3.22985,-1.31216,-1.59448,-0.729738,
3.2234,-1.3147,-1.61307,-0.636222,
3.21687,-1.31688,-1.63081,-0.543466,
3.21028,-1.31868,-1.64773,-0.45145,
3.20363,-1.32012,-1.66385,-0.360151,
3.19691,-1.3212,-1.67919,-0.269552,
3.19014,-1.32192,-1.69377,-0.179633,
3.1833,-1.32228,-1.70761,-0.0903752,
3.17642,-1.32229,-1.72073,-0.00176214,
3.16949,-1.32194,-1.73316,0.0862237,
3.16251,-1.32125,-1.74492,0.173599,
3.15549,-1.32021,-1.75604,0.26038,
3.14842,-1.31882,-1.76653,0.346583,
3.14131,-1.31709,-1.77642,0.432224,
3.13417,-1.31502,-1.78573,0.517318,
3.12699,-1.31261,-1.79449,0.601881,
3.11978,-1.30987,-1.80272,0.685929,
3.11254,-1.30679,-1.81044,0.769478,
3.10527,-1.30338,-1.81768,0.852544,
3.09797,-1.29964,-1.82446,0.935143,
3.09065,-1.29557,-1.8308,1.01729,
3.0833,-1.29118,-1.83674,1.099,
3.07593,-1.28646,-1.84229,1.1803,
3.06854,-1.28141,-1.84747,1.26119,
3.06113,-1.27604,-1.85232,1.34171,
3.05371,-1.27036,-1.85685,1.42185,
3.04626,-1.26435,-1.86108,1.50166,
3.0388,-1.25803,-1.86505,1.58113,
3.03133,-1.25138,-1.86878,1.6603,
3.02384,-1.24443,-1.87229,1.73917,
3.01633,-1.23716,-1.87559,1.81778,
3.00882,-1.22957,-1.87873,1.89615,
3.00129,-1.22167,-1.88171,1.97428,
2.99375,-1.21347,-1.88456,2.05222,
2.98621,-1.20495,-1.88731,2.12997,
2.97865,-1.19612,-1.88997,2.20757,
2.97108,-1.18698,-1.89257,2.28503,
2.96349,-1.17753,-1.89514,2.36238,
2.9559,-1.16777,-1.89768,2.43965,
2.9483,-1.1577,-1.90023,2.51686,
2.94069,-1.14732,-1.90281,2.59404,
2.93307,-1.13664,-1.90543,2.67121,
2.92544,-1.12565,-1.90812,2.7484,
2.91779,-1.11434,-1.91089,2.82564,
2.91014,-1.10273,-1.91378,2.90295,
2.90247,-1.09081,-1.91679,2.98037,
2.89479,-1.07858,-1.91994,3.05792,
2.8871,-1.06604,-1.92326,3.13563,
2.87939,-1.05318,-1.92677,3.21352,
2.87167,-1.04001,-1.93047,3.29164,
2.86393,-1.02653,-1.93439,3.37,
2.85618,-1.01274,-1.93855,3.44863,
2.84841,-0.99863,-1.94296,3.52756,
2.84062,-0.984203,-1.94764,3.60682,
2.83281,-0.969457,-1.95259,3.68643,
2.82497,-0.954391,-1.95784,3.76641,
2.81712,-0.939004,-1.9634,3.8468,
2.80924,-0.923294,-1.96927,3.92759,
2.80134,-0.907258,-1.97548,4.00883,
2.79341,-0.890896,-1.98201,4.09051,
2.78546,-0.874206,-1.98889,4.17265,
2.77747,-0.857185,-1.99612,4.25526,
2.76946,-0.839831,-2.0037,4.33834,
2.76141,-0.822144,-2.01163,4.42189,
2.75333,-0.80412,-2.0199,4.50588,
2.74522,-0.785759,-2.02852,4.59031,
2.73707,-0.767058,-2.03746,4.67515,
2.72888,-0.748017,-2.04673,4.76035,
2.72066,-0.728633,-2.05629,4.84587,
2.71239,-0.708907,-2.06613,4.93163,
2.70409,-0.688837,-2.07621,5.01757,
2.69574,-0.668422,-2.0865,5.10358,
2.68735,-0.647664,-2.09696,5.18954,
2.67892,-0.626563,-2.10753,5.27532,
2.67045,-0.60512,-2.11815,5.36074,
2.66194,-0.583337,-2.12876,5.44562,
2.65338,-0.561219,-2.13926,5.52972,
2.64478,-0.538767,-2.14958,5.61281,
2.63614,-0.515989,-2.15959,5.69458,
2.62747,-0.49289,-2.16919,5.77471,
2.61875,-0.469479,-2.17824,5.85283,
2.61001,-0.445765,-2.18659,5.92854,
2.60123,-0.421759,-2.19408,6.0014,
2.59243,-0.397475,-2.20055,6.07091,
2.5836,-0.372929,-2.20579,6.13656,
2.57477,-0.348138,-2.20961,6.1978,
2.56592,-0.323122,-2.21181,6.25404,
2.55707,-0.297903,-2.21216,6.30469,
2.54823,-0.272506,-2.21046,6.34915,
2.5394,-0.246959,-2.20648,6.38681,
2.5306,-0.221291,-2.20001,6.4171,
2.52184,-0.195533,-2.19086,6.43946,
2.51312,-0.169719,-2.17885,6.4534,
2.50447,-0.143885,-2.16381,6.4585,
2.49589,-0.118068,-2.14562,6.4544,
2.48739,-0.0923043,-2.12419,6.44086,
2.47899,-0.0666334,-2.09946,6.41775,
2.47071,-0.0410932,-2.07141,6.38504,
2.46254,-0.0157218,-2.04008,6.34284,
2.45452,0.00944362,-2.00552,6.29136,
2.44665,0.0343673,-1.96785,6.23093,
2.43894,0.0590153,-1.9272,6.16199,
2.43141,0.0833555,-1.88375,6.08504,
2.42406,0.107358,-1.8377,6.00069,
2.4169,0.130996,-1.78927,5.90957,
2.40994,0.154246,-1.73868,5.81235,
2.4032,0.177085,-1.68617,5.70973,
2.39667,0.199494,-1.63198,5.60239,
2.39037,0.221458,-1.57634,5.49102,
2.38429,0.242964,-1.51947,5.37626,
2.37844,0.263998,-1.46159,5.25872,
2.37283,0.284554,-1.4029,5.13897,
2.36746,0.304624,-1.34357,5.01754,
2.36232,0.324204,-1.28378,4.89489,
2.35743,0.34329,-1.22367,4.77144,
2.35277,0.36188,-1.16337,4.64757,
2.34836,0.379974,-1.10301,4.5236,
2.34419,0.397574,-1.04269,4.39981,
2.34026,0.414679,-0.982478,4.27642,
2.33657,0.431294,-0.922465,4.15364,
2.33312,0.44742,-0.862709,4.03163,
2.32991,0.463063,-0.803261,3.91052,
2.32693,0.478224,-0.744163,3.7904,
2.32419,0.49291,-0.685449,3.67137,
2.32168,0.507123,-0.627146,3.55346,
2.3194,0.52087,-0.569273,3.43672,
2.31736,0.534155,-0.511846,3.32117,
2.31554,0.546982,-0.454873,3.20681,
2.31394,0.559357,-0.398362,3.09365,
2.31257,0.571284,-0.342314,2.98166,
2.31143,0.582767,-0.286729,2.87082,
2.3105,0.593811,-0.231606,2.76111,
2.30979,0.604421,-0.176938,2.65248,
2.3093,0.614601,-0.12272,2.54489,
2.30903,0.624354,-0.068945,2.43831,
2.30896,0.633685,-0.0156036,2.33268,
2.30911,0.642597,0.0373132,2.22796,
2.30947,0.651093,0.0898156,2.12408,
2.31004,0.659177,0.141914,2.02101,
2.31081,0.666852,0.193619,1.91868,
2.31179,0.67412,0.244942,1.81705,
2.31298,0.680984,0.295894,1.71606,
2.31436,0.687447,0.346486,1.61565,
2.31595,0.69351,0.396731,1.51578,
2.31774,0.699175,0.446638,1.41638,
2.31972,0.704445,0.49622,1.3174,
2.3219,0.70932,0.545488,1.2188,
2.32428,0.713802,0.594453,1.12053,
2.32685,0.717892,0.643127,1.02252,
2.32962,0.721591,0.69152,0.924729,
2.33258,0.7249,0.739643,0.827111,
2.33573,0.727818,0.787508,0.729615,
2.33907,0.730347,0.835124,0.632193,
2.3426,0.732486,0.882504,0.534798,
2.34632,0.734236,0.929658,0.437385,
2.35022,0.735595,0.976597,0.339906,
2.35432,0.736565,1.02333,0.242319,
2.3586,0.737143,1.06987,0.14458,
2.36306,0.737329,1.11623,0.0466445,
2.36771,0.737123,1.16241,-0.0515286,
2.37255,0.736523,1.20844,-0.149981,
2.37756,0.735528,1.25431,-0.248753,
2.38276,0.734137,1.30005,-0.347885,
2.38815,0.732347,1.34565,-0.447415,
2.39371,0.730158,1.39114,-0.547382,
2.39946,0.727566,1.43653,-0.647824,
2.40538,0.724571,1.48182,-0.748776,
2.41149,0.72117,1.52702,-0.850275,
2.41778,0.717361,1.57216,-0.952354,
2.42425,0.713141,1.61724,-1.05505,
2.4309,0.708507,1.66226,-1.15839,
2.43773,0.703457,1.70726,-1.26241,
2.44474,0.697989,1.75222,-1.36713,
2.45192,0.692098,1.79717,-1.4726,
2.45929,0.685783,1.84212,-1.57882,
2.46684,0.67904,1.88708,-1.68583,
2.47457,0.671865,1.93206,-1.79364,
2.48248,0.664256,1.97707,-1.90229,
2.49057,0.656209,2.02211,-2.01177,
2.49884,0.647721,2.0672,-2.12211,
2.50728,0.638787,2.11235,-2.23331,
2.51591,0.629406,2.15756,-2.34537,
2.52473,0.619573,2.20283,-2.4583,
2.53372,0.609284,2.24817,-2.57209,
2.54289,0.598538,2.29359,-2.68671,
2.55225,0.587329,2.33908,-2.80215,
2.56179,0.575655,2.38463,-2.91837,
2.57151,0.563514,2.43025,-3.03533,
2.58141,0.550902,2.47592,-3.15298,
2.5915,0.537817,2.52163,-3.27124,
2.60177,0.524257,2.56735,-3.39003,
2.61222,0.51022,2.61307,-3.50924,
2.62286,0.495705,2.65874,-3.62877,
2.63367,0.480711,2.70435,-3.74845,
2.64467,0.465239,2.74983,-3.86813,
2.65585,0.449288,2.79514,-3.9876,
2.66721,0.432862,2.8402,-4.10666,
2.67875,0.415962,2.88496,-4.22503,
2.69047,0.398592,2.92931,-4.34243,
2.70236,0.380758,2.97317,-4.45854,
2.71443,0.362466,3.01642,-4.57299,
2.72666,0.343724,3.05894,-4.68538,
2.73907,0.324543,3.10059,-4.79526,
2.75163,0.304935,3.14122,-4.90214,
2.76435,0.284913,3.18067,-5.00551,
2.77723,0.264493,3.21876,-5.10481,
2.79025,0.243696,3.2553,-5.19943,
2.80341,0.222541,3.2901,-5.28878,
2.8167,0.201052,3.32296,-5.37221,
2.83012,0.179255,3.35367,-5.44909,
2.84365,0.15718,3.38202,-5.51877,
2.85728,0.134858,3.40783,-5.58064,
2.871,0.112321,3.43089,-5.63411,
2.88481,0.0896067,3.45103,-5.67864,
2.89868,0.0667517,3.46811,-5.71376,
2.91261,0.0437954,3.482,-5.73908,
2.92658,0.0207782,3.4926,-5.75428,
2.94058,-0.00225842,3.49984,-5.75917,
2.95459,-0.025273,3.50369,-5.75364,
2.96861,-0.0482238,3.50417,-5.73771,
2.98261,-0.0710699,3.50131,-5.71151,
2.99659,-0.093771,3.49519,-5.67527,
3.01054,-0.116288,3.48592,-5.62933,
3.02443,-0.138585,3.47365,-5.57409,
3.03827,-0.160625,3.45852,-5.51006,
3.05203,-0.182376,3.44073,-5.43778,
3.06571,-0.203807,3.42047,-5.35785,
3.0793,-0.224891,3.39792,-5.27089,
3.09279,-0.245601,3.37332,-5.17754,
3.10618,-0.265915,3.34684,-5.07843,
3.11946,-0.285812,3.3187,-4.97419,
3.13261,-0.305273,3.28909,-4.86541,
3.14565,-0.324284,3.25818,-4.75267,
3.15855,-0.34283,3.22615,-4.63651,
3.17132,-0.3609,3.19315,-4.51742,
3.18396,-0.378483,3.15931,-4.39588,
3.19646,-0.395572,3.12478,-4.2723,
3.20882,-0.412161,3.08965,-4.14707,
3.22103,-0.428243,3.05404,-4.02051,
3.23311,-0.443814,3.01802,-3.89293,
3.24503,-0.458873,2.98167,-3.7646,
3.25681,-0.473416,2.94504,-3.63575,
3.26845,-0.487442,2.90821,-3.50658,
3.27993,-0.500951,2.8712,-3.37728,
3.29127,-0.513943,2.83405,-3.24797,
3.30245,-0.526418,2.79678,-3.1188,
3.31349,-0.538378,2.75943,-2.98987,
3.32438,-0.549823,2.72199,-2.86127,
3.33512,-0.560755,2.68449,-2.73307,
3.34571,-0.571177,2.64692,-2.60533,
3.35614,-0.581089,2.60929,-2.47809,
3.36643,-0.590494,2.57159,-2.35139,
3.37656,-0.599395,2.53382,-2.22526,
3.38655,-0.607794,2.49597,-2.09971,
3.39638,-0.615693,2.45803,-1.97475,
3.40606,-0.623095,2.41999,-1.8504,
3.41559,-0.630001,2.38183,-1.72664,
3.42496,-0.636415,2.34355,-1.60348,
3.43418,-0.642339,2.30513,-1.48091,
3.44325,-0.647775,2.26655,-1.35891,
3.45216,-0.652725,2.22781,-1.23747,
3.46092,-0.657191,2.18887,-1.11657,
3.46951,-0.661176,2.14973,-0.996206,
3.47796,-0.664681,2.11038,-0.876342,
3.48624,-0.667709,2.07079,-0.756963,
3.49436,-0.670261,2.03095,-0.638046,
3.50233,-0.672339,1.99086,-0.519566,
3.51013,-0.673945,1.95048,-0.4015,
3.51777,-0.675081,1.90981,-0.283822,
3.52524,-0.675747,1.86884,-0.166508,
3.53255,-0.675945,1.82756,-0.0495316,
3.5397,-0.675676,1.78594,0.0671331,
3.54667,-0.674942,1.74398,0.183512,
3.55348,-0.673744,1.70168,0.299632,
3.56012,-0.672082,1.65901,0.415518,
3.56658,-0.669957,1.61597,0.531196,
3.57287,-0.66737,1.57255,0.646693,
3.57898,-0.664322,1.52874,0.762034,
3.58492,-0.660813,1.48454,0.877243,
3.59068,-0.656844,1.43995,0.992345,
3.59626,-0.652414,1.39494,1.10736,
3.60166,-0.647525,1.34953,1.22232,
3.60688,-0.642176,1.30371,1.33724,
3.61191,-0.636367,1.25748,1.45214,
3.61675,-0.630099,1.21083,1.56704,
3.6214,-0.623371,1.16377,1.68196,
3.62587,-0.616184,1.11629,1.79691,
3.63014,-0.608536,1.06842,1.9119,
3.63422,-0.600428,1.02014,2.02695,
3.63811,-0.59186,0.971462,2.14205,
3.6418,-0.582831,0.922402,2.25722,
3.64529,-0.573341,0.872969,2.37244,
3.64858,-0.56339,0.823174,2.48772,
3.65168,-0.552978,0.773035,2.60303,
3.65457,-0.542105,0.722571,2.71835,
3.65725,-0.53077,0.671804,2.83367,
3.65974,-0.518975,0.62076,2.94893,
3.66201,-0.506718,0.569468,3.06409,
3.66409,-0.494002,0.517963,3.1791,
3.66595,-0.480826,0.466283,3.29387,
3.66761,-0.467193,0.414471,3.40834,
3.66906,-0.453103,0.362578,3.52239,
3.6703,-0.43856,0.310659,3.6359,
3.67134,-0.423565,0.258776,3.74875,
3.67216,-0.408122,0.206999,3.86078,
3.67279,-0.392234,0.155405,3.97181,
3.6732,-0.375908,0.104078,4.08163,
3.67341,-0.359148,0.0531133,4.19002,
3.67343,-0.341961,0.00261222,4.29674,
3.67324,-0.324355,-0.0473137,4.4015,
3.67285,-0.306339,-0.0965444,4.504,
3.67227,-0.287923,-0.144951,4.60391,
3.6715,-0.26912,-0.192396,4.70088,
3.67055,-0.249942,-0.238735,4.79453,
3.66941,-0.230404,-0.283817,4.88447,
3.6681,-0.210523,-0.327485,4.97028,
3.66662,-0.190316,-0.369582,5.05153,
3.66498,-0.169805,-0.409946,5.1278,
3.66319,-0.149011,-0.448419,5.19866,
3.66125,-0.127956,-0.484847,5.26369,
3.65917,-0.106666,-0.519085,5.3225,
3.65697,-0.0851669,-0.550997,5.37472,
3.65465,-0.0634869,-0.580463,5.42001,
3.65222,-0.0416546,-0.607379,5.45809,
3.64969,-0.0196996,-0.631665,5.48874,
3.64708,0.00234759,-0.653261,5.51179,
3.64439,0.0244562,-0.672132,5.52715,
3.64164,0.0465954,-0.688272,5.5348,
3.63883,0.0687345,-0.701699,5.53478,
3.63598,0.0908434,-0.71246,5.52722,
3.6331,0.112893,-0.720625,5.51231,
3.63019,0.134854,-0.726288,5.49031,
3.62727,0.1567,-0.729565,5.46155,
3.62435,0.178406,-0.730589,5.42637,
3.62143,0.199946,-0.729507,5.38519,
3.61853,0.2213,-0.726478,5.33844,
3.61564,0.242446,-0.721668,5.28657,
3.61278,0.263367,-0.715247,5.23006,
3.60995,0.284044,-0.707387,5.16936,
3.60716,0.304464,-0.698258,5.10494,
3.6044,0.324613,-0.688025,5.03725,
3.6017,0.34448,-0.676848,4.96673,
3.59904,0.364055,-0.66488,4.89378,
3.59643,0.38333,-0.652265,4.81879,
3.59387,0.402298,-0.639135,4.74212,
3.59137,0.420955,-0.625616,4.6641,
3.58892,0.439295,-0.611822,4.58503,
3.58653,0.457316,-0.597855,4.5052,
3.5842,0.475015,-0.583811,4.42485,
3.58192,0.492392,-0.569774,4.34419,
3.57969,0.509446,-0.555819,4.26343,
3.57753,0.526177,-0.542013,4.18274,
3.57541,0.542586,-0.528414,4.10227,
3.57335,0.558674,-0.515074,4.02215,
3.57134,0.574444,-0.502038,3.94249,
3.56939,0.589898,-0.489344,3.8634,
3.56748,0.605038,-0.477025,3.78494,
3.56562,0.619866,-0.465108,3.7072,
3.5638,0.634387,-0.453617,3.63022,
3.56203,0.648603,-0.442569,3.55405,
3.5603,0.662518,-0.431981,3.47873,
3.55862,0.676135,-0.421864,3.40428,
3.55697,0.689458,-0.412227,3.33072,
3.55536,0.702491,-0.403076,3.25807,
3.55378,0.715236,-0.394415,3.18634,
3.55223,0.727698,-0.386246,3.11552,
3.55072,0.73988,-0.37857,3.04561,
3.54923,0.751787,-0.371384,2.97662,
3.54777,0.763421,-0.364686,2.90853,
3.54634,0.774786,-0.358471,2.84132,
3.54493,0.785886,-0.352734,2.775,
3.54354,0.796724,-0.347469,2.70953,
3.54217,0.807304,-0.342669,2.64491,
3.54082,0.817629,-0.338327,2.58112,
3.53948,0.827701,-0.334433,2.51813,
3.53815,0.837525,-0.330979,2.45592,
3.53684,0.847103,-0.327955,2.39448,
3.53554,0.856438,-0.325351,2.33378,
3.53425,0.865533,-0.323158,2.2738,
3.53296,0.874391,-0.321364,2.21451,
3.53168,0.883015,-0.31996,2.1559,
3.53041,0.891406,-0.318933,2.09793,
3.52913,0.899569,-0.318272,2.04059,
3.52786,0.907504,-0.317967,1.98385,
3.52659,0.915215,-0.318005,1.9277,
3.52532,0.922703,-0.318375,1.87209,
3.52404,0.929971,-0.319065,1.81702,
3.52276,0.937021,-0.320063,1.76245,
3.52148,0.943855,-0.321357,1.70837,
3.52018,0.950474,-0.322935,1.65475,
3.51888,0.95688,-0.324784,1.60157,
3.51758,0.963075,-0.326894,1.54881,
3.51626,0.969061,-0.32925,1.49644,
3.51493,0.974839,-0.331842,1.44444,
3.51359,0.98041,-0.334657,1.39279,
3.51224,0.985776,-0.337683,1.34147,
3.51088,0.990938,-0.340907,1.29045,
3.5095,0.995896,-0.344316,1.23972,
3.50811,1.00065,-0.347899,1.18926,
3.5067,1.00521,-0.351643,1.13903,
3.50528,1.00957,-0.355536,1.08903,
3.50384,1.01372,-0.359565,1.03923,
3.50239,1.01768,-0.363718,0.989605,
3.50092,1.02144,-0.367983,0.940144,
3.49943,1.025,-0.372346,0.890825,
3.49792,1.02837,-0.376796,0.841627,
3.4964,1.03154,-0.38132,0.79253,
3.49485,1.03452,-0.385905,0.743516,
3.49329,1.03729,-0.390539,0.694565,
3.49171,1.03988,-0.39521,0.645658,
3.49011,1.04226,-0.399906,0.596776,
3.48849,1.04446,-0.404612,0.547901,
3.48685,1.04645,-0.409318,0.499013,
3.4852,1.04825,-0.41401,0.450095,
3.48352,1.04986,-0.418676,0.401128,
3.48183,1.05126,-0.423303,0.352094,
3.48012,1.05248,-0.427879,0.302975,
3.47839,1.05349,-0.432391,0.253752,
3.47664,1.05431,-0.436827,0.204409,
3.47488,1.05493,-0.441174,0.154926,
3.47309,1.05535,-0.445419,0.105287,
3.4713,1.05557,-0.449551,0.055474,
3.46948,1.05559,-0.453555,0.00546893,
3.46765,1.05541,-0.45742,-0.0447455,
3.46581,1.05503,-0.461132,-0.0951867,
3.46395,1.05445,-0.46468,-0.145872,
3.46208,1.05366,-0.468051,-0.196819,
3.46019,1.05267,-0.471232,-0.248045,
3.4583,1.05147,-0.47421,-0.299568,
3.45639,1.05007,-0.476972,-0.351404,
3.45447,1.04845,-0.479507,-0.403572,
3.45254,1.04663,-0.481802,-0.456087,
3.45061,1.04459,-0.483843,-0.508969,
3.44866,1.04234,-0.485618,-0.562234,
3.44672,1.03988,-0.487115,-0.615901,
3.44476,1.0372,-0.488321,-0.669985,
3.44281,1.0343,-0.489223,-0.724505,
3.44085,1.03118,-0.489809,-0.779479,
3.43889,1.02784,-0.490067,-0.834924,
3.43693,1.02428,-0.489984,-0.890859,
3.43497,1.02049,-0.489547,-0.9473,
3.43301,1.01647,-0.488744,-1.00427,
3.43106,1.01223,-0.487563,-1.06178,
3.42912,1.00775,-0.485991,-1.11985,
3.42718,1.00303,-0.484017,-1.1785,
3.42526,0.998083,-0.481628,-1.23775,
3.42334,0.992893,-0.478811,-1.29761,
3.42144,0.98746,-0.475556,-1.35812,
3.41955,0.981783,-0.471849,-1.41927,
3.41768,0.975859,-0.46768,-1.4811,
3.41583,0.969684,-0.463037,-1.54363,
3.414,0.963257,-0.457907,-1.60686,
3.41219,0.956574,-0.45228,-1.67083,
3.4104,0.949631,-0.446144,-1.73554,
3.40865,0.942427,-0.439489,-1.80103,
3.40692,0.934958,-0.432303,-1.86731,
3.40522,0.927221,-0.424576,-1.93439,
3.40355,0.919211,-0.416297,-2.00231,
3.40192,0.910927,-0.407457,-2.07107,
3.40033,0.902364,-0.398045,-2.1407,
3.39878,0.893519,-0.388053,-2.21122,
3.39727,0.884389,-0.37747,-2.28264,
3.3958,0.874969,-0.36629,-2.35499,
3.39439,0.865256,-0.354503,-2.42827,
3.39302,0.855246,-0.342102,-2.50251,
3.3917,0.844935,-0.329081,-2.57773,
3.39044,0.834319,-0.315433,-2.65394,
3.38923,0.823394,-0.301153,-2.73115,
3.38809,0.812157,-0.286237,-2.80938,
3.38701,0.800602,-0.270681,-2.88863,
3.38599,0.788727,-0.254483,-2.96892,
3.38504,0.776526,-0.237643,-3.05024,
3.38416,0.763995,-0.220162,-3.13261,
3.38335,0.751131,-0.202041,-3.21602,
3.38262,0.737929,-0.183285,-3.30047,
3.38196,0.724385,-0.163901,-3.38595,
3.38138,0.710496,-0.143897,-3.47244,
3.38089,0.696256,-0.123286,-3.55991,
3.38048,0.681663,-0.102082,-3.64835,
3.38016,0.666712,-0.0803039,-3.73772,
3.37993,0.6514,-0.0579735,-3.82796,
3.37979,0.635724,-0.0351177,-3.91902,
3.37974,0.619681,-0.0117682,-4.01083,
3.37979,0.603267,0.012038,-4.1033,
3.37994,0.586482,0.0362575,-4.19633,
3.38018,0.569323,0.0608403,-4.28981,
3.38052,0.551788,0.0857289,-4.3836,
3.38097,0.533878,0.110857,-4.47753,
3.38151,0.515593,0.136151,-4.57143,
3.38216,0.496932,0.161526,-4.66508,
3.3829,0.477899,0.186886,-4.75825,
3.38375,0.458497,0.212125,-4.85065,
3.3847,0.438729,0.237125,-4.942,
3.38575,0.418601,0.261756,-5.03195,
3.38689,0.39812,0.285874,-5.12013,
3.38813,0.377296,0.309322,-5.20613,
3.38946,0.356138,0.331931,-5.28951,
3.39087,0.334659,0.353521,-5.36978,
3.39237,0.312873,0.373899,-5.44644,
3.39394,0.290797,0.392863,-5.51894,
3.39558,0.26845,0.410202,-5.58672,
3.39728,0.245853,0.425703,-5.6492,
3.39904,0.22303,0.439148,-5.7058,
3.40084,0.200006,0.450323,-5.75593,
3.40267,0.17681,0.45902,-5.79903,
3.40454,0.153472,0.465043,-5.83456,
3.40641,0.130024,0.46821,-5.86204,
3.40828,0.1065,0.468365,-5.88103,
3.41014,0.0829351,0.465372,-5.89117,
3.41198,0.0593664,0.459131,-5.89218,
3.41378,0.035831,0.449571,-5.88386,
3.41552,0.0123664,0.436662,-5.86614,
3.41721,-0.0109897,0.420407,-5.83903,
3.41881,-0.0342003,0.400851,-5.80265,
3.42032,-0.0572292,0.378071,-5.75721,
3.42173,-0.0800413,0.352182,-5.70303,
3.42302,-0.102603,0.323326,-5.64049,
3.42419,-0.124883,0.291672,-5.57006,
3.42522,-0.146852,0.25741,-5.49226,
3.4261,-0.168483,0.220747,-5.40763,
3.42683,-0.18975,0.181899,-5.31678,
3.42739,-0.210631,0.141088,-5.22029,
3.42779,-0.231106,0.0985376,-5.11877,
3.42801,-0.251158,0.0544677,-5.0128,
3.42804,-0.270769,0.00909288,-4.90294,
3.42789,-0.289928,-0.0373818,-4.78974,
3.42755,-0.308623,-0.084762,-4.6737,
3.42702,-0.326844,-0.132866,-4.55529,
3.4263,-0.344584,-0.181525,-4.43495,
3.42537,-0.361836,-0.230584,-4.31307,
3.42426,-0.378596,-0.279903,-4.18999,
3.42294,-0.39486,-0.329354,-4.06604,
3.42142,-0.410626,-0.378822,-3.9415,
3.41971,-0.425893,-0.428205,-3.8166,
3.4178,-0.440659,-0.477413,-3.69156,
3.41569,-0.454925,-0.526366,-3.56656,
3.41339,-0.468692,-0.574993,-3.44177,
3.4109,-0.481962,-0.623234,-3.3173,
3.40822,-0.494735,-0.671037,-3.19328,
3.40534,-0.507014,-0.718354,-3.0698,
3.40228,-0.518802,-0.765149,-2.94693,
3.39904,-0.530101,-0.811387,-2.82473,
3.39561,-0.540913,-0.857041,-2.70324,
3.392,-0.551244,-0.902087,-2.58252,
3.38822,-0.561094,-0.946508,-2.46257,
3.38425,-0.570468,-0.990287,-2.34343,
3.38012,-0.579368,-1.03341,-2.22509,
3.37582,-0.587798,-1.07588,-2.10758,
3.37135,-0.595762,-1.11767,-1.99088,
3.36671,-0.603262,-1.15879,-1.87499,
3.36191,-0.610301,-1.19923,-1.75992,
3.35696,-0.616884,-1.239,-1.64563,
3.35185,-0.623012,-1.27809,-1.53214,
3.34658,-0.62869,-1.3165,-1.41941,
3.34116,-0.63392,-1.35425,-1.30744,
3.3356,-0.638705,-1.39132,-1.19621,
3.32989,-0.643048,-1.42774,-1.08571,
3.32403,-0.646951,-1.4635,-0.975903,
3.31804,-0.650418,-1.49861,-0.866789,
3.31191,-0.653452,-1.53308,-0.758345,
3.30564,-0.656054,-1.56692,-0.650555,
3.29924,-0.658228,-1.60014,-0.543402,
3.29271,-0.659975,-1.63273,-0.436869,
3.28605,-0.661299,-1.66473,-0.330942,
3.27926,-0.662201,-1.69612,-0.225605,
3.27236,-0.662685,-1.72693,-0.120844,
3.26533,-0.662751,-1.75716,-0.0166468,
3.25818,-0.662403,-1.78683,0.086999,
3.25092,-0.661643,-1.81594,0.190104,
3.24354,-0.660472,-1.8445,0.292679,
3.23605,-0.658893,-1.87253,0.394731,
3.22845,-0.656908,-1.90004,0.496269,
3.22074,-0.654519,-1.92703,0.597296,
3.21293,-0.651728,-1.95351,0.697819,
3.20501,-0.648536,-1.97951,0.797838,
3.19699,-0.644947,-2.00502,0.897355,
3.18887,-0.640961,-2.03005,0.996369,
3.18065,-0.636582,-2.05462,1.09488,
3.17233,-0.63181,-2.07873,1.19287,
3.16392,-0.626649,-2.10239,1.29034,
3.15542,-0.6211,-2.12561,1.38729,
3.14683,-0.615165,-2.14839,1.48369,
3.13815,-0.608847,-2.17074,1.57953,
3.12937,-0.602148,-2.19266,1.67479,
3.12052,-0.59507,-2.21416,1.76945,
3.11158,-0.587616,-2.23524,1.86348,
3.10255,-0.579789,-2.2559,1.95685,
3.09345,-0.57159,-2.27614,2.04953,
3.08427,-0.563025,-2.29596,2.14147,
3.075,-0.554094,-2.31535,2.23264,
3.06567,-0.544802,-2.3343,2.32297,
3.05626,-0.535152,-2.35282,2.41242,
3.04677,-0.525149,-2.37088,2.50092,
3.03722,-0.514795,-2.38848,2.58841,
3.0276,-0.504096,-2.4056,2.6748,
3.01791,-0.493056,-2.42222,2.76001,
3.00815,-0.48168,-2.43832,2.84395,
2.99834,-0.469974,-2.45388,2.92653,
2.98846,-0.457943,-2.46888,3.00763,
2.97853,-0.445595,-2.48327,3.08713,
2.96854,-0.432935,-2.49702,3.16491,
2.9585,-0.419972,-2.51011,3.24083,
2.94841,-0.406713,-2.52248,3.31474,
2.93827,-0.393167,-2.53409,3.3865,
2.92809,-0.379343,-2.5449,3.45594,
2.91788,-0.365252,-2.55486,3.52288,
2.90762,-0.350903,-2.5639,3.58714,
2.89733,-0.336309,-2.57198,3.64854,
2.88702,-0.321482,-2.57903,3.70688,
2.87668,-0.306434,-2.58498,3.76197,
2.86632,-0.291179,-2.58979,3.8136,
2.85594,-0.275733,-2.59338,3.86158,
2.84556,-0.26011,-2.59568,3.90568,
2.83517,-0.244327,-2.59664,3.94573,
2.82479,-0.228401,-2.59619,3.98152,
2.81441,-0.21235,-2.59427,4.01287,
2.80405,-0.196191,-2.59082,4.03961,
2.79371,-0.179945,-2.58579,4.06157,
2.78339,-0.163631,-2.57913,4.07862,
2.77311,-0.147268,-2.57081,4.09063,
2.76286,-0.130878,-2.56078,4.0975,
2.75267,-0.114481,-2.54902,4.09916,
2.74252,-0.098099,-2.53552,4.09557,
2.73244,-0.0817523,-2.52026,4.08669,
2.72243,-0.0654621,-2.50324,4.07255,
2.71249,-0.0492493,-2.48448,4.05319,
2.70264,-0.0331346,-2.464,4.02866,
2.69287,-0.0171383,-2.44182,3.99908,
2.6832,-0.00128004,-2.41799,3.96457,
2.67363,0.0144211,-2.39255,3.92528,
2.66416,0.0299466,-2.36556,3.88138,
2.65482,0.0452789,-2.33708,3.83307,
2.64559,0.0604012,-2.30718,3.78057,
2.63648,0.0752975,-2.27592,3.7241,
2.62751,0.0899531,-2.24339,3.66389,
2.61867,0.104354,-2.20966,3.6002,
2.60997,0.118487,-2.17482,3.53327,
2.60142,0.13234,-2.13893,3.46336,
2.59301,0.145903,-2.10209,3.39071,
2.58475,0.159165,-2.06437,3.31557,
2.57665,0.172118,-2.02585,3.23819,
2.5687,0.184753,-1.98659,3.15879,
2.56091,0.197064,-1.94668,3.0776,
2.55329,0.209043,-1.90619,2.99483,
2.54583,0.220686,-1.86516,2.91068,
2.53853,0.231987,-1.82368,2.82534,
2.53141,0.242943,-1.78178,2.739,
2.52445,0.25355,-1.73953,2.6518,
2.51766,0.263806,-1.69697,2.56391,
2.51104,0.273708,-1.65414,2.47546,
2.5046,0.283254,-1.6111,2.38658,
2.49833,0.292444,-1.56786,2.29738,
2.49223,0.301276,-1.52447,2.20797,
2.48631,0.309749,-1.48095,2.11845,
2.48056,0.317865,-1.43734,2.02888,
2.47498,0.325622,-1.39365,1.93936,
2.46958,0.333022,-1.34991,1.84994,
2.46436,0.340065,-1.30613,1.76067,
2.45931,0.346751,-1.26233,1.67161,
2.45444,0.353082,-1.21852,1.58281,
2.44974,0.35906,-1.17472,1.49428,
2.44521,0.364684,-1.13093,1.40608,
2.44086,0.369957,-1.08717,1.31821,
2.43669,0.37488,-1.04344,1.2307,
2.43269,0.379454,-0.99974,1.14356,
2.42887,0.383681,-0.956082,1.05681,
2.42522,0.387563,-0.912469,0.970454,
2.42174,0.391101,-0.868902,0.884493,
2.41844,0.394297,-0.825382,0.798932,
2.41531,0.397152,-0.781913,0.713769,
2.41236,0.399668,-0.738493,0.629001,
2.40958,0.401846,-0.695123,0.544625,
2.40697,0.403689,-0.651802,0.460633,
2.40454,0.405197,-0.608531,0.377019,
2.40228,0.406372,-0.565308,0.293772,
2.40019,0.407215,-0.522131,0.210884,
2.39827,0.407729,-0.479001,0.128344,
2.39653,0.407913,-0.435914,0.0461417,
2.39496,0.40777,-0.392871,-0.0357348,
2.39356,0.407301,-0.349869,-0.117297,
2.39233,0.406507,-0.306907,-0.198555,
2.39127,0.405389,-0.263985,-0.279521,
2.39039,0.403948,-0.221101,-0.360206,
2.38968,0.402186,-0.178255,-0.44062,
2.38913,0.400102,-0.135446,-0.520771,
2.38876,0.3977,-0.0926743,-0.60067,
2.38856,0.394978,-0.0499398,-0.680323,
2.38853,0.39194,-0.00724333,-0.759737,
2.38868,0.388584,0.0354139,-0.838917,
2.38899,0.384912,0.0780301,-0.917866,
2.38947,0.380926,0.120603,-0.996585,
2.39012,0.376626,0.16313,-1.07508,
2.39095,0.372012,0.205607,-1.15333,
2.39194,0.367087,0.248029,-1.23135,
2.3931,0.361851,0.290392,-1.30913,
2.39443,0.356304,0.332688,-1.38665,
2.39593,0.350448,0.374912,-1.4639,
2.3976,0.344285,0.417053,-1.54087,
2.39943,0.337815,0.459104,-1.61753,
2.40144,0.331039,0.501053,-1.69385,
2.40361,0.32396,0.542888,-1.76982,
2.40595,0.316578,0.584596,-1.8454,
2.40845,0.308896,0.626162,-1.92054,
2.41112,0.300915,0.667568,-1.99521,
2.41396,0.292638,0.708798,-2.06936,
2.41696,0.284066,0.74983,-2.14294,
2.42012,0.275203,0.790644,-2.21588,
2.42345,0.26605,0.831215,-2.28812,
2.42693,0.256612,0.871517,-2.35959,
2.43058,0.246891,0.911524,-2.43022,
2.43438,0.236891,0.951206,-2.49991,
2.43834,0.226617,0.99053,-2.56858,
2.44246,0.216072,1.02946,-2.63613,
2.44673,0.205263,1.06797,-2.70246,
2.45116,0.194193,1.10601,-2.76745,
2.45573,0.182869,1.14355,-2.831,
2.46045,0.171297,1.18055,-2.89299,
2.46532,0.159484,1.21696,-2.95328,
2.47033,0.147437,1.25274,-3.01175,
2.47548,0.135164,1.28784,-3.06827,
2.48077,0.122673,1.32222,-3.1227,
2.4862,0.109973,1.35584,-3.17491,
2.49175,0.0970742,1.38865,-3.22475,
2.49743,0.0839858,1.42059,-3.27209,
2.50324,0.0707186,1.45163,-3.3168,
2.50917,0.0572837,1.48173,-3.35874,
2.51521,0.0436926,1.51084,-3.39778,
2.52137,0.0299573,1.53893,-3.43381,
2.52763,0.0160904,1.56595,-3.46672,
2.534,0.00210487,1.59187,-3.49639,
2.54046,-0.0119861,1.61666,-3.52274,
2.54703,-0.0261689,1.64031,-3.54569,
2.55368,-0.0404295,1.66278,-3.56516,
2.56041,-0.0547539,1.68406,-3.58111,
2.56723,-0.0691279,1.70413,-3.59349,
2.57412,-0.083537,1.723,-3.60227,
2.58108,-0.0979668,1.74066,-3.60745,
2.58811,-0.112403,1.75711,-3.60903,
2.5952,-0.126831,1.77236,-3.60703,
2.60235,-0.141237,1.78642,-3.60148,
2.60954,-0.155607,1.79932,-3.59244,
2.61679,-0.169926,1.81107,-3.57996,
2.62408,-0.184183,1.82171,-3.56411,
2.6314,-0.198363,1.83125,-3.54498,
2.63876,-0.212454,1.83973,-3.52267,
2.64615,-0.226443,1.84719,-3.49726,
2.65356,-0.240318,1.85367,-3.46888,
2.661,-0.254069,1.85919,-3.43763,
2.66846,-0.267683,1.86381,-3.40364,
2.67593,-0.281151,1.86756,-3.36701,
2.68341,-0.294463,1.87049,-3.32788,
2.6909,-0.307608,1.87263,-3.28636,
2.69839,-0.320578,1.87403,-3.24257,
2.70589,-0.333365,1.87471,-3.19665,
2.71339,-0.34596,1.87473,-3.14869,
2.72089,-0.358355,1.87412,-3.09883,
2.72838,-0.370544,1.87292,-3.04716,
2.73586,-0.382519,1.87115,-2.9938,
2.74334,-0.394274,1.86885,-2.93885,
2.7508,-0.405804,1.86605,-2.8824,
2.75826,-0.417102,1.86277,-2.82455,
2.76569,-0.428164,1.85905,-2.76539,
2.77311,-0.438984,1.85491,-2.70499,
2.78051,-0.449558,1.85037,-2.64344,
2.78789,-0.459881,1.84544,-2.5808,
2.79526,-0.469949,1.84016,-2.51714,
2.80259,-0.479759,1.83452,-2.45253,
2.80991,-0.489308,1.82855,-2.38702,
2.8172,-0.49859,1.82226,-2.32066,
2.82446,-0.507604,1.81566,-2.25351,
2.83169,-0.516347,1.80876,-2.1856,
2.8389,-0.524814,1.80156,-2.11698,
2.84608,-0.533005,1.79408,-2.04768,
2.85322,-0.540916,1.78631,-1.97773,
2.86034,-0.548545,1.77827,-1.90717,
2.86741,-0.555889,1.76994,-1.83602,
2.87446,-0.562946,1.76134,-1.76431,
2.88147,-0.569714,1.75246,-1.69206,
2.88844,-0.576191,1.7433,-1.61928,
2.89538,-0.582375,1.73386,-1.54599,
2.90228,-0.588264,1.72414,-1.47221,
2.90913,-0.593856,1.71413,-1.39794,
2.91595,-0.599149,1.70383,-1.32321,
2.92272,-0.604141,1.69324,-1.24801,
2.92945,-0.60883,1.68234,-1.17235,
2.93613,-0.613215,1.67114,-1.09625,
2.94277,-0.617294,1.65962,-1.0197,
2.94936,-0.621065,1.64778,-0.942716,
2.95591,-0.624526,1.63562,-0.865291,
2.9624,-0.627676,1.62312,-0.787429,
2.96884,-0.630512,1.61027,-0.709132,
2.97523,-0.633034,1.59708,-0.6304,
2.98156,-0.635239,1.58353,-0.551233,
2.98784,-0.637125,1.56961,-0.471629,
2.99406,-0.638692,1.55532,-0.391587,
3.00022,-0.639936,1.54064,-0.311106,
3.00633,-0.640857,1.52558,-0.230183,
3.01237,-0.641452,1.51011,-0.148816,
3.01834,-0.64172,1.49423,-0.0670015,
3.02426,-0.641659,1.47795,0.0152622,
3.0301,-0.641267,1.46123,0.0979782,
3.03588,-0.640543,1.44409,0.181149,
3.04158,-0.639484,1.42651,0.264778,
3.04722,-0.638088,1.40849,0.348866,
3.05278,-0.636354,1.39001,0.433417,
3.05826,-0.634281,1.37108,0.518432,
3.06367,-0.631865,1.35169,0.603912,
3.069,-0.629106,1.33183,0.689858,
3.07424,-0.626,1.31149,0.77627,
3.0794,-0.622548,1.29069,0.863148,
3.08448,-0.618746,1.2694,0.95049,
3.08947,-0.614593,1.24763,1.03829,
3.09437,-0.610087,1.22538,1.12655,
3.09918,-0.605225,1.20264,1.21526,
3.1039,-0.600008,1.17942,1.30442,
3.10853,-0.594432,1.15572,1.39401,
3.11305,-0.588496,1.13154,1.48403,
3.11748,-0.582198,1.10689,1.57446,
3.12181,-0.575537,1.08177,1.66529,
3.12603,-0.568511,1.05618,1.75649,
3.13015,-0.561118,1.03014,1.84805,
3.13417,-0.553359,1.00365,1.93994,
3.13807,-0.54523,0.976732,2.03213,
3.14187,-0.536732,0.949397,2.12458,
3.14556,-0.527863,0.92166,2.21726,
3.14913,-0.518622,0.893542,2.31011,
3.15259,-0.50901,0.865064,2.4031,
3.15594,-0.499025,0.836252,2.49615,
3.15916,-0.488669,0.807132,2.5892,
3.16228,-0.47794,0.777738,2.68219,
3.16527,-0.46684,0.748103,2.77501,
3.16814,-0.455369,0.718267,2.86759,
3.17089,-0.44353,0.688272,2.95982,
3.17353,-0.431324,0.658168,3.05157,
3.17604,-0.418753,0.628006,3.14273,
3.17843,-0.40582,0.597843,3.23316,
3.1807,-0.392529,0.567742,3.32269,
3.18285,-0.378885,0.537771,3.41116,
3.18488,-0.364891,0.508002,3.49839,
3.1868,-0.350555,0.478516,3.58418,
3.1886,-0.335881,0.449396,3.66832,
3.19028,-0.320879,0.420733,3.75056,
3.19185,-0.305556,0.392622,3.83068,
3.19331,-0.289923,0.365163,3.90841,
3.19466,-0.273989,0.338462,3.98349,
3.19591,-0.257766,0.312627,4.05561,
3.19707,-0.241268,0.287772,4.12451,
3.19812,-0.224509,0.26401,4.18986,
3.19909,-0.207503,0.241457,4.25138,
3.19997,-0.190268,0.22023,4.30875,
3.20077,-0.172821,0.200441,4.36168,
3.2015,-0.155182,0.182203,4.40986,
3.20216,-0.13737,0.165622,4.45302,
3.20276,-0.119406,0.150795,4.49089,
3.20332,-0.101313,0.137815,4.52323,
3.20382,-0.0831141,0.126761,4.54984,
3.20429,-0.0648321,0.117702,4.57052,
3.20474,-0.0464916,0.110692,4.58512,
3.20516,-0.0281173,0.105772,4.59356,
3.20557,-0.00973434,0.102966,4.59575,
3.20598,0.00863241,0.102282,4.59169,
3.2064,0.026958,0.10371,4.58139,
3.20682,0.0452177,0.107227,4.56493,
3.20728,0.0633874,0.112789,4.54243,
3.20776,0.0814435,0.120341,4.51403,
3.20828,0.0993632,0.129813,4.47993,
3.20884,0.117125,0.141121,4.44036,
3.20946,0.134707,0.154171,4.39556,
3.21013,0.15209,0.16886,4.34583,
3.21087,0.169256,0.185079,4.29145,
3.21168,0.186187,0.202711,4.23274,
3.21257,0.202867,0.221638,4.17002,
3.21354,0.219282,0.241739,4.10361,
3.21459,0.235417,0.262893,4.03383,
3.21573,0.251261,0.28498,3.96101,
3.21696,0.266803,0.307883,3.88545,
3.21829,0.282033,0.331489,3.80746,
3.21971,0.296942,0.355689,3.72732,
3.22123,0.311523,0.380377,3.64531,
3.22285,0.32577,0.405457,3.56168,
3.22458,0.339677,0.430834,3.47668,
3.2264,0.353239,0.456422,3.39052,
3.22833,0.366452,0.48214,3.30343,
3.23036,0.379315,0.507914,3.21559,
3.2325,0.391823,0.533676,3.12718,
3.23473,0.403977,0.559362,3.03835,
3.23707,0.415774,0.584915,2.94926,
3.23951,0.427214,0.610283,2.86003,
3.24206,0.438297,0.63542,2.77078,
3.2447,0.449024,0.660284,2.68162,
3.24744,0.459394,0.684836,2.59264,
3.25027,0.46941,0.709043,2.50393,
3.2532,0.479072,0.732876,2.41556,
3.25623,0.488383,0.756308,2.32759,
3.25935,0.497343,0.779317,2.24008,
3.26255,0.505955,0.801882,2.15309,
3.26585,0.514222,0.823986,2.06665,
3.26923,0.522145,0.845615,1.98081,
3.2727,0.529727,0.866756,1.89559,
3.27625,0.536972,0.8874,1.81103,
3.27988,0.54388,0.907537,1.72715,
3.28359,0.550456,0.92716,1.64397,
3.28737,0.556702,0.946266,1.5615,
3.29123,0.562621,0.96485,1.47976,
3.29516,0.568216,0.982909,1.39876,
3.29917,0.57349,1.00044,1.31851,
3.30324,0.578446,1.01745,1.23902,
3.30737,0.583087,1.03394,1.16028,
3.31157,0.587417,1.0499,1.08231,
3.31583,0.591437,1.06533,1.0051,
3.32015,0.595152,1.08026,0.928667,
3.32453,0.598564,1.09466,0.852997,
3.32897,0.601676,1.10856,0.778094,
3.33345,0.604492,1.12195,0.703957,
3.33799,0.607014,1.13484,0.630584,
3.34258,0.609246,1.14724,0.557973,
3.34722,0.611191,1.15914,0.486121,
3.3519,0.612851,1.17057,0.415025,
3.35663,0.614229,1.18151,0.344683,
3.3614,0.61533,1.19199,0.275091,
3.3662,0.616155,1.202,0.206246,
3.37105,0.616707,1.21156,0.138145,
3.37593,0.61699,1.22066,0.0707841,
3.38085,0.617007,1.22932,0.00416147,
3.3858,0.61676,1.23755,-0.0617263,
3.39078,0.616253,1.24534,-0.126882,
3.39579,0.615487,1.25271,-0.191307,
3.40083,0.614467,1.25967,-0.255005,
3.4059,0.613196,1.26622,-0.317977,
3.41099,0.611675,1.27236,-0.380224,
3.4161,0.609908,1.27811,-0.441747,
3.42123,0.607897,1.28347,-0.502548,
3.42639,0.605647,1.28844,-0.562626,
3.43156,0.603159,1.29304,-0.621981,
3.43675,0.600437,1.29727,-0.680612,
3.44195,0.597483,1.30113,-0.738518,
3.44717,0.5943,1.30463,-0.795697,
3.4524,0.590891,1.30778,-0.852146,
3.45764,0.58726,1.31057,-0.907863,
3.46289,0.583408,1.31302,-0.962842,
3.46816,0.57934,1.31513,-1.01708,
3.47342,0.575058,1.31689,-1.07057,
3.4787,0.570564,1.31833,-1.12331,
3.48397,0.565863,1.31943,-1.17529,
3.48925,0.560957,1.3202,-1.2265,
3.49454,0.55585,1.32065,-1.27693,
3.49982,0.550543,1.32077,-1.32658,
3.5051,0.545042,1.32057,-1.37544,
3.51038,0.539348,1.32004,-1.42348,
3.51566,0.533465,1.31919,-1.4707,
3.52093,0.527396,1.31802,-1.51709,
3.5262,0.521146,1.31653,-1.56263,
3.53146,0.514717,1.31471,-1.60731,
3.53671,0.508112,1.31257,-1.65111,
3.54195,0.501336,1.31009,-1.694,
3.54718,0.494392,1.30729,-1.73598,
3.55239,0.487284,1.30415,-1.77702,
3.5576,0.480016,1.30068,-1.81709,
3.56278,0.472591,1.29686,-1.85619,
3.56795,0.465014,1.29269,-1.89428,
3.57311,0.457289,1.28817,-1.93133,
3.57824,0.449419,1.28329,-1.96733,
3.58335,0.44141,1.27805,-2.00224,
3.58844,0.433266,1.27243,-2.03604,
3.59351,0.424991,1.26644,-2.0687,
3.59855,0.416591,1.26005,-2.10018,
3.60356,0.408069,1.25326,-2.13046,
3.60855,0.399431,1.24607,-2.1595,
3.6135,0.390682,1.23847,-2.18727,
3.61842,0.381827,1.23044,-2.21375,
3.62331,0.372871,1.22197,-2.23888,
3.62816,0.363821,1.21306,-2.26265,
3.63298,0.354681,1.20369,-2.28501,
3.63775,0.345457,1.19385,-2.30593,
3.64249,0.336155,1.18353,-2.32539,
3.64718,0.326782,1.17273,-2.34333,
3.65182,0.317343,1.16143,-2.35974,
3.65642,0.307845,1.14962,-2.37458,
3.66097,0.298294,1.13728,-2.38781,
3.66547,0.288696,1.12442,-2.39941,
3.66991,0.279059,1.11102,-2.40935,
3.6743,0.269388,1.09707,-2.4176,
3.67863,0.259692,1.08256,-2.42413,
3.6829,0.249976,1.06749,-2.42893,
3.68711,0.240248,1.05184,-2.43197,
3.69125,0.230515,1.03561,-2.43323,
3.69532,0.220784,1.01881,-2.4327,
3.69933,0.211063,1.00141,-2.43037,
3.70326,0.201358,0.983415,-2.42622,
3.70712,0.191677,0.964828,-2.42025,
3.71091,0.182027,0.945645,-2.41246,
3.71461,0.172416,0.925866,-2.40284,
3.71823,0.16285,0.905491,-2.39141,
3.72177,0.153337,0.884523,-2.37817,
3.72522,0.143885,0.862965,-2.36312,
3.72858,0.1345,0.840822,-2.34629,
3.73186,0.125189,0.8181,-2.3277,
3.73504,0.11596,0.794806,-2.30736,
3.73812,0.106818,0.770949,-2.2853,
3.74111,0.0977722,0.746538,-2.26155,
3.74399,0.0888277,0.721583,-2.23613,
3.74678,0.0799913,0.696097,-2.2091,
3.74946,0.0712694,0.670091,-2.18048,
3.75203,0.0626681,0.64358,-2.1503,
3.7545,0.0541936,0.616578,-2.11863,
3.75685,0.0458517,0.589101,-2.08548,
3.7591,0.037648,0.561162,-2.05093,
3.76123,0.029588,0.53278,-2.015,
3.76325,0.0216771,0.503971,-1.97774,
3.76514,0.0139202,0.474753,-1.93922,
3.76693,0.00632228,0.445143,-1.89947,
3.76859,-0.00111194,0.415158,-1.85855,
3.77013,-0.00837799,0.384818,-1.81651,
3.77154,-0.0154716,0.35414,-1.7734,
3.77283,-0.0223887,0.323142,-1.72927,
3.774,-0.0291253,0.291843,-1.68417,
3.77504,-0.0356779,0.260261,-1.63815,
3.77596,-0.042043,0.228413,-1.59126,
3.77674,-0.0482171,0.196318,-1.54354,
3.7774,-0.0541974,0.163993,-1.49506,
3.77792,-0.0599807,0.131455,-1.44584,
3.77832,-0.0655645,0.0987221,-1.39595,
3.77858,-0.0709462,0.0658096,-1.34541,
3.77871,-0.0761233,0.0327344,-1.29429,
3.77871,-0.0810938,-0.000487694,-1.24261,
3.77858,-0.0858555,-0.033841,-1.19042,
3.77831,-0.0904065,-0.0673104,-1.13776,
3.7779,-0.0947452,-0.100881,-1.08467,
3.77736,-0.0988699,-0.134538,-1.03118,
3.77669,-0.102779,-0.168268,-0.97733,
3.77588,-0.106472,-0.202057,-0.923159,
3.77494,-0.109947,-0.235892,-0.868698,
3.77386,-0.113203,-0.269759,-0.813981,
3.77265,-0.116239,-0.303645,-0.75904,
3.7713,-0.119054,-0.337539,-0.703906,
3.76981,-0.121649,-0.371428,-0.648611,
3.76819,-0.124021,-0.405299,-0.593183,
3.76643,-0.126172,-0.439142,-0.537653,
3.76454,-0.1281,-0.472943,-0.482049,
3.76251,-0.129806,-0.506693,-0.426401,
3.76035,-0.131289,-0.54038,-0.370736,
3.75806,-0.132549,-0.573992,-0.315082,
3.75563,-0.133587,-0.607518,-0.259468,
3.75306,-0.134403,-0.640948,-0.203922,
3.75037,-0.134997,-0.674269,-0.148471,
3.74754,-0.135369,-0.707472,-0.0931449,
3.74457,-0.135521,-0.740544,-0.0379708,
3.74148,-0.135453,-0.773475,0.0170219,
3.73825,-0.135166,-0.806253,0.0718037,
3.7349,-0.13466,-0.838867,0.126345,
3.73141,-0.133938,-0.871305,0.180615,
3.7278,-0.133,-0.903555,0.234582,
3.72406,-0.131847,-0.935606,0.288215,
3.72019,-0.130481,-0.967446,0.34148,
3.71619,-0.128903,-0.999061,0.394345,
3.71207,-0.127116,-1.03044,0.446773,
3.70782,-0.125121,-1.06157,0.498731,
3.70345,-0.122921,-1.09244,0.55018,
3.69896,-0.120516,-1.12303,0.601083,
3.69435,-0.117911,-1.15333,0.651401,
3.68961,-0.115106,-1.18332,0.701094,
3.68476,-0.112106,-1.213,0.750121,
3.67979,-0.108912,-1.24235,0.79844,
3.67471,-0.105528,-1.27134,0.846007,
3.66951,-0.101957,-1.29997,0.892777,
3.66419,-0.0982022,-1.32823,0.938706,
3.65877,-0.0942672,-1.35609,0.983746,
3.65324,-0.0901558,-1.38354,1.02785,
3.64759,-0.085872,-1.41056,1.07097,
3.64185,-0.0814197,-1.43713,1.11306,
3.63599,-0.0768035,-1.46325,1.15406,
3.63004,-0.0720278,-1.48889,1.19393,
3.62398,-0.0670973,-1.51403,1.23262,
3.61783,-0.062017,-1.53867,1.27007,
3.61158,-0.0567921,-1.56277,1.30624,
3.60523,-0.0514278,-1.58633,1.34107,
3.59879,-0.0459298,-1.60933,1.37451,
3.59227,-0.0403037,-1.63175,1.40652,
3.58565,-0.0345556,-1.65357,1.43704,
3.57895,-0.0286915,-1.67478,1.46602,
3.57217,-0.0227178,-1.69537,1.49342,
3.56531,-0.016641,-1.71531,1.5192,
3.55837,-0.0104678,-1.7346,1.5433,
3.55136,-0.00420501,-1.75322,1.56569,
3.54427,0.00214029,-1.77115,1.58632,
3.53712,0.00856095,-1.78838,1.60516,
3.5299,0.0150496,-1.8049,1.62217,
3.52262,0.0215989,-1.82071,1.63732,
3.51527,0.0282013,-1.83578,1.65058,
3.50787,0.0348489,-1.85011,1.66192,
3.50042,0.0415342,-1.86369,1.67131,
3.49291,0.0482491,-1.87652,1.67874,
3.48536,0.0549858,-1.88858,1.68418,
3.47776,0.0617364,-1.89988,1.68764,
3.47012,0.0684927,-1.9104,1.68908,
3.46244,0.0752468,-1.92015,1.68852,
3.45472,0.0819906,-1.92912,1.68594,
3.44697,0.088716,-1.93731,1.68135,
3.43919,0.095415,-1.94473,1.67475,
3.43139,0.10208,-1.95137,1.66615,
3.42356,0.108702,-1.95724,1.65556,
3.41571,0.115274,-1.96233,1.643,
3.40784,0.121788,-1.96667,1.62849,
3.39996,0.128236,-1.97024,1.61204,
3.39207,0.134611,-1.97306,1.59368,
3.38417,0.140904,-1.97513,1.57344,
3.37626,0.14711,-1.97646,1.55136,
3.36835,0.15322,-1.97706,1.52745,
3.36045,0.159227,-1.97695,1.50176,
3.35254,0.165124,-1.97612,1.47433,
3.34464,0.170905,-1.97459,1.4452,
3.33675,0.176562,-1.97237,1.41439,
3.32888,0.18209,-1.96947,1.38197,
3.32101,0.187482,-1.96591,1.34797,
3.31317,0.192732,-1.96169,1.31243,
3.30534,0.197834,-1.95683,1.27541,
3.29753,0.202781,-1.95134,1.23695,
3.28975,0.20757,-1.94523,1.19709,
3.282,0.212193,-1.93851,1.15589,
3.27427,0.216647,-1.93121,1.1134,
3.26658,0.220925,-1.92332,1.06965,
3.25892,0.225024,-1.91487,1.0247,
3.2513,0.228939,-1.90587,0.978608,
3.24371,0.232664,-1.89632,0.93141,
3.23617,0.236197,-1.88625,0.883157,
3.22866,0.239533,-1.87566,0.833899,
3.22121,0.242667,-1.86456,0.783682,
3.21379,0.245597,-1.85298,0.732555,
3.20643,0.24832,-1.84091,0.680564,
3.19912,0.250831,-1.82838,0.627758,
3.19186,0.253127,-1.8154,0.57418,
3.18465,0.255207,-1.80198,0.519879,
3.1775,0.257067,-1.78812,0.4649,
3.1704,0.258704,-1.77385,0.409286,
3.16336,0.260116,-1.75917,0.353085,
3.15639,0.261301,-1.7441,0.296339,
3.14947,0.262258,-1.72865,0.239094,
3.14262,0.262983,-1.71283,0.181394,
3.13583,0.263477,-1.69665,0.123281,
3.12911,0.263736,-1.68013,0.0648002,
3.12246,0.26376,-1.66328,0.00599475,
3.11588,0.263547,-1.64611,-0.0530918,
3.10936,0.263098,-1.62863,-0.112416,
3.10292,0.26241,-1.61086,-0.171934,
3.09655,0.261484,-1.5928,-0.231602,
3.09025,0.260318,-1.57448,-0.291376,
3.08403,0.258913,-1.55591,-0.351212,
3.07788,0.257269,-1.5371,-0.411065,
3.0718,0.255385,-1.51807,-0.47089,
3.06581,0.253263,-1.49883,-0.53064,
3.05989,0.250902,-1.47939,-0.590271,
3.05405,0.248303,-1.45978,-0.649734,
3.04829,0.245467,-1.44001,-0.708983,
3.04261,0.242395,-1.42009,-0.767968,
3.03701,0.239088,-1.40004,-0.826641,
3.03149,0.235549,-1.37988,-0.884951,
3.02605,0.231777,-1.35963,-0.942848,
3.0207,0.227776,-1.33931,-1.00028,
3.01542,0.223547,-1.31893,-1.05719,
3.01023,0.219093,-1.29852,-1.11353,
3.00511,0.214416,-1.2781,-1.16925,
3.00008,0.209519,-1.25768,-1.22428,
2.99513,0.204405,-1.2373,-1.27857,
2.99027,0.199077,-1.21696,-1.33206,
2.98548,0.193538,-1.19669,-1.3847,
2.98077,0.187792,-1.17652,-1.43642,
2.97615,0.181843,-1.15647,-1.48717,
2.9716,0.175696,-1.13656,-1.53688,
2.96713,0.169354,-1.11681,-1.5855,
2.96275,0.162822,-1.09725,-1.63295,
2.95843,0.156105,-1.0779,-1.67919,
2.9542,0.149209,-1.05879,-1.72415,
2.95004,0.142138,-1.03994,-1.76776,
2.94595,0.134898,-1.02138,-1.80998,
2.94194,0.127495,-1.00312,-1.85073,
2.938,0.119935,-0.985185,-1.88996,
2.93413,0.112225,-0.967608,-1.92761,
2.93033,0.10437,-0.950406,-1.96363,
2.92659,0.0963782,-0.933601,-1.99797,
2.92293,0.088256,-0.917212,-2.03056,
2.91932,0.0800105,-0.901259,-2.06137,
2.91578,0.0716491,-0.885762,-2.09035,
2.91229,0.0631793,-0.870737,-2.11745,
2.90887,0.0546088,-0.8562,-2.14263,
2.9055,0.0459453,-0.842166,-2.16587,
2.90219,0.0371969,-0.828648,-2.18712,
2.89892,0.0283714,-0.815657,-2.20637,
2.89571,0.0194771,-0.803204,-2.22358,
2.89255,0.0105221,-0.791296,-2.23875,
2.88943,0.0015146,-0.779938,-2.25186,
2.88635,-0.00753704,-0.769137,-2.26291,
2.88331,-0.0166246,-0.758892,-2.27188,
2.88032,-0.0257398,-0.749206,-2.2788,
2.87736,-0.0348744,-0.740075,-2.28365,
2.87443,-0.0440202,-0.731497,-2.28647,
2.87154,-0.0531692,-0.723466,-2.28726,
2.86867,-0.0623134,-0.715974,-2.28605,
2.86584,-0.0714449,-0.709012,-2.28287,
2.86303,-0.080556,-0.702569,-2.27776,
2.86024,-0.0896389,-0.696633,-2.27075,
2.85747,-0.0986865,-0.691189,-2.26188,
2.85473,-0.107691,-0.686222,-2.25121,
2.852,-0.116646,-0.681714,-2.23877,
2.84929,-0.125545,-0.677648,-2.22463,
2.8466,-0.13438,-0.674004,-2.20884,
2.84391,-0.143146,-0.670762,-2.19146,
2.84124,-0.151836,-0.667901,-2.17255,
2.83858,-0.160445,-0.6654,-2.15216,
2.83593,-0.168966,-0.663236,-2.13038,
2.83328,-0.177395,-0.661387,-2.10725,
2.83064,-0.185727,-0.659831,-2.08284,
2.82801,-0.193956,-0.658543,-2.05723,
2.82538,-0.202078,-0.657502,-2.03048,
2.82275,-0.210088,-0.656685,-2.00264,
2.82013,-0.217983,-0.656068,-1.9738,
2.8175,-0.225759,-0.655629,-1.94401,
2.81488,-0.233413,-0.655347,-1.91333,
2.81226,-0.24094,-0.655199,-1.88183,
2.80964,-0.248338,-0.655164,-1.84958,
2.80702,-0.255605,-0.655223,-1.81662,
2.8044,-0.262737,-0.655355,-1.78302,
2.80178,-0.269732,-0.65554,-1.74884,
2.79915,-0.276589,-0.65576,-1.71413,
2.79653,-0.283305,-0.655998,-1.67894,
2.79391,-0.289878,-0.656236,-1.64332,
2.79128,-0.296307,-0.656458,-1.60732,
2.78865,-0.302591,-0.656647,-1.571,
2.78603,-0.308729,-0.656791,-1.53439,
2.7834,-0.314719,-0.656873,-1.49754,
2.78077,-0.320561,-0.656882,-1.46048,
2.77814,-0.326254,-0.656804,-1.42327,
2.77552,-0.331798,-0.656629,-1.38592,
2.77289,-0.337192,-0.656344,-1.34849,
2.77027,-0.342436,-0.65594,-1.311,
2.76765,-0.347529,-0.655408,-1.27349,
2.76503,-0.352473,-0.654738,-1.23598,
2.76241,-0.357267,-0.653922,-1.1985,
2.7598,-0.361912,-0.652953,-1.16108,
2.75719,-0.366407,-0.651823,-1.12375,
2.75459,-0.370753,-0.650528,-1.08652,
2.75199,-0.374951,-0.64906,-1.04942,
2.7494,-0.379,-0.647416,-1.01247,
2.74682,-0.382903,-0.64559,-0.975688,
2.74425,-0.38666,-0.643578,-0.93909,
2.74168,-0.39027,-0.641377,-0.902694,
2.73913,-0.393736,-0.638984,-0.866514,
2.73658,-0.397059,-0.636396,-0.830566,
2.73405,-0.400238,-0.63361,-0.794861,
2.73152,-0.403276,-0.630626,-0.759413,
2.72901,-0.406173,-0.627441,-0.724231,
2.72652,-0.40893,-0.624055,-0.689327,
2.72404,-0.411549,-0.620467,-0.654708,
2.72157,-0.41403,-0.616676,-0.620384,
2.71912,-0.416376,-0.612682,-0.586362,
2.71668,-0.418586,-0.608486,-0.552649,
2.71427,-0.420663,-0.604088,-0.519251,
2.71187,-0.422608,-0.599488,-0.486173,
2.70949,-0.424422,-0.594688,-0.453421,
2.70713,-0.426106,-0.589689,-0.420999,
2.7048,-0.427661,-0.584492,-0.38891,
2.70248,-0.42909,-0.579098,-0.357158,
2.70018,-0.430393,-0.57351,-0.325745,
2.69791,-0.431572,-0.567728,-0.294673,
2.69567,-0.432627,-0.561756,-0.263945,
2.69344,-0.433562,-0.555596,-0.233563,
2.69125,-0.434376,-0.549249,-0.203526,
2.68908,-0.435071,-0.542718,-0.173835,
2.68693,-0.435649,-0.536006,-0.144492,
2.68482,-0.436111,-0.529115,-0.115496,
2.68273,-0.436458,-0.522048,-0.0868475,
2.68067,-0.436693,-0.514807,-0.0585452,
2.67864,-0.436815,-0.507397,-0.030589,
2.67664,-0.436827,-0.499818,-0.00297789,
2.67467,-0.43673,-0.492075,0.0242892,
2.67273,-0.436525,-0.484171,0.0512136,
2.67083,-0.436214,-0.476107,0.0777966,
2.66896,-0.435798,-0.467889,0.10404,
2.66712,-0.435278,-0.459518,0.129945,
2.66532,-0.434656,-0.450997,0.155514,
2.66355,-0.433933,-0.442331,0.180748,
2.66181,-0.43311,-0.433522,0.20565,
2.66011,-0.432189,-0.424572,0.230222,
2.65845,-0.431171,-0.415486,0.254466,
2.65683,-0.430058,-0.406266,0.278384,
2.65524,-0.42885,-0.396916,0.301977,
2.65369,-0.427549,-0.387438,0.325249,
2.65218,-0.426156,-0.377836,0.348202,
2.65071,-0.424673,-0.368112,0.370838,
2.64927,-0.4231,-0.35827,0.393159,
2.64788,-0.42144,-0.348313,0.415166,
2.64653,-0.419692,-0.338243,0.436864,
2.64522,-0.417859,-0.328063,0.458252,
2.64394,-0.415942,-0.317777,0.479335,
2.64271,-0.413941,-0.307386,0.500112,
2.64153,-0.411859,-0.296894,0.520587,
2.64038,-0.409696,-0.286304,0.540761,
2.63928,-0.407453,-0.275617,0.560636,
2.63822,-0.405132,-0.264837,0.580214,
2.6372,-0.402734,-0.253966,0.599495,
2.63623,-0.400261,-0.243006,0.618482,
2.6353,-0.397712,-0.231959,0.637176,
2.63442,-0.39509,-0.220829,0.655577,
2.63358,-0.392395,-0.209617,0.673686,
2.63279,-0.389629,-0.198325,0.691505,
2.63204,-0.386793,-0.186955,0.709034,
2.63134,-0.383888,-0.175509,0.726274,
2.63068,-0.380915,-0.163989,0.743224,
2.63007,-0.377875,-0.152397,0.759885,
2.62951,-0.37477,-0.140734,0.776257,
2.62899,-0.371601,-0.129002,0.79234,
2.62853,-0.368368,-0.117203,0.808132,
2.6281,-0.365074,-0.105337,0.823634,
2.62773,-0.361718,-0.0934063,0.838845,
2.62741,-0.358303,-0.081412,0.853762,
2.62713,-0.35483,-0.0693551,0.868386,
2.6269,-0.351299,-0.0572367,0.882715,
2.62672,-0.347712,-0.0450576,0.896746,
2.62659,-0.34407,-0.0328186,0.910478,
2.62651,-0.340374,-0.0205205,0.923909,
2.62647,-0.336626,-0.00816381,0.937036,
2.62649,-0.332827,0.00425085,0.949857,
2.62656,-0.328977,0.0167231,0.962368,
2.62667,-0.325079,0.0292526,0.974567,
2.62684,-0.321133,0.0418391,0.98645,
2.62706,-0.317141,0.0544824,0.998014,
2.62733,-0.313104,0.0671826,1.00926,
2.62765,-0.309023,0.0799396,1.02017,
2.62802,-0.3049,0.0927536,1.03075,
2.62844,-0.300736,0.105625,1.041,
2.62892,-0.296533,0.118553,1.05091,
2.62944,-0.292291,0.13154,1.06047,
2.63002,-0.288012,0.144584,1.06968,
2.63065,-0.283698,0.157688,1.07854,
2.63133,-0.27935,0.17085,1.08704,
2.63207,-0.274969,0.184073,1.09517,
2.63286,-0.270557,0.197357,1.10293,
2.6337,-0.266116,0.210701,1.11031,
2.6346,-0.261647,0.224108,1.11731,
2.63555,-0.257151,0.237578,1.12392,
2.63655,-0.252631,0.251112,1.13014,
2.63761,-0.248087,0.264711,1.13596,
2.63873,-0.243521,0.278375,1.14137,
2.63989,-0.238936,0.292106,1.14637,
2.64112,-0.234332,0.305905,1.15094,
2.6424,-0.229712,0.319772,1.1551,
2.64373,-0.225077,0.333709,1.15882,
2.64512,-0.220428,0.347716,1.1621,
2.64657,-0.215768,0.361794,1.16494,
2.64807,-0.211099,0.375945,1.16734,
2.64963,-0.206422,0.390168,1.16927,
2.65125,-0.201739,0.404466,1.17075,
2.65293,-0.197052,0.418837,1.17176,
2.65466,-0.192363,0.433284,1.1723,
2.65645,-0.187673,0.447807,1.17236,
2.6583,-0.182985,0.462405,1.17194,
2.66021,-0.178301,0.477081,1.17104,
2.66218,-0.173623,0.491833,1.16964,
2.6642,-0.168952,0.506663,1.16775,
2.66629,-0.16429,0.521569,1.16536,
2.66844,-0.15964,0.536553,1.16247,
2.67064,-0.155004,0.551613,1.15908,
2.67291,-0.150383,0.566751,1.15518,
2.67524,-0.14578,0.581964,1.15077,
2.67763,-0.141197,0.597253,1.14584,
2.68008,-0.136635,0.612616,1.14041,
2.68259,-0.132097,0.628054,1.13446,
2.68516,-0.127585,0.643564,1.128,
2.6878,-0.123101,0.659145,1.12103,
2.6905,-0.118647,0.674796,1.11354,
2.69326,-0.114225,0.690515,1.10554,
2.69609,-0.109837,0.7063,1.09703,
2.69898,-0.105485,0.722149,1.08802,
2.70193,-0.101171,0.73806,1.07849,
2.70494,-0.096897,0.75403,1.06847,
2.70802,-0.0926652,0.770056,1.05795,
2.71117,-0.0884774,0.786137,1.04694,
2.71438,-0.0843357,0.802267,1.03544,
2.71765,-0.0802419,0.818445,1.02345,
2.72099,-0.0761979,0.834666,1.01099,
2.72439,-0.0722056,0.850928,0.998063,
2.72786,-0.0682669,0.867225,0.984673,
2.7314,-0.0643836,0.883553,0.970829,
2.735,-0.0605575,0.899909,0.95654,
2.73866,-0.0567902,0.916288,0.941815,
2.74239,-0.0530836,0.932684,0.926665,
2.74619,-0.0494392,0.949094,0.911099,
2.75005,-0.0458586,0.965511,0.895129,
2.75398,-0.0423436,0.98193,0.878765,
2.75797,-0.0388955,0.998347,0.862021,
2.76203,-0.0355159,1.01475,0.844907,
2.76616,-0.0322061,1.03115,0.827438,
2.77035,-0.0289676,1.04752,0.809627,
2.7746,-0.0258017,1.06386,0.791487,
2.77892,-0.0227095,1.08018,0.773034,
2.78331,-0.0196924,1.09645,0.754282,
2.78776,-0.0167514,1.11267,0.735246,
2.79227,-0.0138876,1.12885,0.715943,
2.79685,-0.0111021,1.14496,0.696388,
2.8015,-0.00839569,1.161,0.676598,
2.80621,-0.00576933,1.17697,0.65659,
2.81098,-0.0032238,1.19286,0.636382,
2.81581,-0.000759846,1.20866,0.61599,
2.82071,0.00162188,1.22437,0.595433,
2.82567,0.0039208,1.23997,0.574728,
2.83069,0.00613638,1.25546,0.553896,
2.83577,0.0082682,1.27083,0.532953,
2.84092,0.0103159,1.28607,0.51192,
2.84612,0.0122791,1.30119,0.490815,
2.85139,0.0141578,1.31615,0.469658,
2.85671,0.0159516,1.33097,0.448469,
2.86209,0.0176607,1.34563,0.427267,
2.86753,0.019285,1.36013,0.406072,
2.87303,0.0208246,1.37445,0.384904,
2.87859,0.0222797,1.38859,0.363783,
2.8842,0.0236507,1.40255,0.342729,
2.88986,0.0249377,1.4163,0.321763,
2.89558,0.0261413,1.42986,0.300905,
2.90135,0.027262,1.4432,0.280176,
2.90718,0.0283004,1.45632,0.259594,
2.91306,0.0292571,1.46921,0.239181,
2.91898,0.030133,1.48187,0.218957,
2.92496,0.0309287,1.49429,0.198942,
2.93099,0.0316454,1.50645,0.179155,
2.93706,0.0322838,1.51836,0.159617,
2.94318,0.0328452,1.53,0.140347,
2.94935,0.0333307,1.54138,0.121365,
2.95556,0.0337414,1.55247,0.102689,
2.96181,0.0340788,1.56328,0.0843399,
2.9681,0.0343441,1.57379,0.0663353,
2.97444,0.0345389,1.58401,0.0486939,
2.98082,0.0346646,1.59392,0.0314338,
2.98723,0.0347229,1.60352,0.0145729,
2.99368,0.0347154,1.6128,-0.00187129,
3.00017,0.0346439,1.62176,-0.0178818,
3.00669,0.0345101,1.63038,-0.0334419,
3.01324,0.034316,1.63867,-0.0485354,
3.01983,0.0340634,1.64662,-0.0631466,
3.02645,0.0337544,1.65422,-0.0772603,
3.03309,0.0333909,1.66147,-0.0908617,
3.03977,0.0329752,1.66836,-0.103937,
3.04647,0.0325093,1.67489,-0.116471,
3.05319,0.0319955,1.68105,-0.128453,
3.05994,0.031436,1.68685,-0.13987,
3.06671,0.0308332,1.69226,-0.150709,
3.0735,0.0301893,1.6973,-0.160959,
3.0803,0.0295069,1.70196,-0.170612,
3.08713,0.0287883,1.70624,-0.179655,
3.09397,0.0280359,1.71012,-0.188082,
3.10082,0.0272524,1.71362,-0.195882,
3.10769,0.0264402,1.71672,-0.20305,
3.11457,0.0256019,1.71942,-0.209578,
3.12146,0.0247401,1.72173,-0.21546,
3.12835,0.0238573,1.72364,-0.220691,
3.13525,0.0229562,1.72515,-0.225266,
3.14216,0.0220395,1.72626,-0.229183,
3.14906,0.0211098,1.72696,-0.232439,
3.15597,0.0201696,1.72726,-0.235031,
3.16288,0.0192218,1.72716,-0.236958,
3.16979,0.0182689,1.72666,-0.238221,
3.17669,0.0173136,1.72575,-0.23882,
3.18359,0.0163586,1.72444,-0.238756,
3.19048,0.0154065,1.72274,-0.238032,
3.19736,0.0144599,1.72063,-0.23665,
3.20423,0.0135214,1.71812,-0.234615,
3.2111,0.0125937,1.71522,-0.231931,
3.21794,0.0116793,1.71192,-0.228603,
3.22478,0.0107807,1.70824,-0.224639,
3.23159,0.00990056,1.70416,-0.220044,
3.23839,0.00904125,1.6997,-0.214827,
3.24517,0.00820527,1.69485,-0.208996,
3.25193,0.00739503,1.68962,-0.20256,
3.25867,0.00661291,1.68402,-0.19553,
3.26538,0.00586125,1.67805,-0.187915,
3.27206,0.00514234,1.6717,-0.179727,
3.27872,0.00445843,1.665,-0.170977,
3.28536,0.00381172,1.65793,-0.161679,
3.29196,0.00320434,1.65051,-0.151845,
3.29853,0.00263838,1.64275,-0.141488,
3.30507,0.00211589,1.63463,-0.130623,
3.31157,0.00163883,1.62618,-0.119264,
3.31804,0.00120913,1.6174,-0.107427,
3.32448,0.000828626,1.60829,-0.0951256,
3.33087,0.000499118,1.59885,-0.082377,
3.33723,0.000222329,1.5891,-0.069197,
3.34354,-7.99494e-08,1.57905,-0.0556024,
3.34982,-0.000166519,1.56868,-0.0416098,
3.35605,-0.000275466,1.55803,-0.0272366,
3.36224,-0.000325467,1.54708,-0.0125002,
3.36838,-0.00031514,1.53585,0.00258171,
3.37448,-0.000243175,1.52434,0.0179913,
3.38053,-0.000108333,1.51256,0.0337104,
3.38653,9.05502e-05,1.50051,0.0497208,
3.39248,0.000354567,1.48822,0.0660043,
3.39839,0.000684736,1.47567,0.0825422,
3.40424,0.001082,1.46288,0.0993162,
3.41004,0.00154723,1.44985,0.116308,
3.41578,0.00208122,1.4366,0.133498,
3.42148,0.0026847,1.42313,0.150869,
3.42711,0.0033583,1.40944,0.168401,
3.4327,0.00410261,1.39555,0.186077,
3.43822,0.00491812,1.38146,0.203877,
3.44369,0.00580525,1.36718,0.221784,
3.4491,0.00676437,1.35271,0.239779,
3.45445,0.00779574,1.33806,0.257844,
3.45975,0.00889959,1.32325,0.275961,
3.46498,0.010076,1.30827,0.294113,
3.47015,0.0113252,1.29314,0.312282,
3.47526,0.012647,1.27785,0.33045,
3.48031,0.0140414,1.26243,0.3486,
3.4853,0.0155082,1.24687,0.366716,
3.49023,0.0170474,1.23118,0.384781,
3.49509,0.0186585,1.21537,0.402778,
3.49989,0.0203412,1.19945,0.420692,
3.50462,0.0220953,1.18341,0.438506,
3.50929,0.0239201,1.16728,0.456205,
3.51389,0.0258152,1.15105,0.473774,
3.51843,0.02778,1.13474,0.491198,
3.5229,0.0298138,1.11834,0.508463,
3.52731,0.031916,1.10186,0.525555,
3.53165,0.0340859,1.08532,0.542459,
3.53593,0.0363225,1.06871,0.559162,
3.54014,0.0386251,1.05204,0.575652,
3.54428,0.0409928,1.03533,0.591915,
3.54835,0.0434246,1.01856,0.60794,
3.55236,0.0459194,1.00175,0.623715,
3.5563,0.0484763,0.984909,0.639229,
3.56017,0.0510942,0.968036,0.654469,
3.56398,0.0537719,0.951136,0.669426,
3.56771,0.0565083,0.934215,0.68409,
3.57138,0.0593021,0.917279,0.698451,
3.57498,0.0621521,0.900331,0.7125,
3.57852,0.065057,0.883376,0.726227,
3.58198,0.0680155,0.866419,0.739625,
3.58538,0.0710262,0.849464,0.752685,
3.58871,0.0740878,0.832514,0.7654,
3.59197,0.0771989,0.815574,0.777762,
3.59517,0.0803579,0.798647,0.789765,
3.59829,0.0835636,0.781738,0.801403,
3.60135,0.0868142,0.764849,0.81267,
3.60435,0.0901085,0.747984,0.82356,
3.60727,0.0934447,0.731146,0.834068,
3.61013,0.0968215,0.714338,0.844191,
3.61292,0.100237,0.697563,0.853922,
3.61564,0.10369,0.680824,0.86326,
3.6183,0.107179,0.664123,0.872199,
3.62089,0.110702,0.647463,0.880738,
3.62341,0.114257,0.630847,0.888873,
3.62587,0.117844,0.614275,0.896603,
3.62826,0.12146,0.597751,0.903925,
3.63058,0.125103,0.581277,0.910838,
3.63284,0.128772,0.564854,0.917341,
3.63504,0.132466,0.548483,0.923432,
3.63717,0.136182,0.532167,0.929111,
3.63923,0.13992,0.515907,0.934378,
3.64123,0.143677,0.499705,0.939232,
3.64316,0.147452,0.483561,0.943675,
3.64503,0.151242,0.467477,0.947706,
3.64684,0.155048,0.451454,0.951326,
3.64858,0.158866,0.435493,0.954537,
3.65026,0.162695,0.419594,0.957339,
3.65187,0.166534,0.403759,0.959735,
3.65343,0.170381,0.387988,0.961725,
3.65491,0.174234,0.372283,0.963312,
3.65634,0.178092,0.356643,0.964497,
3.65771,0.181953,0.341069,0.965283,
3.65901,0.185816,0.325562,0.965673,
3.66025,0.189679,0.310122,0.965668,
3.66143,0.19354,0.29475,0.965271,
3.66254,0.197398,0.279445,0.964485,
3.6636,0.201251,0.264209,0.963312,
3.6646,0.205098,0.249042,0.961756,
3.66553,0.208937,0.233943,0.95982,
3.66641,0.212767,0.218913,0.957505,
3.66723,0.216587,0.203953,0.954816,
3.66798,0.220394,0.189063,0.951756,
3.66868,0.224187,0.174242,0.948326,
3.66932,0.227965,0.159492,0.944531,
3.6699,0.231727,0.144812,0.940374,
3.67042,0.23547,0.130202,0.935857,
3.67088,0.239194,0.115664,0.930983,
3.67128,0.242897,0.101197,0.925756,
3.67163,0.246578,0.086801,0.920178,
3.67192,0.250235,0.0724771,0.914253,
3.67215,0.253867,0.0582253,0.907982,
3.67233,0.257472,0.0440461,0.901369,
3.67245,0.26105,0.0299398,0.894417,
3.67251,0.264598,0.0159069,0.887128,
3.67252,0.268116,0.00194792,0.879504,
3.67247,0.271603,-0.0119367,0.871548,
3.67237,0.275056,-0.0257464,0.863263,
3.67221,0.278474,-0.0394805,0.854651,
3.672,0.281857,-0.0531384,0.845713,
3.67173,0.285203,-0.0667194,0.836452,
3.67141,0.28851,-0.0802228,0.82687,
3.67104,0.291778,-0.0936478,0.816968,
3.67061,0.295005,-0.106993,0.806749,
3.67013,0.29819,-0.120259,0.796214,
3.66959,0.301331,-0.133444,0.785365,
3.66901,0.304428,-0.146546,0.774202,
3.66837,0.307479,-0.159565,0.762728,
3.66768,0.310483,-0.1725,0.750943,
3.66694,0.313438,-0.18535,0.738849,
3.66615,0.316344,-0.198113,0.726447,
3.6653,0.319199,-0.210789,0.713737,
3.66441,0.322002,-0.223375,0.700721,
3.66347,0.324752,-0.235871,0.687399,
3.66247,0.327447,-0.248275,0.673771,
3.66143,0.330086,-0.260586,0.659839,
3.66034,0.332668,-0.272802,0.645603,
3.6592,0.335193,-0.284921,0.631063,
3.65801,0.337658,-0.296943,0.616219,
3.65678,0.340062,-0.308865,0.601073,
3.65549,0.342404,-0.320686,0.585623,
3.65416,0.344684,-0.332404,0.56987,
3.65279,0.346899,-0.344017,0.553815,
3.65137,0.349049,-0.355524,0.537457,
3.6499,0.351132,-0.366922,0.520796,
3.64839,0.353147,-0.37821,0.503833,
3.64683,0.355094,-0.389386,0.486567,
3.64523,0.35697,-0.400448,0.468998,
3.64358,0.358774,-0.411395,0.451126,
3.64189,0.360506,-0.422223,0.432952,
3.64016,0.362164,-0.432931,0.414475,
3.63839,0.363747,-0.443517,0.395695,
3.63657,0.365253,-0.45398,0.376612,
3.63471,0.366682,-0.464316,0.357226,
3.63281,0.368032,-0.474525,0.337538,
3.63088,0.369302,-0.484604,0.317547,
3.6289,0.370491,-0.49455,0.297254,
3.62688,0.371598,-0.504362,0.276659,
3.62482,0.372621,-0.514039,0.255762,
3.62273,0.373559,-0.523577,0.234565,
3.6206,0.374412,-0.532975,0.213066,
3.61843,0.375177,-0.54223,0.191268,
3.61622,0.375853,-0.551342,0.169171,
3.61398,0.37644,-0.560308,0.146777,
3.61171,0.376937,-0.569126,0.124085,
3.6094,0.377341,-0.577794,0.101098,
3.60705,0.377652,-0.586311,0.0778165,
3.60467,0.377869,-0.594674,0.054243,
3.60226,0.377991,-0.602882,0.0303792,
3.59982,0.378016,-0.610934,0.00622706,
3.59734,0.377943,-0.618828,-0.0182109,
3.59483,0.377771,-0.626562,-0.0429322,
3.5923,0.3775,-0.634135,-0.0679338,
3.58973,0.377127,-0.641546,-0.0932125,
3.58714,0.376652,-0.648793,-0.118765,
3.58451,0.376073,-0.655875,-0.144587,
3.58186,0.375391,-0.662792,-0.170676,
3.57918,0.374603,-0.669542,-0.197025,
3.57648,0.373708,-0.676125,-0.223631,
3.57375,0.372706,-0.68254,-0.250488,
3.57099,0.371596,-0.688787,-0.277591,
3.56821,0.370376,-0.694865,-0.304933,
3.56541,0.369046,-0.700774,-0.332508,
3.56259,0.367605,-0.706515,-0.360309,
3.55974,0.366051,-0.712086,-0.388328,
3.55687,0.364385,-0.71749,-0.416558,
3.55398,0.362605,-0.722726,-0.444989,
3.55106,0.360711,-0.727795,-0.473613,
3.54813,0.358701,-0.732698,-0.502421,
3.54518,0.356575,-0.737437,-0.531401,
3.54222,0.354333,-0.742012,-0.560542,
3.53923,0.351974,-0.746426,-0.589834,
3.53623,0.349497,-0.750681,-0.619264,
3.53321,0.346902,-0.754779,-0.64882,
3.53017,0.344188,-0.758722,-0.678486,
3.52712,0.341355,-0.762514,-0.708249,
3.52406,0.338402,-0.766157,-0.738095,
3.52098,0.33533,-0.769655,-0.768006,
3.51789,0.332138,-0.773011,-0.797966,
3.51478,0.328827,-0.776231,-0.827957,
3.51167,0.325395,-0.779318,-0.857962,
3.50854,0.321843,-0.782277,-0.88796,
3.5054,0.318171,-0.785113,-0.917931,
3.50225,0.31438,-0.787833,-0.947855,
3.49908,0.310469,-0.790441,-0.977708,
3.49591,0.306439,-0.792944,-1.00747,
3.49273,0.302291,-0.795349,-1.03711,
3.48954,0.298024,-0.797663,-1.06661,
3.48634,0.29364,-0.799893,-1.09595,
3.48313,0.28914,-0.802047,-1.12509,
3.47992,0.284524,-0.804134,-1.15401,
3.47669,0.279793,-0.806162,-1.18267,
3.47346,0.274949,-0.80814,-1.21106,
3.47022,0.269992,-0.810077,-1.23913,
3.46697,0.264925,-0.811984,-1.26686,
3.46371,0.259748,-0.81387,-1.29422,
3.46045,0.254464,-0.815746,-1.32116,
3.45718,0.249073,-0.817623,-1.34766,
3.4539,0.243578,-0.819512,-1.37369,
3.45062,0.237981,-0.821424,-1.3992,
3.44732,0.232285,-0.823371,-1.42416,
3.44402,0.22649,-0.825366,-1.44854,
3.44071,0.220601,-0.82742,-1.47229,
3.43739,0.21462,-0.829545,-1.49538,
3.43407,0.208549,-0.831756,-1.51778,
3.43073,0.202391,-0.834063,-1.53943,
3.42739,0.19615,-0.83648,-1.56031,
3.42403,0.189828,-0.83902,-1.58037,
3.42066,0.18343,-0.841695,-1.59958,
3.41728,0.176958,-0.844519,-1.6179,
3.41389,0.170417,-0.847504,-1.63529,
3.41049,0.16381,-0.850662,-1.65172,
3.40708,0.157142,-0.854005,-1.66714,
3.40365,0.150416,-0.857547,-1.68153,
3.4002,0.143636,-0.861297,-1.69484,
3.39674,0.136808,-0.865268,-1.70705,
3.39326,0.129936,-0.869471,-1.71812,
3.38977,0.123023,-0.873916,-1.72802,
3.38625,0.116077,-0.878611,-1.73672,
3.38272,0.1091,-0.883568,-1.7442,
3.37916,0.102098,-0.888793,-1.75043,
3.37558,0.0950766,-0.894296,-1.75538,
3.37198,0.0880404,-0.900082,-1.75904,
3.36836,0.0809949,-0.906158,-1.76138,
3.36471,0.0739454,-0.912529,-1.76239,
3.36103,0.0668971,-0.919199,-1.76205,
3.35733,0.0598557,-0.926173,-1.76036,
3.35359,0.0528265,-0.933451,-1.7573,
3.34983,0.045815,-0.941036,-1.75287,
3.34603,0.0388268,-0.948929,-1.74707,
3.34221,0.0318672,-0.957128,-1.73988,
3.33834,0.0249419,-0.965632,-1.73133,
3.33445,0.0180563,-0.974439,-1.72141,
3.33051,0.0112158,-0.983544,-1.71012,
3.32654,0.00442582,-0.992943,-1.69749,
3.32253,-0.00230826,-1.00263,-1.68352,
3.31848,-0.00898117,-1.0126,-1.66823,
3.31439,-0.0155877,-1.02285,-1.65164,
3.31025,-0.0221228,-1.03336,-1.63376,
3.30608,-0.0285813,-1.04412,-1.61463,
3.30186,-0.0349584,-1.05514,-1.59427,
3.29759,-0.0412492,-1.06639,-1.57271,
3.29328,-0.0474491,-1.07786,-1.54997,
3.28892,-0.0535534,-1.08955,-1.52609,
3.28452,-0.0595578,-1.10144,-1.5011,
3.28006,-0.065458,-1.11351,-1.47503,
3.27556,-0.0712497,-1.12575,-1.44793,
3.27101,-0.076929,-1.13815,-1.41984,
3.2664,-0.0824922,-1.1507,-1.39078,
3.26175,-0.0879354,-1.16337,-1.3608,
3.25705,-0.0932552,-1.17616,-1.32995,
3.25229,-0.0984482,-1.18904,-1.29825,
3.24748,-0.103511,-1.202,-1.26577,
3.24262,-0.108441,-1.21503,-1.23253,
3.23771,-0.113236,-1.22811,-1.19858,
3.23274,-0.117892,-1.24122,-1.16398,
3.22773,-0.122407,-1.25435,-1.12875,
3.22266,-0.126778,-1.26748,-1.09294,
3.21753,-0.131005,-1.28059,-1.0566,
3.21236,-0.135084,-1.29368,-1.01978,
3.20713,-0.139014,-1.30672,-0.982507,
3.20185,-0.142793,-1.31969,-0.944835,
3.19652,-0.14642,-1.33259,-0.906806,
3.19114,-0.149894,-1.3454,-0.868462,
3.18571,-0.153214,-1.35809,-0.829846,
3.18023,-0.156378,-1.37067,-0.791,
3.17469,-0.159386,-1.38311,-0.751965,
3.16911,-0.162237,-1.39539,-0.712783,
3.16348,-0.164931,-1.40752,-0.673495,
3.1578,-0.167467,-1.41946,-0.63414,
3.15208,-0.169846,-1.43121,-0.594758,
3.14631,-0.172068,-1.44276,-0.555388,
3.14049,-0.174132,-1.45409,-0.516069,
3.13463,-0.176039,-1.46519,-0.476838,
3.12873,-0.17779,-1.47604,-0.437734,
3.12278,-0.179386,-1.48665,-0.398791,
3.11679,-0.180826,-1.49698,-0.360047,
3.11077,-0.182112,-1.50704,-0.321537,
3.1047,-0.183245,-1.51681,-0.283296,
3.09859,-0.184226,-1.52629,-0.245357,
3.09245,-0.185057,-1.53545,-0.207756,
3.08627,-0.18574,-1.5443,-0.170524,
3.08006,-0.186274,-1.55281,-0.133695,
3.07382,-0.186664,-1.56099,-0.0972993,
3.06754,-0.186909,-1.56882,-0.0613693,
3.06124,-0.187013,-1.5763,-0.0259353,
3.0549,-0.186977,-1.58341,0.00897267,
3.04854,-0.186804,-1.59014,0.0433252,
3.04216,-0.186495,-1.5965,0.0770936,
3.03575,-0.186054,-1.60247,0.11025,
3.02932,-0.185483,-1.60804,0.142766,
3.02286,-0.184785,-1.6132,0.174615,
3.01639,-0.183962,-1.61796,0.205772,
3.0099,-0.183017,-1.6223,0.23621,
3.0034,-0.181953,-1.62621,0.265905,
2.99688,-0.180774,-1.6297,0.294834,
2.99035,-0.179482,-1.63274,0.322971,
2.98381,-0.178081,-1.63535,0.350296,
2.97726,-0.176574,-1.63751,0.376786,
2.9707,-0.174964,-1.63922,0.40242,
2.96414,-0.173255,-1.64047,0.427178,
2.95757,-0.171451,-1.64126,0.451042,
2.95101,-0.169555,-1.64158,0.473992,
2.94444,-0.167571,-1.64144,0.496011,
2.93788,-0.165503,-1.64082,0.517082,
2.93132,-0.163354,-1.63973,0.537191,
2.92477,-0.161129,-1.63816,0.556323,
2.91822,-0.158831,-1.6361,0.574463,
2.91169,-0.156464,-1.63356,0.5916,
2.90516,-0.154034,-1.63054,0.607723,
2.89866,-0.151542,-1.62703,0.62282,
2.89216,-0.148995,-1.62304,0.636884,
2.88569,-0.146395,-1.61855,0.649905,
2.87924,-0.143748,-1.61357,0.661877,
2.8728,-0.141056,-1.60811,0.672795,
2.86639,-0.138326,-1.60215,0.682654,
2.86001,-0.13556,-1.59571,0.691451,
2.85366,-0.132763,-1.58878,0.699183,
2.84733,-0.12994,-1.58136,0.705851,
2.84104,-0.127094,-1.57346,0.711454,
2.83478,-0.12423,-1.56507,0.715994,
2.82855,-0.121352,-1.55621,0.719475,
2.82236,-0.118465,-1.54687,0.7219,
2.81622,-0.115571,-1.53705,0.723276,
2.81011,-0.112677,-1.52677,0.723607,
2.80405,-0.109785,-1.51602,0.722903,
2.79803,-0.106901,-1.50481,0.721173,
2.79205,-0.104027,-1.49314,0.718426,
2.78613,-0.101168,-1.48102,0.714674,
2.78026,-0.0983286,-1.46845,0.709929,
2.77443,-0.0955118,-1.45544,0.704205,
2.76867,-0.0927217,-1.442,0.697516,
2.76295,-0.0899622,-1.42813,0.689877,
2.7573,-0.087237,-1.41384,0.681306,
2.7517,-0.0845497,-1.39914,0.671819,
2.74617,-0.0819039,-1.38402,0.661435,
2.74069,-0.0793033,-1.36851,0.650173,
2.73528,-0.076751,-1.35261,0.638052,
2.72994,-0.0742507,-1.33632,0.625094,
2.72466,-0.0718054,-1.31966,0.611319,
2.71945,-0.0694184,-1.30263,0.596749,
2.71431,-0.0670928,-1.28524,0.581407,
2.70924,-0.0648315,-1.2675,0.565315,
2.70424,-0.0626375,-1.24942,0.548498,
2.69931,-0.0605136,-1.23101,0.53098,
2.69446,-0.0584625,-1.21228,0.512783,
2.68969,-0.0564867,-1.19323,0.493934,
2.685,-0.0545889,-1.17388,0.474457,
2.68038,-0.0527714,-1.15424,0.454377,
2.67584,-0.0510365,-1.13431,0.433719,
2.67139,-0.0493865,-1.1141,0.41251,
2.66701,-0.0478234,-1.09363,0.390775,
2.66272,-0.0463492,-1.0729,0.368539,
2.65851,-0.0449659,-1.05193,0.345829,
2.65439,-0.0436752,-1.03072,0.32267,
2.65035,-0.0424789,-1.00929,0.299088,
2.6464,-0.0413784,-0.987635,0.275109,
2.64254,-0.0403754,-0.965775,0.250759,
2.63876,-0.0394712,-0.943719,0.226063,
2.63508,-0.038667,-0.921475,0.201046,
2.63148,-0.037964,-0.899053,0.175735,
2.62798,-0.0373634,-0.876462,0.150153,
2.62456,-0.0368661,-0.853713,0.124327,
2.62124,-0.036473,-0.830815,0.0982808,
2.61801,-0.0361848,-0.807777,0.072039,
2.61487,-0.0360023,-0.784609,0.0456262,
2.61182,-0.0359261,-0.761319,0.0190664,
2.60887,-0.0359565,-0.737919,-0.00761644,
2.60601,-0.0360941,-0.714415,-0.0343986,
2.60325,-0.0363391,-0.690819,-0.0612567,
2.60058,-0.0366918,-0.667138,-0.0881676,
2.59801,-0.0371522,-0.643382,-0.115108,
2.59553,-0.0377205,-0.61956,-0.142056,
2.59315,-0.0383964,-0.595681,-0.168989,
2.59086,-0.03918,-0.571753,-0.195884,
2.58867,-0.0400708,-0.547785,-0.22272,
2.58657,-0.0410687,-0.523785,-0.249475,
2.58457,-0.0421733,-0.499763,-0.276128,
2.58267,-0.0433839,-0.475727,-0.302657,
2.58086,-0.0447001,-0.451684,-0.329042,
2.57915,-0.0461211,-0.427644,-0.355263,
2.57754,-0.0476463,-0.403614,-0.381297,
2.57602,-0.0492748,-0.379603,-0.407127,
2.5746,-0.0510057,-0.355619,-0.432731,
2.57327,-0.0528381,-0.33167,-0.45809,
2.57204,-0.0547708,-0.307763,-0.483184,
2.57091,-0.0568028,-0.283906,-0.507995,
2.56986,-0.0589328,-0.260108,-0.532504,
2.56892,-0.0611596,-0.236375,-0.556691,
2.56807,-0.0634817,-0.212716,-0.580539,
2.56731,-0.0658979,-0.189137,-0.604029,
2.56665,-0.0684064,-0.165646,-0.627143,
2.56608,-0.0710059,-0.142251,-0.649864,
2.5656,-0.0736946,-0.118958,-0.672174,
2.56522,-0.0764708,-0.095774,-0.694056,
2.56493,-0.0793328,-0.0727068,-0.715494,
2.56473,-0.0822787,-0.0497629,-0.73647,
2.56462,-0.0853065,-0.026949,-0.756969,
2.56461,-0.0884144,-0.00427172,-0.776974,
2.56468,-0.0916003,0.0182625,-0.79647,
2.56484,-0.0948621,0.0406471,-0.815441,
2.56509,-0.0981976,0.0628761,-0.833873,
2.56543,-0.101605,0.0849431,-0.851751,
2.56586,-0.105081,0.106842,-0.86906,
2.56638,-0.108624,0.128568,-0.885787,
2.56698,-0.112232,0.150114,-0.901918,
2.56766,-0.115901,0.171475,-0.91744,
2.56843,-0.119631,0.192645,-0.932339,
2.56929,-0.123417,0.21362,-0.946605,
2.57022,-0.127258,0.234394,-0.960224,
2.57124,-0.131151,0.254962,-0.973186,
2.57235,-0.135093,0.27532,-0.985479,
2.57353,-0.139081,0.295462,-0.997093,
2.57479,-0.143113,0.315385,-1.00802,
2.57613,-0.147186,0.335084,-1.01824,
2.57755,-0.151297,0.354554,-1.02776,
2.57904,-0.155443,0.373793,-1.03656,
2.58061,-0.159622,0.392796,-1.04464,
2.58226,-0.16383,0.411559,-1.05198,
2.58398,-0.168064,0.430079,-1.05859,
2.58577,-0.172322,0.448353,-1.06444,
2.58764,-0.1766,0.466378,-1.06955,
2.58958,-0.180896,0.484151,-1.0739,
2.59158,-0.185206,0.501669,-1.07749,
2.59366,-0.189527,0.518929,-1.08031,
2.5958,-0.193856,0.53593,-1.08236,
2.59801,-0.198191,0.552668,-1.08363,
2.60029,-0.202527,0.569143,-1.08413,
2.60263,-0.206863,0.585351,-1.08385,
2.60504,-0.211194,0.601292,-1.08279,
2.6075,-0.215518,0.616963,-1.08095,
2.61003,-0.219831,0.632363,-1.07832,
2.61262,-0.224131,0.647491,-1.07491,
2.61527,-0.228414,0.662346,-1.07072,
2.61798,-0.232677,0.676927,-1.06575,
2.62075,-0.236917,0.691232,-1.05999,
2.62357,-0.24113,0.705261,-1.05345,
2.62644,-0.245315,0.719012,-1.04614,
2.62937,-0.249467,0.732487,-1.03805,
2.63235,-0.253584,0.745683,-1.02919,
2.63539,-0.257662,0.758601,-1.01955,
2.63847,-0.261699,0.771241,-1.00915,
2.64161,-0.265691,0.783601,-0.997988,
2.64479,-0.269635,0.795682,-0.986066,
2.64802,-0.273529,0.807483,-0.97339,
2.6513,-0.277368,0.819006,-0.959965,
2.65462,-0.281152,0.830248,-0.945795,
2.65798,-0.284875,0.841212,-0.930885,
2.66139,-0.288536,0.851896,-0.915242,
2.66484,-0.292132,0.862301,-0.898871,
2.66833,-0.295659,0.872427,-0.881779,
2.67186,-0.299115,0.882274,-0.86397,
2.67543,-0.302496,0.891842,-0.845453,
2.67903,-0.305801,0.901132,-0.826233,
2.68267,-0.309027,0.910143,-0.806317,
2.68635,-0.312169,0.918876,-0.785712,
2.69006,-0.315227,0.927332,-0.764426,
2.6938,-0.318197,0.935509,-0.742466,
2.69757,-0.321076,0.94341,-0.719839,
2.70138,-0.323863,0.951033,-0.696553,
2.70521,-0.326553,0.95838,-0.672615,
2.70907,-0.329145,0.96545,-0.648034,
2.71296,-0.331636,0.972243,-0.622818,
2.71688,-0.334024,0.97876,-0.596975,
2.72082,-0.336306,0.985002,-0.570513,
2.72478,-0.33848,0.990968,-0.543441,
2.72877,-0.340543,0.996659,-0.515767,
2.73277,-0.342493,1.00207,-0.487501,
2.7368,-0.344328,1.00722,-0.458651,
2.74085,-0.346045,1.01208,-0.429226,
2.74492,-0.347642,1.01668,-0.399235,
2.749,-0.349116,1.021,-0.368689,
2.7531,-0.350467,1.02504,-0.337596,
2.75722,-0.351691,1.02882,-0.305968,
2.76135,-0.352786,1.03232,-0.273812,
2.76549,-0.353751,1.03555,-0.241141,
2.76964,-0.354582,1.03851,-0.207965,
2.77381,-0.35528,1.0412,-0.174294,
2.77798,-0.35584,1.04362,-0.140139,
2.78217,-0.356262,1.04577,-0.105512,
2.78636,-0.356544,1.04766,-0.0704256,
2.79055,-0.356683,1.04928,-0.0348906,
2.79476,-0.356679,1.05063,0.00108015,
2.79896,-0.356529,1.05173,0.0374738,
2.80317,-0.356232,1.05256,0.0742771,
2.80739,-0.355786,1.05313,0.111476,
2.8116,-0.35519,1.05344,0.149057,
2.81581,-0.354442,1.0535,0.187005,
2.82003,-0.353541,1.0533,0.225305,
2.82424,-0.352485,1.05286,0.263941,
2.82845,-0.351273,1.05216,0.302896,
2.83265,-0.349905,1.05122,0.342154,
2.83685,-0.348378,1.05004,0.381697,
2.84105,-0.346692,1.04863,0.421507,
2.84523,-0.344846,1.04697,0.461563,
2.84941,-0.342838,1.0451,0.501847,
2.85359,-0.340669,1.04299,0.542338,
2.85775,-0.338337,1.04067,0.583014,
2.8619,-0.335841,1.03813,0.623852,
2.86604,-0.333182,1.03539,0.664829,
2.87017,-0.330358,1.03244,0.705921,
2.87429,-0.32737,1.0293,0.747102,
2.87839,-0.324217,1.02597,0.788345,
2.88248,-0.320898,1.02246,0.829623,
2.88656,-0.317415,1.01878,0.870908,
2.89062,-0.313766,1.01493,0.912168,
2.89466,-0.309952,1.01093,0.953373,
2.89869,-0.305974,1.00679,0.99449,
2.9027,-0.301833,1.00251,1.03549,
2.90669,-0.297527,0.998113,1.07633,
2.91067,-0.293059,0.9936,1.11697,
2.91462,-0.28843,0.988988,1.15739,
2.91856,-0.28364,0.984288,1.19754,
2.92248,-0.27869,0.979513,1.23738,
2.92638,-0.273583,0.974678,1.27686,
2.93026,-0.268319,0.969796,1.31596,
2.93411,-0.2629,0.964883,1.35461,
2.93795,-0.257329,0.959953,1.39278,
2.94177,-0.251608,0.955023,1.43042,
2.94557,-0.245738,0.95011,1.46747,
2.94936,-0.239722,0.945229,1.5039,
2.95312,-0.233563,0.940398,1.53965,
2.95686,-0.227265,0.935636,1.57467,
2.96058,-0.220829,0.93096,1.60891,
2.96429,-0.21426,0.926389,1.64231,
2.96798,-0.207561,0.921941,1.67482,
2.97165,-0.200735,0.917637,1.70639,
2.9753,-0.193787,0.913495,1.73696,
2.97894,-0.186721,0.909534,1.76647,
2.98256,-0.179542,0.905774,1.79488,
2.98617,-0.172253,0.902234,1.82213,
2.98977,-0.164861,0.898933,1.84816,
2.99335,-0.157369,0.895891,1.87293,
2.99692,-0.149783,0.893126,1.89638,
3.00049,-0.14211,0.890656,1.91845,
3.00404,-0.134353,0.888499,1.9391,
3.00759,-0.12652,0.886672,1.95829,
3.01113,-0.118616,0.885192,1.97596,
3.01466,-0.110648,0.884074,1.99208,
3.0182,-0.102621,0.883333,2.0066,
3.02173,-0.0945436,0.882982,2.01948,
3.02526,-0.0864208,0.883034,2.03069,
3.0288,-0.07826,0.883501,2.0402,
3.03233,-0.0700681,0.884392,2.04798,
3.03588,-0.061852,0.885716,2.05401,
3.03943,-0.053619,0.887481,2.05826,
3.04298,-0.0453762,0.889693,2.06071,
3.04655,-0.0371307,0.892355,2.06137,
3.05014,-0.0288899,0.89547,2.06021,
3.05373,-0.0206609,0.899041,2.05724,
3.05734,-0.0124511,0.903065,2.05245,
3.06097,-0.00426773,0.907541,2.04585,
3.06462,0.00388207,0.912466,2.03745,
3.0683,0.0119911,0.917834,2.02727,
3.07199,0.0200524,0.923638,2.01531,
3.07571,0.0280589,0.92987,2.00162,
3.07946,0.0360036,0.936521,1.9862,
3.08323,0.04388,0.943579,1.96909,
3.08703,0.0516813,0.951031,1.95032,
3.09087,0.059401,0.958865,1.92993,
3.09474,0.0670329,0.967065,1.90797,
3.09864,0.0745707,0.975615,1.88446,
3.10258,0.0820086,0.984499,1.85947,
3.10655,0.0893407,0.993698,1.83303,
3.11057,0.0965615,1.00319,1.8052,
3.11462,0.103666,1.01297,1.77602,
3.11871,0.110648,1.023,1.74556,
3.12284,0.117503,1.03327,1.71386,
3.12702,0.124227,1.04376,1.68099,
3.13124,0.130815,1.05445,1.64699,
3.1355,0.137263,1.06531,1.61194,
3.1398,0.143566,1.07633,1.57587,
3.14415,0.149722,1.08748,1.53886,
3.14855,0.155726,1.09874,1.50096,
3.15299,0.161575,1.1101,1.46223,
3.15747,0.167266,1.12152,1.42272,
3.16201,0.172796,1.133,1.3825,
3.16658,0.178162,1.14451,1.34161,
3.17121,0.183362,1.15603,1.30012,
3.17588,0.188395,1.16753,1.25808,
3.18059,0.193257,1.17901,1.21554,
3.18536,0.197947,1.19045,1.17255,
3.19016,0.202464,1.20181,1.12918,
3.19502,0.206806,1.2131,1.08546,
3.19991,0.210971,1.22429,1.04145,
3.20485,0.21496,1.23536,0.99719,
3.20984,0.218771,1.24629,0.952736,
3.21487,0.222404,1.25708,0.908132,
3.21994,0.225857,1.26771,0.86342,
3.22505,0.229132,1.27816,0.818646,
3.2302,0.232227,1.28842,0.773851,
3.2354,0.235144,1.29847,0.729076,
3.24063,0.237881,1.30831,0.684363,
3.2459,0.24044,1.31791,0.639748,
3.25121,0.242821,1.32728,0.595271,
3.25656,0.245025,1.33639,0.550968,
3.26194,0.247053,1.34524,0.506875,
3.26735,0.248905,1.35381,0.463027,
3.2728,0.250582,1.3621,0.419457,
3.27828,0.252087,1.37009,0.376199,
3.28379,0.25342,1.37778,0.333284,
3.28933,0.254583,1.38516,0.290744,
3.2949,0.255578,1.39221,0.248609,
3.3005,0.256405,1.39894,0.206908,
3.30612,0.257068,1.40533,0.16567,
3.31177,0.257568,1.41138,0.124922,
3.31743,0.257907,1.41707,0.0846935,
3.32312,0.258087,1.42241,0.0450094,
3.32883,0.25811,1.42739,0.00589584,
3.33456,0.25798,1.43199,-0.0326218,
3.34031,0.257698,1.43622,-0.0705191,
3.34607,0.257267,1.44006,-0.107772,
3.35184,0.256689,1.44352,-0.144357,
3.35763,0.255968,1.44658,-0.180252,
3.36342,0.255106,1.44925,-0.215434,
3.36923,0.254107,1.45152,-0.249882,
3.37504,0.252973,1.45337,-0.283576,
3.38086,0.251707,1.45482,-0.316493,
3.38669,0.250312,1.45585,-0.348616,
3.39251,0.248792,1.45647,-0.379924,
3.39834,0.247151,1.45666,-0.410399,
3.40416,0.245391,1.45643,-0.440023,
3.40999,0.243516,1.45576,-0.468778,
3.41581,0.241529,1.45467,-0.496649,
3.42162,0.239435,1.45314,-0.523619,
3.42742,0.237236,1.45117,-0.549672,
3.43322,0.234937,1.44876,-0.574793,
3.439,0.232541,1.44591,-0.59897,
3.44477,0.230052,1.44262,-0.622187,
3.45053,0.227474,1.43888,-0.644434,
3.45627,0.224812,1.43469,-0.665698,
3.46199,0.222068,1.43006,-0.685967,
3.46769,0.219247,1.42497,-0.705232,
3.47337,0.216353,1.41944,-0.723484,
3.47902,0.21339,1.41345,-0.740714,
3.48465,0.210362,1.40701,-0.756913,
3.49025,0.207274,1.40012,-0.772077,
3.49582,0.204129,1.39278,-0.786198,
3.50136,0.200932,1.38499,-0.799272,
3.50687,0.197687,1.37674,-0.811294,
3.51234,0.194398,1.36805,-0.822263,
3.51777,0.191069,1.35891,-0.832176,
3.52317,0.187705,1.34932,-0.841033,
3.52853,0.18431,1.33929,-0.848832,
3.53384,0.180887,1.32881,-0.855576,
3.53911,0.177442,1.3179,-0.861267,
3.54434,0.173979,1.30655,-0.865908,
3.54952,0.170501,1.29476,-0.869503,
3.55465,0.167012,1.28254,-0.872057,
3.55973,0.163518,1.2699,-0.873578,
3.56476,0.160022,1.25683,-0.874072,
3.56973,0.156528,1.24334,-0.873548,
3.57465,0.15304,1.22944,-0.872015,
3.57951,0.149562,1.21513,-0.869484,
3.58431,0.146098,1.20042,-0.865966,
3.58905,0.142652,1.1853,-0.861473,
3.59373,0.139228,1.1698,-0.85602,
3.59835,0.135829,1.1539,-0.849619,
3.6029,0.13246,1.13763,-0.842287,
3.60738,0.129124,1.12098,-0.834039,
3.6118,0.125825,1.10397,-0.824893,
3.61614,0.122565,1.08659,-0.814864,
3.62042,0.119349,1.06886,-0.803973,
3.62462,0.11618,1.05078,-0.792237,
3.62875,0.113062,1.03237,-0.779677,
3.63281,0.109996,1.01363,-0.766313,
3.63678,0.106988,0.994563,-0.752165,
3.64068,0.104039,0.975184,-0.737255,
3.64451,0.101152,0.9555,-0.721605,
3.64825,0.0983312,0.935518,-0.705237,
3.65191,0.0955785,0.915249,-0.688174,
3.65549,0.0928968,0.894699,-0.670439,
3.65898,0.0902885,0.87388,-0.652055,
3.6624,0.0877564,0.852798,-0.633046,
3.66572,0.0853026,0.831464,-0.613436,
3.66896,0.0829296,0.809887,-0.593249,
3.67211,0.0806396,0.788075,-0.572509,
3.67518,0.0784346,0.766038,-0.551242,
3.67815,0.0763167,0.743786,-0.529471,
3.68104,0.0742879,0.721327,-0.507221,
3.68383,0.0723498,0.698671,-0.484516,
3.68654,0.0705043,0.675828,-0.461382,
3.68915,0.0687529,0.652806,-0.437843,
3.69167,0.0670972,0.629615,-0.413923,
3.69409,0.0655386,0.606264,-0.389648,
3.69642,0.0640784,0.582763,-0.365042,
3.69866,0.0627179,0.55912,-0.340128,
3.7008,0.0614582,0.535346,-0.314932,
3.70284,0.0603003,0.51145,-0.289478,
3.70479,0.0592451,0.48744,-0.263789,
3.70665,0.0582936,0.463326,-0.23789,
3.7084,0.0574464,0.439116,-0.211803,
3.71006,0.0567041,0.414821,-0.185554,
3.71163,0.0560675,0.390449,-0.159165,
3.71309,0.0555368,0.366008,-0.132659,
3.71446,0.0551126,0.341509,-0.106059,
3.71572,0.0547951,0.316959,-0.0793887,
3.71689,0.0545844,0.292368,-0.0526705,
3.71796,0.0544807,0.267745,-0.0259268,
3.71894,0.0544839,0.243098,0.000820097,
3.71981,0.0545941,0.218435,0.0275479,
3.72059,0.0548111,0.193766,0.0542346,
3.72126,0.0551345,0.169098,0.0808584,
3.72184,0.0555641,0.144442,0.107398,
3.72232,0.0560994,0.119804,0.133831,
3.7227,0.05674,0.0951931,0.160136,
3.72298,0.0574851,0.0706182,0.186293,
3.72317,0.0583343,0.0460873,0.212281,
3.72325,0.0592866,0.0216087,0.238077,
3.72324,0.0603412,-0.00280955,0.263663,
3.72313,0.0614973,-0.0271592,0.289016,
3.72293,0.0627538,-0.0514322,0.314117,
3.72262,0.0641095,-0.0756204,0.338945,
3.72223,0.0655635,-0.099716,0.363481,
3.72173,0.0671143,-0.123711,0.387703,
3.72114,0.0687607,-0.147597,0.411593,
3.72045,0.0705012,-0.171367,0.43513,
3.71967,0.0723344,-0.195013,0.458296,
3.7188,0.0742586,-0.218528,0.48107,
3.71783,0.0762724,-0.241903,0.503433,
3.71677,0.0783738,-0.26513,0.525367,
3.71562,0.0805613,-0.288204,0.546853,
3.71438,0.0828327,-0.311115,0.567872,
3.71304,0.0851864,-0.333858,0.588405,
3.71161,0.0876201,-0.356424,0.608435,
3.7101,0.0901319,-0.378806,0.627944,
3.70849,0.0927195,-0.400998,0.646913,
3.7068,0.0953808,-0.422992,0.665326,
3.70502,0.0981135,-0.444781,0.683166,
3.70316,0.100915,-0.46636,0.700415,
3.70121,0.103783,-0.48772,0.717057,
3.69917,0.106716,-0.508856,0.733077,
3.69705,0.10971,-0.529761,0.748457,
3.69485,0.112762,-0.550429,0.763184,
3.69257,0.115871,-0.570854,0.777242,
3.6902,0.119034,-0.591029,0.790616,
3.68776,0.122247,-0.61095,0.803293,
3.68524,0.125508,-0.63061,0.815258,
3.68264,0.128814,-0.650003,0.826499,
3.67996,0.132162,-0.669125,0.837003,
3.67721,0.135549,-0.68797,0.846757,
3.67438,0.138972,-0.706533,0.855751,
3.67148,0.142428,-0.72481,0.863974,
3.66851,0.145913,-0.742795,0.871414,
3.66547,0.149426,-0.760484,0.878062,
3.66236,0.152961,-0.777873,0.883908,
3.65918,0.156517,-0.794959,0.888945,
3.65593,0.16009,-0.811736,0.893164,
3.65262,0.163676,-0.828201,0.896557,
3.64924,0.167273,-0.844351,0.899119,
3.6458,0.170876,-0.860183,0.900842,
3.6423,0.174483,-0.875692,0.901722,
3.63874,0.17809,-0.890878,0.901754,
3.63511,0.181694,-0.905736,0.900934,
3.63143,0.185291,-0.920264,0.899258,
3.62769,0.188877,-0.934461,0.896724,
3.6239,0.192451,-0.948323,0.893329,
3.62005,0.196007,-0.961849,0.889073,
3.61615,0.199543,-0.975038,0.883955,
3.6122,0.203055,-0.987887,0.877974,
3.6082,0.206539,-1.0004,0.871131,
3.60415,0.209993,-1.01256,0.863428,
3.60005,0.213412,-1.02439,0.854867,
3.59591,0.216794,-1.03587,0.845449,
3.59172,0.220135,-1.047,0.835178,
3.58749,0.223431,-1.05779,0.824059,
3.58322,0.22668,-1.06824,0.812094,
3.5789,0.229877,-1.07834,0.79929,
3.57455,0.233019,-1.0881,0.785651,
3.57016,0.236104,-1.09751,0.771184,
3.56573,0.239128,-1.10657,0.755895,
3.56127,0.242087,-1.11529,0.739791,
3.55678,0.244978,-1.12367,0.72288,
3.55225,0.247799,-1.1317,0.70517,
3.54769,0.250546,-1.13939,0.68667,
3.54311,0.253215,-1.14674,0.667388,
3.53849,0.255805,-1.15374,0.647334,
3.53385,0.258311,-1.16041,0.626517,
3.52918,0.26073,-1.16674,0.60495,
3.52449,0.263061,-1.17273,0.582641,
3.51978,0.265299,-1.17838,0.559602,
3.51504,0.267443,-1.1837,0.535845,
3.51029,0.269488,-1.18869,0.511382,
3.50552,0.271433,-1.19335,0.486225,
3.50072,0.273275,-1.19767,0.460387,
3.49592,0.27501,-1.20167,0.43388,
3.4911,0.276637,-1.20534,0.406719,
3.48626,0.278153,-1.20869,0.378918,
3.48142,0.279555,-1.21172,0.35049,
3.47656,0.280841,-1.21443,0.321449,
3.47169,0.282008,-1.21682,0.291812,
3.46681,0.283054,-1.2189,0.261593,
3.46193,0.283977,-1.22066,0.230809,
3.45704,0.284775,-1.22212,0.199474,
3.45215,0.285446,-1.22327,0.167606,
3.44725,0.285987,-1.22412,0.135222,
3.44236,0.286396,-1.22467,0.102338,
3.43746,0.286672,-1.22493,0.0689733,
3.43256,0.286813,-1.22489,0.0351452,
3.42766,0.286816,-1.22456,0.00087262,
3.42276,0.286681,-1.22395,-0.0338255,
3.41787,0.286405,-1.22306,-0.0689294,
3.41298,0.285987,-1.22189,-0.104419,
3.4081,0.285426,-1.22045,-0.140274,
3.40323,0.28472,-1.21874,-0.176473,
3.39836,0.283868,-1.21677,-0.212994,
3.3935,0.282869,-1.21455,-0.249816,
3.38865,0.281721,-1.21207,-0.286914,
3.38381,0.280424,-1.20935,-0.324266,
3.37899,0.278977,-1.20638,-0.361848,
3.37418,0.277378,-1.20319,-0.399634,
3.36938,0.275628,-1.19977,-0.437599,
3.36459,0.273725,-1.19613,-0.475717,
3.35982,0.271669,-1.19227,-0.513961,
3.35507,0.26946,-1.18822,-0.552303,
3.35033,0.267097,-1.18396,-0.590714,
3.34562,0.264581,-1.17952,-0.629166,
3.34092,0.26191,-1.1749,-0.667628,
3.33624,0.259086,-1.17011,-0.706068,
3.33158,0.256108,-1.16516,-0.744457,
3.32694,0.252977,-1.16005,-0.782759,
3.32232,0.249693,-1.15481,-0.820943,
3.31772,0.246257,-1.14944,-0.858973,
3.31314,0.24267,-1.14395,-0.896815,
3.30859,0.238932,-1.13835,-0.934432,
3.30406,0.235045,-1.13265,-0.971787,
3.29955,0.23101,-1.12688,-1.00884,
3.29507,0.226828,-1.12103,-1.04556,
3.29061,0.2225,-1.11512,-1.0819,
3.28617,0.218029,-1.10917,-1.11782,
3.28176,0.213416,-1.10319,-1.15328,
3.27737,0.208663,-1.0972,-1.18824,
3.273,0.203772,-1.0912,-1.22266,
3.26866,0.198746,-1.08521,-1.25649,
3.26435,0.193587,-1.07925,-1.2897,
3.26005,0.188298,-1.07334,-1.32223,
3.25578,0.182882,-1.06748,-1.35404,
3.25154,0.177342,-1.0617,-1.38509,
3.24731,0.17168,-1.056,-1.41534,
3.24311,0.165901,-1.05041,-1.44473,
3.23893,0.160009,-1.04494,-1.47323,
3.23477,0.154005,-1.0396,-1.50079,
3.23063,0.147896,-1.03442,-1.52737,
3.22652,0.141684,-1.0294,-1.55292,
3.22242,0.135375,-1.02457,-1.57741,
3.21834,0.128971,-1.01993,-1.60078,
3.21428,0.122479,-1.0155,-1.62301,
3.21023,0.115903,-1.0113,-1.64405,
3.2062,0.109248,-1.00734,-1.66386,
3.20219,0.102518,-1.00363,-1.68241,
3.19819,0.0957195,-1.00018,-1.69966,
3.1942,0.0888572,-0.997009,-1.71558,
3.19022,0.0819366,-0.994126,-1.73014,
3.18626,0.0749634,-0.991541,-1.74331,
3.1823,0.0679431,-0.989262,-1.75507,
3.17835,0.0608815,-0.987299,-1.7654,
3.17441,0.0537844,-0.985658,-1.77426,
3.17047,0.0466578,-0.984347,-1.78165,
3.16654,0.0395076,-0.983371,-1.78756,
3.16261,0.0323397,-0.982734,-1.79196,
3.15868,0.0251603,-0.982438,-1.79485,
3.15475,0.0179754,-0.982487,-1.79623,
3.15081,0.010791,-0.982881,-1.7961,
3.14688,0.00361322,-0.98362,-1.79445,
3.14294,-0.00355193,-0.984702,-1.79129,
3.139,-0.0106984,-0.986124,-1.78663,
3.13505,-0.0178203,-0.987883,-1.78047,
3.13109,-0.0249117,-0.989973,-1.77285,
3.12712,-0.0319667,-0.992389,-1.76376,
3.12314,-0.0389797,-0.995123,-1.75323,
3.11914,-0.0459448,-0.998168,-1.74129,
3.11514,-0.0528566,-1.00151,-1.72795,
3.11112,-0.0597096,-1.00515,-1.71326,
3.10708,-0.0664985,-1.00907,-1.69723,
3.10303,-0.0732181,-1.01325,-1.6799,
3.09896,-0.0798634,-1.01769,-1.66131,
3.09487,-0.0864294,-1.02238,-1.6415,
3.09076,-0.0929114,-1.02729,-1.6205,
3.08663,-0.0993048,-1.03241,-1.59835,
3.08248,-0.105605,-1.03774,-1.5751,
3.0783,-0.111808,-1.04325,-1.55078,
3.07411,-0.11791,-1.04892,-1.52545,
3.06989,-0.123907,-1.05475,-1.49914,
3.06565,-0.129794,-1.06072,-1.47191,
3.06138,-0.13557,-1.06681,-1.4438,
3.05709,-0.141229,-1.073,-1.41485,
3.05277,-0.146769,-1.07927,-1.38512,
3.04843,-0.152188,-1.08562,-1.35464,
3.04406,-0.157482,-1.09203,-1.32347,
3.03967,-0.162648,-1.09847,-1.29165,
3.03525,-0.167685,-1.10493,-1.25923,
3.0308,-0.17259,-1.1114,-1.22626,
3.02633,-0.177361,-1.11786,-1.19277,
3.02183,-0.181997,-1.1243,-1.15882,
3.01731,-0.186495,-1.1307,-1.12445,
3.01276,-0.190853,-1.13704,-1.0897,
3.00819,-0.195072,-1.14332,-1.05462,
3.00359,-0.199149,-1.14951,-1.01924,
2.99897,-0.203083,-1.15561,-0.98361,
2.99432,-0.206874,-1.16159,-0.947768,
2.98965,-0.210521,-1.16746,-0.911753,
2.98496,-0.214024,-1.17319,-0.875603,
2.98024,-0.217381,-1.17877,-0.839356,
2.97551,-0.220593,-1.1842,-0.803048,
2.97075,-0.22366,-1.18946,-0.766714,
2.96597,-0.226582,-1.19453,-0.730389,
2.96117,-0.229358,-1.19942,-0.694106,
2.95636,-0.23199,-1.20411,-0.657898,
2.95152,-0.234477,-1.20859,-0.621795,
2.94667,-0.23682,-1.21284,-0.58583,
2.9418,-0.23902,-1.21688,-0.55003,
2.93692,-0.241078,-1.22067,-0.514426,
2.93202,-0.242994,-1.22422,-0.479045,
2.92711,-0.24477,-1.22752,-0.443914,
2.92219,-0.246406,-1.23057,-0.409058,
2.91726,-0.247904,-1.23334,-0.374504,
2.91231,-0.249265,-1.23585,-0.340276,
2.90736,-0.250491,-1.23808,-0.306397,
2.9024,-0.251582,-1.24002,-0.27289,
2.89743,-0.252542,-1.24168,-0.239778,
2.89246,-0.25337,-1.24304,-0.207081,
2.88749,-0.254069,-1.2441,-0.174821,
2.88251,-0.254641,-1.24486,-0.143017,
2.87753,-0.255088,-1.24531,-0.111688,
2.87254,-0.255411,-1.24545,-0.0808535,
2.86756,-0.255614,-1.24527,-0.0505305,
2.86258,-0.255696,-1.24477,-0.0207367,
2.85761,-0.255662,-1.24395,0.00851166,
2.85264,-0.255514,-1.2428,0.0371985,
2.84767,-0.255252,-1.24133,0.0653085,
2.84271,-0.254881,-1.23952,0.0928271,
2.83776,-0.254402,-1.23738,0.11974,
2.83282,-0.253818,-1.2349,0.146034,
2.8279,-0.253131,-1.23208,0.171696,
2.82298,-0.252344,-1.22893,0.196714,
2.81808,-0.25146,-1.22543,0.221076,
2.81319,-0.250481,-1.22159,0.244771,
2.80832,-0.24941,-1.2174,0.267788,
2.80347,-0.248249,-1.21287,0.290118,
2.79864,-0.247002,-1.208,0.311751,
2.79383,-0.245672,-1.20277,0.332678,
2.78904,-0.24426,-1.1972,0.352891,
2.78427,-0.242771,-1.19129,0.372382,
2.77953,-0.241206,-1.18502,0.391145,
2.77482,-0.239569,-1.17841,0.409173,
2.77013,-0.237863,-1.17144,0.42646,
2.76548,-0.236091,-1.16413,0.443,
2.76085,-0.234256,-1.15648,0.458789,
2.75626,-0.232361,-1.14848,0.473824,
2.7517,-0.230409,-1.14013,0.488099,
2.74717,-0.228402,-1.13144,0.501613,
2.74268,-0.226345,-1.12241,0.514364,
2.73823,-0.224239,-1.11303,0.526349,
2.73382,-0.222089,-1.10331,0.537567,
2.72944,-0.219897,-1.09326,0.548018,
2.72511,-0.217666,-1.08287,0.557703,
2.72082,-0.2154,-1.07215,0.566621,
2.71658,-0.213101,-1.06109,0.574775,
2.71238,-0.210772,-1.04971,0.582166,
2.70823,-0.208417,-1.038,0.588797,
2.70412,-0.206038,-1.02596,0.594671,
2.70007,-0.203639,-1.0136,0.599793,
2.69607,-0.201222,-1.00093,0.604165,
2.69211,-0.198791,-0.98794,0.607794,
2.68822,-0.196348,-0.97464,0.610685,
2.68437,-0.193897,-0.961032,0.612844,
2.68058,-0.19144,-0.947121,0.614278,
2.67685,-0.18898,-0.93291,0.614995,
2.67318,-0.18652,-0.918403,0.615001,
2.66956,-0.184063,-0.903605,0.614307,
2.66601,-0.181611,-0.88852,0.61292,
2.66252,-0.179167,-0.873153,0.61085,
2.65909,-0.176735,-0.857509,0.608108,
2.65572,-0.174316,-0.841592,0.604704,
2.65242,-0.171914,-0.825407,0.600648,
2.64918,-0.16953,-0.80896,0.595953,
2.64601,-0.167167,-0.792256,0.590629,
2.64291,-0.164829,-0.775301,0.584691,
2.63988,-0.162516,-0.758099,0.57815,
2.63692,-0.160232,-0.740657,0.571019,
2.63403,-0.157979,-0.722981,0.563313,
2.63121,-0.155758,-0.705076,0.555045,
2.62846,-0.153574,-0.686948,0.546229,
2.62578,-0.151426,-0.668604,0.53688,
