0.00366396,-0.000510875,-5.21499e-05,0.00104273,-0.00206311,-0.00023089,-9.10884e-06,-0.000510875,0.00106103,-0.000934154,0.000538232,0.00141757,-6.9198e-05,7.22267e-06,-5.21499e-05,-0.000934154,0.00397453,-0.000507612,-0.000626526,-3.52053e-05,7.6035e-05,0.00104273,0.000538232,-0.000507612,0.00264453,0.00132857,0.00113122,6.38836e-05,-0.00206311,0.00141757,-0.000626526,0.00132857,0.0264444,0.000549394,0.000936836,-0.00023089,-6.9198e-05,-3.52053e-05,0.00113122,0.000549394,0.0253386,0.000252299,-9.10884e-06,7.22268e-06,7.6035e-05,6.38836e-05,0.000936836,0.000252299,0.0466447,
0.00366569,0,-5.63382e-05,0.00104181,-0.00205753,0,-9.14668e-06,-0.00051448,0,-0.000936277,0.000535277,0.00141871,0,7.0203e-06,-5.63382e-05,0,0.00397339,-0.000507955,-0.000625135,0,7.56698e-05,0.00104181,0,-0.000507955,0.00264107,0.00133251,0,6.38291e-05,-0.00205753,0,-0.000625135,0.00133251,0.0264373,0,0.000936226,-0.000234173,0,-3.63513e-05,0.00113126,0.000552091,0,0.000253849,-9.14668e-06,0,7.56698e-05,6.38292e-05,0.000936226,0,0.0466446,
0.00366831,0,-6.10316e-05,0.00104016,-0.00205087,-0.000237892,-9.24211e-06,-0.000518668,0,-0.000938616,0.000532525,0.00142024,-7.04911e-05,6.86295e-06,-6.10317e-05,0,0.00397144,-0.000508778,-0.000622321,-3.68742e-05,7.50883e-05,0.00104016,0,-0.000508778,0.00263715,0.00133683,0.00113259,6.36675e-05,-0.00205087,0,-0.000622321,0.00133683,0.0264254,0.000554677,0.000934391,-0.000237892,0,-3.68742e-05,0.00113259,0.000554677,0.025351,0.000255364,-9.24211e-06,0,7.50884e-05,6.36676e-05,0.000934391,0.000255364,0.0466444,
0.00367175,-0.000523295,-6.62999e-05,0.0010379,-0.00204378,-0.000242259,-9.37161e-06,-0.000523295,0.00106708,-0.000941097,0.000529763,0.00142127,-7.16877e-05,6.66178e-06,-6.62999e-05,-0.000941097,0.00396915,-0.000509745,-0.000619119,-3.76993e-05,7.43884e-05,0.0010379,0.000529763,-0.000509745,0.00263286,0.00134232,0.00113439,6.3434e-05,-0.00204378,0.00142127,-0.000619119,0.00134232,0.0264105,0.000558302,0.000931861,-0.000242259,-7.16877e-05,-3.76993e-05,0.00113439,0.000558302,0.0253601,0.000256962,-9.3715e-06,6.66178e-06,7.43885e-05,6.3434e-05,0.000931861,0.000256962,0.0466442,
0.00367569,-0.000528133,-7.18564e-05,0.00103524,-0.00203618,-0.000246412,-9.46432e-06,-0.000528133,0.00106952,-0.000943546,0.000527098,0.00142257,-7.28488e-05,6.49328e-06,-7.18564e-05,-0.000943546,0.00396673,-0.000510858,-0.000615399,-3.82376e-05,7.37063e-05,0.00103524,0.000527098,-0.000510857,0.00262832,0.00134789,0.0011362,6.32219e-05,-0.00203618,0.00142257,-0.000615399,0.00134789,0.0263957,0.000561393,0.000929427,-0.000246412,-7.28488e-05,-3.82376e-05,0.0011362,0.000561393,0.0253687,0.000258396,-9.46432e-06,6.49325e-06,7.37063e-05,6.32218e-05,0.000929427,0.000258396,0.0466439,
0.00367998,-0.000533087,-7.76154e-05,0.00103226,-0.00202838,-0.000250515,-9.53021e-06,-0.000533087,0.00107204,-0.000945952,0.000524528,0.00142381,-7.39641e-05,6.31123e-06,-7.76154e-05,-0.000945952,0.00396424,-0.000512033,-0.000611476,-3.87781e-05,7.3048e-05,0.00103226,0.000524528,-0.000512033,0.00262367,0.00135372,0.00113788,6.30272e-05,-0.00202838,0.00142381,-0.000611476,0.00135372,0.0263807,0.000564318,0.000927179,-0.000250515,-7.39641e-05,-3.87781e-05,0.00113788,0.000564318,0.0253773,0.000259908,-9.53021e-06,6.31123e-06,7.3048e-05,6.30273e-05,0.000927179,0.000259908,0.0466437,
0.00368452,-0.000538125,-8.3553e-05,0.00102905,-0.0020205,-0.000254746,-9.60332e-06,-0.000538125,0.00107462,-0.000948336,0.000521996,0.00142483,-7.51271e-05,6.12066e-06,-8.3553e-05,-0.000948336,0.00396172,-0.000513216,-0.000607531,-3.94337e-05,7.23627e-05,0.00102905,0.000521996,-0.000513216,0.00261892,0.0013599,0.00113971,6.28119e-05,-0.0020205,0.00142483,-0.000607531,0.0013599,0.0263651,0.00056756,0.000924735,-0.000254746,-7.51271e-05,-3.94336e-05,0.00113971,0.00056756,0.0253861,0.00026139,-9.60326e-06,6.12066e-06,7.23628e-05,6.28119e-05,0.000924735,0.00026139,0.0466435,
0.00368917,-0.000543204,-8.95811e-05,0.00102567,-0.00201243,-0.000258826,-9.65755e-06,-0.000543204,0.00107724,-0.000950676,0.000519526,0.00142596,-7.62408e-05,5.94208e-06,-8.95811e-05,-0.000950676,0.00395918,-0.000514433,-0.00060343,-3.99585e-05,7.1698e-05,0.00102567,0.000519526,-0.000514433,0.0026141,0.001366,0.00114148,6.26132e-05,-0.00201243,0.00142596,-0.00060343,0.001366,0.0263498,0.000570459,0.000922435,-0.000258826,-7.62407e-05,-3.99585e-05,0.00114148,0.000570459,0.0253947,0.000262853,-9.65755e-06,5.94208e-06,7.16979e-05,6.26132e-05,0.000922435,0.000262853,0.0466432,
0.00369389,-0.000548301,-9.56935e-05,0.00102217,-0.00200433,-0.000262953,-9.71534e-06,-0.000548301,0.00107989,-0.000952984,0.000517095,0.00142694,-7.7364e-05,5.75812e-06,-9.56935e-05,-0.000952984,0.00395665,-0.000515635,-0.000599355,-4.05559e-05,7.1024e-05,0.00102217,0.000517095,-0.000515635,0.00260925,0.00137227,0.0011433,6.24051e-05,-0.00200433,0.00142694,-0.000599355,0.00137227,0.0263342,0.000573505,0.000920066,-0.000262953,-7.73639e-05,-4.05559e-05,0.0011433,0.000573505,0.0254034,0.000264314,-9.71534e-06,5.75812e-06,7.10239e-05,6.24051e-05,0.000920066,0.000264314,0.046643,
0.00369863,-0.000553403,-0.000101856,0.00101857,-0.00199615,-0.000267015,-9.76763e-06,-0.000553403,0.00108257,-0.000955255,0.000514704,0.00142793,-7.84627e-05,5.57984e-06,-0.000101856,-0.000955255,0.00395412,-0.000516832,-0.000595249,-4.11135e-05,7.03566e-05,0.00101857,0.000514704,-0.000516832,0.00260438,0.0013785,0.00114513,6.22011e-05,-0.00199615,0.00142793,-0.000595249,0.0013785,0.0263189,0.000576429,0.000917743,-0.000267015,-7.84627e-05,-4.11135e-05,0.00114513,0.000576429,0.025412,0.000265763,-9.76763e-06,5.57981e-06,7.03566e-05,6.22011e-05,0.000917743,0.000265763,0.0466428,
0.00370335,-0.000558497,-0.000108059,0.0010149,-0.00198794,-0.000271065,-9.82098e-06,-0.000558497,0.00108526,-0.000957492,0.000512346,0.00142885,-7.95524e-05,5.40212e-06,-0.000108059,-0.000957492,0.00395161,-0.000518009,-0.000591171,-4.16913e-05,6.96883e-05,0.0010149,0.000512346,-0.000518009,0.00259951,0.00138476,0.00114698,6.19939e-05,-0.00198794,0.00142885,-0.000591171,0.00138476,0.0263035,0.000579372,0.000915409,-0.000271065,-7.95524e-05,-4.16913e-05,0.00114698,0.000579372,0.0254207,0.000267206,-9.82103e-06,5.40212e-06,6.96883e-05,6.19939e-05,0.000915409,0.000267206,0.0466425,
0.00370804,-0.000563576,-0.000114287,0.00101116,-0.00197969,-0.000275078,-9.87371e-06,-0.000563576,0.00108798,-0.000959695,0.000510021,0.00142974,-8.06249e-05,5.22773e-06,-0.000114287,-0.000959695,0.00394912,-0.000519166,-0.000587113,-4.22631e-05,6.90226e-05,0.00101116,0.000510021,-0.000519166,0.00259463,0.00139099,0.00114884,6.17867e-05,-0.00197969,0.00142974,-0.000587113,0.00139099,0.0262882,0.00058227,0.000913091,-0.000275078,-8.06249e-05,-4.22631e-05,0.00114884,0.00058227,0.0254294,0.000268641,-9.87377e-06,5.22776e-06,6.90226e-05,6.17867e-05,0.000913091,0.000268641,0.0466423,
0.00371267,-0.000568633,-0.000120536,0.00100738,-0.00197143,-0.000279066,-9.92761e-06,-0.000568633,0.00109071,-0.000961865,0.000507725,0.00143057,-8.16835e-05,5.05565e-06,-0.000120536,-0.000961865,0.00394665,-0.000520298,-0.000583092,-4.28428e-05,6.8358e-05,0.00100738,0.000507725,-0.000520298,0.00258977,0.0013972,0.00115071,6.15778e-05,-0.00197143,0.00143057,-0.000583092,0.0013972,0.0262731,0.000585156,0.000910777,-0.000279066,-8.16835e-05,-4.28428e-05,0.00115071,0.000585156,0.025438,0.000270069,-9.92767e-06,5.05562e-06,6.8358e-05,6.15777e-05,0.000910777,0.000270069,0.0466421,
0.00371725,-0.000573666,-0.000126796,0.00100355,-0.00196315,-0.000283022,-9.98251e-06,-0.000573666,0.00109345,-0.000964002,0.000505458,0.00143137,-8.27265e-05,4.8864e-06,-0.000126796,-0.000964002,0.0039442,-0.000521403,-0.00057911,-4.34257e-05,6.76952e-05,0.00100355,0.000505458,-0.000521403,0.00258491,0.00140338,0.0011526,6.13677e-05,-0.00196315,0.00143137,-0.00057911,0.00140338,0.0262581,0.000588017,0.000908474,-0.000283022,-8.27264e-05,-4.34256e-05,0.0011526,0.000588017,0.0254467,0.000271491,-9.98251e-06,4.88642e-06,6.76952e-05,6.13677e-05,0.000908474,0.000271491,0.0466418,
0.00372175,-0.000578671,-0.000133066,0.000999686,-0.00195486,-0.00028695,-1.00389e-05,-0.000578671,0.0010962,-0.000966107,0.000503217,0.00143213,-8.37543e-05,4.71986e-06,-0.000133066,-0.000966107,0.00394178,-0.000522479,-0.000575173,-4.40146e-05,6.70341e-05,0.000999686,0.000503217,-0.000522479,0.00258007,0.00140952,0.0011545,6.11563e-05,-0.00195486,0.00143213,-0.000575173,0.00140952,0.0262431,0.000590861,0.000906178,-0.00028695,-8.37543e-05,-4.40146e-05,0.0011545,0.000590861,0.0254553,0.000272906,-1.00389e-05,4.71989e-06,6.70342e-05,6.11563e-05,0.000906178,0.000272906,0.0466416,
0.00372618,-0.000583645,-0.000139339,0.000995792,-0.00194657,-0.000290848,-1.00968e-05,-0.000583645,0.00109896,-0.000968179,0.000501002,0.00143284,-8.47668e-05,4.55627e-06,-0.000139339,-0.000968179,0.00393939,-0.000523527,-0.000571282,-4.46085e-05,6.63748e-05,0.000995792,0.000501002,-0.000523527,0.00257524,0.00141562,0.00115641,6.09435e-05,-0.00194657,0.00143284,-0.000571282,0.00141562,0.0262284,0.000593685,0.00090389,-0.000290848,-8.47667e-05,-4.46084e-05,0.00115641,0.000593685,0.0254639,0.000274313,-1.00968e-05,4.55624e-06,6.63748e-05,6.09435e-05,0.00090389,0.000274313,0.0466414,
0.00373054,-0.000588588,-0.000145614,0.000991871,-0.00193828,-0.000294715,-1.01562e-05,-0.000588588,0.00110173,-0.000970221,0.000498813,0.00143352,-8.57636e-05,4.39526e-06,-0.000145614,-0.000970221,0.00393702,-0.000524544,-0.00056744,-4.52078e-05,6.57176e-05,0.000991871,0.000498813,-0.000524544,0.00257044,0.00142167,0.00115833,6.07296e-05,-0.00193828,0.00143352,-0.00056744,0.00142167,0.0262137,0.000596488,0.000901615,-0.000294715,-8.57636e-05,-4.52078e-05,0.00115833,0.000596488,0.0254725,0.000275717,-1.01563e-05,4.39526e-06,6.57175e-05,6.07296e-05,0.000901615,0.000275717,0.0466412,
0.00373481,-0.000593498,-0.00015189,0.000987925,-0.00192999,-0.000298556,-1.02177e-05,-0.000593498,0.0011045,-0.000972232,0.000496647,0.00143415,-8.6746e-05,4.23675e-06,-0.00015189,-0.000972232,0.00393468,-0.000525531,-0.000563651,-4.58183e-05,6.50618e-05,0.000987925,0.000496647,-0.000525531,0.00256566,0.00142768,0.00116027,6.05139e-05,-0.00192999,0.00143415,-0.000563651,0.00142768,0.0261992,0.000599283,0.000899345,-0.000298556,-8.67459e-05,-4.58183e-05,0.00116027,0.000599283,0.0254811,0.000277113,-1.02177e-05,4.23678e-06,6.50618e-05,6.05139e-05,0.000899345,0.000277113,0.0466409,
0.00373901,-0.000598374,-0.000158163,0.000983958,-0.00192169,-0.000302364,-1.02808e-05,-0.000598374,0.00110729,-0.000974212,0.000494506,0.00143475,-8.77126e-05,4.0814e-06,-0.000158163,-0.000974212,0.00393236,-0.000526487,-0.000559911,-4.64311e-05,6.44083e-05,0.000983958,0.000494506,-0.000526487,0.00256089,0.00143364,0.00116221,6.02972e-05,-0.00192169,0.00143475,-0.000559911,0.00143364,0.0261849,0.000602052,0.000897087,-0.000302364,-8.77126e-05,-4.64311e-05,0.00116221,0.000602052,0.0254897,0.000278503,-1.02808e-05,4.0814e-06,6.44083e-05,6.02973e-05,0.000897087,0.000278503,0.0466407,
0.00374312,-0.000603216,-0.000164432,0.00097997,-0.00191341,-0.000306146,-1.03457e-05,-0.000603216,0.00111008,-0.000976163,0.000492388,0.0014353,-8.86645e-05,3.92852e-06,-0.000164432,-0.000976163,0.00393007,-0.000527412,-0.000556224,-4.70543e-05,6.37566e-05,0.00097997,0.000492388,-0.000527412,0.00255615,0.00143955,0.00116417,6.0079e-05,-0.00191341,0.0014353,-0.000556224,0.00143955,0.0261707,0.000604812,0.000894838,-0.000306146,-8.86645e-05,-4.70543e-05,0.00116417,0.000604812,0.0254983,0.000279886,-1.03457e-05,3.92852e-06,6.37566e-05,6.0079e-05,0.000894838,0.000279886,0.0466405,
0.00374715,-0.000608023,-0.000170696,0.000975965,-0.00190513,-0.000309896,-1.04124e-05,-0.000608023,0.00111287,-0.000978084,0.000490294,0.00143582,-8.96013e-05,3.77853e-06,-0.000170696,-0.000978084,0.00392782,-0.000528305,-0.00055259,-4.76835e-05,6.31069e-05,0.000975965,0.000490294,-0.000528305,0.00255143,0.00144541,0.00116614,5.98596e-05,-0.00190513,0.00143582,-0.00055259,0.00144541,0.0261566,0.000607553,0.000892598,-0.000309896,-8.96013e-05,-4.76835e-05,0.00116614,0.000607553,0.0255069,0.000281262,-1.04124e-05,3.77859e-06,6.3107e-05,5.98596e-05,0.000892598,0.000281263,0.0466403,
0.0037511,-0.000612793,-0.000176953,0.000971942,-0.00189686,-0.000313618,-1.04809e-05,-0.000612794,0.00111567,-0.000979975,0.000488221,0.00143631,-9.05233e-05,3.63118e-06,-0.000176953,-0.000979975,0.00392558,-0.000529167,-0.000549008,-4.83213e-05,6.24594e-05,0.000971942,0.000488221,-0.000529167,0.00254674,0.00145122,0.00116811,5.96388e-05,-0.00189686,0.00143631,-0.000549008,0.00145122,0.0261427,0.000610281,0.000890368,-0.000313618,-9.05233e-05,-4.83213e-05,0.00116811,0.000610281,0.0255154,0.000282632,-1.04809e-05,3.63115e-06,6.24594e-05,5.96388e-05,0.000890368,0.000282632,0.0466401,
0.00375496,-0.000617528,-0.000183203,0.000967904,-0.0018886,-0.000317311,-1.05513e-05,-0.000617528,0.00111848,-0.000981839,0.000486171,0.00143675,-9.14308e-05,3.48654e-06,-0.000183203,-0.000981839,0.00392338,-0.000529998,-0.00054548,-4.89668e-05,6.18139e-05,0.000967904,0.000486171,-0.000529998,0.00254207,0.00145698,0.00117009,5.94169e-05,-0.0018886,0.00143675,-0.00054548,0.00145698,0.0261289,0.000612994,0.000888148,-0.000317311,-9.14308e-05,-4.89668e-05,0.00117009,0.000612994,0.0255239,0.000283995,-1.05513e-05,3.48649e-06,6.18139e-05,5.94169e-05,0.000888148,0.000283995,0.0466398,
0.00375875,-0.000622227,-0.000189444,0.000963852,-0.00188035,-0.000320974,-1.06233e-05,-0.000622227,0.00112129,-0.000983673,0.000484143,0.00143716,-9.23237e-05,3.34452e-06,-0.000189444,-0.000983673,0.0039212,-0.000530798,-0.000542004,-4.96207e-05,6.11706e-05,0.000963852,0.000484143,-0.000530798,0.00253742,0.00146269,0.00117209,5.91936e-05,-0.00188035,0.00143716,-0.000542004,0.00146269,0.0261153,0.000615694,0.000885938,-0.000320974,-9.23237e-05,-4.96207e-05,0.00117209,0.000615694,0.0255324,0.000285352,-1.06233e-05,3.34449e-06,6.11706e-05,5.91936e-05,0.000885938,0.000285352,0.0466396,
0.00376245,-0.000626889,-0.000195675,0.000959787,-0.00187211,-0.000324609,-1.0697e-05,-0.000626889,0.0011241,-0.00098548,0.000482137,0.00143753,-9.32022e-05,3.20516e-06,-0.000195676,-0.00098548,0.00391905,-0.000531567,-0.000538581,-5.02829e-05,6.05295e-05,0.000959787,0.000482136,-0.000531567,0.0025328,0.00146834,0.00117409,5.89692e-05,-0.00187211,0.00143753,-0.000538581,0.00146834,0.0261018,0.000618379,0.000883737,-0.000324609,-9.32022e-05,-5.02828e-05,0.00117409,0.000618379,0.0255409,0.000286701,-1.06971e-05,3.20516e-06,6.05295e-05,5.89691e-05,0.000883737,0.000286701,0.0466394,
0.00376607,-0.000631514,-0.000201897,0.00095571,-0.00186389,-0.000328215,-1.07724e-05,-0.000631514,0.00112692,-0.000987259,0.000480151,0.00143787,-9.40665e-05,3.06838e-06,-0.000201897,-0.000987259,0.00391693,-0.000532304,-0.00053521,-5.09535e-05,5.98906e-05,0.00095571,0.000480151,-0.000532304,0.00252821,0.00147394,0.0011761,5.87435e-05,-0.00186389,0.00143787,-0.00053521,0.00147394,0.0260884,0.000621052,0.000881547,-0.000328215,-9.40665e-05,-5.09535e-05,0.0011761,0.000621052,0.0255494,0.000288044,-1.07724e-05,3.06838e-06,5.98906e-05,5.87435e-05,0.000881547,0.000288044,0.0466392,
0.00376961,-0.000636103,-0.000208107,0.000951622,-0.00185568,-0.000331791,-1.08495e-05,-0.000636103,0.00112974,-0.000989011,0.000478187,0.00143818,-9.49167e-05,2.93421e-06,-0.000208107,-0.000989011,0.00391484,-0.000533011,-0.000531892,-5.16329e-05,5.9254e-05,0.000951622,0.000478187,-0.000533011,0.00252364,0.00147949,0.00117811,5.85166e-05,-0.00185568,0.00143818,-0.000531892,0.00147949,0.0260752,0.000623712,0.000879367,-0.000331791,-9.49168e-05,-5.16329e-05,0.00117811,0.000623712,0.0255579,0.000289379,-1.08495e-05,2.93421e-06,5.92539e-05,5.85166e-05,0.000879367,0.000289379,0.046639,
0.00377307,-0.000640654,-0.000214306,0.000947523,-0.00184749,-0.000335339,-1.09281e-05,-0.000640654,0.00113256,-0.000990736,0.000476243,0.00143845,-9.57531e-05,2.80259e-06,-0.000214306,-0.000990736,0.00391277,-0.000533687,-0.000528626,-5.2321e-05,5.86196e-05,0.000947523,0.000476243,-0.000533687,0.00251909,0.00148499,0.00118014,5.82887e-05,-0.00184749,0.00143845,-0.000528626,0.00148499,0.0260622,0.000626359,0.000877198,-0.000335339,-9.57531e-05,-5.2321e-05,0.00118014,0.000626359,0.0255663,0.000290708,-1.09281e-05,2.80265e-06,5.86197e-05,5.82887e-05,0.000877198,0.000290708,0.0466388,
0.00377645,-0.000645168,-0.000220492,0.000943415,-0.00183931,-0.000338858,-1.10084e-05,-0.000645168,0.00113539,-0.000992435,0.000474319,0.00143869,-9.65756e-05,2.67356e-06,-0.000220492,-0.000992435,0.00391073,-0.000534333,-0.000525412,-5.30179e-05,5.79876e-05,0.000943415,0.000474319,-0.000534333,0.00251457,0.00149044,0.00118217,5.80596e-05,-0.00183931,0.00143869,-0.000525412,0.00149044,0.0260493,0.000628994,0.000875038,-0.000338858,-9.65756e-05,-5.30179e-05,0.00118217,0.000628994,0.0255748,0.000292029,-1.10084e-05,2.67353e-06,5.79876e-05,5.80595e-05,0.000875038,0.000292029,0.0466385,
0.00377975,-0.000649646,-0.000226665,0.000939299,-0.00183115,-0.000342349,-1.10901e-05,-0.000649646,0.00113821,-0.000994108,0.000472416,0.00143889,-9.73846e-05,2.54696e-06,-0.000226665,-0.000994108,0.00390871,-0.000534948,-0.000522249,-5.37239e-05,5.73578e-05,0.000939299,0.000472416,-0.000534948,0.00251008,0.00149583,0.00118421,5.78294e-05,-0.00183115,0.00143889,-0.000522249,0.00149583,0.0260365,0.000631616,0.000872888,-0.000342349,-9.73846e-05,-5.37239e-05,0.00118421,0.000631616,0.0255832,0.000293343,-1.10901e-05,2.54702e-06,5.73578e-05,5.78294e-05,0.000872888,0.000293343,0.0466383,
0.00378297,-0.000654086,-0.000232824,0.000935174,-0.001823,-0.000345811,-1.11734e-05,-0.000654086,0.00114104,-0.000995755,0.000470532,0.00143906,-9.81801e-05,2.42287e-06,-0.000232824,-0.000995755,0.00390672,-0.000535532,-0.000519138,-5.44389e-05,5.67304e-05,0.000935174,0.000470532,-0.000535532,0.00250561,0.00150118,0.00118625,5.7598e-05,-0.001823,0.00143906,-0.000519137,0.00150118,0.0260238,0.000634228,0.000870749,-0.000345812,-9.81801e-05,-5.44389e-05,0.00118625,0.000634228,0.0255916,0.00029465,-1.11734e-05,2.4229e-06,5.67305e-05,5.7598e-05,0.000870749,0.00029465,0.0466381,
0.00378612,-0.000658488,-0.000238969,0.000931043,-0.00181488,-0.000349245,-1.12581e-05,-0.000658488,0.00114387,-0.000997376,0.000468668,0.0014392,-9.89623e-05,2.30127e-06,-0.000238969,-0.000997376,0.00390475,-0.000536087,-0.000516076,-5.51631e-05,5.61054e-05,0.000931043,0.000468668,-0.000536087,0.00250117,0.00150647,0.0011883,5.73657e-05,-0.00181488,0.0014392,-0.000516076,0.00150647,0.0260113,0.000636828,0.00086862,-0.000349245,-9.89623e-05,-5.51632e-05,0.0011883,0.000636828,0.0255999,0.00029595,-1.12581e-05,2.30127e-06,5.61054e-05,5.73657e-05,0.00086862,0.00029595,0.0466379,
0.00378919,-0.000662854,-0.0002451,0.000926905,-0.00180678,-0.000352651,-1.13442e-05,-0.000662854,0.0011467,-0.000998973,0.000466823,0.00143931,-9.97314e-05,2.18209e-06,-0.0002451,-0.000998973,0.00390282,-0.000536612,-0.000513066,-5.58966e-05,5.54828e-05,0.000926905,0.000466823,-0.000536612,0.00249676,0.00151171,0.00119036,5.71323e-05,-0.00180678,0.00143931,-0.000513066,0.00151171,0.025999,0.000639417,0.000866502,-0.000352651,-9.97313e-05,-5.58966e-05,0.00119036,0.000639417,0.0256083,0.000297243,-1.13442e-05,2.18209e-06,5.54828e-05,5.71324e-05,0.000866502,0.000297243,0.0466377,
0.00379219,-0.000667182,-0.000251214,0.000922761,-0.00179869,-0.000356029,-1.14316e-05,-0.000667182,0.00114954,-0.00100055,0.000464997,0.00143939,-0.000100487,2.06529e-06,-0.000251214,-0.00100055,0.0039009,-0.000537108,-0.000510105,-5.66394e-05,5.48627e-05,0.000922761,0.000464997,-0.000537108,0.00249237,0.0015169,0.00119242,5.6898e-05,-0.00179869,0.00143939,-0.000510105,0.0015169,0.0259868,0.000641995,0.000864393,-0.000356029,-0.000100487,-5.66394e-05,0.00119242,0.000641995,0.0256166,0.000298528,-1.14317e-05,2.06529e-06,5.48626e-05,5.68979e-05,0.000864393,0.000298528,0.0466375,
0.00379511,-0.000671473,-0.000257313,0.000918612,-0.00179063,-0.000359379,-1.15205e-05,-0.000671473,0.00115237,-0.00100209,0.00046319,0.00143944,-0.000101231,1.95091e-06,-0.000257313,-0.00100209,0.00389901,-0.000537574,-0.000507193,-5.73917e-05,5.42449e-05,0.000918612,0.00046319,-0.000537574,0.002488,0.00152203,0.00119449,5.66626e-05,-0.00179063,0.00143944,-0.000507193,0.00152203,0.0259747,0.000644562,0.000862295,-0.000359379,-0.000101231,-5.73917e-05,0.00119449,0.000644562,0.0256249,0.000299806,-1.15205e-05,1.95088e-06,5.42449e-05,5.66626e-05,0.000862295,0.000299806,0.0466373,
0.00379795,-0.000675727,-0.000263396,0.000914459,-0.00178259,-0.0003627,-1.16106e-05,-0.000675727,0.0011552,-0.00100362,0.000461401,0.00143947,-0.000101961,1.83886e-06,-0.000263396,-0.00100362,0.00389715,-0.000538011,-0.00050433,-5.81535e-05,5.36296e-05,0.000914458,0.000461401,-0.000538011,0.00248367,0.00152712,0.00119656,5.64263e-05,-0.00178259,0.00143947,-0.000504331,0.00152712,0.0259627,0.000647119,0.000860208,-0.0003627,-0.000101961,-5.81535e-05,0.00119656,0.000647119,0.0256332,0.000301076,-1.16106e-05,1.83886e-06,5.36297e-05,5.64263e-05,0.000860208,0.000301076,0.0466371,
0.00380073,-0.000679944,-0.000269462,0.000910301,-0.00177458,-0.000365995,-1.17019e-05,-0.000679944,0.00115803,-0.00100512,0.000459631,0.00143946,-0.000102679,1.72914e-06,-0.000269462,-0.00100512,0.00389531,-0.000538419,-0.000501516,-5.89248e-05,5.30168e-05,0.000910301,0.000459631,-0.000538419,0.00247936,0.00153216,0.00119864,5.6189e-05,-0.00177458,0.00143946,-0.000501516,0.00153216,0.0259509,0.000649667,0.00085813,-0.000365995,-0.000102679,-5.89248e-05,0.00119864,0.000649667,0.0256415,0.00030234,-1.17019e-05,1.72917e-06,5.30168e-05,5.61891e-05,0.00085813,0.00030234,0.0466369,
0.00380343,-0.000684124,-0.00027551,0.00090614,-0.00176658,-0.000369261,-1.17945e-05,-0.000684124,0.00116087,-0.00100659,0.000457878,0.00143942,-0.000103385,1.62176e-06,-0.00027551,-0.00100659,0.0038935,-0.000538799,-0.00049875,-5.97058e-05,5.24065e-05,0.00090614,0.000457878,-0.000538799,0.00247508,0.00153714,0.00120073,5.59508e-05,-0.00176658,0.00143942,-0.00049875,0.00153714,0.0259392,0.000652204,0.000856063,-0.000369261,-0.000103385,-5.97057e-05,0.00120073,0.000652204,0.0256497,0.000303595,-1.17946e-05,1.62176e-06,5.24065e-05,5.59508e-05,0.000856063,0.000303595,0.0466367,
0.00380607,-0.000688267,-0.000281541,0.000901976,-0.00175861,-0.0003725,-1.18883e-05,-0.000688267,0.0011637,-0.00100805,0.000456143,0.00143936,-0.000104078,1.51665e-06,-0.000281541,-0.00100805,0.00389171,-0.00053915,-0.000496032,-6.04964e-05,5.17986e-05,0.000901976,0.000456143,-0.00053915,0.00247082,0.00154208,0.00120282,5.57118e-05,-0.00175861,0.00143936,-0.000496032,0.00154208,0.0259276,0.000654732,0.000854006,-0.0003725,-0.000104078,-6.04964e-05,0.00120282,0.000654732,0.025658,0.000304843,-1.18883e-05,1.51662e-06,5.17986e-05,5.57117e-05,0.000854006,0.000304843,0.0466365,
0.00380863,-0.000692373,-0.000287554,0.00089781,-0.00175067,-0.000375712,-1.19832e-05,-0.000692373,0.00116653,-0.00100948,0.000454426,0.00143927,-0.000104759,1.41379e-06,-0.000287554,-0.00100948,0.00388994,-0.000539473,-0.000493361,-6.12969e-05,5.11934e-05,0.00089781,0.000454426,-0.000539473,0.00246659,0.00154697,0.00120491,5.54718e-05,-0.00175067,0.00143927,-0.000493361,0.00154697,0.0259162,0.00065725,0.000851959,-0.000375712,-0.000104759,-6.12969e-05,0.00120491,0.00065725,0.0256662,0.000306084,-1.19832e-05,1.41381e-06,5.11934e-05,5.54718e-05,0.000851959,0.000306084,0.0466363,
0.00381113,-0.000696442,-0.000293548,0.000893642,-0.00174275,-0.000378897,-1.20792e-05,-0.000696442,0.00116936,-0.00101089,0.000452726,0.00143915,-0.000105428,1.31317e-06,-0.000293548,-0.00101089,0.0038882,-0.000539768,-0.000490736,-6.21071e-05,5.05906e-05,0.000893642,0.000452726,-0.000539768,0.00246238,0.0015518,0.00120701,5.5231e-05,-0.00174275,0.00143915,-0.000490736,0.0015518,0.0259049,0.00065976,0.000849922,-0.000378897,-0.000105428,-6.2107e-05,0.00120701,0.00065976,0.0256743,0.000307317,-1.20792e-05,1.31323e-06,5.05906e-05,5.5231e-05,0.000849922,0.000307317,0.0466361,
0.00381355,-0.000700474,-0.000299523,0.000889473,-0.00173485,-0.000382055,-1.21763e-05,-0.000700474,0.00117219,-0.00101228,0.000451043,0.001439,-0.000106086,1.21478e-06,-0.000299523,-0.00101228,0.00388648,-0.000540036,-0.000488158,-6.29271e-05,4.99904e-05,0.000889473,0.000451043,-0.000540036,0.00245821,0.00155659,0.00120911,5.49893e-05,-0.00173485,0.001439,-0.000488158,0.00155659,0.0258938,0.000662261,0.000847896,-0.000382055,-0.000106086,-6.29272e-05,0.00120911,0.000662261,0.0256825,0.000308543,-1.21763e-05,1.21475e-06,4.99903e-05,5.49893e-05,0.000847896,0.000308543,0.0466359,
0.00381591,-0.00070447,-0.000305479,0.000885303,-0.00172698,-0.000385185,-1.22744e-05,-0.00070447,0.00117501,-0.00101364,0.000449377,0.00143883,-0.000106731,1.11852e-06,-0.000305479,-0.00101364,0.00388478,-0.000540276,-0.000485625,-6.37571e-05,4.93927e-05,0.000885303,0.000449377,-0.000540276,0.00245406,0.00156133,0.00121121,5.47469e-05,-0.00172698,0.00143883,-0.000485625,0.00156133,0.0258827,0.000664752,0.000845879,-0.000385185,-0.000106731,-6.37571e-05,0.00121121,0.000664752,0.0256906,0.000309761,-1.22744e-05,1.11855e-06,4.93927e-05,5.47469e-05,0.000845879,0.000309761,0.0466357,
0.00381821,-0.00070843,-0.000311416,0.000881132,-0.00171914,-0.00038829,-1.23735e-05,-0.00070843,0.00117784,-0.00101499,0.000447727,0.00143864,-0.000107365,1.02446e-06,-0.000311416,-0.00101499,0.0038831,-0.000540489,-0.000483137,-6.45971e-05,4.87976e-05,0.000881132,0.000447727,-0.000540489,0.00244993,0.00156602,0.00121332,5.45036e-05,-0.00171914,0.00143864,-0.000483137,0.00156602,0.0258718,0.000667236,0.000843873,-0.00038829,-0.000107365,-6.45971e-05,0.00121332,0.000667236,0.0256987,0.000310971,-1.23735e-05,1.02446e-06,4.87976e-05,5.45036e-05,0.000843873,0.000310971,0.0466356,
0.00382044,-0.000712353,-0.000317332,0.000876962,-0.00171133,-0.000391367,-1.24736e-05,-0.000712353,0.00118066,-0.00101631,0.000446093,0.00143842,-0.000107988,9.32532e-07,-0.000317332,-0.00101631,0.00388145,-0.000540675,-0.000480694,-6.5447e-05,4.82051e-05,0.000876962,0.000446093,-0.000540675,0.00244583,0.00157066,0.00121543,5.42596e-05,-0.00171133,0.00143842,-0.000480694,0.00157066,0.025861,0.000669711,0.000841877,-0.000391367,-0.000107988,-6.5447e-05,0.00121543,0.000669711,0.0257068,0.000312174,-1.24736e-05,9.32532e-07,4.82051e-05,5.42596e-05,0.000841877,0.000312174,0.0466354,
0.0038226,-0.00071624,-0.000323229,0.000872792,-0.00170354,-0.000394419,-1.25747e-05,-0.00071624,0.00118348,-0.00101761,0.000444476,0.00143817,-0.000108599,8.42743e-07,-0.000323229,-0.00101761,0.00387982,-0.000540835,-0.000478296,-6.63069e-05,4.76151e-05,0.000872792,0.000444476,-0.000540835,0.00244176,0.00157525,0.00121755,5.40148e-05,-0.00170354,0.00143817,-0.000478296,0.00157525,0.0258504,0.000672178,0.000839891,-0.000394419,-0.000108599,-6.63069e-05,0.00121755,0.000672178,0.0257149,0.000313369,-1.25747e-05,8.42715e-07,4.76151e-05,5.40148e-05,0.000839891,0.000313369,0.0466352,
0.00382471,-0.000720091,-0.000329105,0.000868624,-0.00169578,-0.000397444,-1.26766e-05,-0.000720091,0.0011863,-0.0010189,0.000442874,0.0014379,-0.000109199,7.55007e-07,-0.000329105,-0.0010189,0.00387821,-0.000540968,-0.000475941,-6.71769e-05,4.70278e-05,0.000868624,0.000442874,-0.000540968,0.00243772,0.00157979,0.00121967,5.37693e-05,-0.00169578,0.0014379,-0.000475941,0.00157979,0.0258399,0.000674638,0.000837915,-0.000397444,-0.000109199,-6.71769e-05,0.00121967,0.000674638,0.0257229,0.000314557,-1.26766e-05,7.55007e-07,4.70278e-05,5.37693e-05,0.000837915,0.000314557,0.046635,
0.00382675,-0.000723906,-0.00033496,0.000864456,-0.00168805,-0.000400443,-1.27794e-05,-0.000723906,0.00118911,-0.00102016,0.000441288,0.00143761,-0.000109788,6.69326e-07,-0.00033496,-0.00102016,0.00387663,-0.000541075,-0.000473629,-6.8057e-05,4.6443e-05,0.000864456,0.000441288,-0.000541075,0.0024337,0.00158429,0.00122179,5.3523e-05,-0.00168805,0.00143761,-0.000473629,0.00158429,0.0258294,0.000677089,0.000835949,-0.000400443,-0.000109788,-6.8057e-05,0.00122179,0.000677089,0.0257309,0.000315737,-1.27794e-05,6.69353e-07,4.64431e-05,5.3523e-05,0.000835949,0.000315737,0.0466348,
0.00382873,-0.000727685,-0.000340794,0.000860291,-0.00168035,-0.000403416,-1.28831e-05,-0.000727685,0.00119192,-0.0010214,0.000439718,0.0014373,-0.000110366,5.85698e-07,-0.000340794,-0.0010214,0.00387506,-0.000541156,-0.00047136,-6.89472e-05,4.5861e-05,0.000860291,0.000439718,-0.000541156,0.00242971,0.00158874,0.00122391,5.32761e-05,-0.00168035,0.0014373,-0.00047136,0.00158874,0.0258192,0.000679534,0.000833993,-0.000403416,-0.000110366,-6.89472e-05,0.00122391,0.000679534,0.0257389,0.000316909,-1.28831e-05,5.85698e-07,4.58609e-05,5.32761e-05,0.000833993,0.000316909,0.0466346,
0.00383064,-0.000731429,-0.000346606,0.000856128,-0.00167268,-0.000406363,-1.29876e-05,-0.000731429,0.00119473,-0.00102262,0.000438163,0.00143696,-0.000110933,5.04097e-07,-0.000346606,-0.00102262,0.00387352,-0.000541212,-0.000469134,-6.98475e-05,4.52814e-05,0.000856128,0.000438163,-0.000541212,0.00242574,0.00159315,0.00122603,5.30284e-05,-0.00167268,0.00143696,-0.000469134,0.00159315,0.025809,0.000681971,0.000832047,-0.000406363,-0.000110933,-6.98475e-05,0.00122603,0.000681971,0.0257469,0.000318073,-1.29876e-05,5.04097e-07,4.52814e-05,5.30285e-05,0.000832047,0.000318073,0.0466344,
0.0038325,-0.000735137,-0.000352397,0.000851967,-0.00166504,-0.000409285,-1.30929e-05,-0.000735137,0.00119754,-0.00102383,0.000436622,0.0014366,-0.00011149,4.24494e-07,-0.000352397,-0.00102383,0.00387199,-0.000541243,-0.000466949,-7.0758e-05,4.47046e-05,0.000851968,0.000436622,-0.000541243,0.0024218,0.0015975,0.00122816,5.27801e-05,-0.00166504,0.0014366,-0.000466949,0.0015975,0.0257989,0.000684401,0.00083011,-0.000409285,-0.00011149,-7.0758e-05,0.00122816,0.000684401,0.0257548,0.00031923,-1.30929e-05,4.24438e-07,4.47046e-05,5.27801e-05,0.00083011,0.00031923,0.0466343,
0.0038343,-0.00073881,-0.000358166,0.00084781,-0.00165743,-0.000412181,-1.31989e-05,-0.00073881,0.00120034,-0.00102501,0.000435096,0.00143622,-0.000112036,3.46834e-07,-0.000358166,-0.00102501,0.00387049,-0.000541249,-0.000464806,-7.16787e-05,4.41303e-05,0.00084781,0.000435096,-0.000541249,0.00241789,0.00160181,0.00123029,5.25312e-05,-0.00165743,0.00143622,-0.000464806,0.00160181,0.025789,0.000686824,0.000828184,-0.000412181,-0.000112036,-7.16787e-05,0.00123029,0.000686824,0.0257627,0.000320379,-1.31988e-05,3.46834e-07,4.41304e-05,5.25312e-05,0.000828184,0.00032038,0.0466341,
0.00383605,-0.000742448,-0.000363912,0.000843656,-0.00164985,-0.000415053,-1.33056e-05,-0.000742448,0.00120314,-0.00102618,0.000433585,0.00143582,-0.000112571,2.71144e-07,-0.000363912,-0.00102618,0.00386901,-0.00054123,-0.000462703,-7.26095e-05,4.35587e-05,0.000843656,0.000433585,-0.00054123,0.002414,0.00160608,0.00123242,5.22816e-05,-0.00164985,0.00143582,-0.000462703,0.00160608,0.0257792,0.00068924,0.000826267,-0.000415053,-0.000112571,-7.26095e-05,0.00123242,0.00068924,0.0257706,0.000321521,-1.33056e-05,2.71172e-07,4.35588e-05,5.22816e-05,0.000826267,0.000321521,0.0466339,
0.00383773,-0.000746051,-0.000369637,0.000839506,-0.0016423,-0.000417899,-1.3413e-05,-0.000746051,0.00120593,-0.00102733,0.000432088,0.0014354,-0.000113097,1.97398e-07,-0.000369637,-0.00102733,0.00386754,-0.000541186,-0.000460641,-7.35506e-05,4.29898e-05,0.000839506,0.000432088,-0.000541186,0.00241014,0.0016103,0.00123455,5.20314e-05,-0.0016423,0.0014354,-0.000460641,0.0016103,0.0257695,0.000691649,0.000824361,-0.000417899,-0.000113097,-7.35506e-05,0.00123455,0.000691649,0.0257785,0.000322655,-1.3413e-05,1.97398e-07,4.29898e-05,5.20314e-05,0.000824361,0.000322655,0.0466337,
0.00383936,-0.000749619,-0.000375338,0.00083536,-0.00163478,-0.00042072,-1.35212e-05,-0.000749619,0.00120872,-0.00102846,0.000430605,0.00143496,-0.000113612,1.25511e-07,-0.000375338,-0.00102846,0.0038661,-0.000541118,-0.000458618,-7.45019e-05,4.24235e-05,0.00083536,0.000430605,-0.000541118,0.0024063,0.00161447,0.00123669,5.17806e-05,-0.00163478,0.00143496,-0.000458618,0.00161447,0.0257599,0.000694053,0.000822463,-0.00042072,-0.000113612,-7.45019e-05,0.00123669,0.000694053,0.0257863,0.000323781,-1.35212e-05,1.25511e-07,4.24235e-05,5.17805e-05,0.000822463,0.000323781,0.0466336,
0.00384094,-0.000753152,-0.000381017,0.000831219,-0.0016273,-0.000423516,-1.36299e-05,-0.000753152,0.00121151,-0.00102957,0.000429137,0.0014345,-0.000114116,5.55389e-08,-0.000381017,-0.00102957,0.00386468,-0.000541027,-0.000456635,-7.54634e-05,4.18599e-05,0.000831219,0.000429137,-0.000541027,0.00240249,0.0016186,0.00123882,5.15292e-05,-0.0016273,0.0014345,-0.000456635,0.0016186,0.0257505,0.00069645,0.000820576,-0.000423516,-0.000114116,-7.54634e-05,0.00123882,0.00069645,0.0257941,0.000324899,-1.36299e-05,5.55667e-08,4.18598e-05,5.15292e-05,0.000820576,0.000324899,0.0466334,
0.00384246,-0.000756651,-0.000386673,0.000827082,-0.00161984,-0.000426289,-1.37393e-05,-0.000756651,0.00121429,-0.00103067,0.000427681,0.00143401,-0.000114611,-1.2601e-08,-0.000386673,-0.00103067,0.00386327,-0.000540911,-0.000454691,-7.64352e-05,4.12989e-05,0.000827082,0.000427681,-0.000540911,0.00239871,0.00162269,0.00124095,5.12772e-05,-0.00161984,0.00143401,-0.000454691,0.00162269,0.0257411,0.000698841,0.000818698,-0.000426289,-0.000114611,-7.64352e-05,0.00124095,0.000698841,0.0258019,0.00032601,-1.37393e-05,-1.2601e-08,4.12989e-05,5.12771e-05,0.000818698,0.00032601,0.0466332,
0.00384392,-0.000760116,-0.000392306,0.000822951,-0.00161242,-0.000429036,-1.38492e-05,-0.000760116,0.00121707,-0.00103175,0.00042624,0.00143351,-0.000115096,-7.88813e-08,-0.000392306,-0.00103175,0.00386188,-0.000540773,-0.000452785,-7.74172e-05,4.07405e-05,0.000822951,0.00042624,-0.000540773,0.00239495,0.00162673,0.00124309,5.10247e-05,-0.00161242,0.00143351,-0.000452785,0.00162673,0.0257319,0.000701226,0.00081683,-0.000429036,-0.000115096,-7.74172e-05,0.00124309,0.000701226,0.0258096,0.000327113,-1.38492e-05,-7.88813e-08,4.07406e-05,5.10247e-05,0.00081683,0.000327113,0.0466331,
0.00384534,-0.000763547,-0.000397915,0.000818825,-0.00160503,-0.00043176,-1.39598e-05,-0.000763547,0.00121984,-0.00103281,0.000424811,0.001433,-0.000115571,-1.43385e-07,-0.000397915,-0.00103281,0.00386052,-0.000540611,-0.000450917,-7.84095e-05,4.01849e-05,0.000818825,0.000424811,-0.000540611,0.00239122,0.00163073,0.00124523,5.07716e-05,-0.00160503,0.001433,-0.000450917,0.00163073,0.0257228,0.000703605,0.000814972,-0.00043176,-0.000115571,-7.84095e-05,0.00124523,0.000703605,0.0258174,0.000328208,-1.39597e-05,-1.43385e-07,4.01849e-05,5.07716e-05,0.000814972,0.000328208,0.0466329,
0.0038467,-0.000766943,-0.0004035,0.000814704,-0.00159767,-0.000434459,-1.40708e-05,-0.000766943,0.00122261,-0.00103385,0.000423396,0.00143246,-0.000116036,-2.0603e-07,-0.0004035,-0.00103385,0.00385917,-0.000540426,-0.000449087,-7.9412e-05,3.96319e-05,0.000814704,0.000423396,-0.000540426,0.00238751,0.00163468,0.00124736,5.0518e-05,-0.00159767,0.00143246,-0.000449087,0.00163468,0.0257137,0.000705978,0.000813123,-0.000434459,-0.000116036,-7.9412e-05,0.00124736,0.000705978,0.0258251,0.000329295,-1.40708e-05,-2.06057e-07,3.96319e-05,5.0518e-05,0.000813123,0.000329295,0.0466327,
0.00384801,-0.000770306,-0.000409062,0.00081059,-0.00159035,-0.000437135,-1.41824e-05,-0.000770306,0.00122537,-0.00103488,0.000421993,0.0014319,-0.000116492,-2.66981e-07,-0.000409062,-0.00103488,0.00385784,-0.000540219,-0.000447293,-8.04247e-05,3.90816e-05,0.00081059,0.000421993,-0.000540219,0.00238383,0.00163859,0.0012495,5.02639e-05,-0.00159035,0.0014319,-0.000447293,0.00163859,0.0257048,0.000708346,0.000811283,-0.000437135,-0.000116492,-8.04248e-05,0.0012495,0.000708346,0.0258327,0.000330375,-1.41824e-05,-2.66953e-07,3.90816e-05,5.0264e-05,0.000811283,0.000330375,0.0466326,
0.00384927,-0.000773636,-0.0004146,0.000806483,-0.00158306,-0.000439787,-1.42945e-05,-0.000773636,0.00122813,-0.0010359,0.000420603,0.00143133,-0.000116938,-3.26128e-07,-0.0004146,-0.0010359,0.00385652,-0.00053999,-0.000445537,-8.14477e-05,3.8534e-05,0.000806483,0.000420603,-0.00053999,0.00238018,0.00164246,0.00125164,5.00094e-05,-0.00158306,0.00143133,-0.000445537,0.00164246,0.025696,0.000710709,0.000809453,-0.000439787,-0.000116938,-8.14477e-05,0.00125164,0.000710709,0.0258404,0.000331447,-1.42945e-05,-3.26128e-07,3.8534e-05,5.00093e-05,0.000809453,0.000331447,0.0466324,
0.00385048,-0.000776933,-0.000420114,0.000802382,-0.0015758,-0.000442415,-1.4407e-05,-0.000776933,0.00123088,-0.00103689,0.000419225,0.00143074,-0.000117375,-3.8361e-07,-0.000420114,-0.00103689,0.00385523,-0.000539738,-0.000443816,-8.24809e-05,3.7989e-05,0.000802382,0.000419225,-0.000539738,0.00237655,0.00164629,0.00125377,4.97543e-05,-0.0015758,0.00143074,-0.000443816,0.00164629,0.0256874,0.000713066,0.000807633,-0.000442415,-0.000117375,-8.24809e-05,0.00125377,0.000713067,0.025848,0.000332511,-1.4407e-05,-3.83582e-07,3.79889e-05,4.97543e-05,0.000807633,0.000332511,0.0466322,
0.00385165,-0.000780196,-0.000425603,0.000798288,-0.00156858,-0.000445021,-1.452e-05,-0.000780196,0.00123362,-0.00103787,0.00041786,0.00143014,-0.000117802,-4.39315e-07,-0.000425603,-0.00103787,0.00385395,-0.000539465,-0.000442131,-8.35243e-05,3.74467e-05,0.000798288,0.00041786,-0.000539465,0.00237294,0.00165007,0.00125591,4.94988e-05,-0.00156858,0.00143014,-0.000442131,0.00165007,0.0256788,0.000715419,0.000805821,-0.000445021,-0.000117802,-8.35243e-05,0.00125591,0.000715419,0.0258556,0.000333568,-1.452e-05,-4.39315e-07,3.74467e-05,4.94988e-05,0.000805821,0.000333568,0.0466321,
0.00385276,-0.000783426,-0.000431068,0.000794201,-0.00156139,-0.000447603,-1.46334e-05,-0.000783426,0.00123636,-0.00103884,0.000416507,0.00142952,-0.000118221,-4.93383e-07,-0.000431068,-0.00103884,0.00385269,-0.00053917,-0.000440481,-8.45779e-05,3.6907e-05,0.000794201,0.000416507,-0.00053917,0.00236936,0.00165382,0.00125804,4.92428e-05,-0.00156139,0.00142952,-0.000440481,0.00165382,0.0256703,0.000717766,0.00080402,-0.000447603,-0.000118221,-8.45779e-05,0.00125804,0.000717766,0.0258632,0.000334617,-1.46334e-05,-4.93383e-07,3.6907e-05,4.92428e-05,0.00080402,0.000334617,0.0466319,
0.00385383,-0.000786624,-0.000436509,0.000790122,-0.00155423,-0.000450162,-1.47472e-05,-0.000786624,0.0012391,-0.00103979,0.000415166,0.00142888,-0.00011863,-5.45786e-07,-0.000436509,-0.00103979,0.00385145,-0.000538854,-0.000438865,-8.56416e-05,3.63701e-05,0.000790122,0.000415166,-0.000538854,0.00236581,0.00165752,0.00126018,4.89864e-05,-0.00155423,0.00142888,-0.000438865,0.00165752,0.0256619,0.000720109,0.000802227,-0.000450162,-0.00011863,-8.56417e-05,0.00126018,0.000720109,0.0258707,0.000335658,-1.47472e-05,-5.45786e-07,3.63701e-05,4.89864e-05,0.000802227,0.000335658,0.0466318,
0.00385485,-0.00078979,-0.000441925,0.000786051,-0.00154711,-0.000452698,-1.48614e-05,-0.00078979,0.00124183,-0.00104073,0.000413836,0.00142823,-0.00011903,-5.96551e-07,-0.000441925,-0.00104073,0.00385022,-0.000538517,-0.000437284,-8.67156e-05,3.58358e-05,0.000786051,0.000413836,-0.000538517,0.00236228,0.00166118,0.00126231,4.87295e-05,-0.00154711,0.00142823,-0.000437284,0.00166118,0.0256537,0.000722446,0.000800443,-0.000452698,-0.00011903,-8.67156e-05,0.00126231,0.000722446,0.0258782,0.000336691,-1.48614e-05,-5.96578e-07,3.58358e-05,4.87295e-05,0.000800443,0.000336691,0.0466316,
0.00385583,-0.000792923,-0.000447316,0.000781988,-0.00154002,-0.000455212,-1.4976e-05,-0.000792923,0.00124455,-0.00104165,0.000412518,0.00142756,-0.000119421,-6.45678e-07,-0.000447316,-0.00104165,0.00384901,-0.00053816,-0.000435737,-8.77997e-05,3.53042e-05,0.000781988,0.000412518,-0.00053816,0.00235877,0.0016648,0.00126444,4.84723e-05,-0.00154002,0.00142756,-0.000435737,0.0016648,0.0256455,0.00072478,0.000798669,-0.000455212,-0.000119421,-8.77997e-05,0.00126444,0.00072478,0.0258857,0.000337717,-1.4976e-05,-6.4565e-07,3.53043e-05,4.84723e-05,0.000798669,0.000337717,0.0466315,
