0.00260669,-0.000171199,-0.00167814,-0.000286612,5.5e-05,-0.000314282,0.000183461,-0.000101574,0.00119577,-0.000254721,0.0013492,-2.63167e-05,-0.000742631,-7.97051e-05,-0.00184274,-0.000206,0.00346202,-0.000179672,2.37292e-05,-0.000235009,3.6138e-05,-0.000362615,0.00128849,1.70476e-05,0.00322351,7.6688e-05,0.00169097,0.000271263,-0.00435859,-0.00108988,0.00562659,-0.00261104,0.0025084,-0.00482153,0.00866582,-0.000482035,-0.000861598,0.000163632,0.00167455,0.000157385,0.028714,0.000565165,0.000109824,4.03112e-05,-0.000196068,7.60411e-05,-6.69733e-05,0.000150176,0.0463707,
0.00271736,-0.000154351,-0.00179658,-0.000210894,0,-0.000172267,-2.31565e-05,-0.000154351,0.00118758,-0.000199106,0.00131211,0,-0.000812307,1.91198e-05,-0.00179658,-0.000199106,0.00340879,-0.000147495,0,-0.000175823,-5.27919e-05,-0.000210894,0.00131211,-0.000147495,0.00332846,0,0.00188974,-1.69864e-05,0.000623194,-0.000297651,0.000271003,0.000872973,0,0.00178063,-0.000754894,-0.000172267,-0.000812307,-0.000175823,0.00188974,0,0.0291232,-2.43966e-05,-2.31565e-05,1.91197e-05,-5.27918e-05,-1.69864e-05,0,-2.43965e-05,0.0466222,
0.00271937,-0.000155279,-0.00179727,-0.000212135,0,-0.000176576,-2.31234e-05,-0.000155279,0.00118778,-0.000200166,0.00131145,0,-0.000812632,1.90537e-05,-0.00179727,-0.000200166,0.00340633,-0.000148753,0,-0.00018073,-5.2531e-05,-0.000212135,0.00131145,-0.000148753,0.00332675,0,0.0018858,-1.71466e-05,0.000622234,-0.000296845,0.000272505,0.000878508,0,0.00177816,-0.000750093,-0.000176576,-0.000812632,-0.00018073,0.0018858,0,0.0291169,-2.25419e-05,-2.31234e-05,1.90537e-05,-5.2531e-05,-1.71466e-05,0,-2.25419e-05,0.0466219,
0.00272205,-0.00015625,-0.0017979,-0.000213321,0.000620984,-0.000181356,-2.31083e-05,-0.00015625,0.00118798,-0.000201218,0.00131077,-0.000296107,-0.000812952,1.89649e-05,-0.0017979,-0.000201218,0.00340352,-0.000150082,0.000274269,-0.000186118,-5.22347e-05,-0.000213321,0.00131077,-0.000150082,0.00332499,0.000884466,0.00188139,-1.73291e-05,0.000620984,-0.000296107,0.000274269,0.000884466,0.0283642,0.00177587,-0.00074469,-0.000181356,-0.000812952,-0.000186118,0.00188139,0.00177587,0.0291096,-2.06698e-05,-2.31083e-05,1.89649e-05,-5.22348e-05,-1.73291e-05,-0.00074469,-2.06699e-05,0.0466217,
0.0027256,-0.000157388,-0.00179849,-0.000214506,0.000619775,-0.000185179,-2.31457e-05,-0.000157389,0.00118821,-0.000202383,0.00131006,-0.000295043,-0.000813327,1.8905e-05,-0.00179849,-0.000202383,0.00340021,-0.000151558,0.000276825,-0.000190565,-5.19334e-05,-0.000214506,0.00131006,-0.000151558,0.00332313,0.000890155,0.00187723,-1.7453e-05,0.000619775,-0.000295042,0.000276825,0.000890155,0.0283393,0.00177294,-0.000739341,-0.000185179,-0.000813327,-0.000190565,0.00187723,0.00177294,0.0291026,-1.88469e-05,-2.31457e-05,1.8905e-05,-5.19334e-05,-1.7453e-05,-0.000739341,-1.88469e-05,0.0466214,
0.0027299,-0.000158594,-0.00179905,-0.000215653,0.000618062,-0.00018929,-2.32115e-05,-0.000158594,0.00118844,-0.000203556,0.00130933,-0.000294007,-0.00081369,1.88429e-05,-0.00179905,-0.000203556,0.00339646,-0.000153146,0.000279591,-0.000195293,-5.16086e-05,-0.000215653,0.00130933,-0.000153146,0.0033212,0.000896098,0.00187296,-1.75872e-05,0.000618062,-0.000294007,0.000279591,0.000896098,0.0283145,0.00177025,-0.000734009,-0.00018929,-0.00081369,-0.000195293,0.00187296,0.00177025,0.0290955,-1.70558e-05,-2.32115e-05,1.88429e-05,-5.16086e-05,-1.75872e-05,-0.000734009,-1.70559e-05,0.0466212,
0.00273486,-0.000159862,-0.00179957,-0.000216725,0.000616118,-0.00019318,-2.33102e-05,-0.000159862,0.00118869,-0.000204733,0.00130859,-0.000292908,-0.000814059,1.87882e-05,-0.00179957,-0.000204733,0.00339233,-0.000154807,0.000282736,-0.000199784,-5.12718e-05,-0.000216725,0.00130859,-0.000154807,0.00331924,0.000901979,0.00186875,-1.77061e-05,0.000616118,-0.000292908,0.000282736,0.000901979,0.0282898,0.00176749,-0.000728734,-0.00019318,-0.000814059,-0.000199784,0.00186875,0.00176749,0.0290886,-1.5306e-05,-2.33102e-05,1.87881e-05,-5.12719e-05,-1.77061e-05,-0.000728734,-1.5306e-05,0.046621,
0.00274041,-0.000161177,-0.00180004,-0.000217727,0.000613892,-0.000197075,-2.34335e-05,-0.000161177,0.00118894,-0.000205903,0.00130784,-0.000291803,-0.000814427,1.8734e-05,-0.00180004,-0.000205903,0.00338788,-0.000156533,0.000286141,-0.000204262,-5.09202e-05,-0.000217727,0.00130784,-0.000156533,0.00331724,0.000907914,0.00186449,-1.7822e-05,0.000613892,-0.000291803,0.000286141,0.000907914,0.028265,0.0017648,-0.000723458,-0.000197075,-0.000814427,-0.000204262,0.00186449,0.0017648,0.0290816,-1.36008e-05,-2.34335e-05,1.8734e-05,-5.09202e-05,-1.7822e-05,-0.000723458,-1.36008e-05,0.0466207,
0.00274625,-0.000162543,-0.00180041,-0.000218705,0.000611652,-0.000200752,-2.35719e-05,-0.000162543,0.0011892,-0.000207094,0.00130711,-0.000290638,-0.000814789,1.86816e-05,-0.00180041,-0.000207094,0.00338336,-0.000158297,0.000289711,-0.000208505,-5.05667e-05,-0.000218705,0.00130711,-0.000158297,0.00331526,0.000913796,0.00186024,-1.79241e-05,0.000611652,-0.000290638,0.000289711,0.000913796,0.0282397,0.00176205,-0.000718095,-0.000200752,-0.000814789,-0.000208505,0.00186024,0.00176205,0.0290744,-1.19483e-05,-2.35719e-05,1.86816e-05,-5.05667e-05,-1.79241e-05,-0.000718095,-1.19483e-05,0.0466205,
0.0027523,-0.000163955,-0.0018007,-0.000219657,0.000609487,-0.000204203,-2.37187e-05,-0.000163955,0.00118947,-0.000208308,0.00130637,-0.00028941,-0.000815156,1.8627e-05,-0.0018007,-0.000208308,0.0033788,-0.000160086,0.000293477,-0.000212509,-5.02084e-05,-0.000219657,0.00130637,-0.000160086,0.00331328,0.000919653,0.0018559,-1.80122e-05,0.000609487,-0.00028941,0.000293477,0.000919653,0.0282131,0.00175923,-0.000712521,-0.000204203,-0.000815156,-0.000212509,0.0018559,0.00175923,0.029067,-1.03728e-05,-2.37187e-05,1.8627e-05,-5.02084e-05,-1.80122e-05,-0.000712521,-1.03728e-05,0.0466203,
0.00275857,-0.000165276,-0.00180104,-0.000220611,0,-0.000209789,-2.38592e-05,-0.000165276,0.00118973,-0.000209394,0.00130561,0,-0.000815354,1.85678e-05,-0.00180104,-0.000209394,0.00337399,-0.000161968,0,-0.000218607,-4.98363e-05,-0.000220611,0.00130561,-0.000161968,0.00331127,0,0.00185152,-1.82121e-05,0.00060558,-0.000288727,0.000296015,0.000926296,0,0.00175782,-0.000708265,-0.000209789,-0.000815354,-0.000218607,0.00185152,0,0.0290608,-8.5586e-06,-2.38592e-05,1.85678e-05,-4.98363e-05,-1.82121e-05,0,-8.55854e-06,0.0466201,
0.00276482,-0.000166697,-0.00180124,-0.000221437,0.000603514,-0.000212604,-2.40292e-05,-0.000166697,0.00119,-0.000210571,0.00130491,-0.000287381,-0.000815714,1.85328e-05,-0.00180124,-0.000210571,0.00336938,-0.000163731,0.000300029,-0.000221925,-4.94928e-05,-0.000221437,0.00130491,-0.000163731,0.00330933,0.000931694,0.00184743,-1.82656e-05,0.000603514,-0.000287381,0.000300029,0.000931694,0.0281675,0.00175421,-0.000702869,-0.000212604,-0.000815714,-0.000221925,0.00184743,0.00175421,0.0290537,-6.77197e-06,-2.40292e-05,1.85328e-05,-4.94928e-05,-1.82656e-05,-0.000702869,-6.77203e-06,0.0466198,
0.00277119,-0.00016806,-0.00180147,-0.00022231,0.000600015,-0.000217587,-2.4175e-05,-0.00016806,0.00119027,-0.000211673,0.00130416,-0.00028656,-0.000815932,1.84689e-05,-0.00180147,-0.000211673,0.00336461,-0.000165591,0.000302938,-0.000227399,-4.91186e-05,-0.00022231,0.00130416,-0.000165591,0.00330734,0.000938144,0.00184288,-1.84322e-05,0.000600015,-0.00028656,0.000302938,0.000938144,0.0281452,0.00175233,-0.000698077,-0.000217587,-0.000815932,-0.000227399,0.00184288,0.00175233,0.0290468,-4.99661e-06,-2.4175e-05,1.84689e-05,-4.91187e-05,-1.84322e-05,-0.000698077,-4.99661e-06,0.0466196,
0.00277754,-0.000169464,-0.00180163,-0.000223128,0.000597111,-0.000221483,-2.43344e-05,-0.000169464,0.00119055,-0.000212806,0.00130344,-0.000285489,-0.0008162,1.84217e-05,-0.00180163,-0.000212806,0.00335992,-0.000167414,0.00030633,-0.000231767,-4.87616e-05,-0.000223128,0.00130344,-0.000167414,0.00330537,0.000944053,0.00183856,-1.85404e-05,0.000597111,-0.000285489,0.00030633,0.000944053,0.0281215,0.00174963,-0.00069311,-0.000221483,-0.0008162,-0.000231767,0.00183856,0.00174963,0.0290399,-3.22592e-06,-2.43343e-05,1.84218e-05,-4.87616e-05,-1.85404e-05,-0.00069311,-3.22592e-06,0.0466194,
0.00278392,-0.000170857,-0.00180177,-0.000223931,0.000593898,-0.000225829,-2.44869e-05,-0.000170857,0.00119083,-0.000213916,0.00130271,-0.000284535,-0.000816431,1.83664e-05,-0.00180177,-0.000213916,0.00335521,-0.000169253,0.000309478,-0.000236574,-4.8397e-05,-0.000223931,0.00130271,-0.000169253,0.00330339,0.000950188,0.00183409,-1.86717e-05,0.000593898,-0.000284535,0.000309478,0.000950188,0.0280983,0.00174728,-0.000688227,-0.000225829,-0.000816431,-0.000236574,0.00183409,0.00174728,0.0290329,-1.45861e-06,-2.44869e-05,1.83664e-05,-4.8397e-05,-1.86717e-05,-0.000688227,-1.45861e-06,0.0466191,
0.00279028,-0.00017226,-0.00180188,-0.000224704,0.000590774,-0.000229926,-2.46419e-05,-0.00017226,0.00119111,-0.000215027,0.00130198,-0.000283533,-0.000816664,1.83157e-05,-0.00180188,-0.000215027,0.00335052,-0.000171083,0.000312695,-0.000241113,-4.80376e-05,-0.000224704,0.00130198,-0.000171083,0.00330142,0.000956188,0.00182968,-1.87891e-05,0.000590774,-0.000283533,0.000312695,0.000956188,0.0280751,0.00174477,-0.000683365,-0.000229926,-0.000816664,-0.000241113,0.00182968,0.00174477,0.029026,3.03091e-07,-2.46419e-05,1.83157e-05,-4.80376e-05,-1.87891e-05,-0.000683365,3.03091e-07,0.0466189,
0.00279664,-0.000173662,-0.00180197,-0.000225455,0.000587576,-0.00023409,-2.47941e-05,-0.000173662,0.0011914,-0.000216129,0.00130126,-0.000282558,-0.000816882,1.82631e-05,-0.00180197,-0.000216129,0.00334584,-0.000172912,0.000315839,-0.000245706,-4.76774e-05,-0.000225455,0.00130126,-0.000172912,0.00329944,0.000962218,0.00182521,-1.89092e-05,0.000587576,-0.000282558,0.000315839,0.000962218,0.028052,0.00174232,-0.000678524,-0.00023409,-0.000816882,-0.000245706,0.00182521,0.00174232,0.0290191,2.06341e-06,-2.47941e-05,1.82631e-05,-4.76774e-05,-1.89092e-05,-0.000678524,2.06341e-06,0.0466187,
0.00280297,-0.000175067,-0.00180203,-0.00022618,0.000584375,-0.00023818,-2.49458e-05,-0.000175067,0.00119169,-0.000217225,0.00130053,-0.000281576,-0.000817093,1.82118e-05,-0.00180203,-0.000217225,0.00334118,-0.000174736,0.000318966,-0.00025021,-4.73196e-05,-0.00022618,0.00130053,-0.000174736,0.00329746,0.000968202,0.00182075,-1.90248e-05,0.000584375,-0.000281576,0.000318966,0.000968202,0.0280291,0.00173982,-0.000673719,-0.00023818,-0.000817093,-0.00025021,0.00182075,0.00173982,0.0290121,3.82161e-06,-2.49458e-05,1.82118e-05,-4.73196e-05,-1.90248e-05,-0.000673719,3.82155e-06,0.0466184,
0.00280928,-0.000176472,-0.00180207,-0.000226882,0.000581143,-0.000242263,-2.50957e-05,-0.000176472,0.00119198,-0.000218315,0.00129981,-0.000280602,-0.000817292,1.81604e-05,-0.00180207,-0.000218315,0.00333654,-0.000176556,0.00032205,-0.000254691,-4.69629e-05,-0.000226882,0.00129981,-0.000176556,0.00329548,0.000974175,0.00181626,-1.91392e-05,0.000581143,-0.000280602,0.00032205,0.000974175,0.0280062,0.00173733,-0.000668937,-0.000242263,-0.000817293,-0.000254691,0.00181626,0.00173733,0.0290052,5.5802e-06,-2.50957e-05,1.81604e-05,-4.6963e-05,-1.91392e-05,-0.000668937,5.5802e-06,0.0466182,
0.00281556,-0.00017788,-0.00180208,-0.000227561,0.000577891,-0.00024631,-2.52443e-05,-0.00017788,0.00119228,-0.000219398,0.00129909,-0.000279631,-0.000817483,1.81095e-05,-0.00180208,-0.000219398,0.00333191,-0.000178372,0.000325099,-0.000259122,-4.66083e-05,-0.000227561,0.00129909,-0.000178372,0.00329351,0.000980121,0.00181177,-1.92512e-05,0.000577891,-0.000279631,0.000325099,0.000980121,0.0279835,0.00173482,-0.000664187,-0.00024631,-0.000817483,-0.000259122,0.00181177,0.00173482,0.0289982,7.34018e-06,-2.52443e-05,1.81095e-05,-4.66083e-05,-1.92512e-05,-0.000664187,7.34018e-06,0.046618,
0.00282181,-0.000179288,-0.00180208,-0.000228218,0.000574615,-0.000250337,-2.53914e-05,-0.000179288,0.00119257,-0.000220475,0.00129836,-0.000278665,-0.000817664,1.80589e-05,-0.00180208,-0.000220475,0.00332731,-0.000180183,0.000328106,-0.000263517,-4.62553e-05,-0.000228218,0.00129836,-0.000180183,0.00329153,0.000986048,0.00180726,-1.93614e-05,0.000574615,-0.000278665,0.000328106,0.000986049,0.0279608,0.0017323,-0.000659465,-0.000250337,-0.000817664,-0.000263517,0.00180726,0.0017323,0.0289913,9.10366e-06,-2.53914e-05,1.80589e-05,-4.62553e-05,-1.93613e-05,-0.000659465,9.10366e-06,0.0466177,
0.00282803,-0.000180697,-0.00180205,-0.000228854,0.000571316,-0.00025434,-2.55372e-05,-0.000180697,0.00119288,-0.000221546,0.00129764,-0.000277702,-0.000817835,1.80087e-05,-0.00180205,-0.000221546,0.00332273,-0.00018199,0.000331072,-0.000267874,-4.59045e-05,-0.000228854,0.00129764,-0.00018199,0.00328955,0.000991953,0.00180274,-1.94696e-05,0.000571316,-0.000277702,0.000331072,0.000991953,0.0279384,0.00172977,-0.000654775,-0.00025434,-0.000817835,-0.000267874,0.00180274,0.00172977,0.0289844,1.08725e-05,-2.55372e-05,1.80087e-05,-4.59045e-05,-1.94696e-05,-0.000654775,1.08724e-05,0.0466175,
0.00283422,-0.000182107,-0.001802,-0.000229469,0.000567991,-0.000258323,-2.56818e-05,-0.000182107,0.00119318,-0.000222611,0.00129692,-0.000276742,-0.000817996,1.79592e-05,-0.001802,-0.000222611,0.00331817,-0.000183794,0.000333992,-0.000272196,-4.55558e-05,-0.000229469,0.00129692,-0.000183794,0.00328756,0.000997837,0.00179821,-1.95762e-05,0.000567991,-0.000276742,0.000333992,0.000997837,0.0279161,0.00172722,-0.000650119,-0.000258323,-0.000817996,-0.000272196,0.00179821,0.00172722,0.0289775,1.26496e-05,-2.56818e-05,1.79592e-05,-4.55558e-05,-1.95762e-05,-0.000650119,1.26495e-05,0.0466173,
0.00284038,-0.000183519,-0.00180192,-0.000230064,0.00056464,-0.00026228,-2.58256e-05,-0.000183519,0.00119349,-0.000223671,0.0012962,-0.000275784,-0.000818146,1.79109e-05,-0.00180192,-0.000223671,0.00331363,-0.000185593,0.000336868,-0.000276476,-4.521e-05,-0.000230064,0.0012962,-0.000185593,0.00328558,0.00100369,0.00179369,-1.96807e-05,0.00056464,-0.000275784,0.000336868,0.00100369,0.027894,0.00172464,-0.000645506,-0.00026228,-0.000818146,-0.000276476,0.00179369,0.00172464,0.0289706,1.44402e-05,-2.58256e-05,1.7911e-05,-4.521e-05,-1.96806e-05,-0.000645506,1.44402e-05,0.046617,
0.0028465,-0.000184938,-0.00180183,-0.000230641,0.000561333,-0.000266098,-2.59714e-05,-0.000184938,0.0011938,-0.000224733,0.00129548,-0.000274789,-0.000818294,1.7867e-05,-0.00180183,-0.000224733,0.00330912,-0.000187389,0.000339757,-0.000280601,-4.487e-05,-0.000230641,0.00129548,-0.000187389,0.0032836,0.00100947,0.00178919,-1.97767e-05,0.000561333,-0.000274789,0.000339757,0.00100947,0.0278719,0.00172185,-0.000640908,-0.000266098,-0.000818294,-0.000280601,0.00178919,0.00172185,0.0289638,1.62941e-05,-2.59714e-05,1.78669e-05,-4.487e-05,-1.97767e-05,-0.000640908,1.6294e-05,0.0466168,
0.00285259,-0.000186358,-0.0018017,-0.000231151,0.000558363,-0.000269507,-2.61093e-05,-0.000186358,0.00119411,-0.000225788,0.00129476,-0.000273748,-0.000818475,1.78128e-05,-0.0018017,-0.000225788,0.00330464,-0.000189136,0.000342921,-0.000284298,-4.45241e-05,-0.000231151,0.00129476,-0.000189136,0.00328164,0.00101511,0.00178461,-1.98517e-05,0.000558363,-0.000273748,0.000342921,0.00101511,0.0278479,0.00171907,-0.000635936,-0.000269507,-0.000818475,-0.000284298,0.00178461,0.00171907,0.0289563,1.79313e-05,-2.61093e-05,1.78128e-05,-4.45241e-05,-1.98517e-05,-0.000635936,1.79313e-05,0.0466165,
0.00285868,-0.000187752,-0.00180159,-0.000231683,0.00055468,-0.000273758,-2.62449e-05,-0.000187752,0.00119443,-0.000226806,0.00129404,-0.000272914,-0.000818572,1.77602e-05,-0.00180159,-0.000226806,0.00330012,-0.000190932,0.000345476,-0.000288825,-4.41787e-05,-0.000231683,0.00129404,-0.000190932,0.00327965,0.00102104,0.00178001,-1.99707e-05,0.00055468,-0.000272914,0.000345476,0.00102104,0.0278274,0.00171697,-0.000631608,-0.000273758,-0.000818572,-0.000288825,0.00178001,0.00171697,0.0289497,1.96232e-05,-2.6245e-05,1.77602e-05,-4.41788e-05,-1.99707e-05,-0.000631608,1.96232e-05,0.0466163,
0.0028647,-0.000189172,-0.00180143,-0.000232162,0.000551577,-0.000277176,-2.63836e-05,-0.000189172,0.00119474,-0.000227848,0.00129332,-0.000271888,-0.000818726,1.77121e-05,-0.00180143,-0.000227848,0.00329568,-0.000192679,0.000348481,-0.000292496,-4.38419e-05,-0.000232162,0.00129332,-0.000192679,0.00327768,0.00102662,0.0017755,-2.00447e-05,0.000551577,-0.000271888,0.000348481,0.00102662,0.0278046,0.00171418,-0.000626874,-0.000277176,-0.000818726,-0.000292496,0.0017755,0.00171418,0.0289425,2.13088e-05,-2.63836e-05,1.77122e-05,-4.38419e-05,-2.00447e-05,-0.000626874,2.13088e-05,0.046616,
0.00287071,-0.000190574,-0.00180126,-0.000232635,0.000548095,-0.000281091,-2.65166e-05,-0.000190574,0.00119506,-0.000228863,0.0012926,-0.000270995,-0.00081883,1.76587e-05,-0.00180126,-0.000228863,0.00329122,-0.000194444,0.000351156,-0.000296656,-4.35007e-05,-0.000232635,0.0012926,-0.000194444,0.0032757,0.00103241,0.00177088,-2.0145e-05,0.000548095,-0.000270995,0.000351156,0.00103241,0.0277831,0.00171183,-0.000622364,-0.000281091,-0.00081883,-0.000296656,0.00177088,0.00171183,0.0289356,2.29856e-05,-2.65166e-05,1.76587e-05,-4.35006e-05,-2.0145e-05,-0.000622364,2.29856e-05,0.0466158,
0.00287668,-0.000191986,-0.00180107,-0.00023308,0.000544782,-0.000284694,-2.66513e-05,-0.000191986,0.00119539,-0.000229882,0.00129189,-0.000270037,-0.000818948,1.76095e-05,-0.00180107,-0.000229882,0.0032868,-0.000196192,0.000353949,-0.000300482,-4.31659e-05,-0.00023308,0.00129189,-0.000196192,0.00327374,0.00103803,0.00176633,-2.02279e-05,0.000544782,-0.000270037,0.000353949,0.00103803,0.0277614,0.00170926,-0.000617809,-0.000284694,-0.000818948,-0.000300482,0.00176633,0.00170926,0.0289286,2.46576e-05,-2.66513e-05,1.76095e-05,-4.31659e-05,-2.02279e-05,-0.000617809,2.46576e-05,0.0466156,
0.00288263,-0.000193393,-0.00180086,-0.000233507,0.000541361,-0.000288423,-2.67827e-05,-0.000193393,0.00119571,-0.000230889,0.00129117,-0.00026912,-0.000819045,1.75575e-05,-0.00180086,-0.000230889,0.00328239,-0.000197939,0.00035663,-0.00030442,-4.28304e-05,-0.000233507,0.00129117,-0.000197939,0.00327176,0.0010437,0.00176172,-2.03171e-05,0.000541361,-0.00026912,0.00035663,0.0010437,0.0277399,0.0017068,-0.000613293,-0.000288423,-0.000819045,-0.00030442,0.00176172,0.0017068,0.0289216,2.63253e-05,-2.67827e-05,1.75575e-05,-4.28304e-05,-2.03172e-05,-0.000613293,2.63253e-05,0.0466153,
0.00288854,-0.000194802,-0.00180063,-0.000233912,0.000537964,-0.000292055,-2.69141e-05,-0.000194802,0.00119604,-0.000231892,0.00129046,-0.00026819,-0.00081914,1.75071e-05,-0.00180063,-0.000231892,0.00327801,-0.000199678,0.00035931,-0.000308244,-4.24985e-05,-0.000233912,0.00129046,-0.000199678,0.0032698,0.00104932,0.00175714,-2.04007e-05,0.000537964,-0.00026819,0.00035931,0.00104932,0.0277185,0.0017043,-0.000608803,-0.000292055,-0.00081914,-0.000308244,0.00175714,0.0017043,0.0289146,2.79871e-05,-2.6914e-05,1.75071e-05,-4.24985e-05,-2.04007e-05,-0.000608803,2.79871e-05,0.0466151,
0.00289442,-0.000196209,-0.00180039,-0.000234297,0.000534531,-0.0002957,-2.70435e-05,-0.000196209,0.00119637,-0.000232888,0.00128974,-0.000267273,-0.000819224,1.74558e-05,-0.00180039,-0.000232888,0.00327364,-0.000201412,0.000361938,-0.000312066,-4.21679e-05,-0.000234297,0.00128974,-0.000201412,0.00326783,0.00105492,0.00175253,-2.04845e-05,0.000534531,-0.000267273,0.000361938,0.00105492,0.0276972,0.00170183,-0.000604331,-0.0002957,-0.000819224,-0.000312066,0.00175253,0.00170183,0.0289076,2.96446e-05,-2.70435e-05,1.74559e-05,-4.21678e-05,-2.04845e-05,-0.000604331,2.96446e-05,0.0466148,
0.00290027,-0.000197618,-0.00180012,-0.000234661,0.000531089,-0.000299306,-2.71721e-05,-0.000197618,0.00119671,-0.000233878,0.00128903,-0.000266358,-0.0008193,1.74051e-05,-0.00180012,-0.000233878,0.00326929,-0.00020314,0.000364539,-0.000315832,-4.18397e-05,-0.000234661,0.00128903,-0.00020314,0.00326586,0.0010605,0.00174793,-2.05657e-05,0.000531089,-0.000266358,0.000364539,0.0010605,0.0276761,0.00169935,-0.000599885,-0.000299306,-0.0008193,-0.000315832,0.00174793,0.00169935,0.0289007,3.12968e-05,-2.7172e-05,1.74051e-05,-4.18397e-05,-2.05657e-05,-0.000599885,3.12968e-05,0.0466146,
0.00290608,-0.000199025,-0.00179984,-0.000235005,0.000527626,-0.000302898,-2.72993e-05,-0.000199025,0.00119704,-0.000234861,0.00128832,-0.000265448,-0.000819367,1.7354e-05,-0.00179984,-0.000234861,0.00326496,-0.000204862,0.0003671,-0.000319568,-4.15135e-05,-0.000235005,0.00128832,-0.000204862,0.0032639,0.00106605,0.00174332,-2.06458e-05,0.000527626,-0.000265448,0.0003671,0.00106605,0.0276551,0.00169688,-0.00059546,-0.000302898,-0.000819367,-0.000319568,0.00174332,0.00169688,0.0288937,3.29446e-05,-2.72993e-05,1.7354e-05,-4.15135e-05,-2.06459e-05,-0.00059546,3.29445e-05,0.0466144,
0.00291187,-0.000200433,-0.00179954,-0.000235329,0.000524148,-0.000306465,-2.74254e-05,-0.000200433,0.00119738,-0.000235838,0.0012876,-0.000264543,-0.000819426,1.73031e-05,-0.00179954,-0.000235838,0.00326065,-0.000206578,0.000369628,-0.000323262,-4.11895e-05,-0.000235329,0.0012876,-0.000206578,0.00326193,0.00107158,0.00173871,-2.07241e-05,0.000524148,-0.000264543,0.000369628,0.00107158,0.0276343,0.00169441,-0.000591058,-0.000306465,-0.000819426,-0.000323262,0.00173871,0.00169441,0.0288867,3.45877e-05,-2.74254e-05,1.73032e-05,-4.11895e-05,-2.07241e-05,-0.000591058,3.45877e-05,0.0466141,
0.00291763,-0.000201841,-0.00179923,-0.000235634,0.000520653,-0.000310013,-2.75504e-05,-0.000201841,0.00119772,-0.000236809,0.00128689,-0.000263642,-0.000819477,1.72521e-05,-0.00179923,-0.000236809,0.00325636,-0.000208289,0.000372119,-0.000326921,-4.08676e-05,-0.000235634,0.00128689,-0.000208289,0.00325997,0.00107708,0.0017341,-2.0801e-05,0.000520653,-0.000263642,0.000372119,0.00107708,0.0276137,0.00169195,-0.000586678,-0.000310013,-0.000819477,-0.000326921,0.0017341,0.00169195,0.0288798,3.62265e-05,-2.75504e-05,1.72521e-05,-4.08677e-05,-2.0801e-05,-0.000586678,3.62265e-05,0.0466139,
0.00292335,-0.000203248,-0.00179889,-0.000235919,0.000517141,-0.000313539,-2.76743e-05,-0.000203248,0.00119807,-0.000237774,0.00128618,-0.000262746,-0.000819519,1.72012e-05,-0.00179889,-0.000237774,0.00325209,-0.000209994,0.000374576,-0.000330543,-4.0548e-05,-0.000235919,0.00128618,-0.000209994,0.00325801,0.00108256,0.00172948,-2.08763e-05,0.000517141,-0.000262746,0.000374576,0.00108256,0.0275931,0.0016895,-0.000582319,-0.000313539,-0.000819519,-0.000330543,0.00172948,0.0016895,0.0288728,3.78612e-05,-2.76743e-05,1.72011e-05,-4.0548e-05,-2.08763e-05,-0.000582319,3.78611e-05,0.0466137,
0.00292904,-0.000204655,-0.00179854,-0.000236185,0.000513612,-0.000317048,-2.77971e-05,-0.000204655,0.00119842,-0.000238733,0.00128547,-0.000261854,-0.000819553,1.71501e-05,-0.00179854,-0.000238733,0.00324783,-0.000211693,0.000376996,-0.00033413,-4.02305e-05,-0.000236185,0.00128547,-0.000211693,0.00325606,0.00108802,0.00172486,-2.09502e-05,0.000513612,-0.000261854,0.000376996,0.00108802,0.0275727,0.00168706,-0.000577983,-0.000317048,-0.000819553,-0.00033413,0.00172486,0.00168706,0.0288659,3.94919e-05,-2.77971e-05,1.71501e-05,-4.02305e-05,-2.09502e-05,-0.000577983,3.94919e-05,0.0466134,
0.00293471,-0.000206063,-0.00179817,-0.000236433,0.000510064,-0.000320539,-2.79189e-05,-0.000206063,0.00119876,-0.000239687,0.00128476,-0.000260967,-0.000819578,1.70992e-05,-0.00179817,-0.000239687,0.0032436,-0.000213387,0.000379379,-0.000337684,-3.99153e-05,-0.000236433,0.00128476,-0.000213387,0.0032541,0.00109345,0.00172024,-2.10227e-05,0.000510064,-0.000260967,0.000379379,0.00109345,0.0275525,0.00168462,-0.000573672,-0.000320539,-0.000819578,-0.000337684,0.00172024,0.00168462,0.028859,4.11194e-05,-2.79189e-05,1.70992e-05,-3.99153e-05,-2.10227e-05,-0.000573672,4.11194e-05,0.0466132,
0.00294034,-0.000207471,-0.00179779,-0.000236664,0.000506508,-0.000323995,-2.80404e-05,-0.000207471,0.00119912,-0.000240636,0.00128405,-0.000260077,-0.000819596,1.70491e-05,-0.00179779,-0.000240636,0.00323939,-0.000215077,0.000381733,-0.000341186,-3.96032e-05,-0.000236664,0.00128405,-0.000215077,0.00325215,0.00109885,0.00171562,-2.1093e-05,0.000506508,-0.000260077,0.000381733,0.00109885,0.0275324,0.00168216,-0.000569387,-0.000323995,-0.000819596,-0.000341186,0.00171562,0.00168216,0.0288521,4.27528e-05,-2.80404e-05,1.70491e-05,-3.96032e-05,-2.10929e-05,-0.000569387,4.27529e-05,0.046613,
0.00294594,-0.000208879,-0.00179739,-0.000236868,0.000502999,-0.000327361,-2.81595e-05,-0.000208879,0.00119947,-0.000241579,0.00128334,-0.000259181,-0.000819614,1.69973e-05,-0.00179739,-0.000241579,0.00323519,-0.000216752,0.000384112,-0.00034458,-3.92918e-05,-0.000236868,0.00128334,-0.000216752,0.0032502,0.0011042,0.001711,-2.11581e-05,0.000502999,-0.000259181,0.000384112,0.0011042,0.0275121,0.00167968,-0.000565047,-0.000327361,-0.000819614,-0.00034458,0.001711,0.00167968,0.0288451,4.4358e-05,-2.81595e-05,1.69973e-05,-3.92918e-05,-2.11581e-05,-0.000565047,4.4358e-05,0.0466127,
0.00295151,-0.000210283,-0.00179697,-0.00023706,0.000499359,-0.000330855,-2.82779e-05,-0.000210283,0.00119983,-0.000242511,0.00128263,-0.000258324,-0.00081961,1.69458e-05,-0.00179697,-0.000242511,0.00323101,-0.000218431,0.000386356,-0.000348088,-3.89825e-05,-0.00023706,0.00128263,-0.000218431,0.00324825,0.00110958,0.00170636,-2.12298e-05,0.000499359,-0.000258324,0.000386356,0.00110958,0.0274925,0.00167734,-0.000560833,-0.000330855,-0.00081961,-0.000348088,0.00170636,0.00167734,0.0288382,4.59637e-05,-2.82779e-05,1.69457e-05,-3.89825e-05,-2.12298e-05,-0.000560833,4.59637e-05,0.0466125,
0.00295705,-0.00021169,-0.00179654,-0.000237229,0.000495806,-0.000334192,-2.83956e-05,-0.00021169,0.00120019,-0.000243442,0.00128192,-0.000257438,-0.00081961,1.68948e-05,-0.00179654,-0.000243442,0.00322685,-0.000220097,0.000388654,-0.000351422,-3.86765e-05,-0.000237229,0.00128192,-0.000220097,0.00324631,0.00111489,0.00170175,-2.12927e-05,0.000495806,-0.000257438,0.000388654,0.00111489,0.0274727,0.00167488,-0.000556566,-0.000334192,-0.00081961,-0.000351422,0.00170175,0.00167488,0.0288313,4.7565e-05,-2.83956e-05,1.68948e-05,-3.86765e-05,-2.12927e-05,-0.000556566,4.7565e-05,0.0466123,
0.00296256,-0.000213094,-0.00179609,-0.000237383,0.000492177,-0.000337598,-2.85118e-05,-0.000213094,0.00120055,-0.000244364,0.00128122,-0.000256577,-0.000819594,1.68429e-05,-0.00179609,-0.000244364,0.0032227,-0.000221761,0.000390866,-0.000354809,-3.83715e-05,-0.000237383,0.00128122,-0.000221761,0.00324437,0.0011202,0.00169711,-2.1359e-05,0.000492177,-0.000256577,0.000390866,0.0011202,0.0274531,0.00167251,-0.000552353,-0.000337598,-0.000819594,-0.000354809,0.00169711,0.00167251,0.0288244,4.91609e-05,-2.85118e-05,1.68429e-05,-3.83715e-05,-2.1359e-05,-0.000552353,4.9161e-05,0.046612,
0.00296804,-0.0002145,-0.00179563,-0.000237517,0.000488568,-0.000340935,-2.86275e-05,-0.0002145,0.00120091,-0.000245282,0.00128051,-0.000255707,-0.000819576,1.67917e-05,-0.00179563,-0.000245282,0.00321858,-0.000223417,0.000393075,-0.00035811,-3.80696e-05,-0.000237517,0.00128051,-0.000223417,0.00324243,0.00112547,0.00169249,-2.14212e-05,0.000488568,-0.000255707,0.000393075,0.00112547,0.0274337,0.0016701,-0.000548146,-0.000340936,-0.000819576,-0.00035811,0.00169249,0.0016701,0.0288175,5.0752e-05,-2.86274e-05,1.67916e-05,-3.80696e-05,-2.14212e-05,-0.000548146,5.0752e-05,0.0466118,
0.00297349,-0.000215904,-0.00179515,-0.000237634,0.000484929,-0.000344279,-2.87418e-05,-0.000215904,0.00120128,-0.000246194,0.00127981,-0.000254848,-0.000819547,1.67398e-05,-0.00179515,-0.000246194,0.00321447,-0.000225068,0.000395237,-0.000361401,-3.77694e-05,-0.000237634,0.00127981,-0.000225068,0.0032405,0.00113072,0.00168785,-2.14834e-05,0.000484929,-0.000254848,0.000395237,0.00113072,0.0274144,0.00166772,-0.000543961,-0.000344279,-0.000819547,-0.000361401,0.00168785,0.00166772,0.0288106,5.23383e-05,-2.87417e-05,1.67398e-05,-3.77694e-05,-2.14834e-05,-0.000543961,5.23384e-05,0.0466116,
0.00297891,-0.000217308,-0.00179466,-0.000237734,0.000481285,-0.000347591,-2.88553e-05,-0.000217308,0.00120165,-0.0002471,0.0012791,-0.00025399,-0.000819511,1.66882e-05,-0.00179466,-0.0002471,0.00321039,-0.000226713,0.000397374,-0.000364645,-3.74717e-05,-0.000237734,0.0012791,-0.000226713,0.00323857,0.00113595,0.00168323,-2.15437e-05,0.000481286,-0.00025399,0.000397374,0.00113595,0.0273952,0.00166534,-0.000539795,-0.000347591,-0.000819511,-0.000364645,0.00168323,0.00166534,0.0288037,5.39196e-05,-2.88553e-05,1.66882e-05,-3.74717e-05,-2.15437e-05,-0.000539795,5.39196e-05,0.0466114,
0.0029843,-0.000218712,-0.00179415,-0.000237816,0.000477626,-0.00035089,-2.89677e-05,-0.000218712,0.00120202,-0.000248001,0.0012784,-0.000253136,-0.000819468,1.66363e-05,-0.00179415,-0.000248001,0.00320631,-0.000228352,0.000399477,-0.000367859,-3.71761e-05,-0.000237816,0.0012784,-0.000228352,0.00323664,0.00114115,0.0016786,-2.16029e-05,0.000477626,-0.000253136,0.000399477,0.00114115,0.0273761,0.00166298,-0.000535646,-0.00035089,-0.000819468,-0.000367859,0.0016786,0.00166298,0.0287969,5.54963e-05,-2.89677e-05,1.66364e-05,-3.7176e-05,-2.16029e-05,-0.000535646,5.54963e-05,0.0466112,
0.00298965,-0.000220115,-0.00179362,-0.000237881,0.000473955,-0.000354167,-2.90793e-05,-0.000220115,0.00120239,-0.000248896,0.00127769,-0.000252285,-0.000819417,1.65845e-05,-0.00179362,-0.000248896,0.00320226,-0.000229985,0.00040155,-0.000371035,-3.68827e-05,-0.000237881,0.00127769,-0.000229985,0.00323471,0.00114632,0.00167398,-2.16606e-05,0.000473955,-0.000252286,0.00040155,0.00114632,0.0273572,0.00166062,-0.000531517,-0.000354167,-0.000819417,-0.000371036,0.00167398,0.00166062,0.02879,5.70679e-05,-2.90793e-05,1.65845e-05,-3.68828e-05,-2.16607e-05,-0.000531517,5.7068e-05,0.0466109,
0.00299498,-0.000221518,-0.00179309,-0.000237929,0.000470272,-0.000357427,-2.91898e-05,-0.000221518,0.00120277,-0.000249786,0.00127699,-0.000251439,-0.000819359,1.65325e-05,-0.00179309,-0.000249786,0.00319823,-0.000231612,0.000403592,-0.000374179,-3.65916e-05,-0.000237929,0.00127699,-0.000231612,0.00323279,0.00115148,0.00166935,-2.17172e-05,0.000470272,-0.000251439,0.000403592,0.00115148,0.0273385,0.00165827,-0.000527405,-0.000357427,-0.000819359,-0.000374179,0.00166935,0.00165827,0.0287831,5.86349e-05,-2.91898e-05,1.65324e-05,-3.65916e-05,-2.17172e-05,-0.000527405,5.86349e-05,0.0466107,
0.00300028,-0.00022292,-0.00179254,-0.00023796,0.000466578,-0.000360668,-2.92994e-05,-0.00022292,0.00120315,-0.00025067,0.00127629,-0.000250595,-0.000819293,1.64804e-05,-0.00179254,-0.00025067,0.00319421,-0.000233233,0.000405603,-0.000377287,-3.63027e-05,-0.00023796,0.00127629,-0.000233233,0.00323087,0.0011566,0.00166473,-2.17724e-05,0.000466578,-0.000250595,0.000405603,0.0011566,0.0273198,0.00165593,-0.000523311,-0.000360668,-0.000819293,-0.000377287,0.00166473,0.00165593,0.0287763,6.0197e-05,-2.92994e-05,1.64804e-05,-3.63027e-05,-2.17724e-05,-0.000523311,6.01971e-05,0.0466105,
0.00300555,-0.000224322,-0.00179197,-0.000237975,0.000462872,-0.000363891,-2.94081e-05,-0.000224322,0.00120353,-0.000251549,0.00127559,-0.000249754,-0.00081922,1.64282e-05,-0.00179197,-0.000251549,0.00319021,-0.000234849,0.000407584,-0.000380361,-3.60161e-05,-0.000237975,0.00127559,-0.000234849,0.00322896,0.0011617,0.00166011,-2.18264e-05,0.000462872,-0.000249754,0.000407584,0.0011617,0.0273013,0.0016536,-0.000519235,-0.000363891,-0.00081922,-0.000380361,0.00166011,0.0016536,0.0287694,6.17544e-05,-2.94081e-05,1.64282e-05,-3.60161e-05,-2.18264e-05,-0.000519235,6.17544e-05,0.0466103,
0.00301079,-0.000225723,-0.00179139,-0.000237973,0.000459155,-0.000367095,-2.95158e-05,-0.000225723,0.00120391,-0.000252423,0.00127489,-0.000248917,-0.00081914,1.63759e-05,-0.00179139,-0.000252423,0.00318623,-0.000236458,0.000409535,-0.000383401,-3.57316e-05,-0.000237973,0.00127489,-0.000236458,0.00322705,0.00116677,0.00165549,-2.18792e-05,0.000459155,-0.000248917,0.000409535,0.00116677,0.0272829,0.00165128,-0.000515176,-0.000367095,-0.00081914,-0.000383401,0.00165549,0.00165128,0.0287626,6.3307e-05,-2.95158e-05,1.63759e-05,-3.57316e-05,-2.18792e-05,-0.000515176,6.3307e-05,0.0466101,
0.003016,-0.000227124,-0.0017908,-0.000237955,0.000455428,-0.000370282,-2.96226e-05,-0.000227124,0.00120429,-0.000253291,0.00127419,-0.000248083,-0.000819053,1.63236e-05,-0.0017908,-0.000253291,0.00318226,-0.000238062,0.000411456,-0.000386407,-3.54494e-05,-0.000237955,0.00127419,-0.000238062,0.00322514,0.00117182,0.00165087,-2.19307e-05,0.000455428,-0.000248083,0.000411456,0.00117182,0.0272647,0.00164896,-0.000511134,-0.000370282,-0.000819053,-0.000386407,0.00165087,0.00164896,0.0287558,6.48548e-05,-2.96225e-05,1.63236e-05,-3.54494e-05,-2.19307e-05,-0.000511134,6.48548e-05,0.0466098,
0.00302117,-0.000228524,-0.00179019,-0.000237921,0.000451691,-0.000373451,-2.97284e-05,-0.000228524,0.00120468,-0.000254154,0.00127349,-0.000247252,-0.000818958,1.62711e-05,-0.00179019,-0.000254154,0.00317832,-0.000239659,0.000413348,-0.000389379,-3.51695e-05,-0.000237921,0.00127349,-0.000239659,0.00322324,0.00117685,0.00164626,-2.19811e-05,0.000451691,-0.000247252,0.000413348,0.00117685,0.0272466,0.00164666,-0.00050711,-0.000373451,-0.000818958,-0.000389379,0.00164626,0.00164666,0.028749,6.63979e-05,-2.97284e-05,1.6271e-05,-3.51695e-05,-2.19811e-05,-0.00050711,6.63979e-05,0.0466096,
0.00302632,-0.000229923,-0.00178957,-0.000237871,0.000447943,-0.000376603,-2.98333e-05,-0.000229923,0.00120507,-0.000255013,0.00127279,-0.000246424,-0.000818857,1.62185e-05,-0.00178957,-0.000255013,0.00317439,-0.000241251,0.00041521,-0.000392318,-3.48917e-05,-0.000237871,0.00127279,-0.000241251,0.00322134,0.00118185,0.00164165,-2.20302e-05,0.000447943,-0.000246424,0.00041521,0.00118185,0.0272286,0.00164436,-0.000503102,-0.000376603,-0.000818857,-0.000392318,0.00164165,0.00164436,0.0287422,6.79363e-05,-2.98333e-05,1.62185e-05,-3.48918e-05,-2.20302e-05,-0.000503102,6.79363e-05,0.0466094,
0.00303144,-0.000231322,-0.00178894,-0.000237805,0.000444186,-0.000379737,-2.99372e-05,-0.000231322,0.00120546,-0.000255866,0.00127209,-0.000245599,-0.000818748,1.61658e-05,-0.00178894,-0.000255866,0.00317047,-0.000242836,0.000417043,-0.000395224,-3.46162e-05,-0.000237805,0.00127209,-0.000242836,0.00321944,0.00118682,0.00163704,-2.20782e-05,0.000444185,-0.000245599,0.000417043,0.00118682,0.0272107,0.00164208,-0.000499112,-0.000379737,-0.000818748,-0.000395224,0.00163704,0.00164208,0.0287354,6.947e-05,-2.99372e-05,1.61658e-05,-3.46162e-05,-2.20782e-05,-0.000499112,6.947e-05,0.0466092,
0.00303653,-0.00023272,-0.00178829,-0.000237724,0.000440419,-0.000382854,-3.00403e-05,-0.00023272,0.00120586,-0.000256714,0.0012714,-0.000244777,-0.000818633,1.6113e-05,-0.00178829,-0.000256714,0.00316658,-0.000244416,0.000418848,-0.000398097,-3.43429e-05,-0.000237724,0.0012714,-0.000244416,0.00321755,0.00119177,0.00163244,-2.21251e-05,0.000440419,-0.000244777,0.000418848,0.00119177,0.027193,0.0016398,-0.000495138,-0.000382854,-0.000818633,-0.000398097,0.00163244,0.0016398,0.0287286,7.09989e-05,-3.00403e-05,1.61129e-05,-3.43429e-05,-2.2125e-05,-0.000495138,7.09989e-05,0.046609,
0.00304159,-0.000234117,-0.00178763,-0.000237628,0.000436643,-0.000385954,-3.01424e-05,-0.000234118,0.00120625,-0.000257557,0.0012707,-0.000243958,-0.00081851,1.606e-05,-0.00178763,-0.000257557,0.0031627,-0.00024599,0.000420624,-0.000400937,-3.40719e-05,-0.000237628,0.0012707,-0.00024599,0.00321566,0.00119669,0.00162784,-2.21708e-05,0.000436643,-0.000243958,0.000420624,0.00119669,0.0271754,0.00163754,-0.00049118,-0.000385954,-0.00081851,-0.000400937,0.00162784,0.00163754,0.0287218,7.25232e-05,-3.01425e-05,1.606e-05,-3.40719e-05,-2.21708e-05,-0.00049118,7.25232e-05,0.0466088,
0.00304662,-0.000235514,-0.00178696,-0.000237517,0.000432858,-0.000389036,-3.02437e-05,-0.000235514,0.00120665,-0.000258395,0.00127001,-0.000243141,-0.000818381,1.6007e-05,-0.00178696,-0.000258395,0.00315884,-0.000247558,0.000422371,-0.000403744,-3.3803e-05,-0.000237517,0.00127001,-0.000247558,0.00321378,0.00120159,0.00162324,-2.22153e-05,0.000432858,-0.000243141,0.000422371,0.00120159,0.0271579,0.00163528,-0.000487239,-0.000389036,-0.000818381,-0.000403744,0.00162324,0.00163528,0.0287151,7.40428e-05,-3.02437e-05,1.6007e-05,-3.3803e-05,-2.22153e-05,-0.000487239,7.40428e-05,0.0466086,
0.00305162,-0.00023691,-0.00178628,-0.000237391,0.000429064,-0.000392102,-3.0344e-05,-0.00023691,0.00120705,-0.000259228,0.00126931,-0.000242327,-0.000818245,1.59539e-05,-0.00178628,-0.000259228,0.003155,-0.00024912,0.000424091,-0.00040652,-3.35364e-05,-0.000237391,0.00126931,-0.00024912,0.0032119,0.00120646,0.00161865,-2.22588e-05,0.000429064,-0.000242327,0.000424091,0.00120646,0.0271406,0.00163303,-0.000483314,-0.000392102,-0.000818245,-0.00040652,0.00161865,0.00163303,0.0287083,7.55577e-05,-3.03439e-05,1.59539e-05,-3.35364e-05,-2.22588e-05,-0.000483314,7.55577e-05,0.0466084,
0.00305659,-0.000238306,-0.00178558,-0.00023725,0.000425263,-0.000395151,-3.04434e-05,-0.000238306,0.00120745,-0.000260056,0.00126862,-0.000241516,-0.000818102,1.59006e-05,-0.00178558,-0.000260056,0.00315117,-0.000250676,0.000425783,-0.000409263,-3.3272e-05,-0.00023725,0.00126862,-0.000250676,0.00321003,0.00121131,0.00161406,-2.23012e-05,0.000425263,-0.000241516,0.000425783,0.00121131,0.0271233,0.0016308,-0.000479406,-0.000395151,-0.000818102,-0.000409263,0.00161406,0.0016308,0.0287016,7.7068e-05,-3.04434e-05,1.59006e-05,-3.3272e-05,-2.23012e-05,-0.000479406,7.7068e-05,0.0466082,
0.00306154,-0.0002397,-0.00178488,-0.000237094,0.000421453,-0.000398184,-3.05419e-05,-0.0002397,0.00120786,-0.000260879,0.00126792,-0.000240707,-0.000817953,1.58472e-05,-0.00178488,-0.000260879,0.00314736,-0.000252227,0.000427447,-0.000411974,-3.30098e-05,-0.000237094,0.00126792,-0.000252227,0.00320815,0.00121613,0.00160947,-2.23425e-05,0.000421453,-0.000240707,0.000427447,0.00121613,0.0271062,0.00162857,-0.000475513,-0.000398184,-0.000817953,-0.000411974,0.00160947,0.00162857,0.0286948,7.85736e-05,-3.05419e-05,1.58473e-05,-3.30098e-05,-2.23425e-05,-0.000475513,7.85736e-05,0.046608,
0.00306645,-0.000241094,-0.00178416,-0.000236924,0.000417635,-0.000401201,-3.06395e-05,-0.000241094,0.00120826,-0.000261698,0.00126723,-0.000239901,-0.000817797,1.57938e-05,-0.00178416,-0.000261698,0.00314357,-0.000253771,0.000429084,-0.000414654,-3.27498e-05,-0.000236924,0.00126723,-0.000253771,0.00320629,0.00122092,0.00160489,-2.23828e-05,0.000417635,-0.000239901,0.000429084,0.00122092,0.0270893,0.00162635,-0.000471637,-0.000401201,-0.000817797,-0.000414654,0.00160489,0.00162635,0.0286881,8.00746e-05,-3.06395e-05,1.57938e-05,-3.27498e-05,-2.23828e-05,-0.000471637,8.00746e-05,0.0466078,
0.00307133,-0.000242487,-0.00178343,-0.00023674,0.00041381,-0.000404201,-3.07362e-05,-0.000242487,0.00120867,-0.000262512,0.00126654,-0.000239097,-0.000817635,1.57401e-05,-0.00178343,-0.000262512,0.00313979,-0.00025531,0.000430694,-0.000417302,-3.2492e-05,-0.00023674,0.00126654,-0.00025531,0.00320443,0.00122569,0.00160032,-2.2422e-05,0.00041381,-0.000239097,0.000430694,0.00122569,0.0270724,0.00162414,-0.000467776,-0.000404201,-0.000817635,-0.000417302,0.00160032,0.00162414,0.0286814,8.1571e-05,-3.07362e-05,1.57401e-05,-3.2492e-05,-2.2422e-05,-0.000467776,8.1571e-05,0.0466076,
0.00307619,-0.000243879,-0.00178268,-0.000236541,0.000409978,-0.000407185,-3.0832e-05,-0.000243879,0.00120908,-0.000263321,0.00126585,-0.000238296,-0.000817466,1.56864e-05,-0.00178268,-0.000263321,0.00313604,-0.000256842,0.000432277,-0.000419919,-3.22364e-05,-0.000236541,0.00126585,-0.000256842,0.00320257,0.00123044,0.00159575,-2.24602e-05,0.000409978,-0.000238296,0.000432277,0.00123044,0.0270557,0.00162195,-0.00046393,-0.000407185,-0.000817466,-0.000419919,0.00159575,0.00162195,0.0286747,8.30627e-05,-3.0832e-05,1.56865e-05,-3.22364e-05,-2.24602e-05,-0.00046393,8.30628e-05,0.0466074,
0.00308101,-0.00024527,-0.00178193,-0.000236329,0.000406139,-0.000410153,-3.09269e-05,-0.00024527,0.00120949,-0.000264126,0.00126516,-0.000237496,-0.000817291,1.56326e-05,-0.00178193,-0.000264126,0.00313229,-0.000258369,0.000433834,-0.000422505,-3.1983e-05,-0.000236329,0.00126516,-0.000258369,0.00320072,0.00123516,0.00159119,-2.24974e-05,0.000406139,-0.000237496,0.000433834,0.00123516,0.0270391,0.00161976,-0.000460101,-0.000410153,-0.000817291,-0.000422505,0.00159119,0.00161976,0.028668,8.45499e-05,-3.09269e-05,1.56326e-05,-3.1983e-05,-2.24973e-05,-0.000460101,8.455e-05,0.0466072,
