0.00290004,-0.000372462,8.10515e-06,0.00141209,-0.0014205,-0.000608322,-5.98235e-05,-0.000372462,0.000933227,-0.00101639,0.00023966,0.00116561,0.000151559,1.8907e-05,8.10515e-06,-0.00101639,0.00417544,-0.000343093,-0.000915055,0.000809322,-0.000168005,0.00141209,0.00023966,-0.000343093,0.00272011,0.000296646,0.00262536,-4.44241e-05,-0.0014205,0.00116561,-0.000915055,0.000296646,0.0306466,0.0013321,-0.00073547,-0.000608322,0.000151559,0.000809322,0.00262536,0.0013321,0.0295499,0.00033476,-5.98235e-05,1.8907e-05,-0.000168005,-4.44241e-05,-0.00073547,0.00033476,0.0466394,
0.00290099,0,4.79039e-06,0.00141203,-0.00141627,-0.00060585,-5.98961e-05,-0.000376086,0,-0.00101895,0.000236685,0.00117205,0.000153053,1.89228e-05,4.79039e-06,0,0.00417286,-0.000343789,-0.000911032,0.000812174,-0.000167754,0.00141203,0,-0.000343789,0.00271787,0.000295625,0.00262517,-4.3914e-05,-0.00141627,0,-0.000911032,0.000295625,0.030619,0.00133022,-0.000728863,-0.00060585,0,0.000812174,0.00262517,0.00133022,0.0295463,0.000335846,-5.9896e-05,0,-0.000167754,-4.3914e-05,-0.000728863,0.000335846,0.0466391,
0.00290261,0,1.4391e-06,0.00141182,-0.00141184,-0.00060262,-5.9969e-05,-0.000379691,0,-0.00102117,0.000234059,0.00117849,0.000156651,1.89431e-05,1.43913e-06,0,0.00417054,-0.000344467,-0.000907228,0.000817441,-0.000167561,0.00141182,0,-0.000344467,0.00271525,0.000293266,0.00262499,-4.32375e-05,-0.00141184,0,-0.000907228,0.000293266,0.0305972,0.00132705,-0.000723467,-0.00060262,0,0.000817441,0.00262499,0.00132705,0.029541,0.000336744,-5.99689e-05,0,-0.000167561,-4.32375e-05,-0.000723467,0.000336744,0.0466388,
0.00290503,0,-2.17956e-06,0.00141142,-0.00140734,-0.000598803,-6.00389e-05,-0.000383552,0,-0.00102328,0.000231454,0.00118617,0.000160966,1.89262e-05,-2.17953e-06,0,0.00416826,-0.000345262,-0.000903319,0.000823594,-0.000167243,0.00141142,0,-0.000345262,0.00271211,0.000290261,0.00262459,-4.2377e-05,-0.00140734,0,-0.000903319,0.000290261,0.0305694,0.00132218,-0.000716637,-0.000598803,0,0.000823594,0.00262459,0.00132218,0.0295338,0.000337739,-6.00389e-05,0,-0.000167243,-4.2377e-05,-0.000716637,0.00033774,0.0466385,
0.00290826,0,-6.04775e-06,0.00141082,-0.00140281,-0.000594673,-6.01547e-05,-0.000387608,0,-0.00102533,0.000228793,0.00119339,0.000165361,1.8939e-05,-6.04777e-06,0,0.00416603,-0.000346104,-0.000899386,0.000829889,-0.000166978,0.00141082,0,-0.000346104,0.00270857,0.000287483,0.00262453,-4.15613e-05,-0.00140281,0,-0.000899386,0.000287483,0.0305452,0.00131757,-0.000710642,-0.000594673,0,0.000829889,0.00262453,0.00131757,0.0295268,0.000338571,-6.01547e-05,0,-0.000166978,-4.15613e-05,-0.000710642,0.000338571,0.0466382,
0.00291219,0,-1.01651e-05,0.00141004,-0.0013983,-0.000590292,-6.02962e-05,-0.00039186,0,-0.00102734,0.000226046,0.0012008,0.000169594,1.89509e-05,-1.01651e-05,0,0.00416384,-0.00034701,-0.000895415,0.000836012,-0.000166672,0.00141004,0,-0.00034701,0.00270465,0.000284886,0.00262458,-4.07371e-05,-0.0013983,0,-0.000895415,0.000284886,0.0305195,0.00131269,-0.000704279,-0.000590292,0,0.000836012,0.00262458,0.00131269,0.0295195,0.000339384,-6.02962e-05,0,-0.000166672,-4.0737e-05,-0.000704278,0.000339384,0.0466379,
0.00291674,-0.000396281,-1.45048e-05,0.00140909,-0.0013938,-0.0005857,-6.04707e-05,-0.000396281,0.000948856,-0.0010293,0.00022322,0.00120803,0.000173651,1.89775e-05,-1.45048e-05,-0.0010293,0.0041617,-0.000347957,-0.000891413,0.000841964,-0.000166375,0.00140909,0.00022322,-0.000347958,0.00270041,0.000282566,0.00262486,-3.99451e-05,-0.0013938,0.00120803,-0.000891413,0.000282566,0.0304948,0.00130794,-0.000698135,-0.0005857,0.000173651,0.000841964,0.00262486,0.00130794,0.0295124,0.000340121,-6.04706e-05,1.89775e-05,-0.000166375,-3.9945e-05,-0.000698135,0.000340121,0.0466377,
0.00292165,-0.000400777,-1.89143e-05,0.00140802,-0.00138931,-0.000580936,-6.06595e-05,-0.000400777,0.000951599,-0.00103125,0.000220439,0.00121524,0.000177617,1.90106e-05,-1.89143e-05,-0.00103125,0.00415952,-0.000348961,-0.000887355,0.000847942,-0.000166069,0.00140802,0.000220439,-0.000348961,0.00269599,0.000280319,0.00262516,-3.9147e-05,-0.00138931,0.00121524,-0.000887355,0.000280319,0.0304698,0.00130306,-0.000691941,-0.000580936,0.000177617,0.000847942,0.00262516,0.00130306,0.0295051,0.000340837,-6.06595e-05,1.90106e-05,-0.000166069,-3.9147e-05,-0.000691941,0.000340837,0.0466375,
0.00292676,-0.000405322,-2.33784e-05,0.00140686,-0.00138481,-0.000576045,-6.08596e-05,-0.000405322,0.00095438,-0.00103317,0.000217685,0.00122236,0.00018148,1.90521e-05,-2.33784e-05,-0.00103317,0.00415732,-0.000349995,-0.000883265,0.000853912,-0.000165764,0.00140686,0.000217685,-0.000349995,0.00269147,0.000278139,0.00262549,-3.83525e-05,-0.00138481,0.00122236,-0.000883265,0.000278139,0.0304451,0.00129818,-0.000685808,-0.000576045,0.00018148,0.000853912,0.00262549,0.00129818,0.0294978,0.000341531,-6.08595e-05,1.90521e-05,-0.000165764,-3.83524e-05,-0.000685807,0.000341531,0.0466372,
0.002932,-0.000409889,-2.78801e-05,0.00140562,-0.00138029,-0.00057105,-6.10656e-05,-0.00040989,0.00095719,-0.00103507,0.000214958,0.00122941,0.000185258,1.90996e-05,-2.78801e-05,-0.00103507,0.00415512,-0.000351047,-0.000879162,0.000859873,-0.000165455,0.00140562,0.000214958,-0.000351046,0.00268687,0.000275978,0.00262581,-3.75573e-05,-0.00138029,0.00122941,-0.000879162,0.000275978,0.0304205,0.00129328,-0.000679692,-0.00057105,0.000185258,0.000859873,0.00262581,0.00129328,0.0294904,0.000342215,-6.10656e-05,1.90996e-05,-0.000165455,-3.75573e-05,-0.000679692,0.000342215,0.046637,
0.0029373,-0.000414463,-3.2408e-05,0.00140433,-0.00137573,-0.000565972,-6.12752e-05,-0.000414463,0.000960023,-0.00103695,0.000212254,0.00123638,0.000188953,1.91523e-05,-3.2408e-05,-0.00103695,0.00415291,-0.000352103,-0.000875063,0.000865814,-0.000165144,0.00140433,0.000212254,-0.000352103,0.00268222,0.000273821,0.0026261,-3.6763e-05,-0.00137573,0.00123638,-0.000875063,0.000273821,0.030396,0.0012884,-0.000673615,-0.000565972,0.000188953,0.000865814,0.0026261,0.0012884,0.0294831,0.000342892,-6.12752e-05,1.91523e-05,-0.000165144,-3.6763e-05,-0.000673615,0.000342892,0.0466368,
0.00294263,-0.000419032,-3.69541e-05,0.00140299,-0.00137114,-0.000560824,-6.14862e-05,-0.000419032,0.000962871,-0.0010388,0.000209574,0.00124327,0.00019257,1.92095e-05,-3.69541e-05,-0.0010388,0.00415071,-0.000353159,-0.00087098,0.000871731,-0.00016483,0.00140299,0.000209574,-0.000353159,0.00267754,0.000271652,0.00262636,-3.59692e-05,-0.00137114,0.00124327,-0.00087098,0.000271652,0.0303716,0.00128354,-0.000667571,-0.000560824,0.00019257,0.000871731,0.00262636,0.00128354,0.0294757,0.000343565,-6.14862e-05,1.92095e-05,-0.00016483,-3.59692e-05,-0.000667571,0.000343565,0.0466365,
0.00294796,-0.000423586,-4.15125e-05,0.00140162,-0.0013665,-0.000555617,-6.16974e-05,-0.000423586,0.000965732,-0.00104062,0.000206914,0.00125008,0.000196113,1.92705e-05,-4.15125e-05,-0.00104062,0.00414852,-0.000354207,-0.00086692,0.000877617,-0.000164514,0.00140162,0.000206914,-0.000354207,0.00267284,0.000269463,0.00262657,-3.5176e-05,-0.0013665,0.00125008,-0.00086692,0.000269463,0.0303475,0.00127871,-0.000661564,-0.000555617,0.000196113,0.000877617,0.00262657,0.00127871,0.0294683,0.000344236,-6.16974e-05,1.92705e-05,-0.000164514,-3.5176e-05,-0.000661564,0.000344236,0.0466363,
0.00295326,-0.00042812,-4.60792e-05,0.00140021,-0.00136183,-0.000550357,-6.19078e-05,-0.00042812,0.000968602,-0.00104242,0.000204276,0.0012568,0.000199584,1.9335e-05,-4.60792e-05,-0.00104242,0.00414634,-0.000355245,-0.000862889,0.000883472,-0.000164196,0.00140021,0.000204276,-0.000355245,0.00266813,0.000267247,0.00262674,-3.43834e-05,-0.00136183,0.0012568,-0.000862889,0.000267247,0.0303235,0.00127392,-0.000655592,-0.000550357,0.000199584,0.000883472,0.00262674,0.00127392,0.0294609,0.000344906,-6.19078e-05,1.9335e-05,-0.000164196,-3.43835e-05,-0.000655592,0.000344906,0.0466361,
0.00295854,-0.00043263,-5.06512e-05,0.00139878,-0.00135712,-0.000545051,-6.21166e-05,-0.00043263,0.000971479,-0.00104419,0.000201658,0.00126344,0.000202984,1.94025e-05,-5.06512e-05,-0.00104419,0.00414417,-0.000356272,-0.00085889,0.000889292,-0.000163875,0.00139878,0.000201658,-0.000356272,0.00266342,0.000265,0.00262685,-3.35916e-05,-0.00135712,0.00126344,-0.00085889,0.000265,0.0302997,0.00126918,-0.000649657,-0.000545051,0.000202984,0.000889292,0.00262685,0.00126918,0.0294534,0.000345575,-6.21166e-05,1.94025e-05,-0.000163875,-3.35916e-05,-0.000649657,0.000345575,0.0466359,
0.00296377,-0.000437115,-5.52264e-05,0.00139732,-0.00135237,-0.000539703,-6.23235e-05,-0.000437115,0.000974362,-0.00104593,0.000199059,0.00126999,0.000206315,1.94729e-05,-5.52264e-05,-0.00104593,0.00414202,-0.000357284,-0.000854925,0.000895076,-0.000163552,0.00139732,0.000199059,-0.000357284,0.00265871,0.000262719,0.00262692,-3.28004e-05,-0.00135237,0.00126999,-0.000854925,0.000262719,0.030276,0.00126448,-0.000643757,-0.000539703,0.000206315,0.000895076,0.00262692,0.00126448,0.029446,0.000346244,-6.23235e-05,1.94729e-05,-0.000163551,-3.28004e-05,-0.000643757,0.000346244,0.0466356,
0.00296896,-0.000441571,-5.98032e-05,0.00139584,-0.00134759,-0.000534316,-6.25281e-05,-0.000441571,0.00097725,-0.00104765,0.00019648,0.00127646,0.000209578,1.95459e-05,-5.98032e-05,-0.00104765,0.00413988,-0.000358281,-0.000850997,0.000900823,-0.000163225,0.00139584,0.00019648,-0.000358281,0.002654,0.000260403,0.00262693,-3.20101e-05,-0.00134759,0.00127646,-0.000850997,0.000260403,0.0302525,0.00125982,-0.000637892,-0.000534316,0.000209578,0.000900823,0.00262693,0.00125982,0.0294386,0.000346912,-6.25281e-05,1.95459e-05,-0.000163226,-3.20101e-05,-0.000637892,0.000346912,0.0466354,
0.0029741,-0.000445998,-6.43804e-05,0.00139433,-0.00134276,-0.000528892,-6.27302e-05,-0.000445998,0.000980141,-0.00104934,0.000193919,0.00128285,0.000212774,1.96213e-05,-6.43804e-05,-0.00104934,0.00413776,-0.000359262,-0.000847107,0.000906531,-0.000162897,0.00139433,0.000193919,-0.000359262,0.00264929,0.000258049,0.00262688,-3.12205e-05,-0.00134276,0.00128285,-0.000847107,0.000258049,0.0302292,0.00125521,-0.000632061,-0.000528892,0.000212774,0.000906531,0.00262688,0.00125521,0.0294311,0.000347579,-6.27303e-05,1.96214e-05,-0.000162897,-3.12205e-05,-0.000632061,0.000347579,0.0466352,
0.00297919,-0.000450394,-6.89572e-05,0.00139281,-0.00133791,-0.000523434,-6.29296e-05,-0.000450394,0.000983035,-0.001051,0.000191377,0.00128916,0.000215903,1.96991e-05,-6.89572e-05,-0.001051,0.00413566,-0.000360228,-0.000843254,0.000912201,-0.000162566,0.00139281,0.000191377,-0.000360227,0.00264459,0.000255659,0.00262679,-3.04317e-05,-0.00133791,0.00128916,-0.000843254,0.000255659,0.030206,0.00125064,-0.000626265,-0.000523434,0.000215903,0.000912201,0.00262679,0.00125064,0.0294237,0.000348245,-6.29297e-05,1.96991e-05,-0.000162566,-3.04317e-05,-0.000626265,0.000348245,0.046635,
0.00298422,-0.000454761,-7.35328e-05,0.00139126,-0.00133302,-0.000517944,-6.31262e-05,-0.000454761,0.000985932,-0.00105264,0.000188854,0.00129538,0.000218967,1.97791e-05,-7.35328e-05,-0.00105264,0.00413357,-0.000361177,-0.000839439,0.000917832,-0.000162233,0.00139126,0.000188854,-0.000361177,0.0026399,0.000253232,0.00262663,-2.96438e-05,-0.00133302,0.00129538,-0.000839439,0.000253232,0.0301831,0.00124613,-0.000620501,-0.000517944,0.000218967,0.000917832,0.00262663,0.00124613,0.0294163,0.00034891,-6.31262e-05,1.97791e-05,-0.000162233,-2.96438e-05,-0.000620501,0.00034891,0.0466348,
0.0029892,-0.000459097,-7.81065e-05,0.0013897,-0.00132809,-0.000512423,-6.33198e-05,-0.000459097,0.00098883,-0.00105425,0.000186348,0.00130153,0.000221966,1.98611e-05,-7.81065e-05,-0.00105425,0.0041315,-0.000362109,-0.000835663,0.000923423,-0.000161897,0.0013897,0.000186348,-0.000362109,0.00263522,0.000250767,0.00262642,-2.88568e-05,-0.00132809,0.00130153,-0.000835663,0.000250767,0.0301602,0.00124166,-0.00061477,-0.000512423,0.000221966,0.000923423,0.00262642,0.00124166,0.0294089,0.000349572,-6.33198e-05,1.98611e-05,-0.000161897,-2.88568e-05,-0.00061477,0.000349572,0.0466345,
0.00299413,-0.000463401,-8.2678e-05,0.00138811,-0.00132314,-0.000506872,-6.35105e-05,-0.000463401,0.00099173,-0.00105583,0.000183861,0.00130759,0.000224901,1.99451e-05,-8.2678e-05,-0.00105583,0.00412945,-0.000363026,-0.000831925,0.000928974,-0.000161558,0.00138811,0.000183861,-0.000363026,0.00263054,0.000248265,0.00262616,-2.80708e-05,-0.00132314,0.00130759,-0.000831925,0.000248265,0.0301376,0.00123723,-0.000609072,-0.000506872,0.000224901,0.000928974,0.00262616,0.00123723,0.0294015,0.000350232,-6.35105e-05,1.9945e-05,-0.000161558,-2.80708e-05,-0.000609072,0.000350232,0.0466343,
0.00299901,-0.000467675,-8.72468e-05,0.00138651,-0.00131815,-0.000501295,-6.36981e-05,-0.000467675,0.000994631,-0.00105739,0.000181391,0.00131358,0.000227772,2.00309e-05,-8.72468e-05,-0.00105739,0.00412741,-0.000363925,-0.000828225,0.000934485,-0.000161218,0.00138651,0.000181391,-0.000363926,0.00262588,0.000245726,0.00262584,-2.72858e-05,-0.00131815,0.00131358,-0.000828225,0.000245726,0.0301151,0.00123286,-0.000603405,-0.000501295,0.000227772,0.000934485,0.00262584,0.00123286,0.029394,0.00035089,-6.36981e-05,2.00309e-05,-0.000161218,-2.72857e-05,-0.000603405,0.00035089,0.0466341,
0.00300384,-0.000471917,-9.18124e-05,0.00138489,-0.00131314,-0.00049569,-6.38825e-05,-0.000471917,0.000997532,-0.00105892,0.000178939,0.00131949,0.000230581,2.01186e-05,-9.18124e-05,-0.00105892,0.00412539,-0.000364809,-0.000824563,0.000939955,-0.000160874,0.00138489,0.000178939,-0.000364809,0.00262122,0.000243151,0.00262547,-2.65017e-05,-0.00131314,0.00131949,-0.000824563,0.000243151,0.0300927,0.00122853,-0.00059777,-0.00049569,0.000230581,0.000939955,0.00262547,0.00122853,0.0293866,0.000351545,-6.38826e-05,2.01186e-05,-0.000160874,-2.65017e-05,-0.00059777,0.000351545,0.0466339,
0.00300861,-0.000476129,-9.63746e-05,0.00138325,-0.0013081,-0.00049006,-6.40639e-05,-0.000476129,0.00100043,-0.00106043,0.000176504,0.00132532,0.000233327,2.0208e-05,-9.63746e-05,-0.00106043,0.00412339,-0.000365676,-0.000820939,0.000945385,-0.000160529,0.00138325,0.000176504,-0.000365676,0.00261657,0.00024054,0.00262505,-2.57188e-05,-0.0013081,0.00132532,-0.000820939,0.00024054,0.0300706,0.00122425,-0.000592165,-0.00049006,0.000233327,0.000945385,0.00262505,0.00122425,0.0293792,0.000352196,-6.40639e-05,2.0208e-05,-0.000160529,-2.57188e-05,-0.000592165,0.000352196,0.0466337,
0.00301333,-0.000480309,-0.000100933,0.00138159,-0.00130303,-0.000484407,-6.4242e-05,-0.000480309,0.00100334,-0.00106191,0.000174087,0.00133108,0.000236011,2.0299e-05,-0.000100933,-0.00106191,0.0041214,-0.000366526,-0.000817353,0.000950774,-0.000160181,0.00138159,0.000174087,-0.000366526,0.00261193,0.000237893,0.00262457,-2.49371e-05,-0.00130303,0.00133108,-0.000817353,0.000237893,0.0300485,0.00122001,-0.000586591,-0.000484407,0.000236011,0.000950775,0.00262457,0.00122001,0.0293718,0.000352845,-6.4242e-05,2.0299e-05,-0.000160181,-2.49371e-05,-0.000586591,0.000352844,0.0466335,
0.003018,-0.000484459,-0.000105487,0.00137992,-0.00129794,-0.00047873,-6.4417e-05,-0.000484459,0.00100624,-0.00106337,0.000171686,0.00133676,0.000238635,2.03916e-05,-0.000105487,-0.00106337,0.00411943,-0.000367361,-0.000813804,0.000956123,-0.00015983,0.00137992,0.000171686,-0.000367361,0.00260731,0.000235211,0.00262405,-2.41565e-05,-0.00129794,0.00133676,-0.000813804,0.000235211,0.0300267,0.00121582,-0.000581047,-0.00047873,0.000238635,0.000956123,0.00262405,0.00121582,0.0293644,0.000353489,-6.4417e-05,2.03916e-05,-0.00015983,-2.41565e-05,-0.000581047,0.000353489,0.0466333,
0.00302263,-0.000488577,-0.000110037,0.00137823,-0.00129283,-0.000473031,-6.45887e-05,-0.000488577,0.00100914,-0.00106481,0.000169303,0.00134236,0.000241198,2.04857e-05,-0.000110037,-0.00106481,0.00411747,-0.000368179,-0.000810293,0.00096143,-0.000159478,0.00137823,0.000169303,-0.000368179,0.00260269,0.000232495,0.00262347,-2.33771e-05,-0.00129283,0.00134236,-0.000810293,0.000232495,0.030005,0.00121167,-0.000575532,-0.000473031,0.000241198,0.00096143,0.00262347,0.00121167,0.0293571,0.000354129,-6.45887e-05,2.04857e-05,-0.000159478,-2.33771e-05,-0.000575532,0.000354129,0.0466331,
0.0030272,-0.000492665,-0.000114582,0.00137653,-0.00128769,-0.000467312,-6.47571e-05,-0.000492665,0.00101204,-0.00106622,0.000166936,0.0013479,0.000243701,2.05812e-05,-0.000114582,-0.00106622,0.00411553,-0.000368981,-0.000806818,0.000966697,-0.000159123,0.00137653,0.000166936,-0.000368981,0.00259809,0.000229743,0.00262283,-2.2599e-05,-0.00128769,0.0013479,-0.000806818,0.000229743,0.0299834,0.00120757,-0.000570047,-0.000467312,0.000243701,0.000966697,0.00262283,0.00120757,0.0293497,0.000354765,-6.47571e-05,2.05811e-05,-0.000159123,-2.25991e-05,-0.000570047,0.000354765,0.0466329,
0.00303172,-0.000496722,-0.000119122,0.0013748,-0.00128253,-0.000461573,-6.49223e-05,-0.000496722,0.00101494,-0.00106761,0.000164586,0.00135336,0.000246145,2.0678e-05,-0.000119122,-0.00106761,0.00411361,-0.000369767,-0.000803381,0.000971923,-0.000158766,0.0013748,0.000164586,-0.000369767,0.00259349,0.000226958,0.00262215,-2.18223e-05,-0.00128253,0.00135336,-0.00080338,0.000226958,0.029962,0.00120352,-0.000564592,-0.000461573,0.000246145,0.000971923,0.00262215,0.00120352,0.0293423,0.000355397,-6.49223e-05,2.0678e-05,-0.000158766,-2.18223e-05,-0.000564592,0.000355397,0.0466327,
0.00303619,-0.000500749,-0.000123657,0.00137306,-0.00127735,-0.000455816,-6.50842e-05,-0.000500749,0.00101784,-0.00106897,0.000162253,0.00135874,0.00024853,2.07762e-05,-0.000123657,-0.00106897,0.0041117,-0.000370537,-0.000799979,0.000977108,-0.000158407,0.00137306,0.000162253,-0.000370537,0.00258891,0.00022414,0.00262142,-2.1047e-05,-0.00127735,0.00135874,-0.000799979,0.00022414,0.0299408,0.00119951,-0.000559165,-0.000455815,0.00024853,0.000977108,0.00262142,0.00119951,0.029335,0.000356024,-6.50842e-05,2.07762e-05,-0.000158407,-2.10469e-05,-0.000559165,0.000356024,0.0466325,
0.00304062,-0.000504745,-0.000128186,0.00137131,-0.00127216,-0.00045004,-6.52427e-05,-0.000504745,0.00102073,-0.00107031,0.000159936,0.00136406,0.000250858,2.08755e-05,-0.000128186,-0.00107031,0.00410981,-0.000371292,-0.000796614,0.000982251,-0.000158046,0.00137131,0.000159936,-0.000371292,0.00258433,0.000221288,0.00262064,-2.02731e-05,-0.00127216,0.00136406,-0.000796614,0.000221288,0.0299197,0.00119554,-0.000553766,-0.00045004,0.000250858,0.000982251,0.00262064,0.00119554,0.0293276,0.000356646,-6.52427e-05,2.08755e-05,-0.000158046,-2.02731e-05,-0.000553766,0.000356646,0.0466323,
0.003045,-0.00050871,-0.000132709,0.00136954,-0.00126695,-0.000444249,-6.5398e-05,-0.00050871,0.00102363,-0.00107163,0.000157635,0.0013693,0.000253128,2.0976e-05,-0.000132709,-0.00107163,0.00410793,-0.00037203,-0.000793285,0.000987354,-0.000157682,0.00136954,0.000157635,-0.00037203,0.00257977,0.000218404,0.00261981,-1.95006e-05,-0.00126695,0.0013693,-0.000793285,0.000218404,0.0298987,0.00119162,-0.000548396,-0.000444249,0.000253128,0.000987354,0.00261981,0.00119162,0.0293203,0.000357263,-6.5398e-05,2.09761e-05,-0.000157682,-1.95006e-05,-0.000548396,0.000357263,0.0466321,
0.00304933,-0.000512646,-0.000137227,0.00136775,-0.00126172,-0.000438441,-6.55499e-05,-0.000512646,0.00102652,-0.00107293,0.000155351,0.00137448,0.000255342,2.10777e-05,-0.000137227,-0.00107293,0.00410607,-0.000372753,-0.000789992,0.000992416,-0.000157317,0.00136775,0.000155351,-0.000372753,0.00257522,0.000215487,0.00261893,-1.87297e-05,-0.00126172,0.00137448,-0.000789992,0.000215487,0.029878,0.00118774,-0.000543054,-0.000438441,0.000255342,0.000992416,0.00261893,0.00118774,0.0293129,0.000357876,-6.55499e-05,2.10776e-05,-0.000157317,-1.87297e-05,-0.000543054,0.000357876,0.0466319,
0.00305362,-0.000516551,-0.000141737,0.00136595,-0.00125647,-0.000432619,-6.56984e-05,-0.000516551,0.00102941,-0.00107421,0.000153082,0.00137958,0.0002575,2.11803e-05,-0.000141737,-0.00107421,0.00410422,-0.00037346,-0.000786734,0.000997436,-0.00015695,0.00136595,0.000153082,-0.00037346,0.00257068,0.000212539,0.002618,-1.79604e-05,-0.00125647,0.00137958,-0.000786734,0.000212539,0.0298573,0.00118391,-0.00053774,-0.000432619,0.0002575,0.000997436,0.002618,0.00118391,0.0293056,0.000358483,-6.56984e-05,2.11803e-05,-0.00015695,-1.79604e-05,-0.00053774,0.000358483,0.0466317,
0.00305786,-0.000520426,-0.000146242,0.00136414,-0.00125121,-0.000426784,-6.58436e-05,-0.000520426,0.00103229,-0.00107546,0.00015083,0.00138462,0.000259603,2.1284e-05,-0.000146242,-0.00107546,0.00410239,-0.000374152,-0.000783511,0.00100242,-0.00015658,0.00136414,0.00015083,-0.000374152,0.00256616,0.000209559,0.00261703,-1.71927e-05,-0.00125121,0.00138462,-0.000783511,0.000209559,0.0298368,0.00118011,-0.000532454,-0.000426784,0.000259603,0.00100242,0.00261703,0.00118011,0.0292983,0.000359085,-6.58436e-05,2.1284e-05,-0.00015658,-1.71927e-05,-0.000532454,0.000359085,0.0466316,
0.00306205,-0.000524271,-0.000150739,0.00136231,-0.00124594,-0.000420935,-6.59854e-05,-0.000524271,0.00103518,-0.0010767,0.000148593,0.00138959,0.000261651,2.13886e-05,-0.000150739,-0.0010767,0.00410057,-0.000374828,-0.000780324,0.00100736,-0.000156209,0.00136231,0.000148593,-0.000374828,0.00256165,0.000206548,0.00261601,-1.64266e-05,-0.00124594,0.00138959,-0.000780323,0.000206548,0.0298165,0.00117637,-0.000527195,-0.000420935,0.000261651,0.00100736,0.00261601,0.00117637,0.029291,0.000359682,-6.59854e-05,2.13886e-05,-0.000156209,-1.64266e-05,-0.000527195,0.000359682,0.0466314,
0.0030662,-0.000528086,-0.000155229,0.00136046,-0.00124066,-0.000415075,-6.61239e-05,-0.000528086,0.00103806,-0.00107791,0.000146371,0.00139449,0.000263645,2.1494e-05,-0.000155229,-0.00107791,0.00409877,-0.000375489,-0.00077717,0.00101225,-0.000155836,0.00136046,0.000146371,-0.000375489,0.00255714,0.000203507,0.00261494,-1.56623e-05,-0.00124066,0.00139449,-0.00077717,0.000203507,0.0297963,0.00117266,-0.000521963,-0.000415075,0.000263644,0.00101225,0.00261494,0.00117266,0.0292837,0.000360274,-6.61239e-05,2.1494e-05,-0.000155836,-1.56623e-05,-0.000521963,0.000360274,0.0466312,
0.00307031,-0.000531872,-0.000159712,0.0013586,-0.00123536,-0.000409204,-6.62589e-05,-0.000531872,0.00104094,-0.0010791,0.000144165,0.00139932,0.000265585,2.16003e-05,-0.000159712,-0.0010791,0.00409698,-0.000376135,-0.000774052,0.00101711,-0.000155461,0.0013586,0.000144165,-0.000376135,0.00255266,0.000200435,0.00261383,-1.48998e-05,-0.00123536,0.00139932,-0.000774052,0.000200435,0.0297762,0.001169,-0.000516758,-0.000409204,0.000265585,0.00101711,0.00261383,0.001169,0.0292765,0.00036086,-6.6259e-05,2.16003e-05,-0.000155461,-1.48998e-05,-0.000516758,0.00036086,0.046631,
0.00307437,-0.000535628,-0.000164187,0.00135673,-0.00123006,-0.000403323,-6.63906e-05,-0.000535628,0.00104381,-0.00108027,0.000141975,0.00140409,0.000267473,2.17074e-05,-0.000164187,-0.00108027,0.00409521,-0.000376765,-0.000770967,0.00102193,-0.000155084,0.00135673,0.000141975,-0.000376765,0.00254818,0.000197334,0.00261267,-1.41391e-05,-0.00123006,0.00140409,-0.000770967,0.000197334,0.0297563,0.00116537,-0.00051158,-0.000403323,0.000267473,0.00102193,0.00261267,0.00116537,0.0292692,0.000361441,-6.63906e-05,2.17074e-05,-0.000155084,-1.41391e-05,-0.00051158,0.000361441,0.0466308,
0.00307839,-0.000539355,-0.000168655,0.00135485,-0.00122474,-0.000397433,-6.65189e-05,-0.000539355,0.00104668,-0.00108142,0.000139799,0.0014088,0.000269309,2.18151e-05,-0.000168655,-0.00108142,0.00409345,-0.000377381,-0.000767917,0.0010267,-0.000154706,0.00135485,0.000139799,-0.000377381,0.00254372,0.000194203,0.00261146,-1.33802e-05,-0.00122474,0.0014088,-0.000767917,0.000194203,0.0297366,0.00116179,-0.000506429,-0.000397433,0.000269309,0.0010267,0.00261146,0.00116179,0.029262,0.000362017,-6.65189e-05,2.18152e-05,-0.000154706,-1.33802e-05,-0.000506429,0.000362017,0.0466307,
0.00308236,-0.000543052,-0.000173114,0.00135295,-0.00121942,-0.000391534,-6.66438e-05,-0.000543052,0.00104955,-0.00108256,0.000137639,0.00141344,0.000271093,2.19236e-05,-0.000173114,-0.00108256,0.00409171,-0.000377981,-0.0007649,0.00103144,-0.000154326,0.00135295,0.000137639,-0.000377981,0.00253927,0.000191043,0.00261021,-1.26232e-05,-0.00121942,0.00141344,-0.0007649,0.000191043,0.029717,0.00115826,-0.000501304,-0.000391534,0.000271093,0.00103144,0.00261021,0.00115826,0.0292548,0.000362587,-6.66438e-05,2.19236e-05,-0.000154326,-1.26232e-05,-0.000501304,0.000362587,0.0466305,
0.00308629,-0.00054672,-0.000177566,0.00135104,-0.00121409,-0.000385628,-6.67653e-05,-0.00054672,0.00105241,-0.00108367,0.000135493,0.00141802,0.000272827,2.20326e-05,-0.000177566,-0.00108367,0.00408998,-0.000378567,-0.000761916,0.00103614,-0.000153944,0.00135104,0.000135493,-0.000378567,0.00253483,0.000187854,0.00260892,-1.18683e-05,-0.00121409,0.00141802,-0.000761916,0.000187854,0.0296975,0.00115476,-0.000496206,-0.000385628,0.000272827,0.00103614,0.00260892,0.00115476,0.0292475,0.000363152,-6.67653e-05,2.20326e-05,-0.000153944,-1.18682e-05,-0.000496206,0.000363152,0.0466303,
0.00309019,-0.000550359,-0.000182009,0.00134911,-0.00120875,-0.000379716,-6.68834e-05,-0.000550359,0.00105527,-0.00108476,0.000133363,0.00142253,0.00027451,2.21422e-05,-0.000182009,-0.00108476,0.00408826,-0.000379137,-0.000758966,0.00104079,-0.00015356,0.00134911,0.000133363,-0.000379137,0.00253041,0.000184638,0.00260758,-1.11152e-05,-0.00120875,0.00142253,-0.000758966,0.000184638,0.0296782,0.0011513,-0.000491133,-0.000379715,0.00027451,0.00104079,0.00260758,0.0011513,0.0292403,0.000363711,-6.68834e-05,2.21423e-05,-0.00015356,-1.11152e-05,-0.000491133,0.000363711,0.0466301,
0.00309404,-0.000553969,-0.000186443,0.00134717,-0.00120341,-0.000373797,-6.69981e-05,-0.000553969,0.00105812,-0.00108584,0.000131247,0.00142698,0.000276144,2.22524e-05,-0.000186443,-0.00108584,0.00408656,-0.000379693,-0.000756048,0.0010454,-0.000153175,0.00134717,0.000131247,-0.000379693,0.002526,0.000181393,0.00260621,-1.03642e-05,-0.00120341,0.00142698,-0.000756048,0.000181393,0.029659,0.00114788,-0.000486086,-0.000373797,0.000276144,0.0010454,0.00260621,0.00114788,0.0292332,0.000364265,-6.69981e-05,2.22524e-05,-0.000153175,-1.03643e-05,-0.000486087,0.000364265,0.04663,
0.00309785,-0.00055755,-0.000190868,0.00134522,-0.00119806,-0.000367874,-6.71095e-05,-0.00055755,0.00106097,-0.0010869,0.000129145,0.00143137,0.000277729,2.2363e-05,-0.000190868,-0.0010869,0.00408487,-0.000380234,-0.000753162,0.00104998,-0.000152789,0.00134522,0.000129145,-0.000380234,0.00252161,0.000178121,0.00260478,-9.61534e-06,-0.00119806,0.00143137,-0.000753162,0.000178121,0.0296399,0.00114451,-0.000481066,-0.000367874,0.000277729,0.00104998,0.00260478,0.00114451,0.029226,0.000364814,-6.71095e-05,2.23631e-05,-0.000152789,-9.61536e-06,-0.000481066,0.000364814,0.0466298,
0.00310162,-0.000561102,-0.000195284,0.00134326,-0.00119271,-0.000361946,-6.72174e-05,-0.000561102,0.00106381,-0.00108793,0.000127058,0.0014357,0.000279266,2.24741e-05,-0.000195284,-0.00108793,0.00408319,-0.000380761,-0.000750309,0.00105451,-0.000152401,0.00134326,0.000127058,-0.000380761,0.00251723,0.000174822,0.00260332,-8.86857e-06,-0.00119271,0.0014357,-0.000750309,0.000174822,0.029621,0.00114117,-0.00047607,-0.000361946,0.000279266,0.00105451,0.00260332,0.00114117,0.0292188,0.000365357,-6.72174e-05,2.24741e-05,-0.000152401,-8.86857e-06,-0.00047607,0.000365357,0.0466296,
0.00310534,-0.000564626,-0.000199691,0.00134129,-0.00118735,-0.000356015,-6.7322e-05,-0.000564626,0.00106665,-0.00108895,0.000124986,0.00143997,0.000280755,2.25855e-05,-0.000199691,-0.00108895,0.00408153,-0.000381273,-0.000747488,0.00105901,-0.000152011,0.00134129,0.000124986,-0.000381273,0.00251286,0.000171497,0.00260182,-8.12395e-06,-0.00118735,0.00143997,-0.000747488,0.000171497,0.0296022,0.00113787,-0.0004711,-0.000356015,0.000280755,0.00105901,0.00260182,0.00113787,0.0292117,0.000365895,-6.73219e-05,2.25856e-05,-0.000152011,-8.12395e-06,-0.0004711,0.000365895,0.0466295,
0.00310903,-0.000568122,-0.000204089,0.00133931,-0.001182,-0.000350081,-6.74232e-05,-0.000568122,0.00106948,-0.00108996,0.000122927,0.00144419,0.000282197,2.26973e-05,-0.000204089,-0.00108996,0.00407988,-0.00038177,-0.000744699,0.00106347,-0.00015162,0.00133931,0.000122927,-0.00038177,0.00250851,0.000168145,0.00260027,-7.38154e-06,-0.001182,0.00144419,-0.000744699,0.000168145,0.0295836,0.00113462,-0.000466156,-0.000350081,0.000282197,0.00106347,0.00260027,0.00113462,0.0292046,0.000366427,-6.74231e-05,2.26974e-05,-0.00015162,-7.38154e-06,-0.000466156,0.000366427,0.0466293,
0.00311268,-0.000571589,-0.000208477,0.00133731,-0.00117664,-0.000344145,-6.7521e-05,-0.000571589,0.00107231,-0.00109094,0.000120882,0.00144834,0.000283593,2.28095e-05,-0.000208477,-0.00109094,0.00407824,-0.000382254,-0.000741941,0.00106788,-0.000151228,0.00133731,0.000120882,-0.000382254,0.00250417,0.000164767,0.00259868,-6.64135e-06,-0.00117664,0.00144834,-0.000741941,0.000164767,0.0295651,0.0011314,-0.000461236,-0.000344145,0.000283593,0.00106788,0.00259868,0.0011314,0.0291975,0.000366954,-6.7521e-05,2.28095e-05,-0.000151228,-6.64141e-06,-0.000461236,0.000366954,0.0466292,
0.0031163,-0.000575028,-0.000212856,0.0013353,-0.00117128,-0.000338208,-6.76154e-05,-0.000575028,0.00107513,-0.00109191,0.000118852,0.00145243,0.000284943,2.29219e-05,-0.000212856,-0.00109191,0.00407662,-0.000382723,-0.000739214,0.00107226,-0.000150835,0.0013353,0.000118852,-0.000382723,0.00249985,0.000161364,0.00259706,-5.90344e-06,-0.00117128,0.00145243,-0.000739214,0.000161364,0.0295467,0.00112822,-0.000456341,-0.000338208,0.000284943,0.00107226,0.00259706,0.00112822,0.0291904,0.000367476,-6.76154e-05,2.29219e-05,-0.000150835,-5.90344e-06,-0.000456341,0.000367476,0.046629,
0.00311987,-0.000578439,-0.000217224,0.00133328,-0.00116592,-0.00033227,-6.77065e-05,-0.000578439,0.00107794,-0.00109286,0.000116835,0.00145647,0.000286247,2.30345e-05,-0.000217224,-0.00109286,0.00407501,-0.000383178,-0.000736518,0.00107659,-0.00015044,0.00133328,0.000116835,-0.000383178,0.00249554,0.000157935,0.00259539,-5.16789e-06,-0.00116592,0.00145647,-0.000736518,0.000157935,0.0295285,0.00112507,-0.000451471,-0.00033227,0.000286247,0.00107659,0.00259539,0.00112507,0.0291833,0.000367993,-6.77066e-05,2.30345e-05,-0.00015044,-5.16792e-06,-0.000451471,0.000367993,0.0466289,
0.0031234,-0.000581823,-0.000221582,0.00133126,-0.00116056,-0.000326332,-6.77943e-05,-0.000581823,0.00108075,-0.00109379,0.000114832,0.00146045,0.000287508,2.31473e-05,-0.000221582,-0.00109379,0.00407341,-0.000383618,-0.000733852,0.00108089,-0.000150044,0.00133126,0.000114832,-0.000383618,0.00249125,0.000154482,0.00259369,-4.43465e-06,-0.00116056,0.00146045,-0.000733852,0.000154482,0.0295104,0.00112197,-0.000446626,-0.000326332,0.000287508,0.00108089,0.00259369,0.00112197,0.0291762,0.000368505,-6.77943e-05,2.31473e-05,-0.000150044,-4.43462e-06,-0.000446626,0.000368505,0.0466287,
0.0031269,-0.000585179,-0.00022593,0.00132922,-0.0011552,-0.000320395,-6.78787e-05,-0.000585179,0.00108356,-0.00109471,0.000112843,0.00146437,0.000288724,2.32602e-05,-0.00022593,-0.00109471,0.00407182,-0.000384045,-0.000731217,0.00108515,-0.000149646,0.00132922,0.000112843,-0.000384045,0.00248697,0.000151005,0.00259195,-3.70379e-06,-0.0011552,0.00146437,-0.000731217,0.000151004,0.0294924,0.0011189,-0.000441805,-0.000320395,0.000288724,0.00108515,0.00259195,0.0011189,0.0291692,0.000369011,-6.78787e-05,2.32602e-05,-0.000149646,-3.70382e-06,-0.000441805,0.000369011,0.0466286,
0.00313036,-0.000588507,-0.000230268,0.00132717,-0.00114984,-0.00031446,-6.79598e-05,-0.000588507,0.00108635,-0.00109561,0.000110866,0.00146824,0.000289897,2.33733e-05,-0.000230268,-0.00109561,0.00407025,-0.000384458,-0.000728611,0.00108937,-0.000149248,0.00132717,0.000110866,-0.000384458,0.00248271,0.000147503,0.00259017,-2.97537e-06,-0.00114984,0.00146824,-0.000728611,0.000147503,0.0294746,0.00111587,-0.000437008,-0.00031446,0.000289896,0.00108937,0.00259017,0.00111587,0.0291622,0.000369513,-6.79598e-05,2.33733e-05,-0.000149248,-2.97534e-06,-0.000437008,0.000369513,0.0466284,
0.00313379,-0.000591808,-0.000234595,0.00132511,-0.00114449,-0.000308526,-6.80376e-05,-0.000591808,0.00108914,-0.00109649,0.000108904,0.00147206,0.000291027,2.34864e-05,-0.000234595,-0.00109649,0.00406869,-0.000384857,-0.000726036,0.00109355,-0.000148848,0.00132511,0.000108904,-0.000384857,0.00247846,0.000143978,0.00258835,-2.2494e-06,-0.00114449,0.00147206,-0.000726036,0.000143978,0.0294569,0.00111287,-0.000432235,-0.000308526,0.000291027,0.00109355,0.00258835,0.00111287,0.0291552,0.00037001,-6.80376e-05,2.34864e-05,-0.000148848,-2.24942e-06,-0.000432235,0.00037001,0.0466283,
0.00313717,-0.000595081,-0.000238911,0.00132304,-0.00113914,-0.000302595,-6.81121e-05,-0.000595081,0.00109193,-0.00109736,0.000106954,0.00147582,0.000292114,2.35996e-05,-0.000238911,-0.00109736,0.00406714,-0.000385243,-0.000723489,0.0010977,-0.000148448,0.00132304,0.000106954,-0.000385243,0.00247423,0.000140429,0.00258649,-1.52586e-06,-0.00113914,0.00147582,-0.000723489,0.000140429,0.0294393,0.00110992,-0.000427487,-0.000302595,0.000292114,0.0010977,0.00258649,0.00110992,0.0291482,0.000370501,-6.81121e-05,2.35996e-05,-0.000148448,-1.52589e-06,-0.000427486,0.000370501,0.0466281,
0.00314053,-0.000598328,-0.000243216,0.00132096,-0.00113379,-0.000296668,-6.81833e-05,-0.000598328,0.0010947,-0.00109821,0.000105018,0.00147952,0.000293161,2.37128e-05,-0.000243216,-0.00109821,0.00406561,-0.000385615,-0.000720972,0.0011018,-0.000148046,0.00132096,0.000105018,-0.000385615,0.00247001,0.000136858,0.0025846,-8.04912e-07,-0.00113379,0.00147952,-0.000720972,0.000136858,0.0294218,0.00110699,-0.000422762,-0.000296668,0.000293161,0.0011018,0.0025846,0.00110699,0.0291412,0.000370988,-6.81833e-05,2.37128e-05,-0.000148046,-8.04912e-07,-0.000422762,0.000370988,0.046628,
0.00314384,-0.000601547,-0.000247511,0.00131887,-0.00112845,-0.000290744,-6.82513e-05,-0.000601548,0.00109747,-0.00109905,0.000103094,0.00148318,0.000294166,2.38259e-05,-0.000247511,-0.00109905,0.00406408,-0.000385973,-0.000718484,0.00110587,-0.000147643,0.00131887,0.000103094,-0.000385973,0.00246581,0.000133264,0.00258267,-8.64864e-08,-0.00112845,0.00148318,-0.000718484,0.000133264,0.0294045,0.00110411,-0.00041806,-0.000290744,0.000294166,0.00110587,0.00258267,0.00110411,0.0291343,0.00037147,-6.82513e-05,2.38259e-05,-0.000147643,-8.65419e-08,-0.00041806,0.00037147,0.0466278,
0.00314712,-0.00060474,-0.000251794,0.00131678,-0.00112312,-0.000284825,-6.8316e-05,-0.00060474,0.00110024,-0.00109987,0.000101184,0.00148678,0.000295131,2.39391e-05,-0.000251794,-0.00109987,0.00406257,-0.000386318,-0.000716024,0.0011099,-0.000147239,0.00131678,0.000101184,-0.000386318,0.00246163,0.000129648,0.00258071,6.2933e-07,-0.00112312,0.00148678,-0.000716024,0.000129649,0.0293873,0.00110126,-0.000413383,-0.000284825,0.000295131,0.0011099,0.00258071,0.00110126,0.0291273,0.000371947,-6.8316e-05,2.39391e-05,-0.000147239,6.2933e-07,-0.000413382,0.000371947,0.0466277,
0.00315037,-0.000607907,-0.000256066,0.00131467,-0.00111778,-0.000278911,-6.83775e-05,-0.000607907,0.00110299,-0.00110068,9.92857e-05,0.00149033,0.000296055,2.40521e-05,-0.000256066,-0.00110068,0.00406107,-0.00038665,-0.000713593,0.00111389,-0.000146835,0.00131467,9.92857e-05,-0.00038665,0.00245746,0.000126011,0.00257871,1.34256e-06,-0.00111778,0.00149033,-0.000713593,0.000126011,0.0293702,0.00109844,-0.000408728,-0.000278911,0.000296055,0.00111389,0.00257871,0.00109844,0.0291204,0.000372419,-6.83775e-05,2.40521e-05,-0.000146835,1.34259e-06,-0.000408728,0.00037242,0.0466276,
0.00315358,-0.000611047,-0.000260327,0.00131256,-0.00111246,-0.000273003,-6.84357e-05,-0.000611047,0.00110574,-0.00110147,9.74005e-05,0.00149383,0.000296941,2.4165e-05,-0.000260327,-0.00110147,0.00405958,-0.000386968,-0.000711189,0.00111784,-0.000146429,0.00131256,9.74005e-05,-0.000386968,0.00245331,0.000122352,0.00257668,2.05316e-06,-0.00111246,0.00149383,-0.000711189,0.000122352,0.0293533,0.00109566,-0.000404097,-0.000273003,0.000296941,0.00111784,0.00257668,0.00109566,0.0291135,0.000372887,-6.84357e-05,2.4165e-05,-0.000146429,2.05314e-06,-0.000404097,0.000372887,0.0466274,
0.00315676,-0.000614161,-0.000264576,0.00131043,-0.00110714,-0.000267101,-6.84907e-05,-0.000614161,0.00110848,-0.00110225,9.55278e-05,0.00149727,0.000297788,2.42777e-05,-0.000264576,-0.00110225,0.0040581,-0.000387274,-0.000708813,0.00112176,-0.000146023,0.00131043,9.55278e-05,-0.000387274,0.00244917,0.000118672,0.00257462,2.76107e-06,-0.00110714,0.00149727,-0.000708813,0.000118672,0.0293365,0.00109291,-0.000399489,-0.000267101,0.000297788,0.00112176,0.00257462,0.00109291,0.0291067,0.000373351,-6.84907e-05,2.42777e-05,-0.000146023,2.76107e-06,-0.000399489,0.000373351,0.0466273,
0.00315991,-0.000617248,-0.000268813,0.0013083,-0.00110183,-0.000261205,-6.85426e-05,-0.000617248,0.00111122,-0.00110301,9.36675e-05,0.00150067,0.000298596,2.43904e-05,-0.000268813,-0.00110301,0.00405664,-0.000387566,-0.000706465,0.00112564,-0.000145616,0.0013083,9.36675e-05,-0.000387566,0.00244505,0.000114971,0.00257252,3.46631e-06,-0.00110183,0.00150067,-0.000706465,0.000114971,0.0293198,0.00109019,-0.000394903,-0.000261205,0.000298596,0.00112564,0.00257252,0.00109019,0.0290998,0.000373809,-6.85426e-05,2.43904e-05,-0.000145616,3.46634e-06,-0.000394903,0.000373809,0.0466272,
0.00316302,-0.00062031,-0.000273039,0.00130616,-0.00109653,-0.000255317,-6.85912e-05,-0.00062031,0.00111394,-0.00110376,9.18196e-05,0.00150402,0.000299367,2.45027e-05,-0.000273039,-0.00110376,0.00405518,-0.000387845,-0.000704144,0.00112948,-0.000145208,0.00130616,9.18196e-05,-0.000387845,0.00244095,0.00011125,0.00257038,4.16883e-06,-0.00109653,0.00150402,-0.000704144,0.00011125,0.0293032,0.00108751,-0.000390341,-0.000255317,0.000299367,0.00112948,0.00257038,0.00108751,0.029093,0.000374264,-6.85913e-05,2.45027e-05,-0.000145208,4.16878e-06,-0.000390341,0.000374264,0.046627,
0.0031661,-0.000623346,-0.000277253,0.00130402,-0.00109124,-0.000249436,-6.86368e-05,-0.000623346,0.00111666,-0.0011045,8.99838e-05,0.00150732,0.000300101,2.46149e-05,-0.000277253,-0.0011045,0.00405374,-0.000388112,-0.000701849,0.00113329,-0.000144799,0.00130402,8.99838e-05,-0.000388112,0.00243687,0.000107509,0.00256822,4.86858e-06,-0.00109124,0.00150732,-0.000701849,0.000107509,0.0292867,0.00108487,-0.000385801,-0.000249436,0.000300101,0.00113329,0.00256822,0.00108487,0.0290861,0.000374714,-6.86368e-05,2.46149e-05,-0.000144799,4.86861e-06,-0.000385801,0.000374714,0.0466269,
0.00316914,-0.000626356,-0.000281455,0.00130186,-0.00108595,-0.000243564,-6.86792e-05,-0.000626356,0.00111937,-0.00110522,8.81602e-05,0.00151057,0.000300798,2.47268e-05,-0.000281455,-0.00110522,0.00405231,-0.000388365,-0.000699581,0.00113706,-0.00014439,0.00130186,8.81601e-05,-0.000388365,0.0024328,0.000103749,0.00256602,5.56558e-06,-0.00108595,0.00151057,-0.000699581,0.000103749,0.0292704,0.00108225,-0.000381283,-0.000243564,0.000300798,0.00113706,0.00256602,0.00108225,0.0290793,0.000375159,-6.86792e-05,2.47268e-05,-0.00014439,5.56555e-06,-0.000381283,0.000375159,0.0466268,
0.00317216,-0.000629341,-0.000285645,0.0012997,-0.00108068,-0.000237701,-6.87185e-05,-0.000629341,0.00112207,-0.00110593,8.63485e-05,0.00151378,0.00030146,2.48384e-05,-0.000285645,-0.00110593,0.00405089,-0.000388606,-0.00069734,0.00114079,-0.000143979,0.0012997,8.63485e-05,-0.000388606,0.00242874,9.99694e-05,0.00256379,6.25977e-06,-0.00108068,0.00151378,-0.00069734,9.99694e-05,0.0292542,0.00107967,-0.000376788,-0.000237701,0.00030146,0.00114079,0.00256379,0.00107967,0.0290725,0.0003756,-6.87184e-05,2.48384e-05,-0.000143979,6.25977e-06,-0.000376788,0.000375601,0.0466267,
0.00317514,-0.000632301,-0.000289822,0.00129753,-0.00107541,-0.000231846,-6.87546e-05,-0.000632301,0.00112477,-0.00110663,8.45486e-05,0.00151694,0.000302085,2.49497e-05,-0.000289822,-0.00110663,0.00404948,-0.000388835,-0.000695124,0.00114449,-0.000143569,0.00129753,8.45486e-05,-0.000388835,0.00242471,9.61709e-05,0.00256153,6.95116e-06,-0.00107541,0.00151694,-0.000695124,9.61709e-05,0.029238,0.00107712,-0.000372315,-0.000231846,0.000302085,0.00114449,0.00256153,0.00107712,0.0290658,0.000376038,-6.87547e-05,2.49497e-05,-0.000143569,6.95116e-06,-0.000372315,0.000376038,0.0466265,
