0.00317978,-0.000887594,-0.000967149,0.000602917,-4.17134e-05,0.0018189,-8.44367e-05,-0.000887594,0.00184243,-0.000734452,0.000630461,0.000837268,-0.000153425,5.89977e-05,-0.000967149,-0.000734452,0.00240582,-0.000769912,0.000953984,0.00140222,-0.000106257,0.000602917,0.000630461,-0.000769912,0.00215424,0.000993933,-0.00102062,4.87413e-05,-4.17134e-05,0.000837268,0.000953984,0.000993933,0.034195,0.00211984,-0.00215179,0.0018189,-0.000153425,0.00140222,-0.00102062,0.00211984,0.0300437,9.15478e-05,-8.44367e-05,5.89977e-05,-0.000106257,4.87413e-05,-0.00215179,9.15478e-05,0.0467579,
0.00318075,-0.000887826,-0.00097047,0.000601167,-4.01101e-05,0.00181696,-8.38083e-05,-0.000887826,0.00184306,-0.000735267,0.000629618,0.000839662,-0.000154345,5.86018e-05,-0.000970471,-0.000735267,0.00240955,-0.000770962,0.000948237,0.00140218,-0.000105365,0.000601167,0.000629618,-0.000770962,0.00215196,0.000982541,-0.00103036,5.00312e-05,-4.01101e-05,0.000839662,0.000948237,0.000982541,0.0342111,0.00212699,-0.00214908,0.00181696,-0.000154345,0.00140218,-0.00103036,0.00212699,0.0300498,9.15513e-05,-8.38083e-05,5.86018e-05,-0.000105365,5.00312e-05,-0.00214908,9.15513e-05,0.0467574,
0.00318224,-0.00088813,-0.000974203,0.000599133,-3.85598e-05,0.0018148,-8.31582e-05,-0.00088813,0.0018436,-0.000736318,0.000628755,0.000842464,-0.000155137,5.81821e-05,-0.000974203,-0.000736318,0.00241411,-0.000772155,0.000941623,0.0014022,-0.000104426,0.000599133,0.000628755,-0.000772155,0.00214946,0.000970497,-0.00104069,5.1406e-05,-3.85598e-05,0.000842464,0.000941623,0.000970497,0.034228,0.00213437,-0.00214609,0.0018148,-0.000155137,0.0014022,-0.00104069,0.00213437,0.0300561,9.15621e-05,-8.31583e-05,5.81821e-05,-0.000104426,5.1406e-05,-0.00214609,9.15621e-05,0.0467569,
0.00318384,-0.000888455,-0.000977832,0.000597127,-3.72042e-05,0.00181255,-8.25054e-05,-0.000888455,0.00184407,-0.000737486,0.000627876,0.000845413,-0.000155828,5.77586e-05,-0.000977832,-0.000737486,0.00241882,-0.000773389,0.000934768,0.00140226,-0.000103489,0.000597127,0.000627876,-0.000773389,0.002147,0.000958339,-0.00105105,5.27856e-05,-3.72042e-05,0.000845413,0.000934768,0.000958339,0.0342447,0.00214159,-0.002143,0.00181255,-0.000155828,0.00140226,-0.00105105,0.00214159,0.0300624,9.16092e-05,-8.25054e-05,5.77586e-05,-0.000103489,5.27857e-05,-0.002143,9.16093e-05,0.0467564,
0.00318542,-0.000888788,-0.000981279,0.000595212,-3.60433e-05,0.00181026,-8.18511e-05,-0.000888788,0.00184451,-0.000738737,0.000626967,0.000848441,-0.000156464,5.73353e-05,-0.000981279,-0.000738737,0.00242353,-0.000774633,0.000927813,0.00140239,-0.000102559,0.000595212,0.000626967,-0.000774633,0.0021446,0.000946204,-0.00106129,5.41548e-05,-3.60433e-05,0.000848441,0.000927813,0.000946204,0.034261,0.00214858,-0.00213986,0.00181026,-0.000156464,0.00140239,-0.00106129,0.00214858,0.0300685,9.16844e-05,-8.18511e-05,5.73352e-05,-0.000102559,5.41548e-05,-0.00213986,9.16843e-05,0.0467558,
0.00318694,-0.000889125,-0.000984559,0.000593388,-3.50429e-05,0.00180793,-8.11913e-05,-0.000889125,0.00184492,-0.000740053,0.000626022,0.000851528,-0.000157065,5.69105e-05,-0.000984559,-0.000740053,0.00242821,-0.000775879,0.000920778,0.00140254,-0.000101632,0.000593388,0.000626022,-0.000775879,0.00214227,0.000934043,-0.00107147,5.55161e-05,-3.50429e-05,0.000851528,0.000920778,0.000934043,0.034277,0.00215541,-0.00213666,0.00180793,-0.000157065,0.00140254,-0.00107147,0.00215541,0.0300744,9.17867e-05,-8.11913e-05,5.69105e-05,-0.000101632,5.55161e-05,-0.00213666,9.17867e-05,0.0467553,
0.00318841,-0.000889465,-0.0009877,0.000591645,-3.41802e-05,0.00180556,-8.05259e-05,-0.000889465,0.00184533,-0.000741422,0.000625036,0.00085466,-0.000157648,5.64849e-05,-0.0009877,-0.000741422,0.00243286,-0.000777119,0.000913676,0.00140271,-0.000100706,0.000591645,0.000625036,-0.000777119,0.00213999,0.000921874,-0.00108158,5.68676e-05,-3.41803e-05,0.00085466,0.000913676,0.000921874,0.0342926,0.00216206,-0.00213341,0.00180556,-0.000157648,0.00140271,-0.00108158,0.00216206,0.0300802,9.19141e-05,-8.05259e-05,5.64849e-05,-0.000100706,5.68676e-05,-0.00213341,9.19141e-05,0.0467547,
0.00318982,-0.000889806,-0.000990724,0.000589974,-3.34361e-05,0.00180316,-7.98547e-05,-0.000889805,0.00184574,-0.000742835,0.000624012,0.000857827,-0.00015822,5.60585e-05,-0.000990724,-0.000742835,0.00243748,-0.000778349,0.000906511,0.00140288,-9.97815e-05,0.000589974,0.000624012,-0.000778349,0.00213774,0.000909696,-0.00109162,5.82092e-05,-3.34361e-05,0.000857827,0.000906511,0.000909696,0.0343079,0.00216855,-0.00213011,0.00180316,-0.00015822,0.00140288,-0.00109162,0.00216855,0.0300858,9.20651e-05,-7.98547e-05,5.60585e-05,-9.97815e-05,5.82092e-05,-0.00213011,9.20651e-05,0.0467542,
0.00319117,-0.000890147,-0.000993649,0.000588362,-3.27968e-05,0.00180073,-7.91776e-05,-0.000890147,0.00184615,-0.000744284,0.00062295,0.000861021,-0.000158784,5.56313e-05,-0.000993649,-0.000744284,0.00244207,-0.000779567,0.000899286,0.00140305,-9.88561e-05,0.000588362,0.00062295,-0.000779567,0.00213553,0.000897512,-0.0011016,5.95408e-05,-3.27968e-05,0.000861021,0.000899286,0.000897512,0.0343229,0.00217489,-0.00212675,0.00180073,-0.000158784,0.00140305,-0.0011016,0.00217489,0.0300913,9.22387e-05,-7.91776e-05,5.56313e-05,-9.8856e-05,5.95408e-05,-0.00212675,9.22387e-05,0.0467536,
0.00319247,-0.000890489,-0.000996492,0.000586803,-3.22518e-05,0.00179828,-7.8495e-05,-0.000890489,0.00184656,-0.000745763,0.000621855,0.000864236,-0.000159343,5.52035e-05,-0.000996492,-0.000745763,0.00244664,-0.000780768,0.000892005,0.00140321,-9.79297e-05,0.000586803,0.000621855,-0.000780768,0.00213334,0.000885327,-0.00111153,6.08621e-05,-3.22518e-05,0.000864236,0.000892005,0.000885327,0.0343375,0.00218109,-0.00212335,0.00179828,-0.000159343,0.00140321,-0.00111153,0.00218109,0.0300967,9.24338e-05,-7.8495e-05,5.52035e-05,-9.79298e-05,6.08621e-05,-0.00212335,9.24338e-05,0.046753,
0.00319373,-0.000890831,-0.000999264,0.000585287,-3.17928e-05,0.0017958,-7.78072e-05,-0.000890831,0.00184697,-0.000747267,0.000620728,0.000867466,-0.000159896,5.47751e-05,-0.000999264,-0.000747267,0.00245119,-0.000781953,0.000884672,0.00140335,-9.70022e-05,0.000585287,0.000620728,-0.000781953,0.00213118,0.000873146,-0.00112141,6.2173e-05,-3.17928e-05,0.000867466,0.000884672,0.000873146,0.0343518,0.00218715,-0.00211989,0.0017958,-0.000159896,0.00140335,-0.00112141,0.00218715,0.0301018,9.26498e-05,-7.78072e-05,5.47751e-05,-9.70022e-05,6.2173e-05,-0.00211989,9.26499e-05,0.0467524,
0.00319494,-0.000891173,-0.00100197,0.00058381,-3.14135e-05,0.0017933,-7.71144e-05,-0.000891173,0.00184738,-0.000748791,0.000619574,0.000870708,-0.000160443,5.43463e-05,-0.00100197,-0.000748791,0.00245572,-0.00078312,0.000877287,0.00140347,-9.60731e-05,0.00058381,0.000619574,-0.00078312,0.00212905,0.000860972,-0.00113124,6.34735e-05,-3.14135e-05,0.000870708,0.000877287,0.000860972,0.0343658,0.00219307,-0.00211639,0.0017933,-0.000160443,0.00140347,-0.00113124,0.00219307,0.0301069,9.28861e-05,-7.71144e-05,5.43463e-05,-9.60731e-05,6.34735e-05,-0.00211639,9.28861e-05,0.0467518,
0.00319612,-0.000891515,-0.00100463,0.000582364,-3.11084e-05,0.00179078,-7.64169e-05,-0.000891515,0.00184779,-0.000750332,0.000618395,0.000873957,-0.000160983,5.39171e-05,-0.00100463,-0.000750332,0.00246023,-0.000784267,0.000869855,0.00140356,-9.51424e-05,0.000582364,0.000618395,-0.000784267,0.00212693,0.000848807,-0.00114102,6.47634e-05,-3.11084e-05,0.000873957,0.000869855,0.000848807,0.0343794,0.00219886,-0.00211285,0.00179078,-0.000160983,0.00140356,-0.00114102,0.00219886,0.0301117,9.31418e-05,-7.64169e-05,5.3917e-05,-9.51423e-05,6.47635e-05,-0.00211285,9.31418e-05,0.0467512,
0.00319727,-0.000891856,-0.00100724,0.000580945,-3.08732e-05,0.00178823,-7.5715e-05,-0.000891856,0.0018482,-0.000751886,0.000617193,0.00087721,-0.000161517,5.34875e-05,-0.00100724,-0.000751886,0.00246472,-0.000785394,0.000862377,0.00140362,-9.42098e-05,0.000580945,0.000617193,-0.000785394,0.00212484,0.000836655,-0.00115075,6.60428e-05,-3.08732e-05,0.00087721,0.000862377,0.000836655,0.0343927,0.00220452,-0.00210925,0.00178823,-0.000161517,0.00140362,-0.00115075,0.00220452,0.0301164,9.34166e-05,-7.5715e-05,5.34875e-05,-9.42099e-05,6.60427e-05,-0.00210925,9.34165e-05,0.0467506,
0.00319838,-0.000892196,-0.00100981,0.00057955,-3.07041e-05,0.00178566,-7.50089e-05,-0.000892196,0.00184861,-0.00075345,0.000615971,0.000880465,-0.000162042,5.30577e-05,-0.00100981,-0.00075345,0.00246919,-0.000786501,0.000854856,0.00140366,-9.32754e-05,0.00057955,0.000615971,-0.000786501,0.00212277,0.000824519,-0.00116043,6.73114e-05,-3.07041e-05,0.000880465,0.000854856,0.000824519,0.0344057,0.00221005,-0.00210562,0.00178566,-0.000162042,0.00140366,-0.00116043,0.00221005,0.030121,9.37095e-05,-7.50089e-05,5.30577e-05,-9.32754e-05,6.73114e-05,-0.00210562,9.37095e-05,0.04675,
0.00319948,-0.000892536,-0.00101235,0.000578174,-3.05981e-05,0.00178307,-7.4299e-05,-0.000892536,0.00184902,-0.000755023,0.000614731,0.000883719,-0.000162559,5.26277e-05,-0.00101235,-0.000755023,0.00247366,-0.000787586,0.000847293,0.00140366,-9.2339e-05,0.000578174,0.000614731,-0.000787586,0.00212072,0.000812401,-0.00117007,6.85693e-05,-3.05981e-05,0.000883719,0.000847293,0.000812401,0.0344183,0.00221545,-0.00210194,0.00178307,-0.000162559,0.00140366,-0.00117007,0.00221545,0.0301254,9.40202e-05,-7.4299e-05,5.26276e-05,-9.2339e-05,6.85693e-05,-0.00210194,9.40202e-05,0.0467494,
0.00320055,-0.000892874,-0.00101485,0.000576814,-3.05521e-05,0.00178047,-7.35853e-05,-0.000892874,0.00184942,-0.000756602,0.000613475,0.00088697,-0.000163066,5.21975e-05,-0.00101485,-0.000756602,0.0024781,-0.000788649,0.000839691,0.00140363,-9.14007e-05,0.000576814,0.000613475,-0.000788649,0.00211868,0.000800303,-0.00117967,6.98164e-05,-3.05521e-05,0.00088697,0.000839691,0.000800303,0.0344306,0.00222073,-0.00209821,0.00178047,-0.000163066,0.00140363,-0.00117967,0.00222073,0.0301296,9.43481e-05,-7.35852e-05,5.21975e-05,-9.14007e-05,6.98164e-05,-0.00209821,9.43481e-05,0.0467488,
0.0032016,-0.000893212,-0.00101732,0.000575469,-3.0564e-05,0.00177784,-7.2868e-05,-0.000893212,0.00184982,-0.000758185,0.000612204,0.000890217,-0.000163564,5.17672e-05,-0.00101732,-0.000758185,0.00248254,-0.00078969,0.000832051,0.00140356,-9.04604e-05,0.000575469,0.000612204,-0.00078969,0.00211667,0.000788226,-0.00118922,7.10527e-05,-3.05639e-05,0.000890217,0.000832051,0.000788226,0.0344426,0.00222588,-0.00209445,0.00177784,-0.000163564,0.00140356,-0.00118922,0.00222588,0.0301337,9.46924e-05,-7.2868e-05,5.17672e-05,-9.04604e-05,7.10528e-05,-0.00209445,9.46924e-05,0.0467482,
0.00320263,-0.000893549,-0.00101977,0.000574134,-3.06315e-05,0.00177519,-7.21475e-05,-0.000893549,0.00185022,-0.000759771,0.00061092,0.000893458,-0.000164051,5.13369e-05,-0.00101977,-0.000759771,0.00248695,-0.000790709,0.000824374,0.00140345,-8.95182e-05,0.000574134,0.00061092,-0.000790709,0.00211467,0.000776173,-0.00119872,7.22782e-05,-3.06314e-05,0.000893458,0.000824374,0.000776173,0.0344543,0.00223092,-0.00209065,0.00177519,-0.000164051,0.00140345,-0.00119872,0.00223092,0.0301376,9.50527e-05,-7.21475e-05,5.13368e-05,-8.95182e-05,7.22782e-05,-0.00209065,9.50526e-05,0.0467476,
0.00320364,-0.000893884,-0.0010222,0.00057281,-3.07528e-05,0.00177252,-7.14238e-05,-0.000893884,0.00185062,-0.000761359,0.000609624,0.000896691,-0.000164528,5.09065e-05,-0.0010222,-0.000761359,0.00249136,-0.000791706,0.000816663,0.00140331,-8.85741e-05,0.00057281,0.000609624,-0.000791706,0.00211269,0.000764145,-0.00120819,7.34928e-05,-3.07527e-05,0.000896691,0.000816663,0.000764145,0.0344656,0.00223583,-0.0020868,0.00177252,-0.000164528,0.00140331,-0.00120819,0.00223583,0.0301413,9.54282e-05,-7.14238e-05,5.09065e-05,-8.85741e-05,7.34928e-05,-0.0020868,9.54282e-05,0.046747,
0.00320464,-0.000894219,-0.0010246,0.000571494,-3.09262e-05,0.00176983,-7.0697e-05,-0.000894219,0.00185101,-0.000762948,0.000608317,0.000899916,-0.000164993,5.04762e-05,-0.0010246,-0.000762948,0.00249575,-0.000792679,0.000808918,0.00140313,-8.76281e-05,0.000571494,0.000608317,-0.000792679,0.00211073,0.000752143,-0.0012176,7.46964e-05,-3.09262e-05,0.000899916,0.000808918,0.000752143,0.0344766,0.00224063,-0.00208292,0.00176983,-0.000164993,0.00140313,-0.0012176,0.00224063,0.0301449,9.58186e-05,-7.0697e-05,5.04762e-05,-8.76281e-05,7.46964e-05,-0.00208292,9.58186e-05,0.0467463,
0.00320563,-0.000894552,-0.00102699,0.000570184,-3.11502e-05,0.00176713,-6.99674e-05,-0.000894552,0.00185139,-0.000764536,0.000607001,0.000903131,-0.000165448,5.0046e-05,-0.00102699,-0.000764536,0.00250014,-0.00079363,0.000801141,0.00140291,-8.66803e-05,0.000570184,0.000607001,-0.00079363,0.00210878,0.000740168,-0.00122698,7.5889e-05,-3.11502e-05,0.000903131,0.000801141,0.000740168,0.0344873,0.0022453,-0.002079,0.00176713,-0.000165448,0.00140291,-0.00122698,0.0022453,0.0301483,9.62233e-05,-6.99674e-05,5.0046e-05,-8.66803e-05,7.5889e-05,-0.002079,9.62233e-05,0.0467457,
0.00320661,-0.000894885,-0.00102935,0.000568879,-3.14236e-05,0.0017644,-6.9235e-05,-0.000894885,0.00185178,-0.000766123,0.000605675,0.000906335,-0.000165891,4.96159e-05,-0.00102935,-0.000766123,0.0025045,-0.000794557,0.000793334,0.00140266,-8.57308e-05,0.000568879,0.000605675,-0.000794557,0.00210686,0.000728223,-0.00123631,7.70705e-05,-3.14235e-05,0.000906335,0.000793334,0.000728223,0.0344977,0.00224986,-0.00207504,0.0017644,-0.000165891,0.00140266,-0.00123631,0.00224986,0.0301516,9.66415e-05,-6.9235e-05,4.96159e-05,-8.57308e-05,7.70706e-05,-0.00207504,9.66415e-05,0.0467451,
0.00320757,-0.000895216,-0.00103171,0.00056758,-3.1745e-05,0.00176166,-6.85e-05,-0.000895216,0.00185215,-0.000767708,0.00060434,0.000909529,-0.000166323,4.9186e-05,-0.00103171,-0.000767708,0.00250886,-0.000795461,0.000785497,0.00140236,-8.47795e-05,0.00056758,0.00060434,-0.000795461,0.00210494,0.000716307,-0.00124561,7.82411e-05,-3.17451e-05,0.000909529,0.000785497,0.000716307,0.0345078,0.00225431,-0.00207105,0.00176166,-0.000166323,0.00140236,-0.00124561,0.00225431,0.0301547,9.7073e-05,-6.85e-05,4.91859e-05,-8.47796e-05,7.8241e-05,-0.00207105,9.7073e-05,0.0467444,
0.00320853,-0.000895546,-0.00103404,0.000566284,-3.21135e-05,0.00175891,-6.77626e-05,-0.000895546,0.00185253,-0.000769291,0.000602998,0.00091271,-0.000166743,4.87562e-05,-0.00103404,-0.000769291,0.00251321,-0.000796342,0.000777633,0.00140203,-8.38267e-05,0.000566284,0.000602998,-0.000796342,0.00210305,0.000704421,-0.00125485,7.94005e-05,-3.21135e-05,0.00091271,0.000777633,0.000704421,0.0345175,0.00225864,-0.00206702,0.00175891,-0.000166743,0.00140203,-0.00125485,0.00225864,0.0301577,9.75172e-05,-6.77626e-05,4.87562e-05,-8.38267e-05,7.94005e-05,-0.00206702,9.75171e-05,0.0467438,
0.00320947,-0.000895875,-0.00103637,0.00056499,-3.2528e-05,0.00175613,-6.70227e-05,-0.000895875,0.00185289,-0.000770871,0.000601649,0.000915878,-0.000167151,4.83267e-05,-0.00103637,-0.000770871,0.00251754,-0.000797199,0.000769742,0.00140165,-8.28723e-05,0.00056499,0.000601649,-0.000797199,0.00210117,0.000692568,-0.00126406,8.05487e-05,-3.2528e-05,0.000915878,0.000769742,0.000692568,0.034527,0.00226285,-0.00206295,0.00175613,-0.000167151,0.00140165,-0.00126406,0.00226285,0.0301605,9.79734e-05,-6.70228e-05,4.83267e-05,-8.28723e-05,8.05487e-05,-0.00206295,9.79734e-05,0.0467432,
0.00321041,-0.000896203,-0.00103868,0.000563699,-3.29876e-05,0.00175334,-6.62806e-05,-0.000896203,0.00185325,-0.000772448,0.000600293,0.000919033,-0.000167548,4.78975e-05,-0.00103868,-0.000772448,0.00252187,-0.000798033,0.000761825,0.00140124,-8.19165e-05,0.000563699,0.000600293,-0.000798033,0.0020993,0.000680747,-0.00127322,8.16859e-05,-3.29876e-05,0.000919033,0.000761825,0.000680747,0.0345361,0.00226696,-0.00205886,0.00175334,-0.000167548,0.00140124,-0.00127322,0.00226696,0.0301631,9.84413e-05,-6.62806e-05,4.78975e-05,-8.19165e-05,8.16859e-05,-0.00205886,9.84413e-05,0.0467425,
0.00321133,-0.00089653,-0.00104097,0.00056241,-3.34914e-05,0.00175053,-6.55364e-05,-0.00089653,0.00185361,-0.000774021,0.00059893,0.000922175,-0.000167934,4.74686e-05,-0.00104097,-0.000774021,0.00252618,-0.000798843,0.000753883,0.00140079,-8.09593e-05,0.00056241,0.00059893,-0.000798843,0.00209746,0.000668959,-0.00128234,8.28118e-05,-3.34914e-05,0.000922175,0.000753883,0.000668959,0.034545,0.00227095,-0.00205472,0.00175053,-0.000167934,0.00140079,-0.00128234,0.00227095,0.0301656,9.89204e-05,-6.55365e-05,4.74686e-05,-8.09594e-05,8.28118e-05,-0.00205472,9.89204e-05,0.0467419,
0.00321225,-0.000896855,-0.00104326,0.000561122,-3.40387e-05,0.0017477,-6.47902e-05,-0.000896855,0.00185396,-0.000775589,0.000597562,0.000925302,-0.000168308,4.70401e-05,-0.00104326,-0.000775589,0.00253048,-0.00079963,0.000745918,0.0014003,-8.00009e-05,0.000561122,0.000597562,-0.00079963,0.00209562,0.000657206,-0.00129142,8.39265e-05,-3.40387e-05,0.000925302,0.000745918,0.000657206,0.0345535,0.00227483,-0.00205056,0.0017477,-0.000168308,0.0014003,-0.00129142,0.00227483,0.030168,9.94103e-05,-6.47902e-05,4.70401e-05,-8.00009e-05,8.39265e-05,-0.00205056,9.94103e-05,0.0467412,
0.00321316,-0.00089718,-0.00104553,0.000559836,-3.46286e-05,0.00174486,-6.40419e-05,-0.00089718,0.0018543,-0.000777154,0.000596188,0.000928414,-0.00016867,4.6612e-05,-0.00104553,-0.000777154,0.00253477,-0.000800394,0.000737931,0.00139978,-7.90413e-05,0.000559836,0.000596188,-0.000800394,0.00209381,0.000645487,-0.00130046,8.503e-05,-3.46286e-05,0.000928414,0.000737931,0.000645487,0.0345618,0.00227861,-0.00204636,0.00174486,-0.00016867,0.00139978,-0.00130046,0.00227861,0.0301702,9.99105e-05,-6.40419e-05,4.6612e-05,-7.90413e-05,8.50299e-05,-0.00204636,9.99104e-05,0.0467406,
0.00321407,-0.000897503,-0.00104779,0.000558549,-3.52607e-05,0.00174201,-6.32919e-05,-0.000897503,0.00185464,-0.000778714,0.000594808,0.000931511,-0.000169021,4.61843e-05,-0.00104779,-0.000778714,0.00253905,-0.000801134,0.000729923,0.00139921,-7.80806e-05,0.000558549,0.000594808,-0.000801134,0.002092,0.000633805,-0.00130945,8.61222e-05,-3.52607e-05,0.000931511,0.000729923,0.000633805,0.0345697,0.00228227,-0.00204213,0.00174201,-0.000169021,0.00139921,-0.00130945,0.00228227,0.0301722,0.00010042,-6.32919e-05,4.61843e-05,-7.80807e-05,8.61221e-05,-0.00204213,0.00010042,0.0467399,
0.00321497,-0.000897826,-0.00105005,0.000557264,-3.5934e-05,0.00173914,-6.25401e-05,-0.000897826,0.00185498,-0.000780269,0.000593424,0.000934593,-0.00016936,4.57571e-05,-0.00105005,-0.000780269,0.00254332,-0.00080185,0.000721894,0.00139861,-7.7119e-05,0.000557264,0.000593424,-0.00080185,0.00209022,0.000622158,-0.0013184,8.72031e-05,-3.5934e-05,0.000934593,0.000721894,0.000622158,0.0345774,0.00228583,-0.00203787,0.00173914,-0.00016936,0.00139861,-0.0013184,0.00228583,0.0301741,0.00010094,-6.25401e-05,4.57571e-05,-7.7119e-05,8.72031e-05,-0.00203787,0.00010094,0.0467393,
0.00321586,-0.000898147,-0.00105229,0.000555979,-3.66481e-05,0.00173625,-6.17867e-05,-0.000898147,0.0018553,-0.000781819,0.000592035,0.00093766,-0.000169689,4.53304e-05,-0.00105229,-0.000781819,0.00254758,-0.000802543,0.000713846,0.00139797,-7.61565e-05,0.000555979,0.000592035,-0.000802543,0.00208844,0.000610549,-0.00132731,8.82728e-05,-3.66481e-05,0.00093766,0.000713846,0.000610549,0.0345848,0.00228928,-0.00203358,0.00173625,-0.000169689,0.00139797,-0.00132731,0.00228928,0.0301759,0.000101468,-6.17867e-05,4.53304e-05,-7.61565e-05,8.82727e-05,-0.00203358,0.000101468,0.0467386,
0.00321674,-0.000898467,-0.00105452,0.000554694,-3.74023e-05,0.00173335,-6.10317e-05,-0.000898467,0.00185563,-0.000783364,0.000590641,0.00094071,-0.000170006,4.49042e-05,-0.00105452,-0.000783364,0.00255183,-0.000803213,0.00070578,0.0013973,-7.51932e-05,0.000554694,0.000590641,-0.000803213,0.00208669,0.000598977,-0.00133617,8.93311e-05,-3.74023e-05,0.00094071,0.00070578,0.000598977,0.0345919,0.00229262,-0.00202927,0.00173335,-0.000170006,0.0013973,-0.00133617,0.00229262,0.0301775,0.000102006,-6.10317e-05,4.49042e-05,-7.51932e-05,8.93311e-05,-0.00202927,0.000102006,0.046738,
0.00321762,-0.000898787,-0.00105674,0.000553409,-3.8196e-05,0.00173043,-6.02752e-05,-0.000898787,0.00185594,-0.000784904,0.000589243,0.000943744,-0.000170312,4.44787e-05,-0.00105674,-0.000784904,0.00255607,-0.000803859,0.000697696,0.00139659,-7.42292e-05,0.000553409,0.000589243,-0.000803859,0.00208494,0.000587444,-0.00134499,9.03782e-05,-3.81961e-05,0.000943744,0.000697696,0.000587444,0.0345987,0.00229586,-0.00202492,0.00173043,-0.000170312,0.00139659,-0.00134499,0.00229586,0.030179,0.000102551,-6.02752e-05,4.44787e-05,-7.42292e-05,9.03782e-05,-0.00202492,0.000102551,0.0467373,
0.0032185,-0.000899105,-0.00105895,0.000552124,-3.90288e-05,0.00172751,-5.95174e-05,-0.000899105,0.00185625,-0.000786438,0.00058784,0.000946761,-0.000170608,4.40537e-05,-0.00105895,-0.000786438,0.0025603,-0.000804482,0.000689597,0.00139584,-7.32648e-05,0.000552124,0.00058784,-0.000804482,0.00208322,0.000575949,-0.00135377,9.1414e-05,-3.90288e-05,0.000946761,0.000689596,0.000575949,0.0346053,0.002299,-0.00202054,0.00172751,-0.000170608,0.00139584,-0.00135377,0.002299,0.0301803,0.000103104,-5.95174e-05,4.40538e-05,-7.32647e-05,9.14139e-05,-0.00202054,0.000103104,0.0467367,
0.00321937,-0.000899423,-0.00106115,0.000550839,-3.99e-05,0.00172456,-5.87583e-05,-0.000899423,0.00185656,-0.000787967,0.000586434,0.000949762,-0.000170892,4.36294e-05,-0.00106115,-0.000787967,0.00256451,-0.000805082,0.000681481,0.00139506,-7.22998e-05,0.000550839,0.000586434,-0.000805082,0.0020815,0.000564494,-0.0013625,9.24384e-05,-3.99e-05,0.000949762,0.000681481,0.000564494,0.0346115,0.00230203,-0.00201614,0.00172456,-0.000170892,0.00139506,-0.0013625,0.00230203,0.0301815,0.000103665,-5.87583e-05,4.36294e-05,-7.22998e-05,9.24384e-05,-0.00201614,0.000103665,0.046736,
0.00322023,-0.000899739,-0.00106334,0.000549553,-4.08091e-05,0.00172161,-5.7998e-05,-0.000899739,0.00185686,-0.00078949,0.000585023,0.000952746,-0.000171166,4.32058e-05,-0.00106334,-0.00078949,0.00256872,-0.000805658,0.000673352,0.00139425,-7.13345e-05,0.000549553,0.000585023,-0.000805658,0.0020798,0.000553079,-0.00137119,9.34516e-05,-4.08091e-05,0.000952746,0.000673352,0.000553079,0.0346175,0.00230496,-0.00201171,0.00172161,-0.000171166,0.00139424,-0.00137119,0.00230496,0.0301826,0.000104233,-5.79981e-05,4.32058e-05,-7.13344e-05,9.34516e-05,-0.00201172,0.000104233,0.0467354,
0.00322109,-0.000900055,-0.00106552,0.000548268,-4.17556e-05,0.00171864,-5.72366e-05,-0.000900055,0.00185715,-0.000791008,0.000583609,0.000955713,-0.00017143,4.27829e-05,-0.00106552,-0.000791008,0.00257292,-0.000806212,0.000665209,0.00139339,-7.03689e-05,0.000548268,0.000583609,-0.000806212,0.00207812,0.000541704,-0.00137984,9.44534e-05,-4.17556e-05,0.000955713,0.000665209,0.000541704,0.0346232,0.00230779,-0.00200726,0.00171864,-0.00017143,0.00139339,-0.00137984,0.00230779,0.0301835,0.000104808,-5.72366e-05,4.27829e-05,-7.03689e-05,9.44534e-05,-0.00200726,0.000104808,0.0467347,
0.00322194,-0.00090037,-0.0010677,0.000546983,-4.2739e-05,0.00171566,-5.64742e-05,-0.00090037,0.00185744,-0.000792521,0.000582191,0.000958662,-0.000171683,4.23607e-05,-0.0010677,-0.000792521,0.0025771,-0.000806742,0.000657053,0.00139251,-6.94032e-05,0.000546983,0.000582191,-0.000806742,0.00207645,0.00053037,-0.00138844,9.5444e-05,-4.2739e-05,0.000958662,0.000657053,0.00053037,0.0346287,0.00231052,-0.00200278,0.00171566,-0.000171683,0.00139251,-0.00138844,0.00231052,0.0301843,0.00010539,-5.64742e-05,4.23608e-05,-6.94031e-05,9.5444e-05,-0.00200278,0.00010539,0.0467341,
0.00322279,-0.000900684,-0.00106986,0.000545697,-4.37589e-05,0.00171266,-5.57109e-05,-0.000900684,0.00185772,-0.000794027,0.00058077,0.000961594,-0.000171926,4.19394e-05,-0.00106986,-0.000794027,0.00258128,-0.00080725,0.000648886,0.00139159,-6.84374e-05,0.000545697,0.00058077,-0.00080725,0.00207479,0.000519078,-0.001397,9.64233e-05,-4.37589e-05,0.000961594,0.000648886,0.000519078,0.0346339,0.00231315,-0.00199828,0.00171266,-0.000171926,0.00139159,-0.001397,0.00231315,0.030185,0.000105978,-5.57109e-05,4.19393e-05,-6.84374e-05,9.64233e-05,-0.00199828,0.000105978,0.0467334,
0.00322363,-0.000900997,-0.00107201,0.000544411,-4.48147e-05,0.00170965,-5.49467e-05,-0.000900997,0.001858,-0.000795528,0.000579345,0.000964508,-0.000172159,4.15188e-05,-0.00107201,-0.000795528,0.00258544,-0.000807735,0.000640708,0.00139064,-6.74716e-05,0.000544411,0.000579345,-0.000807735,0.00207315,0.000507827,-0.00140551,9.73913e-05,-4.48147e-05,0.000964508,0.000640708,0.000507827,0.0346388,0.00231569,-0.00199375,0.00170965,-0.000172159,0.00139064,-0.00140551,0.00231569,0.0301855,0.000106572,-5.49466e-05,4.15188e-05,-6.74716e-05,9.73914e-05,-0.00199375,0.000106572,0.0467327,
0.00322447,-0.00090131,-0.00107416,0.000543125,-4.59059e-05,0.00170663,-5.41817e-05,-0.00090131,0.00185827,-0.000797023,0.000577917,0.000967405,-0.000172383,4.10992e-05,-0.00107416,-0.000797023,0.0025896,-0.000808197,0.00063252,0.00138966,-6.65061e-05,0.000543125,0.000577917,-0.000808197,0.00207152,0.000496619,-0.00141398,9.83481e-05,-4.59058e-05,0.000967405,0.00063252,0.000496619,0.0346435,0.00231812,-0.0019892,0.00170663,-0.000172383,0.00138966,-0.00141398,0.00231812,0.0301859,0.000107171,-5.41817e-05,4.10991e-05,-6.65061e-05,9.83481e-05,-0.0019892,0.000107171,0.0467321,
0.0032253,-0.000901622,-0.00107629,0.000541839,-4.70321e-05,0.0017036,-5.3416e-05,-0.000901622,0.00185854,-0.000798512,0.000576486,0.000970283,-0.000172596,4.06803e-05,-0.00107629,-0.000798512,0.00259374,-0.000808636,0.000624323,0.00138865,-6.55407e-05,0.000541839,0.000576486,-0.000808636,0.0020699,0.000485453,-0.00142241,9.92936e-05,-4.7032e-05,0.000970283,0.000624323,0.000485453,0.0346479,0.00232046,-0.00198463,0.0017036,-0.000172596,0.00138865,-0.00142241,0.00232046,0.0301862,0.000107776,-5.3416e-05,4.06803e-05,-6.55407e-05,9.92936e-05,-0.00198463,0.000107776,0.0467314,
0.00322613,-0.000901933,-0.00107842,0.000540554,-4.81928e-05,0.00170056,-5.26497e-05,-0.000901933,0.0018588,-0.000799996,0.000575052,0.000973143,-0.0001728,4.02624e-05,-0.00107842,-0.000799996,0.00259788,-0.000809053,0.000616118,0.0013876,-6.45757e-05,0.000540554,0.000575052,-0.000809053,0.0020683,0.000474331,-0.00143079,0.000100228,-4.81928e-05,0.000973143,0.000616118,0.000474331,0.0346521,0.00232271,-0.00198003,0.00170056,-0.0001728,0.0013876,-0.00143079,0.00232271,0.0301863,0.000108386,-5.26497e-05,4.02624e-05,-6.45757e-05,0.000100228,-0.00198003,0.000108386,0.0467308,
0.00322696,-0.000902243,-0.00108054,0.000539268,-4.93876e-05,0.00169751,-5.18829e-05,-0.000902243,0.00185905,-0.000801473,0.000573615,0.000975985,-0.000172994,3.98454e-05,-0.00108054,-0.000801473,0.002602,-0.000809447,0.000607905,0.00138653,-6.36112e-05,0.000539268,0.000573615,-0.000809447,0.00206671,0.000463253,-0.00143912,0.000101151,-4.93875e-05,0.000975985,0.000607905,0.000463253,0.034656,0.00232486,-0.00197542,0.00169751,-0.000172994,0.00138653,-0.00143912,0.00232486,0.0301863,0.000109001,-5.18829e-05,3.98454e-05,-6.36112e-05,0.000101151,-0.00197542,0.000109,0.0467301,
0.00322778,-0.000902552,-0.00108264,0.000537982,-5.0616e-05,0.00169444,-5.11156e-05,-0.000902552,0.0018593,-0.000802945,0.000572175,0.000978809,-0.000173179,3.94294e-05,-0.00108264,-0.000802945,0.00260612,-0.000809819,0.000599685,0.00138542,-6.26472e-05,0.000537982,0.000572175,-0.000809819,0.00206514,0.000452218,-0.00144741,0.000102063,-5.0616e-05,0.000978809,0.000599685,0.000452218,0.0346597,0.00232692,-0.00197078,0.00169444,-0.000173179,0.00138542,-0.00144741,0.00232692,0.0301862,0.00010962,-5.11156e-05,3.94295e-05,-6.26472e-05,0.000102063,-0.00197078,0.00010962,0.0467295,
0.00322859,-0.000902861,-0.00108474,0.000536696,-5.18775e-05,0.00169137,-5.0348e-05,-0.000902861,0.00185954,-0.000804411,0.000570732,0.000981614,-0.000173355,3.90144e-05,-0.00108474,-0.000804411,0.00261022,-0.000810169,0.00059146,0.00138429,-6.16838e-05,0.000536696,0.000570732,-0.000810169,0.00206357,0.000441228,-0.00145566,0.000102964,-5.18775e-05,0.000981614,0.00059146,0.000441228,0.0346632,0.00232888,-0.00196612,0.00169137,-0.000173355,0.00138429,-0.00145566,0.00232888,0.030186,0.000110243,-5.03479e-05,3.90144e-05,-6.16838e-05,0.000102964,-0.00196612,0.000110243,0.0467288,
0.00322941,-0.000903169,-0.00108683,0.000535411,-5.31717e-05,0.00168829,-4.958e-05,-0.000903169,0.00185978,-0.000805871,0.000569286,0.000984401,-0.000173522,3.86005e-05,-0.00108683,-0.000805871,0.00261431,-0.000810496,0.00058323,0.00138312,-6.07212e-05,0.000535411,0.000569286,-0.000810496,0.00206202,0.000430283,-0.00146386,0.000103854,-5.31717e-05,0.000984401,0.00058323,0.000430283,0.0346664,0.00233076,-0.00196145,0.00168829,-0.000173522,0.00138312,-0.00146386,0.00233076,0.0301856,0.000110871,-4.958e-05,3.86005e-05,-6.07212e-05,0.000103854,-0.00196145,0.000110871,0.0467281,
0.00323021,-0.000903477,-0.00108891,0.000534126,-5.44982e-05,0.00168519,-4.88118e-05,-0.000903477,0.00186002,-0.000807325,0.000567838,0.000987169,-0.00017368,3.81876e-05,-0.00108891,-0.000807325,0.00261839,-0.000810802,0.000574995,0.00138193,-5.97593e-05,0.000534126,0.000567838,-0.000810802,0.00206049,0.000419383,-0.00147201,0.000104732,-5.44982e-05,0.000987169,0.000574995,0.000419383,0.0346693,0.00233254,-0.00195675,0.00168519,-0.00017368,0.00138193,-0.00147201,0.00233254,0.0301852,0.000111503,-4.88118e-05,3.81876e-05,-5.97594e-05,0.000104732,-0.00195675,0.000111503,0.0467275,
0.00323102,-0.000903784,-0.00109098,0.000532841,-5.58564e-05,0.00168209,-4.80435e-05,-0.000903784,0.00186024,-0.000808773,0.000566387,0.000989919,-0.00017383,3.77757e-05,-0.00109098,-0.000808773,0.00262247,-0.000811085,0.000566757,0.00138071,-5.87984e-05,0.000532841,0.000566387,-0.000811085,0.00205896,0.000408528,-0.00148012,0.0001056,-5.58564e-05,0.000989919,0.000566757,0.000408528,0.0346721,0.00233424,-0.00195204,0.00168209,-0.00017383,0.00138071,-0.00148012,0.00233424,0.0301846,0.000112138,-4.80435e-05,3.77757e-05,-5.87984e-05,0.0001056,-0.00195204,0.000112138,0.0467268,
0.00323182,-0.00090409,-0.00109304,0.000531556,-5.72461e-05,0.00167897,-4.72751e-05,-0.00090409,0.00186047,-0.000810215,0.000564934,0.000992649,-0.00017397,3.7365e-05,-0.00109304,-0.000810215,0.00262653,-0.000811347,0.000558517,0.00137946,-5.78385e-05,0.000531556,0.000564934,-0.000811347,0.00205745,0.000397719,-0.00148819,0.000106456,-5.72461e-05,0.000992649,0.000558517,0.000397719,0.0346746,0.00233584,-0.00194731,0.00167897,-0.00017397,0.00137946,-0.00148819,0.00233584,0.0301839,0.000112776,-4.7275e-05,3.73651e-05,-5.78385e-05,0.000106456,-0.00194731,0.000112776,0.0467262,
0.00323261,-0.000904396,-0.00109509,0.000530272,-5.86667e-05,0.00167585,-4.65066e-05,-0.000904396,0.00186068,-0.000811652,0.000563478,0.000995361,-0.000174103,3.69554e-05,-0.00109509,-0.000811652,0.00263058,-0.000811587,0.000550274,0.00137818,-5.68797e-05,0.000530272,0.000563478,-0.000811587,0.00205596,0.000386956,-0.00149621,0.000107302,-5.86666e-05,0.000995361,0.000550274,0.000386956,0.0346769,0.00233736,-0.00194256,0.00167585,-0.000174103,0.00137818,-0.00149621,0.00233736,0.030183,0.000113417,-4.65066e-05,3.69554e-05,-5.68797e-05,0.000107302,-0.00194256,0.000113417,0.0467255,
0.0032334,-0.000904701,-0.00109713,0.000528989,-6.01177e-05,0.00167272,-4.57382e-05,-0.000904701,0.00186089,-0.000813082,0.00056202,0.000998053,-0.000174227,3.6547e-05,-0.00109713,-0.000813082,0.00263462,-0.000811805,0.000542031,0.00137688,-5.5922e-05,0.000528989,0.00056202,-0.000811805,0.00205447,0.00037624,-0.00150418,0.000108137,-6.01177e-05,0.000998053,0.000542031,0.00037624,0.0346789,0.0023388,-0.0019378,0.00167272,-0.000174227,0.00137688,-0.00150418,0.0023388,0.0301821,0.000114062,-4.57382e-05,3.6547e-05,-5.5922e-05,0.000108136,-0.0019378,0.000114062,0.0467249,
0.00323419,-0.000905006,-0.00109916,0.000527706,-6.15989e-05,0.00166958,-4.497e-05,-0.000905006,0.0018611,-0.000814507,0.00056056,0.00100073,-0.000174343,3.61398e-05,-0.00109916,-0.000814507,0.00263865,-0.000812003,0.000533787,0.00137555,-5.49656e-05,0.000527706,0.00056056,-0.000812003,0.002053,0.000365571,-0.00151211,0.00010896,-6.15989e-05,0.00100073,0.000533787,0.000365571,0.0346807,0.00234015,-0.00193302,0.00166958,-0.000174343,0.00137555,-0.00151211,0.00234015,0.0301811,0.000114709,-4.497e-05,3.61398e-05,-5.49656e-05,0.00010896,-0.00193302,0.000114709,0.0467242,
0.00323497,-0.00090531,-0.00110118,0.000526423,-6.31097e-05,0.00166643,-4.42019e-05,-0.00090531,0.0018613,-0.000815925,0.000559098,0.00100338,-0.000174451,3.57337e-05,-0.00110118,-0.000815925,0.00264267,-0.000812178,0.000525543,0.00137419,-5.40106e-05,0.000526423,0.000559098,-0.000812178,0.00205154,0.000354948,-0.00151999,0.000109773,-6.31097e-05,0.00100338,0.000525543,0.000354948,0.0346824,0.00234141,-0.00192822,0.00166643,-0.000174451,0.00137419,-0.00151999,0.00234141,0.0301799,0.000115359,-4.42019e-05,3.57338e-05,-5.40106e-05,0.000109773,-0.00192822,0.000115359,0.0467236,
0.00323575,-0.000905613,-0.00110319,0.000525142,-6.46496e-05,0.00166327,-4.34342e-05,-0.000905613,0.0018615,-0.000817338,0.000557633,0.00100602,-0.000174551,3.5329e-05,-0.00110319,-0.000817338,0.00264668,-0.000812333,0.0005173,0.00137281,-5.30569e-05,0.000525142,0.000557633,-0.000812333,0.00205009,0.000344373,-0.00152782,0.000110575,-6.46497e-05,0.00100602,0.0005173,0.000344373,0.0346838,0.00234259,-0.00192341,0.00166327,-0.000174551,0.00137281,-0.00152782,0.00234259,0.0301786,0.000116011,-4.34342e-05,3.5329e-05,-5.30569e-05,0.000110575,-0.00192341,0.000116011,0.0467229,
0.00323653,-0.000905916,-0.0011052,0.000523861,-6.62184e-05,0.0016601,-4.26667e-05,-0.000905916,0.00186169,-0.000818745,0.000556167,0.00100863,-0.000174643,3.49255e-05,-0.0011052,-0.000818745,0.00265068,-0.000812466,0.000509059,0.00137141,-5.21048e-05,0.000523861,0.000556167,-0.000812466,0.00204865,0.000333846,-0.00153561,0.000111366,-6.62185e-05,0.00100863,0.000509059,0.000333846,0.0346849,0.00234369,-0.00191859,0.0016601,-0.000174643,0.00137141,-0.00153561,0.00234369,0.0301773,0.000116665,-4.26668e-05,3.49255e-05,-5.21049e-05,0.000111366,-0.00191859,0.000116665,0.0467223,
0.0032373,-0.000906219,-0.00110719,0.000522581,-6.78156e-05,0.00165693,-4.18997e-05,-0.000906219,0.00186188,-0.000820146,0.000554698,0.00101123,-0.000174728,3.45232e-05,-0.00110719,-0.000820146,0.00265467,-0.000812579,0.00050082,0.00136998,-5.11543e-05,0.000522581,0.000554698,-0.000812579,0.00204723,0.000323366,-0.00154336,0.000112147,-6.78155e-05,0.00101123,0.00050082,0.000323366,0.0346859,0.00234471,-0.00191375,0.00165693,-0.000174728,0.00136998,-0.00154336,0.00234471,0.0301758,0.00011732,-4.18997e-05,3.45232e-05,-5.11543e-05,0.000112147,-0.00191375,0.000117321,0.0467216,
0.00323807,-0.000906521,-0.00110917,0.000521301,-6.94407e-05,0.00165375,-4.11331e-05,-0.000906521,0.00186206,-0.000821541,0.000553228,0.00101381,-0.000174805,3.41222e-05,-0.00110917,-0.000821541,0.00265865,-0.000812671,0.000492584,0.00136852,-5.02055e-05,0.000521301,0.000553228,-0.000812671,0.00204581,0.000312935,-0.00155106,0.000112917,-6.94407e-05,0.00101381,0.000492584,0.000312934,0.0346867,0.00234565,-0.0019089,0.00165375,-0.000174805,0.00136852,-0.00155106,0.00234565,0.0301742,0.000117978,-4.11331e-05,3.41223e-05,-5.02055e-05,0.000112917,-0.0019089,0.000117978,0.046721,
0.00323884,-0.000906823,-0.00111115,0.000520023,-7.10933e-05,0.00165057,-4.0367e-05,-0.000906823,0.00186223,-0.00082293,0.000551756,0.00101636,-0.000174875,3.37226e-05,-0.00111115,-0.00082293,0.00266262,-0.000812742,0.000484352,0.00136705,-4.92583e-05,0.000520023,0.000551756,-0.000812742,0.00204441,0.000302551,-0.00155871,0.000113676,-7.10933e-05,0.00101636,0.000484352,0.000302551,0.0346873,0.00234651,-0.00190404,0.00165057,-0.000174875,0.00136705,-0.00155871,0.00234651,0.0301725,0.000118637,-4.0367e-05,3.37226e-05,-4.92583e-05,0.000113676,-0.00190404,0.000118637,0.0467203,
0.0032396,-0.000907124,-0.00111311,0.000518746,-7.2773e-05,0.00164737,-3.96016e-05,-0.000907124,0.00186241,-0.000824313,0.000550282,0.0010189,-0.000174938,3.33243e-05,-0.00111311,-0.000824313,0.00266658,-0.000812793,0.000476125,0.00136555,-4.83131e-05,0.000518746,0.000550282,-0.000812793,0.00204302,0.000292216,-0.00156632,0.000114425,-7.2773e-05,0.0010189,0.000476125,0.000292216,0.0346876,0.0023473,-0.00189917,0.00164737,-0.000174938,0.00136555,-0.00156632,0.0023473,0.0301707,0.000119298,-3.96016e-05,3.33243e-05,-4.83131e-05,0.000114425,-0.00189917,0.000119298,0.0467197,
0.00324036,-0.000907425,-0.00111506,0.00051747,-7.44794e-05,0.00164417,-3.88368e-05,-0.000907425,0.00186257,-0.00082569,0.000548807,0.00102142,-0.000174993,3.29274e-05,-0.00111506,-0.00082569,0.00267053,-0.000812823,0.000467902,0.00136403,-4.73697e-05,0.00051747,0.000548807,-0.000812823,0.00204165,0.00028193,-0.00157388,0.000115163,-7.44794e-05,0.00102142,0.000467902,0.00028193,0.0346878,0.002348,-0.00189428,0.00164417,-0.000174993,0.00136403,-0.00157388,0.002348,0.0301688,0.000119959,-3.88368e-05,3.29274e-05,-4.73697e-05,0.000115163,-0.00189428,0.000119959,0.046719,
0.00324111,-0.000907725,-0.00111701,0.000516195,-7.62121e-05,0.00164097,-3.80727e-05,-0.000907725,0.00186273,-0.000827062,0.00054733,0.00102392,-0.000175042,3.25319e-05,-0.00111701,-0.000827062,0.00267447,-0.000812833,0.000459686,0.00136248,-4.64283e-05,0.000516195,0.00054733,-0.000812833,0.00204028,0.000271693,-0.00158139,0.000115891,-7.62121e-05,0.00102392,0.000459686,0.000271693,0.0346878,0.00234864,-0.00188939,0.00164097,-0.000175042,0.00136248,-0.00158139,0.00234864,0.0301668,0.000120622,-3.80727e-05,3.25319e-05,-4.64283e-05,0.000115891,-0.00188939,0.000120622,0.0467184,
0.00324186,-0.000908025,-0.00111894,0.000514921,-7.79707e-05,0.00163775,-3.73094e-05,-0.000908025,0.00186289,-0.000828427,0.000545851,0.0010264,-0.000175084,3.21378e-05,-0.00111894,-0.000828427,0.00267839,-0.000812823,0.000451475,0.00136091,-4.54888e-05,0.000514921,0.000545851,-0.000812823,0.00203892,0.000261505,-0.00158886,0.000116608,-7.79708e-05,0.0010264,0.000451475,0.000261505,0.0346876,0.00234919,-0.00188448,0.00163775,-0.000175084,0.00136091,-0.00158886,0.00234919,0.0301647,0.000121285,-3.73094e-05,3.21378e-05,-4.54888e-05,0.000116608,-0.00188448,0.000121285,0.0467178,
0.00324261,-0.000908325,-0.00112087,0.000513648,-7.97548e-05,0.00163453,-3.65468e-05,-0.000908325,0.00186304,-0.000829787,0.000544371,0.00102886,-0.000175119,3.17451e-05,-0.00112087,-0.000829787,0.00268231,-0.000812793,0.000443272,0.00135933,-4.45515e-05,0.000513648,0.000544371,-0.000812793,0.00203758,0.000251367,-0.00159629,0.000117315,-7.97548e-05,0.00102886,0.000443272,0.000251367,0.0346871,0.00234967,-0.00187957,0.00163453,-0.000175119,0.00135933,-0.00159629,0.00234967,0.0301625,0.000121949,-3.65469e-05,3.17451e-05,-4.45515e-05,0.000117315,-0.00187957,0.00012195,0.0467171,
0.00324335,-0.000908624,-0.00112278,0.000512377,-8.1564e-05,0.00163131,-3.57853e-05,-0.000908624,0.00186319,-0.000831141,0.000542889,0.0010313,-0.000175148,3.13538e-05,-0.00112278,-0.000831141,0.00268622,-0.000812743,0.000435076,0.00135772,-4.36164e-05,0.000512377,0.000542889,-0.000812743,0.00203625,0.000241277,-0.00160366,0.000118012,-8.15639e-05,0.0010313,0.000435076,0.000241277,0.0346866,0.00235008,-0.00187464,0.00163131,-0.000175148,0.00135772,-0.00160366,0.00235008,0.0301603,0.000122614,-3.57853e-05,3.13538e-05,-4.36164e-05,0.000118012,-0.00187464,0.000122614,0.0467165,
0.0032441,-0.000908923,-0.00112468,0.000511107,-8.33977e-05,0.00162808,-3.50246e-05,-0.000908923,0.00186333,-0.000832489,0.000541406,0.00103372,-0.00017517,3.0964e-05,-0.00112468,-0.000832488,0.00269011,-0.000812673,0.000426888,0.00135609,-4.26835e-05,0.000511107,0.000541406,-0.000812673,0.00203493,0.000231238,-0.001611,0.000118698,-8.33977e-05,0.00103372,0.000426888,0.000231238,0.0346858,0.00235042,-0.00186971,0.00162808,-0.00017517,0.00135609,-0.001611,0.00235042,0.0301579,0.000123279,-3.50246e-05,3.0964e-05,-4.26835e-05,0.000118698,-0.00186971,0.000123279,0.0467159,
