0.003037,-0.000782716,-0.00164534,-0.000384501,-0.000464941,0.000876514,-8.69452e-05,-0.000782716,0.00202527,-0.000927672,0.000350744,0.000839022,-0.000303477,0.000117642,-0.00164534,-0.000927672,0.00327607,0.000107632,-0.000753692,0.00115289,-9.21792e-05,-0.000384501,0.000350744,0.000107632,0.00186968,0.00203228,0.00148175,-4.51069e-05,-0.000464941,0.000839022,-0.000753692,0.00203228,0.0333252,0.00108678,-0.00220807,0.000876514,-0.000303477,0.00115289,0.00148175,0.00108678,0.0271986,-1.61474e-05,-8.69452e-05,0.000117642,-9.21792e-05,-4.51069e-05,-0.00220807,-1.61474e-05,0.0467718,
0.00303716,-0.000783001,-0.00164488,0,-0.000462096,0.000879491,-8.72313e-05,-0.000783001,0.00202526,-0.00092803,0,0.000838935,-0.000304672,0.00011771,-0.00164488,-0.00092803,0.00327629,0,-0.000750681,0.0011555,-9.25519e-05,-0.000384529,0.000350275,0.000108489,0,0.00202916,0.00148271,-4.41406e-05,-0.000462096,0.000838935,-0.000750681,0,0.033342,0.00109009,-0.00220695,0.000879491,-0.000304672,0.0011555,0,0.00109009,0.0272074,-1.762e-05,-8.72312e-05,0.00011771,-9.25519e-05,0,-0.00220695,-1.76199e-05,0.0467715,
0.00303853,-0.000784076,-0.00164394,-0.000383734,-0.000459416,0.000884154,-8.76165e-05,-0.000784076,0.00202509,-0.000928734,0.000349106,0.000839609,-0.0003062,0.000117743,-0.00164394,-0.000928734,0.00327715,0.00010914,-0.000747166,0.00115931,-9.29891e-05,-0.000383734,0.000349106,0.00010914,0.00186752,0.00202664,0.00148151,-4.32365e-05,-0.000459416,0.000839609,-0.000747166,0.00202664,0.0333576,0.00109264,-0.0022059,0.000884154,-0.0003062,0.00115931,0.00148151,0.00109264,0.0272171,-1.90408e-05,-8.76165e-05,0.000117743,-9.29892e-05,-4.32365e-05,-0.0022059,-1.90409e-05,0.0467712,
0.0030409,-0.000785821,-0.00164265,0,-0.000455957,0.000891121,-8.82264e-05,-0.000785821,0.00202485,-0.000929725,0,0.000840557,-0.000308389,0.000117832,-0.00164265,-0.000929725,0.00327846,0,-0.000742001,0.00116439,-9.36522e-05,-0.000382056,0.000347279,0.000109809,0,0.00202224,0.0014809,-4.20216e-05,-0.000455957,0.000840557,-0.000742001,0,0.0333819,0.00109736,-0.00220413,0.000891121,-0.000308389,0.00116439,0,0.00109736,0.0272331,-2.07298e-05,-8.82264e-05,0.000117832,-9.36521e-05,0,-0.00220413,-2.07298e-05,0.0467707,
0.00304424,-0.000788155,-0.00164114,0,-0.000453475,0.000898667,-8.88514e-05,-0.000788155,0.00202451,-0.000930889,0,0.000842039,-0.000310586,0.000117895,-0.00164114,-0.000930889,0.00328019,0,-0.000737207,0.00116949,-9.42963e-05,-0.000379569,0.000344895,0.00011012,0,0.00201848,0.00147933,-4.09465e-05,-0.000453475,0.000842039,-0.000737207,0,0.0334032,0.00110065,-0.00220254,0.000898667,-0.000310586,0.00116949,0,0.00110065,0.0272477,-2.23911e-05,-8.88514e-05,0.000117895,-9.42963e-05,0,-0.00220254,-2.23911e-05,0.0467704,
0.00304846,-0.00079101,-0.00163955,0,-0.000452259,0.00090643,-8.95148e-05,-0.00079101,0.00202421,-0.000932128,0,0.000843824,-0.000312814,0.00011799,-0.00163955,-0.000932128,0.00328213,0,-0.000732919,0.00117389,-9.49501e-05,-0.000376105,0.000341834,0.000110117,0,0.00201426,0.00147885,-3.99531e-05,-0.000452259,0.000843824,-0.000732919,0,0.0334249,0.00110341,-0.00220087,0.00090643,-0.000312814,0.00117389,0,0.00110341,0.0272621,-2.40546e-05,-8.95148e-05,0.00011799,-9.495e-05,0,-0.00220087,-2.40546e-05,0.04677,
0.0030535,-0.000794242,-0.00163806,0,-0.000451932,0.00091468,-9.0181e-05,-0.000794242,0.00202387,-0.000933324,0,0.000845836,-0.000315034,0.000118078,-0.00163806,-0.000933324,0.00328428,0,-0.000728661,0.00117793,-9.55872e-05,-0.000371584,0.00033852,0.000109456,0,0.00201026,0.00147834,-3.90381e-05,-0.000451932,0.000845836,-0.000728661,0,0.0334452,0.00110536,-0.00219927,0.00091468,-0.000315034,0.00117793,0,0.00110536,0.0272758,-2.57219e-05,-9.0181e-05,0.000118078,-9.55872e-05,0,-0.00219927,-2.57219e-05,0.0467696,
0.00305917,-0.000797739,-0.00163672,-0.000366048,-0.000452171,0.000923483,-9.08493e-05,-0.000797739,0.00202359,-0.000934423,0.000334956,0.000848042,-0.000317374,0.000118161,-0.00163672,-0.000934423,0.0032865,0.000108233,-0.000724144,0.00118176,-9.62128e-05,-0.000366048,0.000334956,0.000108233,0.00185448,0.00200623,0.0014779,-3.81629e-05,-0.000452171,0.000848042,-0.000724144,0.00200623,0.0334652,0.00110695,-0.00219765,0.000923483,-0.000317374,0.00118176,0.0014779,0.00110695,0.0272897,-2.74044e-05,-9.08493e-05,0.000118161,-9.62129e-05,-3.81629e-05,-0.00219765,-2.74043e-05,0.0467692,
0.00306519,-0.000801385,-0.00163546,-0.000359888,-0.000452725,0.000932615,-9.1514e-05,-0.000801385,0.00202337,-0.000935478,0.000331166,0.000850416,-0.000319808,0.000118236,-0.00163546,-0.000935478,0.00328875,0.000106725,-0.000719478,0.00118555,-9.68261e-05,-0.000359888,0.000331166,0.000106725,0.00185125,0.00200217,0.00147742,-3.73188e-05,-0.000452725,0.000850416,-0.000719478,0.00200217,0.033485,0.00110829,-0.00219602,0.000932615,-0.000319808,0.00118555,0.00147742,0.00110829,0.0273036,-2.90973e-05,-9.1514e-05,0.000118236,-9.68261e-05,-3.73188e-05,-0.00219602,-2.90974e-05,0.0467689,
0.00307132,-0.000805087,-0.00163418,-0.000353469,-0.000453434,0.000941818,-9.21755e-05,-0.000805087,0.00202318,-0.000936541,0.000327184,0.000852896,-0.000322272,0.000118306,-0.00163418,-0.000936541,0.00329101,0.000105179,-0.00071483,0.00118933,-9.74319e-05,-0.000353469,0.000327184,0.000105179,0.00184796,0.001998,0.00147702,-3.64938e-05,-0.000453434,0.000852896,-0.00071483,0.001998,0.0335046,0.00110953,-0.00219436,0.000941818,-0.000322272,0.00118933,0.00147702,0.00110953,0.0273175,-3.07938e-05,-9.21755e-05,0.000118306,-9.74318e-05,-3.64938e-05,-0.00219436,-3.07938e-05,0.0467685,
0.00307751,-0.00080881,-0.00163287,-0.000346844,-0.000454253,0.000951048,-9.28314e-05,-0.00080881,0.00202299,-0.000937606,0.000323069,0.000855444,-0.000324739,0.000118372,-0.00163287,-0.000937606,0.00329327,0.000103591,-0.000710198,0.00119308,-9.803e-05,-0.000346844,0.000323069,0.000103591,0.00184464,0.00199374,0.0014767,-3.56838e-05,-0.000454253,0.000855444,-0.000710198,0.00199374,0.0335242,0.0011107,-0.00219267,0.000951048,-0.000324739,0.00119308,0.0014767,0.0011107,0.0273314,-3.24892e-05,-9.28314e-05,0.000118372,-9.80301e-05,-3.56838e-05,-0.00219267,-3.24892e-05,0.0467682,
0.00308371,-0.000812529,-0.00163155,-0.00034007,-0.000455143,0.00096027,-9.34799e-05,-0.000812529,0.00202281,-0.000938673,0.000318862,0.000858039,-0.000327188,0.000118432,-0.00163155,-0.000938673,0.00329552,0.000101978,-0.000705591,0.00119682,-9.86206e-05,-0.00034007,0.000318862,0.000101978,0.00184132,0.00198942,0.00147642,-3.48863e-05,-0.000455143,0.000858039,-0.000705591,0.00198942,0.0335436,0.00111181,-0.00219097,0.00096027,-0.000327188,0.00119682,0.00147642,0.00111181,0.0273453,-3.41807e-05,-9.34799e-05,0.000118432,-9.86206e-05,-3.48863e-05,-0.00219097,-3.41807e-05,0.0467678,
0.00308989,-0.000816229,-0.00163021,-0.000333185,-0.00045608,0.000969458,-9.41205e-05,-0.000816229,0.00202261,-0.000939744,0.000314587,0.000860664,-0.000329606,0.000118487,-0.00163021,-0.000939744,0.00329776,0.000100347,-0.000701015,0.00120055,-9.92041e-05,-0.000333185,0.000314587,0.000100347,0.00183801,0.00198503,0.00147618,-3.40987e-05,-0.00045608,0.000860664,-0.000701015,0.00198503,0.0335628,0.00111288,-0.00218924,0.000969458,-0.000329606,0.00120055,0.00147618,0.00111288,0.0273592,-3.58661e-05,-9.41205e-05,0.000118487,-9.9204e-05,-3.40987e-05,-0.00218924,-3.5866e-05,0.0467675,
0.00309605,-0.000819899,-0.00162884,-0.000326216,-0.000457046,0.000978596,-9.47526e-05,-0.000819899,0.00202241,-0.000940819,0.000310265,0.000863309,-0.000331982,0.000118537,-0.00162884,-0.000940819,0.0033,9.87048e-05,-0.000696475,0.00120427,-9.97806e-05,-0.000326216,0.000310265,9.87048e-05,0.00183472,0.00198058,0.00147598,-3.33198e-05,-0.000457046,0.000863309,-0.000696475,0.00198058,0.0335818,0.0011139,-0.00218749,0.000978596,-0.000331982,0.00120427,0.00147598,0.0011139,0.027373,-3.75441e-05,-9.47526e-05,0.000118537,-9.97806e-05,-3.33199e-05,-0.00218749,-3.75441e-05,0.0467671,
0.00310215,-0.000823532,-0.00162744,-0.00031918,-0.00045803,0.000987672,-9.5376e-05,-0.000823532,0.00202218,-0.000941899,0.000305907,0.000865965,-0.000334311,0.00011858,-0.00162744,-0.000941899,0.00330223,9.70556e-05,-0.000691972,0.00120799,-0.00010035,-0.00031918,0.000305907,9.70555e-05,0.00183146,0.00197609,0.00147581,-3.25485e-05,-0.00045803,0.000865965,-0.000691972,0.00197609,0.0336007,0.00111489,-0.00218574,0.000987672,-0.000334311,0.00120799,0.00147581,0.00111489,0.0273867,-3.92138e-05,-9.5376e-05,0.00011858,-0.000100351,-3.25485e-05,-0.00218574,-3.92138e-05,0.0467668,
0.0031082,-0.000827123,-0.00162602,-0.00031209,-0.000459025,0.000996679,-9.59905e-05,-0.000827123,0.00202193,-0.000942982,0.000301522,0.000868627,-0.000336588,0.000118618,-0.00162602,-0.000942982,0.00330445,9.54024e-05,-0.000687508,0.00121171,-0.000100914,-0.00031209,0.000301522,9.54024e-05,0.00182824,0.00197155,0.00147567,-3.17838e-05,-0.000459025,0.000868627,-0.000687508,0.00197155,0.0336194,0.00111585,-0.00218396,0.000996679,-0.000336588,0.00121171,0.00147567,0.00111585,0.0274004,-4.08745e-05,-9.59905e-05,0.000118618,-0.000100914,-3.17839e-05,-0.00218396,-4.08745e-05,0.0467664,
0.00311419,-0.000830668,-0.00162457,-0.000304954,-0.000460024,0.00100561,-9.6596e-05,-0.000830668,0.00202166,-0.00094407,0.000297117,0.000871292,-0.00033881,0.00011865,-0.00162457,-0.00094407,0.00330667,9.37473e-05,-0.000683083,0.00121543,-0.000101471,-0.000304954,0.000297117,9.37473e-05,0.00182505,0.00196697,0.00147555,-3.10251e-05,-0.000460024,0.000871292,-0.000683083,0.00196697,0.033638,0.00111679,-0.00218217,0.00100561,-0.000338809,0.00121543,0.00147555,0.00111679,0.027414,-4.2526e-05,-9.6596e-05,0.00011865,-0.000101471,-3.10251e-05,-0.00218217,-4.2526e-05,0.046766,
0.00312011,-0.000834166,-0.0016231,-0.00029778,-0.000461023,0.00101447,-9.71926e-05,-0.000834166,0.00202136,-0.000945163,0.000292696,0.000873957,-0.000340975,0.000118676,-0.0016231,-0.000945163,0.00330888,9.20921e-05,-0.000678698,0.00121915,-0.000102022,-0.00029778,0.000292696,9.20922e-05,0.00182191,0.00196235,0.00147546,-3.0272e-05,-0.000461023,0.000873957,-0.000678698,0.00196235,0.0336563,0.00111771,-0.00218037,0.00101447,-0.000340975,0.00121915,0.00147546,0.00111771,0.0274276,-4.41679e-05,-9.71925e-05,0.000118676,-0.000102022,-3.0272e-05,-0.00218037,-4.41679e-05,0.0467657,
0.00312596,-0.000837615,-0.00162159,-0.000290571,-0.000462019,0.00102324,-9.77801e-05,-0.000837615,0.00202104,-0.000946259,0.000288261,0.00087662,-0.000343083,0.000118697,-0.00162159,-0.000946259,0.00331108,9.0438e-05,-0.000674353,0.00122286,-0.000102567,-0.000290571,0.000288261,9.04379e-05,0.0018188,0.00195768,0.00147539,-2.9524e-05,-0.000462019,0.00087662,-0.000674353,0.00195768,0.0336745,0.0011186,-0.00217855,0.00102324,-0.000343083,0.00122286,0.00147539,0.0011186,0.0274411,-4.58001e-05,-9.778e-05,0.000118697,-0.000102567,-2.9524e-05,-0.00217855,-4.58001e-05,0.0467653,
0.00313174,-0.000841014,-0.00162006,-0.000283331,-0.000463011,0.00103194,-9.83585e-05,-0.000841014,0.00202069,-0.00094736,0.000283816,0.00087928,-0.000345134,0.000118712,-0.00162006,-0.00094736,0.00331327,8.87856e-05,-0.000670046,0.00122658,-0.000103106,-0.000283331,0.000283816,8.87856e-05,0.00181574,0.00195298,0.00147535,-2.8781e-05,-0.000463011,0.00087928,-0.000670046,0.00195298,0.0336925,0.00111949,-0.00217671,0.00103194,-0.000345134,0.00122658,0.00147535,0.00111949,0.0274545,-4.74226e-05,-9.83585e-05,0.000118712,-0.000103106,-2.87809e-05,-0.00217671,-4.74225e-05,0.046765,
0.00313745,-0.000844363,-0.0016185,-0.000276063,-0.000463998,0.00104055,-9.89281e-05,-0.000844363,0.00202032,-0.000948465,0.00027936,0.000881936,-0.000347125,0.000118722,-0.0016185,-0.000948465,0.00331545,8.7136e-05,-0.000665779,0.0012303,-0.00010364,-0.000276063,0.00027936,8.7136e-05,0.00181272,0.00194823,0.00147532,-2.80425e-05,-0.000463998,0.000881936,-0.000665779,0.00194823,0.0337103,0.00112035,-0.00217487,0.00104055,-0.000347125,0.0012303,0.00147532,0.00112035,0.0274678,-4.9035e-05,-9.8928e-05,0.000118722,-0.00010364,-2.80425e-05,-0.00217487,-4.9035e-05,0.0467646,
0.00314309,-0.000847661,-0.00161692,-0.000268767,-0.000464977,0.00104908,-9.94886e-05,-0.000847661,0.00201992,-0.000949573,0.000274897,0.000884588,-0.000349059,0.000118726,-0.00161692,-0.000949573,0.00331763,8.54895e-05,-0.00066155,0.00123401,-0.000104167,-0.000268767,0.000274897,8.54896e-05,0.00180974,0.00194344,0.00147532,-2.73084e-05,-0.000464977,0.000884588,-0.00066155,0.00194344,0.033728,0.0011212,-0.002173,0.00104908,-0.000349059,0.00123401,0.00147532,0.0011212,0.0274811,-5.06375e-05,-9.94886e-05,0.000118726,-0.000104167,-2.73084e-05,-0.002173,-5.06375e-05,0.0467642,
0.00314865,-0.000850908,-0.00161531,-0.000261446,-0.000465949,0.00105752,-0.00010004,-0.000850908,0.0020195,-0.000950686,0.000270425,0.000887235,-0.000350934,0.000118725,-0.00161531,-0.000950686,0.0033198,8.38468e-05,-0.000657359,0.00123773,-0.000104689,-0.000261446,0.000270425,8.38468e-05,0.00180681,0.00193861,0.00147535,-2.65787e-05,-0.000465949,0.000887235,-0.000657359,0.00193861,0.0337456,0.00112204,-0.00217113,0.00105752,-0.000350934,0.00123773,0.00147535,0.00112204,0.0274943,-5.22301e-05,-0.00010004,0.000118725,-0.000104689,-2.65787e-05,-0.00217113,-5.22301e-05,0.0467639,
0.00315414,-0.000854105,-0.00161368,-0.000254102,-0.000466912,0.00106588,-0.000100583,-0.000854105,0.00201905,-0.000951802,0.000265947,0.000889877,-0.00035275,0.000118718,-0.00161368,-0.000951802,0.00332196,8.2208e-05,-0.000653206,0.00124144,-0.000105206,-0.000254102,0.000265948,8.22081e-05,0.00180392,0.00193374,0.00147539,-2.58531e-05,-0.000466912,0.000889877,-0.000653206,0.00193374,0.0337629,0.00112287,-0.00216924,0.00106588,-0.00035275,0.00124144,0.00147539,0.00112287,0.0275074,-5.38126e-05,-0.000100583,0.000118718,-0.000105206,-2.58532e-05,-0.00216924,-5.38127e-05,0.0467635,
0.00315955,-0.00085725,-0.00161202,-0.000246734,-0.000467867,0.00107416,-0.000101117,-0.00085725,0.00201858,-0.000952921,0.000261464,0.000892512,-0.000354508,0.000118707,-0.00161202,-0.000952921,0.00332411,8.05737e-05,-0.000649091,0.00124516,-0.000105717,-0.000246734,0.000261464,8.05737e-05,0.00180107,0.00192883,0.00147546,-2.51316e-05,-0.000467867,0.000892512,-0.000649091,0.00192883,0.0337801,0.00112369,-0.00216734,0.00107416,-0.000354508,0.00124516,0.00147546,0.00112369,0.0275205,-5.53851e-05,-0.000101117,0.000118707,-0.000105717,-2.51316e-05,-0.00216734,-5.53851e-05,0.0467631,
0.00316489,-0.000860344,-0.00161033,-0.000239344,-0.000468812,0.00108235,-0.000101642,-0.000860344,0.00201808,-0.000954044,0.000256974,0.000895142,-0.000356208,0.00011869,-0.00161033,-0.000954044,0.00332626,7.89442e-05,-0.000645013,0.00124887,-0.000106222,-0.000239344,0.000256974,7.89442e-05,0.00179827,0.00192388,0.00147554,-2.4414e-05,-0.000468812,0.000895142,-0.000645013,0.00192388,0.0337972,0.00112449,-0.00216542,0.00108235,-0.000356208,0.00124887,0.00147554,0.00112449,0.0275335,-5.69476e-05,-0.000101642,0.00011869,-0.000106222,-2.4414e-05,-0.00216542,-5.69476e-05,0.0467628,
0.00317015,-0.000863387,-0.00160863,-0.000231934,-0.000469748,0.00109045,-0.000102158,-0.000863387,0.00201756,-0.00095517,0.00025248,0.000897765,-0.00035785,0.000118668,-0.00160863,-0.00095517,0.0033284,7.73196e-05,-0.000640972,0.00125258,-0.000106722,-0.000231934,0.000252479,7.73196e-05,0.00179552,0.0019189,0.00147565,-2.37003e-05,-0.000469748,0.000897765,-0.000640972,0.0019189,0.0338141,0.00112529,-0.00216349,0.00109045,-0.00035785,0.00125258,0.00147565,0.00112529,0.0275464,-5.85e-05,-0.000102158,0.000118668,-0.000106722,-2.37003e-05,-0.00216349,-5.85e-05,0.0467624,
0.00317534,-0.000866378,-0.00160689,-0.000224503,-0.000470675,0.00109848,-0.000102665,-0.000866378,0.00201701,-0.000956299,0.00024798,0.000900382,-0.000359434,0.000118641,-0.00160689,-0.000956299,0.00333053,7.57004e-05,-0.000636968,0.0012563,-0.000107217,-0.000224503,0.00024798,7.57004e-05,0.0017928,0.00191387,0.00147578,-2.29903e-05,-0.000470675,0.000900382,-0.000636968,0.00191387,0.0338309,0.00112608,-0.00216155,0.00109848,-0.000359434,0.0012563,0.00147578,0.00112608,0.0275593,-6.00424e-05,-0.000102665,0.000118641,-0.000107217,-2.29903e-05,-0.00216155,-6.00423e-05,0.046762,
0.00318045,-0.000869319,-0.00160514,-0.000217053,-0.000471592,0.00110641,-0.000103164,-0.000869319,0.00201643,-0.000957431,0.000243477,0.000902992,-0.00036096,0.000118609,-0.00160514,-0.000957431,0.00333266,7.40867e-05,-0.000633,0.00126001,-0.000107707,-0.000217053,0.000243477,7.40867e-05,0.00179014,0.0019088,0.00147592,-2.22841e-05,-0.000471592,0.000902992,-0.000633,0.0019088,0.0338475,0.00112685,-0.00215959,0.00110641,-0.00036096,0.00126001,0.00147592,0.00112685,0.0275721,-6.15745e-05,-0.000103164,0.000118609,-0.000107707,-2.22841e-05,-0.00215959,-6.15745e-05,0.0467616,
0.00318548,-0.000872209,-0.00160336,-0.000209585,-0.000472498,0.00111426,-0.000103654,-0.000872209,0.00201584,-0.000958566,0.000238971,0.000905596,-0.000362429,0.000118572,-0.00160336,-0.000958566,0.00333478,7.24788e-05,-0.000629069,0.00126372,-0.000108191,-0.000209585,0.000238971,7.24788e-05,0.00178751,0.0019037,0.00147609,-2.15815e-05,-0.000472498,0.000905595,-0.000629069,0.0019037,0.033864,0.00112762,-0.00215762,0.00111426,-0.000362429,0.00126372,0.00147609,0.00112762,0.0275848,-6.30966e-05,-0.000103654,0.000118572,-0.000108191,-2.15815e-05,-0.00215763,-6.30966e-05,0.0467613,
0.00319043,-0.000875048,-0.00160156,-0.000202099,-0.000473395,0.00112202,-0.000104135,-0.000875048,0.00201521,-0.000959703,0.000234461,0.000908192,-0.00036384,0.00011853,-0.00160156,-0.000959703,0.00333689,7.0877e-05,-0.000625174,0.00126743,-0.00010867,-0.000202099,0.000234461,7.0877e-05,0.00178494,0.00189856,0.00147628,-2.08825e-05,-0.000473395,0.000908192,-0.000625174,0.00189856,0.0338803,0.00112838,-0.00215564,0.00112202,-0.00036384,0.00126743,0.00147628,0.00112838,0.0275975,-6.46086e-05,-0.000104135,0.00011853,-0.00010867,-2.08825e-05,-0.00215564,-6.46086e-05,0.0467609,
0.00319531,-0.000877837,-0.00159973,-0.000194597,-0.000474281,0.0011297,-0.000104608,-0.000877837,0.00201457,-0.000960842,0.000229949,0.000910781,-0.000365195,0.000118483,-0.00159973,-0.000960842,0.003339,6.92814e-05,-0.000621314,0.00127114,-0.000109144,-0.000194597,0.000229949,6.92814e-05,0.0017824,0.00189338,0.00147648,-2.0187e-05,-0.000474281,0.000910781,-0.000621314,0.00189338,0.0338965,0.00112914,-0.00215365,0.0011297,-0.000365195,0.00127114,0.00147648,0.00112914,0.0276101,-6.61105e-05,-0.000104608,0.000118483,-0.000109144,-2.0187e-05,-0.00215365,-6.61105e-05,0.0467605,
0.00320012,-0.000880574,-0.00159789,-0.000187079,-0.000475156,0.00113729,-0.000105071,-0.000880574,0.00201389,-0.000961984,0.000225434,0.000913362,-0.000366492,0.000118431,-0.00159789,-0.000961984,0.0033411,6.76923e-05,-0.000617491,0.00127485,-0.000109613,-0.000187079,0.000225434,6.76924e-05,0.00177992,0.00188816,0.0014767,-1.9495e-05,-0.000475156,0.000913362,-0.000617491,0.00188816,0.0339125,0.00112988,-0.00215164,0.00113729,-0.000366492,0.00127485,0.0014767,0.00112988,0.0276226,-6.76021e-05,-0.000105071,0.000118431,-0.000109613,-1.9495e-05,-0.00215164,-6.76021e-05,0.0467601,
0.00320484,-0.000883261,-0.00159602,-0.000179546,-0.000476021,0.00114479,-0.000105527,-0.000883261,0.0020132,-0.000963128,0.000220918,0.000915936,-0.000367733,0.000118375,-0.00159602,-0.000963128,0.00334319,6.61099e-05,-0.000613702,0.00127856,-0.000110076,-0.000179546,0.000220918,6.611e-05,0.00177747,0.00188291,0.00147694,-1.88063e-05,-0.000476021,0.000915936,-0.000613702,0.00188291,0.0339284,0.00113062,-0.00214962,0.00114479,-0.000367733,0.00127856,0.00147694,0.00113062,0.027635,-6.90837e-05,-0.000105527,0.000118375,-0.000110076,-1.88064e-05,-0.00214962,-6.90837e-05,0.0467597,
0.00320949,-0.000885898,-0.00159413,-0.000172,-0.000476874,0.00115221,-0.000105973,-0.000885898,0.00201248,-0.000964273,0.000216401,0.000918502,-0.000368917,0.000118314,-0.00159413,-0.000964273,0.00334528,6.45344e-05,-0.000609949,0.00128226,-0.000110535,-0.000172,0.000216401,6.45344e-05,0.00177508,0.00187762,0.0014772,-1.81211e-05,-0.000476874,0.000918502,-0.000609949,0.00187762,0.0339441,0.00113135,-0.00214759,0.00115221,-0.000368917,0.00128226,0.0014772,0.00113135,0.0276474,-7.05551e-05,-0.000105973,0.000118314,-0.000110535,-1.81211e-05,-0.00214759,-7.05551e-05,0.0467593,
0.00321406,-0.000888485,-0.00159222,-0.00016444,-0.000477717,0.00115954,-0.000106411,-0.000888485,0.00201174,-0.000965421,0.000211882,0.000921059,-0.000370045,0.000118248,-0.00159222,-0.000965421,0.00334736,6.2966e-05,-0.000606232,0.00128597,-0.000110988,-0.00016444,0.000211882,6.2966e-05,0.00177272,0.0018723,0.00147747,-1.74392e-05,-0.000477717,0.000921059,-0.000606232,0.0018723,0.0339598,0.00113207,-0.00214555,0.00115954,-0.000370045,0.00128597,0.00147747,0.00113207,0.0276597,-7.20163e-05,-0.000106411,0.000118248,-0.000110988,-1.74392e-05,-0.00214555,-7.20163e-05,0.046759,
0.00321855,-0.000891021,-0.00159029,-0.000156868,-0.000478549,0.00116678,-0.000106841,-0.000891021,0.00201097,-0.00096657,0.000207364,0.000923609,-0.000371117,0.000118177,-0.00159029,-0.00096657,0.00334944,6.14049e-05,-0.000602549,0.00128967,-0.000111436,-0.000156868,0.000207364,6.14049e-05,0.00177042,0.00186694,0.00147775,-1.67605e-05,-0.000478548,0.000923609,-0.000602549,0.00186694,0.0339752,0.00113279,-0.0021435,0.00116678,-0.000371117,0.00128967,0.00147775,0.00113279,0.0276719,-7.34673e-05,-0.000106841,0.000118177,-0.000111437,-1.67605e-05,-0.0021435,-7.34673e-05,0.0467586,
0.00322297,-0.000893507,-0.00158834,-0.000149284,-0.000479369,0.00117394,-0.000107262,-0.000893507,0.00201018,-0.00096772,0.000202846,0.00092615,-0.000372133,0.000118102,-0.00158834,-0.00096772,0.0033515,5.98513e-05,-0.000598901,0.00129337,-0.00011188,-0.000149284,0.000202846,5.98513e-05,0.00176816,0.00186155,0.00147806,-1.6085e-05,-0.000479369,0.00092615,-0.000598901,0.00186155,0.0339906,0.0011335,-0.00214143,0.00117394,-0.000372133,0.00129337,0.00147806,0.0011335,0.027684,-7.49082e-05,-0.000107262,0.000118102,-0.00011188,-1.6085e-05,-0.00214143,-7.49082e-05,0.0467582,
0.00322731,-0.000895944,-0.00158638,-0.000141691,-0.000480177,0.00118101,-0.000107674,-0.000895944,0.00200937,-0.000968872,0.000198328,0.000928683,-0.000373094,0.000118023,-0.00158638,-0.000968872,0.00335357,5.83054e-05,-0.000595288,0.00129706,-0.000112318,-0.000141691,0.000198328,5.83054e-05,0.00176594,0.00185612,0.00147837,-1.54128e-05,-0.000480177,0.000928683,-0.000595288,0.00185612,0.0340058,0.0011342,-0.00213936,0.00118101,-0.000373094,0.00129706,0.00147837,0.0011342,0.0276961,-7.63388e-05,-0.000107674,0.000118023,-0.000112318,-1.54128e-05,-0.00213936,-7.63389e-05,0.0467578,
0.00323157,-0.000898331,-0.00158439,-0.000134087,-0.000480974,0.00118799,-0.000108078,-0.000898331,0.00200853,-0.000970025,0.000193811,0.000931207,-0.000373999,0.000117939,-0.00158439,-0.000970025,0.00335562,5.67673e-05,-0.00059171,0.00130076,-0.000112752,-0.000134087,0.000193811,5.67673e-05,0.00176377,0.00185066,0.0014787,-1.47436e-05,-0.000480974,0.000931207,-0.00059171,0.00185066,0.0340209,0.0011349,-0.00213727,0.00118799,-0.000373999,0.00130076,0.0014787,0.0011349,0.0277081,-7.77594e-05,-0.000108078,0.000117939,-0.000112752,-1.47436e-05,-0.00213727,-7.77594e-05,0.0467574,
0.00323575,-0.000900668,-0.00158238,-0.000126475,-0.00048176,0.00119488,-0.000108473,-0.000900668,0.00200767,-0.000971179,0.000189296,0.000933723,-0.000374849,0.00011785,-0.00158238,-0.000971179,0.00335767,5.52373e-05,-0.000588166,0.00130445,-0.00011318,-0.000126475,0.000189296,5.52373e-05,0.00176165,0.00184517,0.00147904,-1.40775e-05,-0.00048176,0.000933723,-0.000588166,0.00184517,0.0340358,0.00113559,-0.00213517,0.00119488,-0.000374849,0.00130445,0.00147904,0.00113559,0.02772,-7.91697e-05,-0.000108473,0.000117851,-0.00011318,-1.40775e-05,-0.00213517,-7.91697e-05,0.046757,
0.00323986,-0.000902956,-0.00158036,-0.000118855,-0.000482533,0.00120169,-0.000108861,-0.000902956,0.00200679,-0.000972333,0.000184783,0.000936229,-0.000375645,0.000117758,-0.00158036,-0.000972333,0.00335972,5.37154e-05,-0.000584656,0.00130814,-0.000113604,-0.000118855,0.000184783,5.37155e-05,0.00175957,0.00183965,0.0014794,-1.34145e-05,-0.000482533,0.000936229,-0.000584656,0.00183965,0.0340506,0.00113628,-0.00213306,0.00120169,-0.000375645,0.00130814,0.0014794,0.00113628,0.0277318,-8.05699e-05,-0.000108861,0.000117758,-0.000113604,-1.34145e-05,-0.00213306,-8.05699e-05,0.0467566,
0.00324388,-0.000905195,-0.00157831,-0.000111228,-0.000483295,0.00120841,-0.000109239,-0.000905195,0.00200589,-0.000973488,0.000180273,0.000938726,-0.000376386,0.000117661,-0.00157831,-0.000973488,0.00336176,5.2202e-05,-0.000581181,0.00131182,-0.000114022,-0.000111228,0.000180273,5.2202e-05,0.00175754,0.00183409,0.00147976,-1.27544e-05,-0.000483295,0.000938726,-0.000581181,0.00183409,0.0340652,0.00113696,-0.00213095,0.00120841,-0.000376386,0.00131182,0.00147976,0.00113696,0.0277436,-8.19599e-05,-0.000109239,0.000117661,-0.000114022,-1.27545e-05,-0.00213095,-8.19599e-05,0.0467562,
0.00324783,-0.000907384,-0.00157625,-0.000103595,-0.000484044,0.00121504,-0.00010961,-0.000907384,0.00200496,-0.000974644,0.000175765,0.000941214,-0.000377073,0.000117559,-0.00157625,-0.000974644,0.00336379,5.06971e-05,-0.000577739,0.0013155,-0.000114436,-0.000103595,0.000175765,5.06971e-05,0.00175555,0.00182851,0.00148014,-1.20974e-05,-0.000484044,0.000941214,-0.000577739,0.00182851,0.0340798,0.00113763,-0.00212882,0.00121504,-0.000377073,0.0013155,0.00148014,0.00113763,0.0277552,-8.33398e-05,-0.00010961,0.000117559,-0.000114436,-1.20974e-05,-0.00212882,-8.33398e-05,0.0467558,
0.00325171,-0.000909525,-0.00157417,-9.59571e-05,-0.000484781,0.00122158,-0.000109972,-0.000909525,0.00200401,-0.0009758,0.000171261,0.000943692,-0.000377706,0.000117454,-0.00157417,-0.0009758,0.00336582,4.92008e-05,-0.000574332,0.00131918,-0.000114845,-9.59571e-05,0.000171261,4.92008e-05,0.0017536,0.00182289,0.00148053,-1.14432e-05,-0.000484781,0.000943692,-0.000574332,0.00182289,0.0340942,0.0011383,-0.00212668,0.00122158,-0.000377706,0.00131918,0.00148053,0.0011383,0.0277668,-8.47094e-05,-0.000109972,0.000117454,-0.000114845,-1.14432e-05,-0.00212668,-8.47095e-05,0.0467555,
0.0032555,-0.000911618,-0.00157208,-8.83146e-05,-0.000485506,0.00122804,-0.000110326,-0.000911618,0.00200305,-0.000976957,0.00016676,0.000946161,-0.000378286,0.000117344,-0.00157208,-0.000976957,0.00336784,4.77134e-05,-0.000570958,0.00132285,-0.000115249,-8.83146e-05,0.00016676,4.77134e-05,0.00175171,0.00181724,0.00148093,-1.07919e-05,-0.000485506,0.000946161,-0.000570958,0.00181724,0.0341084,0.00113896,-0.00212453,0.00122804,-0.000378286,0.00132285,0.00148093,0.00113896,0.0277784,-8.6069e-05,-0.000110326,0.000117344,-0.000115249,-1.07919e-05,-0.00212453,-8.6069e-05,0.0467551,
0.00325922,-0.000913662,-0.00156997,-8.06686e-05,-0.000486219,0.00123441,-0.000110672,-0.000913662,0.00200205,-0.000978113,0.000162264,0.00094862,-0.000378812,0.000117231,-0.00156997,-0.000978113,0.00336986,4.62349e-05,-0.000567618,0.00132652,-0.000115648,-8.06686e-05,0.000162264,4.62349e-05,0.00174985,0.00181157,0.00148133,-1.01434e-05,-0.000486219,0.00094862,-0.000567618,0.00181157,0.0341226,0.00113962,-0.00212237,0.00123441,-0.000378812,0.00132652,0.00148133,0.00113962,0.0277898,-8.74185e-05,-0.000110672,0.000117231,-0.000115648,-1.01434e-05,-0.00212237,-8.74185e-05,0.0467547,
0.00326286,-0.000915659,-0.00156784,-7.302e-05,-0.000486919,0.00124069,-0.00011101,-0.000915659,0.00200104,-0.000979269,0.000157773,0.000951069,-0.000379286,0.000117113,-0.00156784,-0.000979269,0.00337187,4.47656e-05,-0.000564311,0.00133018,-0.000116042,-7.302e-05,0.000157773,4.47656e-05,0.00174805,0.00180586,0.00148175,-9.49771e-06,-0.000486919,0.000951069,-0.000564311,0.00180586,0.0341366,0.00114027,-0.00212021,0.00124069,-0.000379286,0.00133018,0.00148175,0.00114027,0.0278012,-8.87579e-05,-0.00011101,0.000117113,-0.000116042,-9.49774e-06,-0.00212021,-8.87579e-05,0.0467543,
0.00326642,-0.000917607,-0.0015657,-6.53697e-05,-0.000487606,0.00124688,-0.000111339,-0.000917607,0.00200001,-0.000980425,0.000153286,0.000953507,-0.000379707,0.000116991,-0.0015657,-0.000980425,0.00337388,4.33054e-05,-0.000561038,0.00133384,-0.000116432,-6.53696e-05,0.000153286,4.33054e-05,0.00174629,0.00180013,0.00148217,-8.85481e-06,-0.000487606,0.000953507,-0.000561037,0.00180013,0.0341505,0.00114092,-0.00211803,0.00124688,-0.000379707,0.00133384,0.00148217,0.00114092,0.0278124,-9.00872e-05,-0.000111339,0.000116991,-0.000116432,-8.85481e-06,-0.00211803,-9.00872e-05,0.0467539,
0.00326991,-0.000919508,-0.00156354,-5.77183e-05,-0.00048828,0.00125299,-0.000111661,-0.000919508,0.00199896,-0.000981581,0.000148806,0.000955936,-0.000380075,0.000116866,-0.00156354,-0.000981581,0.00337588,4.18547e-05,-0.000557797,0.0013375,-0.000116817,-5.77183e-05,0.000148806,4.18547e-05,0.00174457,0.00179437,0.0014826,-8.21457e-06,-0.000488281,0.000955936,-0.000557797,0.00179437,0.0341642,0.00114156,-0.00211584,0.00125299,-0.000380075,0.0013375,0.0014826,0.00114156,0.0278236,-9.14064e-05,-0.000111661,0.000116866,-0.000116817,-8.2146e-06,-0.00211584,-9.14064e-05,0.0467535,
0.00327332,-0.000921362,-0.00156137,-5.00668e-05,-0.000488942,0.00125901,-0.000111974,-0.000921362,0.00199788,-0.000982736,0.000144331,0.000958354,-0.000380392,0.000116736,-0.00156137,-0.000982736,0.00337788,4.04135e-05,-0.00055459,0.00134114,-0.000117197,-5.00668e-05,0.000144331,4.04135e-05,0.0017429,0.00178858,0.00148304,-7.57705e-06,-0.000488942,0.000958354,-0.00055459,0.00178858,0.0341778,0.0011422,-0.00211365,0.00125901,-0.000380392,0.00134114,0.00148304,0.0011422,0.0278348,-9.27157e-05,-0.000111974,0.000116736,-0.000117197,-7.57705e-06,-0.00211365,-9.27156e-05,0.0467531,
0.00327666,-0.000923168,-0.00155918,-4.24161e-05,-0.000489591,0.00126494,-0.00011228,-0.000923168,0.00199678,-0.00098389,0.000139862,0.000960762,-0.000380657,0.000116603,-0.00155918,-0.00098389,0.00337987,3.89818e-05,-0.000551416,0.00134479,-0.000117573,-4.24161e-05,0.000139862,3.89818e-05,0.00174127,0.00178277,0.00148348,-6.94214e-06,-0.000489591,0.000960762,-0.000551416,0.00178277,0.0341913,0.00114283,-0.00211145,0.00126494,-0.000380657,0.00134479,0.00148348,0.00114283,0.0278458,-9.40149e-05,-0.00011228,0.000116603,-0.000117573,-6.94217e-06,-0.00211145,-9.40149e-05,0.0467527,
0.00327991,-0.000924928,-0.00155698,-3.47668e-05,-0.000490227,0.00127079,-0.000112577,-0.000924928,0.00199567,-0.000985043,0.000135401,0.00096316,-0.000380871,0.000116466,-0.00155698,-0.000985043,0.00338186,3.75599e-05,-0.000548275,0.00134843,-0.000117944,-3.47668e-05,0.000135401,3.75599e-05,0.00173969,0.00177693,0.00148393,-6.30984e-06,-0.000490227,0.00096316,-0.000548275,0.00177693,0.0342047,0.00114346,-0.00210924,0.00127079,-0.000380871,0.00134843,0.00148393,0.00114346,0.0278567,-9.53041e-05,-0.000112577,0.000116466,-0.000117944,-6.30984e-06,-0.00210924,-9.53041e-05,0.0467523,
0.00328309,-0.000926641,-0.00155477,-2.71199e-05,-0.00049085,0.00127655,-0.000112867,-0.000926641,0.00199453,-0.000986195,0.000130946,0.000965546,-0.000381035,0.000116325,-0.00155477,-0.000986195,0.00338384,3.61478e-05,-0.000545166,0.00135206,-0.00011831,-2.71199e-05,0.000130946,3.61478e-05,0.00173815,0.00177107,0.00148438,-5.68012e-06,-0.00049085,0.000965546,-0.000545166,0.00177107,0.0342179,0.00114409,-0.00210702,0.00127655,-0.000381035,0.00135206,0.00148438,0.00114409,0.0278676,-9.65834e-05,-0.000112867,0.000116325,-0.00011831,-5.68012e-06,-0.00210702,-9.65834e-05,0.0467519,
0.0032862,-0.000928309,-0.00155254,-1.94761e-05,-0.000491459,0.00128223,-0.000113149,-0.000928309,0.00199338,-0.000987347,0.0001265,0.000967922,-0.000381148,0.000116181,-0.00155254,-0.000987347,0.00338582,3.47457e-05,-0.000542089,0.00135568,-0.000118671,-1.94761e-05,0.0001265,3.47457e-05,0.00173666,0.00176518,0.00148483,-5.0529e-06,-0.000491459,0.000967922,-0.000542089,0.00176518,0.034231,0.00114471,-0.00210479,0.00128223,-0.000381148,0.00135568,0.00148483,0.00114471,0.0278784,-9.78527e-05,-0.000113149,0.000116181,-0.000118671,-5.0529e-06,-0.00210479,-9.78527e-05,0.0467515,
0.00328923,-0.00092993,-0.0015503,-1.18363e-05,-0.000492055,0.00128781,-0.000113423,-0.00092993,0.0019922,-0.000988496,0.000122061,0.000970287,-0.000381211,0.000116033,-0.0015503,-0.000988496,0.00338779,3.33536e-05,-0.000539045,0.0013593,-0.000119028,-1.18363e-05,0.000122061,3.33536e-05,0.00173521,0.00175927,0.00148529,-4.42815e-06,-0.000492055,0.000970287,-0.000539045,0.00175927,0.034244,0.00114532,-0.00210256,0.00128781,-0.000381211,0.0013593,0.00148529,0.00114532,0.0278891,-9.91122e-05,-0.000113423,0.000116033,-0.000119028,-4.42812e-06,-0.00210256,-9.91122e-05,0.0467511,
0.00329218,-0.000931506,-0.00154805,-4.20114e-06,-0.000492638,0.00129332,-0.00011369,-0.000931506,0.00199101,-0.000989645,0.000117631,0.000972641,-0.000381224,0.000115881,-0.00154805,-0.000989645,0.00338976,3.19716e-05,-0.000536033,0.00136291,-0.00011938,-4.20114e-06,0.000117631,3.19716e-05,0.0017338,0.00175333,0.00148576,-3.80593e-06,-0.000492638,0.000972641,-0.000536033,0.00175333,0.0342568,0.00114593,-0.00210032,0.00129332,-0.000381224,0.00136291,0.00148576,0.00114593,0.0278997,-0.000100362,-0.00011369,0.000115881,-0.00011938,-3.8059e-06,-0.00210032,-0.000100362,0.0467507,
0.00329506,-0.000933036,-0.00154579,3.42854e-06,-0.000493208,0.00129873,-0.000113949,-0.000933036,0.0019898,-0.000990792,0.000113209,0.000974983,-0.000381188,0.000115727,-0.00154579,-0.000990792,0.00339172,3.05998e-05,-0.000533053,0.00136652,-0.000119728,3.42854e-06,0.000113209,3.05998e-05,0.00173244,0.00174737,0.00148622,-3.18606e-06,-0.000493208,0.000974983,-0.000533053,0.00174737,0.0342696,0.00114654,-0.00209807,0.00129873,-0.000381188,0.00136652,0.00148622,0.00114654,0.0279103,-0.000101602,-0.000113949,0.000115727,-0.000119728,-3.18606e-06,-0.00209807,-0.000101602,0.0467503,
0.00329787,-0.000934522,-0.00154351,1.1052e-05,-0.000493764,0.00130407,-0.0001142,-0.000934522,0.00198857,-0.000991937,0.000108797,0.000977314,-0.000381104,0.000115568,-0.00154351,-0.000991937,0.00339368,2.92383e-05,-0.000530105,0.00137012,-0.000120071,1.1052e-05,0.000108797,2.92383e-05,0.00173112,0.00174139,0.00148669,-2.56861e-06,-0.000493764,0.000977314,-0.000530105,0.00174139,0.0342822,0.00114714,-0.00209581,0.00130407,-0.000381104,0.00137012,0.00148669,0.00114714,0.0279207,-0.000102832,-0.0001142,0.000115568,-0.000120071,-2.56861e-06,-0.00209581,-0.000102832,0.0467499,
0.0033006,-0.000935963,-0.00154122,1.86685e-05,-0.000494306,0.00130931,-0.000114444,-0.000935963,0.00198732,-0.00099308,0.000104394,0.000979634,-0.000380971,0.000115406,-0.00154122,-0.00099308,0.00339563,2.78872e-05,-0.000527189,0.00137371,-0.000120409,1.86685e-05,0.000104394,2.78872e-05,0.00172985,0.00173538,0.00148715,-1.95347e-06,-0.000494306,0.000979634,-0.000527189,0.00173538,0.0342947,0.00114774,-0.00209355,0.00130931,-0.000380971,0.00137371,0.00148715,0.00114774,0.0279311,-0.000104052,-0.000114444,0.000115406,-0.000120409,-1.95344e-06,-0.00209355,-0.000104052,0.0467495,
0.00330325,-0.000937359,-0.00153892,2.62772e-05,-0.000494835,0.00131448,-0.000114681,-0.000937359,0.00198605,-0.000994221,0.000100001,0.000981943,-0.00038079,0.000115241,-0.00153892,-0.000994221,0.00339758,2.65465e-05,-0.000524304,0.00137729,-0.000120743,2.62772e-05,0.000100001,2.65465e-05,0.00172862,0.00172936,0.00148762,-1.34068e-06,-0.000494835,0.000981943,-0.000524304,0.00172936,0.034307,0.00114834,-0.00209128,0.00131448,-0.00038079,0.00137729,0.00148762,0.00114834,0.0279414,-0.000105263,-0.000114681,0.000115241,-0.000120743,-1.34071e-06,-0.00209128,-0.000105263,0.0467491,
0.00330584,-0.000938712,-0.00153661,3.38775e-05,-0.00049535,0.00131955,-0.00011491,-0.000938712,0.00198476,-0.00099536,9.56183e-05,0.00098424,-0.000380561,0.000115073,-0.00153661,-0.00099536,0.00339953,2.52164e-05,-0.000521451,0.00138087,-0.000121073,3.38775e-05,9.56183e-05,2.52164e-05,0.00172743,0.00172331,0.00148809,-7.30194e-07,-0.00049535,0.00098424,-0.000521451,0.00172331,0.0343193,0.00114893,-0.00208901,0.00131955,-0.000380561,0.00138087,0.00148809,0.00114893,0.0279516,-0.000106464,-0.00011491,0.000115073,-0.000121073,-7.30194e-07,-0.00208901,-0.000106464,0.0467487,
0.00330835,-0.000940021,-0.00153429,4.14685e-05,-0.000495852,0.00132455,-0.000115132,-0.000940021,0.00198346,-0.000996497,9.12462e-05,0.000986525,-0.000380286,0.000114902,-0.00153429,-0.000996497,0.00340147,2.38968e-05,-0.000518628,0.00138444,-0.000121398,4.14685e-05,9.12462e-05,2.38968e-05,0.00172629,0.00171724,0.00148856,-1.2193e-07,-0.000495852,0.000986525,-0.000518628,0.00171724,0.0343314,0.00114952,-0.00208672,0.00132455,-0.000380286,0.00138444,0.00148856,0.00114952,0.0279617,-0.000107655,-0.000115132,0.000114902,-0.000121398,-1.21902e-07,-0.00208672,-0.000107655,0.0467482,
0.00331078,-0.000941287,-0.00153197,4.90497e-05,-0.000496339,0.00132946,-0.000115346,-0.000941287,0.00198214,-0.000997631,8.6885e-05,0.000988798,-0.000379964,0.000114727,-0.00153197,-0.000997631,0.00340341,2.25879e-05,-0.000515837,0.001388,-0.000121718,4.90497e-05,8.6885e-05,2.25879e-05,0.00172519,0.00171116,0.00148902,4.84085e-07,-0.000496339,0.000988798,-0.000515837,0.00171116,0.0343434,0.00115011,-0.00208443,0.00132946,-0.000379964,0.001388,0.00148902,0.00115011,0.0279717,-0.000108837,-0.000115346,0.000114727,-0.000121718,4.84113e-07,-0.00208443,-0.000108837,0.0467478,
0.00331314,-0.00094251,-0.00152963,5.66203e-05,-0.000496813,0.00133429,-0.000115553,-0.00094251,0.0019808,-0.000998763,8.25351e-05,0.00099106,-0.000379596,0.000114549,-0.00152963,-0.000998763,0.00340534,2.12897e-05,-0.000513077,0.00139155,-0.000122035,5.66203e-05,8.25351e-05,2.12897e-05,0.00172413,0.00170505,0.00148949,1.08794e-06,-0.000496813,0.00099106,-0.000513077,0.00170505,0.0343552,0.00115069,-0.00208214,0.00133429,-0.000379596,0.00139155,0.00148949,0.00115069,0.0279817,-0.000110009,-0.000115553,0.000114549,-0.000122035,1.08791e-06,-0.00208214,-0.000110009,0.0467474,
0.00331543,-0.00094369,-0.00152728,6.41796e-05,-0.000497273,0.00133903,-0.000115754,-0.00094369,0.00197944,-0.000999892,7.81967e-05,0.00099331,-0.000379182,0.000114369,-0.00152728,-0.000999892,0.00340727,2.00022e-05,-0.000510347,0.00139509,-0.000122346,6.41796e-05,7.81967e-05,2.00021e-05,0.00172311,0.00169893,0.00148995,1.68959e-06,-0.000497273,0.00099331,-0.000510347,0.00169893,0.034367,0.00115127,-0.00207984,0.00133903,-0.000379182,0.00139509,0.00148995,0.00115127,0.0279915,-0.000111172,-0.000115754,0.000114369,-0.000122346,1.68965e-06,-0.00207984,-0.000111172,0.046747,
0.00331765,-0.000944829,-0.00152492,7.17269e-05,-0.000497719,0.00134369,-0.000115947,-0.000944829,0.00197807,-0.00100102,7.38703e-05,0.000995547,-0.000378723,0.000114185,-0.00152492,-0.00100102,0.00340919,1.87254e-05,-0.000507648,0.00139862,-0.000122654,7.17269e-05,7.38703e-05,1.87254e-05,0.00172214,0.00169278,0.00149041,2.28914e-06,-0.000497719,0.000995547,-0.000507648,0.00169278,0.0343786,0.00115184,-0.00207753,0.00134369,-0.000378723,0.00139862,0.00149041,0.00115184,0.0280013,-0.000112325,-0.000115947,0.000114185,-0.000122654,2.28917e-06,-0.00207753,-0.000112325,0.0467466,
0.0033198,-0.000945925,-0.00152256,7.92616e-05,-0.000498151,0.00134827,-0.000116133,-0.000945925,0.00197668,-0.00100214,6.95561e-05,0.000997773,-0.000378219,0.000113998,-0.00152256,-0.00100214,0.00341111,1.74596e-05,-0.00050498,0.00140215,-0.000122956,7.92616e-05,6.95561e-05,1.74596e-05,0.0017212,0.00168662,0.00149086,2.88658e-06,-0.000498151,0.000997773,-0.00050498,0.00168662,0.0343902,0.00115241,-0.00207522,0.00134827,-0.000378219,0.00140215,0.00149086,0.00115241,0.028011,-0.000113469,-0.000116133,0.000113998,-0.000122956,2.88658e-06,-0.00207522,-0.000113469,0.0467462,
0.00332188,-0.00094698,-0.00152018,8.6783e-05,-0.000498569,0.00135277,-0.000116312,-0.00094698,0.00197527,-0.00100326,6.52545e-05,0.000999986,-0.000377671,0.000113809,-0.00152018,-0.00100326,0.00341303,1.62046e-05,-0.000502342,0.00140566,-0.000123255,8.6783e-05,6.52545e-05,1.62046e-05,0.00172031,0.00168045,0.00149131,3.48196e-06,-0.000498569,0.000999986,-0.000502341,0.00168045,0.0344016,0.00115298,-0.0020729,0.00135277,-0.000377671,0.00140566,0.00149131,0.00115298,0.0280206,-0.000114604,-0.000116312,0.000113809,-0.000123255,3.48194e-06,-0.0020729,-0.000114604,0.0467458,
