0.00365387,-0.000825355,-0.000439977,-0.000674419,-0.00098439,-0.000420297,6.82275e-05,-0.000825355,0.00139529,-0.0010022,-0.000639139,0.00113418,0.000424777,-4.21826e-05,-0.000439977,-0.0010022,0.00309065,0.000825725,-0.00168242,-0.00150464,1.24638e-05,-0.000674419,-0.000639139,0.000825725,0.00262324,0.00164608,0.000568011,-5.21029e-05,-0.00098439,0.00113418,-0.00168242,0.00164608,0.0260394,0.00155837,0.00120969,-0.000420297,0.000424777,-0.00150464,0.000568011,0.00155837,0.0250962,-0.000218333,6.82274e-05,-4.21826e-05,1.24638e-05,-5.21029e-05,0.00120969,-0.000218333,0.0466819,
0.00365287,-0.000825251,-0.000439668,-0.00067404,-0.000982991,0,6.77758e-05,-0.000825251,0.00139615,-0.00100135,-0.000641003,0.0011352,0,-4.19713e-05,-0.000439668,-0.00100135,0.00308527,0.000826066,-0.00167726,0,1.19882e-05,-0.00067404,-0.000641003,0.000826066,0.00262455,0.00164469,0,-5.25047e-05,-0.000982991,0.0011352,-0.00167726,0.00164469,0.026039,0,0.00120714,-0.000420908,0.000426272,-0.00150915,0.000569796,0.00156285,0,-0.000216982,6.77757e-05,-4.19713e-05,1.19882e-05,-5.25047e-05,0.00120714,0,0.0466817,
0.00365291,-0.000825243,-0.000440185,-0.00067261,-0.000981879,0,6.70884e-05,-0.000825243,0.00139696,-0.00100011,-0.000643435,0.00113684,0,-4.16067e-05,-0.000440185,-0.00100011,0.00307956,0.000826612,-0.00167016,0,1.13423e-05,-0.00067261,-0.000643435,0.000826612,0.00262558,0.00164266,0,-5.30763e-05,-0.000981879,0.00113684,-0.00167016,0.00164266,0.026039,0,0.00120299,-0.000422525,0.000427471,-0.00151478,0.000573548,0.00156867,0,-0.000215697,6.70883e-05,-4.16067e-05,1.13423e-05,-5.30763e-05,0.00120299,0,0.0466813,
0.00365395,-0.000825432,-0.000441888,-0.000669962,-0.000981499,0,6.62932e-05,-0.000825432,0.00139789,-0.000998346,-0.000646527,0.00113862,0,-4.11793e-05,-0.000441888,-0.000998346,0.00307324,0.00082727,-0.00166211,0,1.06125e-05,-0.000669962,-0.000646527,0.00082727,0.00262646,0.00164014,0,-5.37132e-05,-0.000981499,0.00113862,-0.00166211,0.00164014,0.0260397,0,0.00119812,-0.00042533,0.000429068,-0.00152103,0.000577373,0.00157537,0,-0.000214375,6.62932e-05,-4.11793e-05,1.06124e-05,-5.37131e-05,0.00119812,0,0.0466808,
0.00365616,-0.000825867,-0.000444986,-0.000666047,-0.000982097,-0.000429324,6.54726e-05,-0.000825867,0.00139887,-0.000996156,-0.000650042,0.00114033,0.000431004,-4.07445e-05,-0.000444986,-0.000996156,0.00306703,0.000827985,-0.0016539,-0.00152714,9.87377e-06,-0.000666047,-0.000650042,0.000827985,0.00262699,0.00163734,0.000580761,-5.43318e-05,-0.000982097,0.00114033,-0.0016539,0.00163734,0.026041,0.00158236,0.00119309,-0.000429324,0.000431004,-0.00152714,0.000580761,0.00158236,0.02514,-0.000213041,6.54726e-05,-4.07445e-05,9.87377e-06,-5.43318e-05,0.00119309,-0.000213042,0.0466804,
0.00365948,-0.000826539,-0.000449354,-0.000661034,-0.000983082,-0.000434097,6.45974e-05,-0.000826539,0.00139984,-0.0009937,-0.000653693,0.00114252,0.000433148,-4.02902e-05,-0.000449354,-0.0009937,0.00306134,0.000828798,-0.00164471,-0.00153257,9.09867e-06,-0.000661034,-0.000653693,0.000828798,0.00262705,0.00163421,0.000584863,-5.48743e-05,-0.000983082,0.00114252,-0.00164471,0.00163421,0.0260426,0.0015897,0.00118828,-0.000434097,0.000433148,-0.00153257,0.000584863,0.0015897,0.0251533,-0.000211681,6.45975e-05,-4.02902e-05,9.09867e-06,-5.48743e-05,0.00118828,-0.000211681,0.04668,
0.00366364,-0.000827414,-0.000454836,-0.000655126,-0.000984633,-0.000439623,6.3723e-05,-0.000827414,0.00140083,-0.000991013,-0.000657461,0.00114475,0.000435514,-3.9848e-05,-0.000454836,-0.000991013,0.00305612,0.000829627,-0.00163541,-0.00153745,8.33755e-06,-0.000655126,-0.000657461,0.000829627,0.00262675,0.00163096,0.00058877,-5.53552e-05,-0.000984633,0.00114475,-0.00163541,0.00163096,0.0260446,0.00159707,0.00118368,-0.000439623,0.000435514,-0.00153745,0.00058877,0.00159707,0.0251663,-0.000210318,6.3723e-05,-3.9848e-05,8.33761e-06,-5.53552e-05,0.00118368,-0.000210318,0.0466796,
0.00366849,-0.000828469,-0.000461314,-0.000648431,-0.000986432,-0.000445799,6.27925e-05,-0.000828469,0.00140185,-0.000988141,-0.000661312,0.00114719,0.00043796,-3.9387e-05,-0.000461314,-0.000988141,0.00305131,0.00083049,-0.00162548,-0.00154204,7.54913e-06,-0.000648431,-0.000661312,0.00083049,0.00262607,0.00162751,0.00059317,-5.58162e-05,-0.000986432,0.00114719,-0.00162548,0.00162751,0.0260469,0.00160471,0.00117902,-0.000445799,0.00043796,-0.00154204,0.00059317,0.00160471,0.0251798,-0.000208941,6.27925e-05,-3.9387e-05,7.54918e-06,-5.58162e-05,0.00117902,-0.000208941,0.0466792,
0.0036736,-0.000829568,-0.000468278,-0.000641325,-0.000988419,-0.000452327,6.18645e-05,-0.000829568,0.00140289,-0.000985102,-0.000665312,0.00114959,0.000440674,-3.89301e-05,-0.000468278,-0.000985102,0.00304646,0.000831334,-0.00161543,-0.00154642,6.76648e-06,-0.000641325,-0.000665312,0.000831334,0.00262537,0.00162393,0.000597263,-5.62497e-05,-0.000988419,0.00114959,-0.00161543,0.00162393,0.0260493,0.00161239,0.0011745,-0.000452327,0.000440674,-0.00154642,0.000597263,0.00161239,0.0251932,-0.000207573,6.18645e-05,-3.89301e-05,6.76648e-06,-5.62497e-05,0.0011745,-0.000207573,0.0466789,
0.00367884,-0.000830689,-0.000475599,-0.000633935,-0.000990441,-0.000459126,6.09118e-05,-0.000830689,0.00140394,-0.000981953,-0.0006694,0.00115198,0.000443475,-3.84634e-05,-0.000475599,-0.000981953,0.00304164,0.000832154,-0.00160514,-0.00155077,5.97455e-06,-0.000633935,-0.0006694,0.000832154,0.00262462,0.00162025,0.000601411,-5.66902e-05,-0.000990441,0.00115198,-0.00160514,0.00162025,0.0260518,0.00162021,0.0011699,-0.000459126,0.000443475,-0.00155077,0.000601411,0.00162021,0.025207,-0.000206208,6.09118e-05,-3.84634e-05,5.97455e-06,-5.66902e-05,0.0011699,-0.000206208,0.0466785,
0.00368413,-0.000831803,-0.000483156,-0.000626372,-0.000992472,-0.000466081,5.99583e-05,-0.000831803,0.00140498,-0.000978728,-0.000673536,0.0011543,0.00044639,-3.79991e-05,-0.000483156,-0.000978728,0.00303686,0.000832935,-0.00159479,-0.00155499,5.18918e-06,-0.000626372,-0.000673536,0.000832935,0.00262387,0.00161652,0.00060543,-5.71204e-05,-0.000992472,0.0011543,-0.00159479,0.00161652,0.0260545,0.00162802,0.00116538,-0.00046608,0.00044639,-0.00155499,0.00060543,0.00162802,0.0252208,-0.000204853,5.99583e-05,-3.79991e-05,5.18918e-06,-5.71204e-05,0.00116538,-0.000204853,0.0466781,
0.00368941,-0.000832898,-0.000490876,-0.000618699,-0.000994449,-0.000473147,5.89951e-05,-0.000832898,0.00140601,-0.000975449,-0.0006777,0.00115656,0.000449351,-3.75323e-05,-0.000490876,-0.000975449,0.00303213,0.000833674,-0.00158435,-0.00155915,4.4052e-06,-0.000618699,-0.0006777,0.000833674,0.00262313,0.00161274,0.000609439,-5.75539e-05,-0.000994449,0.00115656,-0.00158435,0.00161274,0.0260573,0.00163585,0.00116084,-0.000473147,0.000449351,-0.00155915,0.000609439,0.00163585,0.0252348,-0.000203507,5.89951e-05,-3.75323e-05,4.40525e-06,-5.75539e-05,0.00116084,-0.000203507,0.0466778,
0.00369463,-0.000833961,-0.000498706,-0.000610965,-0.00099636,-0.000480277,5.80307e-05,-0.000833961,0.00140703,-0.000972132,-0.000681872,0.00115875,0.00045236,-3.70672e-05,-0.000498706,-0.000972132,0.00302745,0.000834366,-0.00157388,-0.00156321,3.62832e-06,-0.000610965,-0.000681872,0.000834366,0.00262241,0.00160894,0.00061338,-5.79851e-05,-0.00099636,0.00115875,-0.00157388,0.00160894,0.0260601,0.00164365,0.00115634,-0.000480277,0.00045236,-0.00156321,0.00061338,0.00164365,0.0252488,-0.000202171,5.80307e-05,-3.70672e-05,3.62832e-06,-5.79851e-05,0.00115634,-0.000202171,0.0466774,
0.00369978,-0.000834987,-0.000506614,-0.000603199,-0.000998181,-0.000487448,5.70626e-05,-0.000834987,0.00140802,-0.000968788,-0.000686044,0.00116086,0.000455394,-3.66024e-05,-0.000506614,-0.000968788,0.00302284,0.000835008,-0.00156339,-0.0015672,2.85694e-06,-0.0006032,-0.000686044,0.000835008,0.00262171,0.00160512,0.000617294,-5.84187e-05,-0.000998181,0.00116086,-0.00156339,0.00160512,0.026063,0.00165144,0.00115185,-0.000487448,0.000455394,-0.0015672,0.000617294,0.00165144,0.0252629,-0.000200846,5.70626e-05,-3.66024e-05,2.85694e-06,-5.84187e-05,0.00115185,-0.000200846,0.046677,
0.00370483,-0.000835973,-0.000514576,-0.000595423,-0.000999904,-0.00049464,5.60937e-05,-0.000835973,0.001409,-0.000965425,-0.000690207,0.00116289,0.000458449,-3.61393e-05,-0.000514576,-0.000965425,0.00301828,0.0008356,-0.00155289,-0.00157112,2.09299e-06,-0.000595423,-0.000690207,0.0008356,0.00262105,0.00160128,0.000621163,-5.88528e-05,-0.000999904,0.00116289,-0.00155289,0.00160128,0.0260661,0.00165919,0.00114739,-0.00049464,0.000458449,-0.00157112,0.000621163,0.00165919,0.025277,-0.000199531,5.60937e-05,-3.61393e-05,2.09294e-06,-5.88528e-05,0.00114739,-0.000199531,0.0466767,
0.00370978,-0.000836914,-0.000522575,-0.00058765,-0.00100152,-0.000501842,5.51236e-05,-0.000836914,0.00140995,-0.000962046,-0.000694358,0.00116484,0.000461517,-3.56775e-05,-0.000522575,-0.000962046,0.00301378,0.000836141,-0.00154239,-0.00157496,1.33599e-06,-0.00058765,-0.000694358,0.000836141,0.00262043,0.00159745,0.000625,-5.9289e-05,-0.00100152,0.00116484,-0.00154239,0.00159745,0.0260691,0.00166689,0.00114295,-0.000501842,0.000461517,-0.00157496,0.000625,0.00166689,0.0252913,-0.000198224,5.51236e-05,-3.56775e-05,1.33599e-06,-5.92889e-05,0.00114295,-0.000198224,0.0466763,
0.00371461,-0.000837811,-0.000530602,-0.000579889,-0.00100303,-0.000509045,5.41532e-05,-0.000837811,0.00141087,-0.000958657,-0.000698492,0.00116671,0.000464595,-3.52175e-05,-0.000530602,-0.000958657,0.00300935,0.000836631,-0.00153189,-0.00157872,5.86531e-07,-0.000579889,-0.000698492,0.000836631,0.00261984,0.00159361,0.000628802,-5.97266e-05,-0.00100303,0.00116671,-0.00153189,0.00159361,0.0260723,0.00167456,0.00113853,-0.000509045,0.000464595,-0.00157872,0.000628802,0.00167456,0.0253056,-0.000196928,5.41532e-05,-3.52175e-05,5.86475e-07,-5.97267e-05,0.00113853,-0.000196928,0.0466759,
0.00371933,-0.000838662,-0.000538649,-0.000572146,-0.00100443,-0.000516242,5.31825e-05,-0.000838662,0.00141177,-0.000955258,-0.000702607,0.0011685,0.000467678,-3.47591e-05,-0.000538649,-0.000955258,0.00300497,0.000837071,-0.00152141,-0.00158242,-1.55542e-07,-0.000572146,-0.000702607,0.000837071,0.00261929,0.00158977,0.000632573,-6.01663e-05,-0.00100443,0.0011685,-0.00152141,0.00158977,0.0260755,0.00168217,0.00113413,-0.000516242,0.000467678,-0.00158242,0.000632573,0.00168217,0.0253199,-0.000195639,5.31825e-05,-3.47591e-05,-1.55542e-07,-6.01662e-05,0.00113413,-0.000195639,0.0466756,
0.00372394,-0.000839466,-0.000546711,-0.000564427,-0.00100571,-0.000523431,5.2212e-05,-0.000839466,0.00141265,-0.000951852,-0.000706702,0.00117021,0.000470767,-3.43026e-05,-0.000546711,-0.000951852,0.00300067,0.000837459,-0.00151093,-0.00158604,-8.90121e-07,-0.000564427,-0.000706702,0.000837459,0.00261877,0.00158594,0.000636313,-6.06076e-05,-0.00100571,0.00117021,-0.00151093,0.00158594,0.0260788,0.00168974,0.00112974,-0.000523431,0.000470767,-0.00158604,0.000636313,0.00168974,0.0253343,-0.000194359,5.2212e-05,-3.43026e-05,-8.90177e-07,-6.06076e-05,0.00112974,-0.000194359,0.0466752,
0.00372842,-0.000840224,-0.000554783,-0.000556734,-0.00100689,-0.000530607,5.12417e-05,-0.000840224,0.0014135,-0.000948441,-0.000710775,0.00117185,0.000473858,-3.38479e-05,-0.000554783,-0.000948441,0.00299642,0.000837798,-0.00150048,-0.00158959,-1.61732e-06,-0.000556734,-0.000710775,0.000837798,0.00261829,0.00158211,0.000640023,-6.10507e-05,-0.00100689,0.00117185,-0.00150048,0.00158211,0.0260821,0.00169725,0.00112537,-0.000530607,0.000473858,-0.00158959,0.000640023,0.00169725,0.0253487,-0.000193086,5.12417e-05,-3.38479e-05,-1.61732e-06,-6.10508e-05,0.00112537,-0.000193086,0.0466748,
0.00373279,-0.000840936,-0.000562865,-0.000549068,-0.00100795,-0.000537769,5.02718e-05,-0.000840936,0.00141433,-0.000945025,-0.000714827,0.0011734,0.000476951,-3.33951e-05,-0.000562865,-0.000945025,0.00299224,0.000838086,-0.00149004,-0.00159306,-2.33702e-06,-0.000549068,-0.000714827,0.000838086,0.00261785,0.00157828,0.000643704,-6.14956e-05,-0.00100795,0.0011734,-0.00149004,0.00157828,0.0260855,0.00170472,0.00112102,-0.000537769,0.000476951,-0.00159306,0.000643704,0.00170472,0.0253632,-0.00019182,5.02719e-05,-3.33951e-05,-2.33696e-06,-6.14956e-05,0.00112102,-0.00019182,0.0466745,
0.00373704,-0.000841602,-0.000570953,-0.000541433,-0.0010089,-0.000544915,4.93025e-05,-0.000841602,0.00141513,-0.000941605,-0.000718856,0.00117488,0.000480045,-3.29441e-05,-0.000570953,-0.000941605,0.00298812,0.000838326,-0.00147961,-0.00159647,-3.04931e-06,-0.000541433,-0.000718856,0.000838326,0.00261745,0.00157447,0.000647356,-6.19422e-05,-0.0010089,0.00117488,-0.00147961,0.00157447,0.026089,0.00171213,0.00111668,-0.000544915,0.000480045,-0.00159647,0.000647356,0.00171213,0.0253777,-0.00019056,4.93025e-05,-3.29441e-05,-3.04934e-06,-6.19422e-05,0.00111668,-0.00019056,0.0466741,
0.00374118,-0.000842222,-0.000579046,-0.000533828,-0.00100973,-0.000552044,4.83339e-05,-0.000842222,0.00141591,-0.000938182,-0.000722861,0.00117628,0.000483139,-3.24949e-05,-0.000579046,-0.000938182,0.00298407,0.000838516,-0.00146921,-0.0015998,-3.75433e-06,-0.000533828,-0.000722861,0.000838516,0.00261708,0.00157066,0.00065098,-6.23905e-05,-0.00100973,0.00117628,-0.00146921,0.00157066,0.0260925,0.00171949,0.00111236,-0.000552044,0.000483139,-0.0015998,0.00065098,0.00171949,0.0253923,-0.000189307,4.83339e-05,-3.2495e-05,-3.75433e-06,-6.23905e-05,0.00111236,-0.000189307,0.0466738,
0.00374519,-0.000842797,-0.000587142,-0.000526255,-0.00101046,-0.000559154,4.73661e-05,-0.000842797,0.00141667,-0.000934757,-0.000726844,0.00117761,0.000486232,-3.20477e-05,-0.000587142,-0.000934757,0.00298008,0.000838658,-0.00145883,-0.00160307,-4.45208e-06,-0.000526255,-0.000726844,0.000838658,0.00261674,0.00156686,0.000654577,-6.28402e-05,-0.00101046,0.00117761,-0.00145883,0.00156686,0.0260961,0.00172679,0.00110805,-0.000559154,0.000486232,-0.00160307,0.000654577,0.00172679,0.0254069,-0.000188059,4.73661e-05,-3.20476e-05,-4.45205e-06,-6.28402e-05,0.00110805,-0.000188059,0.0466734,
0.00374909,-0.000843326,-0.00059524,-0.000518715,-0.00101108,-0.000566245,4.63992e-05,-0.000843326,0.0014174,-0.00093133,-0.000730803,0.00117886,0.000489324,-3.16023e-05,-0.00059524,-0.00093133,0.00297615,0.000838751,-0.00144847,-0.00160626,-5.14261e-06,-0.000518715,-0.000730803,0.000838751,0.00261644,0.00156307,0.000658147,-6.32915e-05,-0.00101108,0.00117886,-0.00144847,0.00156307,0.0260997,0.00173405,0.00110376,-0.000566245,0.000489324,-0.00160626,0.000658147,0.00173405,0.0254215,-0.000186817,4.63992e-05,-3.16023e-05,-5.14261e-06,-6.32915e-05,0.00110376,-0.000186817,0.0466731,
0.00375287,-0.00084381,-0.00060334,-0.000511208,-0.00101159,-0.000573315,4.54333e-05,-0.00084381,0.0014181,-0.000927901,-0.000734737,0.00118004,0.000492415,-3.11588e-05,-0.00060334,-0.000927901,0.00297228,0.000838798,-0.00143813,-0.00160939,-5.82598e-06,-0.000511208,-0.000734737,0.000838798,0.00261617,0.00155929,0.000661689,-6.37442e-05,-0.00101159,0.00118004,-0.00143813,0.00155929,0.0261034,0.00174124,0.00109947,-0.000573315,0.000492415,-0.00160939,0.000661689,0.00174124,0.0254362,-0.000185579,4.54333e-05,-3.11588e-05,-5.82601e-06,-6.37442e-05,0.00109947,-0.000185579,0.0466727,
0.00375654,-0.00084425,-0.000611439,-0.000503736,-0.001012,-0.000580364,4.44685e-05,-0.00084425,0.00141879,-0.000924472,-0.000738648,0.00118115,0.000495503,-3.07172e-05,-0.000611439,-0.000924472,0.00296848,0.000838797,-0.00142782,-0.00161244,-6.50227e-06,-0.000503736,-0.000738648,0.000838797,0.00261594,0.00155552,0.000665206,-6.41983e-05,-0.001012,0.00118115,-0.00142782,0.00155552,0.0261072,0.00174839,0.0010952,-0.000580364,0.000495503,-0.00161244,0.000665206,0.00174839,0.0254509,-0.000184346,4.44685e-05,-3.07172e-05,-6.50224e-06,-6.41983e-05,0.0010952,-0.000184346,0.0466724,
0.0037601,-0.000844646,-0.000619538,-0.000496297,-0.00101229,-0.000587391,4.35049e-05,-0.000844646,0.00141945,-0.000921042,-0.000742535,0.00118219,0.000498589,-3.02775e-05,-0.000619538,-0.000921042,0.00296474,0.00083875,-0.00141753,-0.00161543,-7.17149e-06,-0.000496297,-0.000742535,0.00083875,0.00261574,0.00155177,0.000668696,-6.46537e-05,-0.00101229,0.00118219,-0.00141753,0.00155177,0.026111,0.00175547,0.00109094,-0.000587391,0.000498589,-0.00161543,0.000668696,0.00175547,0.0254657,-0.000183118,4.35049e-05,-3.02775e-05,-7.17149e-06,-6.46537e-05,0.00109094,-0.000183118,0.046672,
0.00376354,-0.000844998,-0.000627635,-0.000488894,-0.00101249,-0.000594394,4.25427e-05,-0.000844998,0.00142008,-0.000917613,-0.000746397,0.00118315,0.000501671,-2.98397e-05,-0.000627635,-0.000917613,0.00296105,0.000838657,-0.00140726,-0.00161834,-7.83373e-06,-0.000488894,-0.000746397,0.000838657,0.00261557,0.00154803,0.00067216,-6.51104e-05,-0.00101249,0.00118315,-0.00140726,0.00154803,0.0261149,0.0017625,0.00108668,-0.000594394,0.000501671,-0.00161834,0.00067216,0.0017625,0.0254805,-0.000181894,4.25427e-05,-2.98397e-05,-7.83373e-06,-6.51104e-05,0.00108668,-0.000181894,0.0466717,
0.00376686,-0.000845307,-0.000635729,-0.000481527,-0.00101258,-0.000601374,4.15819e-05,-0.000845307,0.0014207,-0.000914184,-0.000750235,0.00118405,0.00050475,-2.94038e-05,-0.000635729,-0.000914184,0.00295744,0.000838518,-0.00139703,-0.00162119,-8.48902e-06,-0.000481527,-0.000750235,0.000838518,0.00261543,0.0015443,0.000675599,-6.55682e-05,-0.00101258,0.00118405,-0.00139703,0.0015443,0.0261188,0.00176948,0.00108244,-0.000601374,0.00050475,-0.00162119,0.000675599,0.00176948,0.0254953,-0.000180673,4.15819e-05,-2.94039e-05,-8.48904e-06,-6.55682e-05,0.00108244,-0.000180673,0.0466713,
0.00377008,-0.000845572,-0.000643819,-0.000474196,-0.00101257,-0.000608329,4.06227e-05,-0.000845572,0.00142129,-0.000910756,-0.000754047,0.00118488,0.000507824,-2.89699e-05,-0.000643819,-0.000910756,0.00295388,0.000838335,-0.00138682,-0.00162397,-9.13739e-06,-0.000474196,-0.000754047,0.000838335,0.00261533,0.00154058,0.000679013,-6.60272e-05,-0.00101257,0.00118488,-0.00138682,0.00154058,0.0261228,0.0017764,0.00107821,-0.000608329,0.000507825,-0.00162397,0.000679013,0.0017764,0.0255102,-0.000179456,4.06227e-05,-2.89699e-05,-9.13741e-06,-6.60272e-05,0.00107821,-0.000179456,0.046671,
0.00377319,-0.000845795,-0.000651904,-0.000466902,-0.00101246,-0.000615259,3.96652e-05,-0.000845795,0.00142186,-0.00090733,-0.000757835,0.00118565,0.000510894,-2.8538e-05,-0.000651904,-0.00090733,0.00295038,0.000838107,-0.00137664,-0.00162668,-9.7789e-06,-0.000466902,-0.000757835,0.000838107,0.00261525,0.00153688,0.000682401,-6.64872e-05,-0.00101246,0.00118565,-0.00137664,0.00153688,0.0261269,0.00178326,0.00107399,-0.000615259,0.000510894,-0.00162668,0.000682401,0.00178326,0.0255251,-0.000178243,3.96652e-05,-2.8538e-05,-9.7789e-06,-6.64872e-05,0.00107399,-0.000178243,0.0466707,
0.00377618,-0.000845976,-0.000659984,-0.000459645,-0.00101224,-0.000622162,3.87094e-05,-0.000845976,0.00142241,-0.000903907,-0.000761598,0.00118634,0.000513959,-2.8108e-05,-0.000659984,-0.000903907,0.00294694,0.000837835,-0.00136649,-0.00162932,-1.04136e-05,-0.000459645,-0.000761598,0.000837835,0.00261521,0.0015332,0.000685765,-6.69483e-05,-0.00101224,0.00118634,-0.00136649,0.0015332,0.026131,0.00179006,0.00106977,-0.000622162,0.000513959,-0.00162932,0.000685765,0.00179006,0.02554,-0.000177033,3.87094e-05,-2.81081e-05,-1.04136e-05,-6.69483e-05,0.00106977,-0.000177033,0.0466703,
0.00377907,-0.000846115,-0.000668056,-0.000452426,-0.00101193,-0.000629039,3.77555e-05,-0.000846115,0.00142293,-0.000900485,-0.000765336,0.00118698,0.000517018,-2.76801e-05,-0.000668056,-0.000900485,0.00294357,0.00083752,-0.00135637,-0.0016319,-1.10416e-05,-0.000452426,-0.000765336,0.00083752,0.00261519,0.00152953,0.000689105,-6.74103e-05,-0.00101193,0.00118698,-0.00135637,0.00152953,0.0261351,0.00179681,0.00106556,-0.000629039,0.000517018,-0.0016319,0.000689105,0.00179681,0.025555,-0.000175827,3.77556e-05,-2.768e-05,-1.10416e-05,-6.74102e-05,0.00106556,-0.000175827,0.04667,
0.00378184,-0.000846212,-0.000676122,-0.000445245,-0.00101153,-0.000635888,3.68036e-05,-0.000846212,0.00142343,-0.000897066,-0.000769049,0.00118754,0.000520071,-2.72541e-05,-0.000676122,-0.000897066,0.00294025,0.000837161,-0.00134628,-0.0016344,-1.16628e-05,-0.000445245,-0.000769049,0.000837161,0.00261521,0.00152588,0.00069242,-6.78732e-05,-0.00101153,0.00118754,-0.00134628,0.00152588,0.0261393,0.0018035,0.00106136,-0.000635888,0.000520071,-0.0016344,0.00069242,0.0018035,0.02557,-0.000174623,3.68036e-05,-2.72541e-05,-1.16628e-05,-6.78732e-05,0.00106136,-0.000174623,0.0466697,
0.00378452,-0.000846269,-0.000684179,-0.000438103,-0.00101103,-0.000642708,3.58539e-05,-0.000846269,0.00142392,-0.000893651,-0.000772736,0.00118805,0.000523118,-2.68302e-05,-0.000684179,-0.000893651,0.00293699,0.000836761,-0.00133623,-0.00163685,-1.22773e-05,-0.000438103,-0.000772736,0.000836761,0.00261525,0.00152225,0.000695712,-6.83369e-05,-0.00101103,0.00118805,-0.00133623,0.00152225,0.0261436,0.00181013,0.00105717,-0.000642708,0.000523118,-0.00163685,0.000695712,0.00181013,0.025585,-0.000173422,3.58539e-05,-2.68302e-05,-1.22773e-05,-6.83369e-05,0.00105717,-0.000173422,0.0466693,
0.00378708,-0.000846284,-0.000692226,-0.000431,-0.00101043,-0.0006495,3.49063e-05,-0.000846284,0.00142438,-0.00089024,-0.000776397,0.00118849,0.000526158,-2.64083e-05,-0.000692226,-0.00089024,0.00293379,0.000836318,-0.00132621,-0.00163922,-1.28852e-05,-0.000431,-0.000776397,0.000836318,0.00261532,0.00151863,0.00069898,-6.88015e-05,-0.00101043,0.00118849,-0.00132621,0.00151863,0.0261479,0.00181671,0.00105299,-0.0006495,0.000526158,-0.00163922,0.00069898,0.00181671,0.0256,-0.000172225,3.49063e-05,-2.64083e-05,-1.28851e-05,-6.88015e-05,0.00105299,-0.000172225,0.046669,
0.00378954,-0.00084626,-0.000700263,-0.000423937,-0.00100974,-0.000656262,3.39611e-05,-0.00084626,0.00142481,-0.000886833,-0.000780033,0.00118887,0.00052919,-2.59885e-05,-0.000700263,-0.000886833,0.00293065,0.000835835,-0.00131622,-0.00164153,-1.34865e-05,-0.000423937,-0.000780033,0.000835835,0.00261541,0.00151504,0.000702225,-6.92668e-05,-0.00100974,0.00118887,-0.00131622,0.00151504,0.0261523,0.00182322,0.00104881,-0.000656262,0.00052919,-0.00164153,0.000702225,0.00182322,0.0256151,-0.00017103,3.39611e-05,-2.59885e-05,-1.34864e-05,-6.92668e-05,0.00104881,-0.00017103,0.0466687,
0.00379189,-0.000846196,-0.000708289,-0.000416915,-0.00100896,-0.000662993,3.30182e-05,-0.000846196,0.00142523,-0.00088343,-0.000783643,0.00118919,0.000532215,-2.55708e-05,-0.000708289,-0.00088343,0.00292757,0.00083531,-0.00130628,-0.00164378,-1.40812e-05,-0.000416915,-0.000783643,0.00083531,0.00261554,0.00151146,0.000705447,-6.97327e-05,-0.00100896,0.00118919,-0.00130628,0.00151146,0.0261567,0.00182968,0.00104463,-0.000662993,0.000532215,-0.00164378,0.000705447,0.00182968,0.0256302,-0.000169837,3.30182e-05,-2.55708e-05,-1.40812e-05,-6.97327e-05,0.00104463,-0.000169837,0.0466684,
0.00379414,-0.000846092,-0.000716303,-0.000409932,-0.00100809,-0.000669693,3.20779e-05,-0.000846092,0.00142563,-0.000880033,-0.000787227,0.00118945,0.000535231,-2.51552e-05,-0.000716303,-0.000880033,0.00292454,0.000834746,-0.00129636,-0.00164596,-1.46693e-05,-0.000409932,-0.000787227,0.000834746,0.00261569,0.0015079,0.000708646,-7.01993e-05,-0.00100809,0.00118945,-0.00129636,0.0015079,0.0261612,0.00183607,0.00104047,-0.000669692,0.000535231,-0.00164596,0.000708646,0.00183607,0.0256453,-0.000168648,3.20779e-05,-2.51553e-05,-1.46694e-05,-7.01993e-05,0.00104047,-0.000168648,0.046668,
0.00379631,-0.000845962,-0.000724236,-0.000403022,-0.00100743,-0.00067698,3.10273e-05,-0.000846025,0.00142605,-0.000876901,-0.000790671,0.00119079,0.000540595,-2.43126e-05,-0.000724332,-0.000876624,0.00292148,0.000834185,-0.00128605,-0.00164718,-1.50879e-05,-0.000402952,-0.000790809,0.000834279,0.0026158,0.00150376,0.000710577,-7.08933e-05,-0.00100673,0.00118941,-0.0012851,0.00150375,0.0261596,0.00182984,0.00103402,-0.000675134,0.000537499,-0.00164381,0.000709938,0.00182365,0.0256218,-0.000174514,3.1158e-05,-2.47525e-05,-1.51891e-05,-7.06938e-05,0.00103603,-0.000168022,0.0466676,
0.00379835,-0.000845781,-0.000732224,-0.000396122,-0.00100637,-0.000683606,3.00985e-05,-0.000845844,0.00142641,-0.000873512,-0.000794202,0.00119093,0.000543587,-2.39109e-05,-0.00073232,-0.000873238,0.00291857,0.000833542,-0.00127621,-0.00164923,-1.56623e-05,-0.000396052,-0.000794341,0.000833635,0.002616,0.00150024,0.000713726,-7.13605e-05,-0.00100568,0.00118956,-0.00127528,0.00150023,0.0261643,0.00183618,0.00102997,-0.000681754,0.0005405,-0.00164588,0.000713081,0.00182999,0.0256368,-0.000173299,3.02261e-05,-2.43447e-05,-1.57637e-05,-7.11622e-05,0.00103195,-0.000166862,0.0466673,
0.00380031,-0.000845566,-0.000740171,-0.000389276,-0.00100535,-0.000690445,2.91308e-05,-0.000845657,0.00142676,-0.000870234,-0.000797662,0.00119146,0.000547523,-2.33442e-05,-0.000740304,-0.000869851,0.00291567,0.000832878,-0.00126624,-0.00165085,-1.61636e-05,-0.000389178,-0.000797857,0.000833008,0.0026162,0.00149651,0.000716343,-7.19202e-05,-0.00100438,0.00118955,-0.00126495,0.00149649,0.0261665,0.0018374,0.00102507,-0.00068783,0.000543191,-0.00164617,0.000715427,0.0018287,0.025636,-0.000174922,2.93061e-05,-2.3946e-05,-1.63065e-05,-7.16434e-05,0.00102782,-0.000165948,0.0466669,
0.00380215,-0.000845309,-0.00074813,-0.00038246,-0.00100412,-0.000697003,2.82133e-05,-0.000845401,0.00142708,-0.000866857,-0.000801141,0.00119148,0.000550493,-2.29552e-05,-0.000748262,-0.000866478,0.00291288,0.000832159,-0.00125648,-0.00165278,-1.67233e-05,-0.000382362,-0.000801336,0.000832288,0.00261645,0.00149304,0.000719449,-7.23898e-05,-0.00100316,0.00118959,-0.00125521,0.00149302,0.0261712,0.00184366,0.00102116,-0.000694379,0.000546173,-0.00164814,0.000718523,0.00183495,0.025651,-0.000173735,2.83844e-05,-2.35487e-05,-1.68663e-05,-7.21148e-05,0.00102386,-0.000164837,0.0466666,
0.0038039,-0.000845014,-0.000756073,-0.000375687,-0.00100281,-0.000703529,2.73007e-05,-0.000845108,0.00142738,-0.000863488,-0.000804595,0.00119145,0.000553453,-2.25709e-05,-0.000756203,-0.000863111,0.00291014,0.000831402,-0.00124677,-0.00165465,-1.72757e-05,-0.000375588,-0.00080479,0.000831529,0.00261672,0.00148959,0.000722534,-7.28607e-05,-0.00100186,0.00118957,-0.00124552,0.00148958,0.0261759,0.00184985,0.00101731,-0.000700896,0.000549144,-0.00165004,0.000721599,0.00184114,0.025666,-0.00017257,2.74678e-05,-2.31563e-05,-1.74189e-05,-7.25878e-05,0.00101997,-0.000163748,0.0466663,
0.00380554,-0.000844684,-0.000763999,-0.000368957,-0.00100143,-0.000710023,2.63925e-05,-0.000844778,0.00142765,-0.000860125,-0.000808022,0.00119136,0.000556401,-2.21909e-05,-0.000764127,-0.000859753,0.00290745,0.000830607,-0.0012371,-0.00165647,-1.78215e-05,-0.000368858,-0.000808218,0.000830734,0.00261701,0.00148617,0.000725601,-7.33334e-05,-0.00100047,0.0011895,-0.00123587,0.00148616,0.0261807,0.001856,0.00101349,-0.000707381,0.000552103,-0.00165189,0.000724655,0.00184728,0.025681,-0.000171424,2.65556e-05,-2.27682e-05,-1.79646e-05,-7.30623e-05,0.00101611,-0.000162678,0.046666,
0.00380709,-0.000844316,-0.000771907,-0.00036227,-0.000999954,-0.00071648,2.5489e-05,-0.000844412,0.00142791,-0.000856771,-0.000811423,0.00119122,0.00055934,-2.18149e-05,-0.000772034,-0.000856402,0.00290482,0.000829776,-0.00122747,-0.00165822,-1.83606e-05,-0.00036217,-0.000811618,0.000829902,0.00261733,0.00148277,0.000728646,-7.3806e-05,-0.000999007,0.00118937,-0.00122626,0.00148276,0.0261855,0.00186208,0.00100972,-0.00071383,0.000555054,-0.00165368,0.00072769,0.00185335,0.0256959,-0.000170292,2.56481e-05,-2.23842e-05,-1.85037e-05,-7.35369e-05,0.0010123,-0.000161621,0.0466656,
0.00380855,-0.000843913,-0.000779796,-0.000355627,-0.000998405,-0.000722904,2.45892e-05,-0.00084401,0.00142815,-0.000853424,-0.000814797,0.00119102,0.000562265,-2.14423e-05,-0.000779922,-0.000853058,0.00290224,0.00082891,-0.00121788,-0.00165992,-1.88934e-05,-0.000355527,-0.000814993,0.000829034,0.00261767,0.0014794,0.000731674,-7.428e-05,-0.000997463,0.00118919,-0.0012167,0.00147938,0.0261903,0.0018681,0.00100598,-0.000720245,0.000557992,-0.00165541,0.000730707,0.00185938,0.0257109,-0.000169171,2.47444e-05,-2.20037e-05,-1.90366e-05,-7.40129e-05,0.00100851,-0.000160576,0.0466653,
0.00380991,-0.000843475,-0.000787666,-0.000349028,-0.000996777,-0.000729291,2.36937e-05,-0.000843573,0.00142837,-0.000850086,-0.000818145,0.00119078,0.000565181,-2.10731e-05,-0.000787791,-0.000849724,0.00289972,0.000828008,-0.00120834,-0.00166156,-1.94201e-05,-0.000348927,-0.000818341,0.000828131,0.00261803,0.00147605,0.000734679,-7.47538e-05,-0.000995841,0.00118897,-0.00120718,0.00147603,0.0261952,0.00187407,0.00100226,-0.000726622,0.000560919,-0.00165708,0.000733702,0.00186534,0.0257259,-0.000168059,2.38451e-05,-2.16268e-05,-1.95631e-05,-7.44887e-05,0.00100476,-0.000159538,0.0466649,
0.00381117,-0.000843002,-0.000795516,-0.000342473,-0.000995072,-0.000735641,2.2802e-05,-0.000843101,0.00142858,-0.000846757,-0.000821466,0.00119049,0.000568084,-2.07069e-05,-0.000795639,-0.000846398,0.00289725,0.000827071,-0.00119884,-0.00166314,-1.99408e-05,-0.000342372,-0.000821662,0.000827193,0.00261841,0.00147272,0.000737667,-7.5228e-05,-0.000994142,0.00118869,-0.0011977,0.00147271,0.0262002,0.00187997,0.000998566,-0.000732963,0.000563835,-0.00165869,0.000736679,0.00187124,0.0257409,-0.000166954,2.29496e-05,-2.12529e-05,-2.00836e-05,-7.49649e-05,0.00100102,-0.000158508,0.0466646,
0.00381234,-0.000842494,-0.000803345,-0.000335962,-0.000993292,-0.000741953,2.19143e-05,-0.000842594,0.00142876,-0.000843437,-0.00082476,0.00119014,0.000570976,-2.03436e-05,-0.000803467,-0.000843081,0.00289484,0.000826101,-0.00118939,-0.00166465,-2.04556e-05,-0.000335861,-0.000824957,0.000826221,0.00261882,0.00146942,0.000740635,-7.57022e-05,-0.000992368,0.00118836,-0.00118826,0.00146941,0.0262051,0.00188582,0.000994886,-0.000739266,0.000566739,-0.00166024,0.000739636,0.00187708,0.025756,-0.000165854,2.20582e-05,-2.08821e-05,-2.05982e-05,-7.54412e-05,0.000997298,-0.000157483,0.0466643,
0.00381343,-0.000841952,-0.000811152,-0.000329497,-0.000991439,-0.000748228,2.10301e-05,-0.000842053,0.00142893,-0.000840126,-0.000828028,0.00118975,0.000573853,-1.9983e-05,-0.000811273,-0.000839774,0.00289247,0.000825096,-0.00117998,-0.00166612,-2.09648e-05,-0.000329395,-0.000828225,0.000825215,0.00261924,0.00146615,0.000743585,-7.6177e-05,-0.00099052,0.00118798,-0.00117888,0.00146613,0.0262102,0.00189161,0.000991216,-0.000745532,0.000569629,-0.00166174,0.000742575,0.00188287,0.025771,-0.000164759,2.11704e-05,-2.05139e-05,-2.11071e-05,-7.59179e-05,0.000993588,-0.000156461,0.0466639,
0.00381442,-0.000841377,-0.000818937,-0.000323076,-0.000989512,-0.000754464,2.01499e-05,-0.000841479,0.00142908,-0.000836825,-0.000831269,0.00118931,0.000576719,-1.96251e-05,-0.000819056,-0.000836476,0.00289016,0.000824059,-0.00117062,-0.00166752,-2.14682e-05,-0.000322975,-0.000831466,0.000824177,0.00261968,0.00146289,0.000746515,-7.66512e-05,-0.000988599,0.00118755,-0.00116954,0.00146288,0.0262152,0.00189734,0.00098756,-0.000751758,0.000572508,-0.00166318,0.000745493,0.00188859,0.025786,-0.000163667,2.02867e-05,-2.01487e-05,-2.16102e-05,-7.63943e-05,0.000989893,-0.000155443,0.0466636,
0.00381532,-0.000840769,-0.000826698,-0.000316702,-0.000987515,-0.000760664,1.92731e-05,-0.000840872,0.00142921,-0.000833534,-0.000834484,0.00118881,0.00057957,-1.92696e-05,-0.000826816,-0.000833189,0.0028879,0.000822989,-0.0011613,-0.00166888,-2.19663e-05,-0.0003166,-0.000834681,0.000823106,0.00262014,0.00145967,0.000749428,-7.71264e-05,-0.000986608,0.00118708,-0.00116024,0.00145965,0.0262204,0.00190301,0.000983905,-0.000757949,0.000575371,-0.00166457,0.000748395,0.00189426,0.025801,-0.000162577,1.94064e-05,-1.97858e-05,-2.21079e-05,-7.68716e-05,0.0009862,-0.000154427,0.0466633,
0.00381613,-0.000840128,-0.000834436,-0.000310373,-0.000985447,-0.00076682,1.84006e-05,-0.000840232,0.00142933,-0.000830254,-0.000837672,0.00118828,0.00058241,-1.89168e-05,-0.000834552,-0.000829912,0.0028857,0.000821887,-0.00115203,-0.00167017,-2.24586e-05,-0.000310271,-0.000837869,0.000822003,0.00262062,0.00145647,0.00075232,-7.76001e-05,-0.000984545,0.00118656,-0.00115099,0.00145645,0.0262255,0.00190861,0.000980267,-0.000764096,0.000578225,-0.00166589,0.000751276,0.00189986,0.0258161,-0.000161489,1.85305e-05,-1.94257e-05,-2.25998e-05,-7.73474e-05,0.000982523,-0.000153412,0.046663,
0.00381685,-0.000839455,-0.000842149,-0.000304089,-0.000983311,-0.00077294,1.75314e-05,-0.000839561,0.00142942,-0.000826984,-0.000840833,0.0011877,0.000585233,-1.85661e-05,-0.000842264,-0.000826645,0.00288354,0.000820754,-0.00114282,-0.00167141,-2.29458e-05,-0.000303987,-0.00084103,0.000820868,0.00262112,0.00145329,0.000755198,-7.80749e-05,-0.000982415,0.00118599,-0.00114179,0.00145327,0.0262307,0.00191416,0.000976626,-0.000770206,0.000581061,-0.00166717,0.000754142,0.00190541,0.0258311,-0.000160403,1.76579e-05,-1.9068e-05,-2.30864e-05,-7.78242e-05,0.000978845,-0.000152399,0.0466626,
0.00381749,-0.000838751,-0.000849837,-0.000297852,-0.000981107,-0.000779016,1.66665e-05,-0.000838857,0.00142951,-0.000823725,-0.000843967,0.00118708,0.000588045,-1.82181e-05,-0.00084995,-0.000823389,0.00288143,0.000819591,-0.00113364,-0.00167259,-2.34274e-05,-0.00029775,-0.000844164,0.000819703,0.00262164,0.00145014,0.000758056,-7.85484e-05,-0.000980217,0.00118539,-0.00113264,0.00145012,0.026236,0.00191965,0.000972996,-0.000776274,0.000583886,-0.00166839,0.000756988,0.00191089,0.0258461,-0.000159319,1.67896e-05,-1.87129e-05,-2.35675e-05,-7.82999e-05,0.000975178,-0.000151387,0.0466623,
0.00381804,-0.000838015,-0.000857499,-0.000291661,-0.000978837,-0.000785054,1.58051e-05,-0.000838123,0.00142957,-0.000820477,-0.000847075,0.00118641,0.000590841,-1.78723e-05,-0.000857611,-0.000820145,0.00287937,0.000818397,-0.00112452,-0.00167372,-2.39038e-05,-0.000291559,-0.000847272,0.000818508,0.00262217,0.00144702,0.000760898,-7.90221e-05,-0.000977953,0.00118473,-0.00112354,0.001447,0.0262413,0.00192508,0.000969366,-0.000782302,0.000586696,-0.00166955,0.000759818,0.00191632,0.0258612,-0.000158235,1.5925e-05,-1.83601e-05,-2.40434e-05,-7.87758e-05,0.000971511,-0.000150375,0.046662,
0.00381851,-0.000837249,-0.000865135,-0.000285517,-0.000976503,-0.000791049,1.49479e-05,-0.000837357,0.00142962,-0.000817241,-0.000850156,0.0011857,0.000593623,-1.75289e-05,-0.000865246,-0.000816912,0.00287736,0.000817173,-0.00111545,-0.0016748,-2.43749e-05,-0.000285414,-0.000850353,0.000817283,0.00262272,0.00144392,0.000763722,-7.94952e-05,-0.000975624,0.00118404,-0.00111449,0.0014439,0.0262467,0.00193045,0.000965741,-0.000788288,0.000589491,-0.00167066,0.00076263,0.00192168,0.0258762,-0.000157152,1.50646e-05,-1.80098e-05,-2.45139e-05,-7.9251e-05,0.00096785,-0.000149364,0.0466617,
0.0038189,-0.000836452,-0.000872743,-0.000279419,-0.000974106,-0.000797004,1.40945e-05,-0.000836562,0.00142965,-0.000814016,-0.00085321,0.00118494,0.000596389,-1.71878e-05,-0.000872854,-0.00081369,0.0028754,0.00081592,-0.00110643,-0.00167582,-2.48409e-05,-0.000279316,-0.000853407,0.000816029,0.00262328,0.00144085,0.00076653,-7.99681e-05,-0.000973232,0.0011833,-0.00110548,0.00144083,0.0262521,0.00193576,0.000962118,-0.000794233,0.000592272,-0.00167172,0.000765426,0.00192699,0.0258913,-0.00015607,1.42081e-05,-1.76619e-05,-2.49793e-05,-7.9726e-05,0.000964191,-0.000148354,0.0466614,
0.0038192,-0.000835626,-0.000880325,-0.000273368,-0.000971646,-0.000802916,1.32452e-05,-0.000835737,0.00142967,-0.000810804,-0.000856238,0.00118415,0.000599141,-1.6849e-05,-0.000880434,-0.000810481,0.00287349,0.000814639,-0.00109745,-0.00167679,-2.53016e-05,-0.000273264,-0.000856435,0.000814747,0.00262387,0.0014378,0.000769322,-8.04403e-05,-0.000970779,0.00118252,-0.00109653,0.00143778,0.0262575,0.00194101,0.000958498,-0.000800136,0.000595037,-0.00167273,0.000768205,0.00193223,0.0259063,-0.000154989,1.33557e-05,-1.73165e-05,-2.54394e-05,-8.02003e-05,0.000960535,-0.000147344,0.046661,
0.00381942,-0.00083477,-0.000887878,-0.000267364,-0.000969127,-0.000808786,1.23999e-05,-0.000834882,0.00142967,-0.000807603,-0.000859239,0.00118331,0.000601877,-1.65126e-05,-0.000887986,-0.000807284,0.00287163,0.00081333,-0.00108853,-0.00167771,-2.57573e-05,-0.00026726,-0.000859436,0.000813436,0.00262446,0.00143478,0.000772097,-8.09121e-05,-0.000968264,0.0011817,-0.00108763,0.00143476,0.026263,0.0019462,0.000954879,-0.000805996,0.000597788,-0.00167368,0.000770967,0.00193742,0.0259214,-0.000153908,1.25074e-05,-1.69734e-05,-2.58943e-05,-8.06743e-05,0.000956882,-0.000146334,0.0466607,
0.00381957,-0.000833886,-0.000895403,-0.000261406,-0.000966547,-0.000814613,1.15587e-05,-0.000833999,0.00142966,-0.000804415,-0.000862213,0.00118244,0.000604598,-1.61784e-05,-0.00089551,-0.000804099,0.00286981,0.000811993,-0.00107966,-0.00167858,-2.6208e-05,-0.000261302,-0.00086241,0.000812098,0.00262507,0.00143179,0.000774856,-8.13833e-05,-0.000965691,0.00118084,-0.00107877,0.00143177,0.0262686,0.00195133,0.000951262,-0.000811814,0.000600523,-0.00167458,0.000773714,0.00194254,0.0259364,-0.000152829,1.16634e-05,-1.66327e-05,-2.63442e-05,-8.11476e-05,0.000953231,-0.000145324,0.0466604,
0.00381963,-0.000832974,-0.000902899,-0.000255496,-0.00096391,-0.000820398,1.07218e-05,-0.000833087,0.00142963,-0.00080124,-0.000865161,0.00118152,0.000607304,-1.58466e-05,-0.000903004,-0.000800927,0.00286804,0.00081063,-0.00107084,-0.00167939,-2.66535e-05,-0.000255392,-0.000865358,0.000810733,0.0026257,0.00142882,0.000777601,-8.18539e-05,-0.000963059,0.00117994,-0.00106997,0.0014288,0.0262742,0.0019564,0.000947647,-0.000817589,0.000603242,-0.00167543,0.000776445,0.00194761,0.0259514,-0.00015175,1.08235e-05,-1.62945e-05,-2.67891e-05,-8.16204e-05,0.000949582,-0.000144315,0.0466601,
0.00381962,-0.000832033,-0.000910365,-0.000249633,-0.000961217,-0.000826139,9.88903e-06,-0.000832148,0.00142959,-0.000798077,-0.000868082,0.00118057,0.000609993,-1.55172e-05,-0.000910469,-0.000797768,0.00286632,0.00080924,-0.00106208,-0.00168016,-2.70942e-05,-0.000249528,-0.000868279,0.000809342,0.00262634,0.00142588,0.000780329,-8.23238e-05,-0.000960371,0.001179,-0.00106122,0.00142586,0.0262798,0.00196142,0.000944034,-0.00082332,0.000605945,-0.00167623,0.000779161,0.00195262,0.0259665,-0.000150671,9.98801e-06,-1.59587e-05,-2.72289e-05,-8.20926e-05,0.000945935,-0.000143306,0.0466598,
0.00381953,-0.000831066,-0.000917801,-0.000243817,-0.000958467,-0.000831837,9.06059e-06,-0.000831181,0.00142953,-0.000794928,-0.000870976,0.00117958,0.000612666,-1.519e-05,-0.000917904,-0.000794621,0.00286464,0.000807824,-0.00105336,-0.00168087,-2.75299e-05,-0.000243712,-0.000871174,0.000807925,0.00262699,0.00142297,0.000783043,-8.27931e-05,-0.000957627,0.00117803,-0.00105252,0.00142295,0.0262855,0.00196637,0.000940422,-0.000829008,0.000608632,-0.00167698,0.000781862,0.00195757,0.0259815,-0.000149594,9.15684e-06,-1.56253e-05,-2.76638e-05,-8.2564e-05,0.00094229,-0.000142298,0.0466595,
0.00381936,-0.000830071,-0.000925206,-0.000238048,-0.000955664,-0.000837491,8.23652e-06,-0.000830187,0.00142946,-0.000791791,-0.000873845,0.00117856,0.000615322,-1.48653e-05,-0.000925308,-0.000791488,0.002863,0.000806384,-0.0010447,-0.00168154,-2.79607e-05,-0.000237943,-0.000874042,0.000806483,0.00262766,0.00142009,0.000785742,-8.32616e-05,-0.00095483,0.00117701,-0.00104388,0.00142006,0.0262912,0.00197127,0.000936811,-0.000834653,0.000611303,-0.00167769,0.000784547,0.00196246,0.0259965,-0.000148518,8.33006e-06,-1.52943e-05,-2.80937e-05,-8.30346e-05,0.000938647,-0.00014129,0.0466592,
0.00381912,-0.00082905,-0.00093258,-0.000232327,-0.000952809,-0.000843101,7.41682e-06,-0.000829167,0.00142937,-0.000788669,-0.000876686,0.0011775,0.000617962,-1.45429e-05,-0.000932682,-0.000788369,0.00286141,0.000804918,-0.00103609,-0.00168216,-2.83867e-05,-0.000232222,-0.000876884,0.000805016,0.00262834,0.00141723,0.000788427,-8.37294e-05,-0.000951979,0.00117597,-0.00103529,0.0014172,0.026297,0.0019761,0.000933203,-0.000840253,0.000613958,-0.00167834,0.000787219,0.00196729,0.0260115,-0.000147442,7.50772e-06,-1.49658e-05,-2.85189e-05,-8.35046e-05,0.000935006,-0.000140283,0.0466589,
