0.00397581,-0.000591508,-0.00024237,0.00071075,-0.00174742,-0.000202577,8.61832e-05,-0.000591508,0.00114369,-0.00086445,0.000747154,5.75295e-05,-0.000399051,6.81229e-07,-0.00024237,-0.00086445,0.00356169,-0.000701362,-0.00248916,-0.00104957,0.000101793,0.00071075,0.000747154,-0.000701362,0.00256712,-9.23199e-05,-0.00194033,-9.39597e-05,-0.00174742,5.75295e-05,-0.00248916,-9.23199e-05,0.0289425,0.00165629,0.000169372,-0.000202577,-0.000399051,-0.00104957,-0.00194033,0.00165629,0.0263524,0.000291373,8.61832e-05,6.81229e-07,0.000101793,-9.39597e-05,0.000169372,0.000291373,0.0466276,
0.00397693,0,-0.000247602,0.000708472,-0.00175126,-0.000208118,8.66755e-05,-0.000594561,0,-0.000865532,0.000745012,5.93706e-05,-0.000398912,3.2177e-07,-0.000247602,0,0.0035622,-0.000701998,-0.00248642,-0.0010474,0.000101879,0.000708472,0,-0.000701998,0.00256287,-8.97786e-05,-0.00193856,-9.42225e-05,-0.00175126,0,-0.00248642,-8.97786e-05,0.0289382,0.00165861,0.000172923,-0.000208118,0,-0.0010474,-0.00193856,0.00165861,0.0263471,0.00029037,8.66755e-05,0,0.000101879,-9.42225e-05,0.000172923,0.000290369,0.0466277,
0.00397815,0,-0.000253946,0.000705688,-0.00175699,-0.000217205,8.72805e-05,-0.000598374,0,-0.000866744,0.000742845,6.10321e-05,-0.000399892,-3.32651e-07,-0.000253946,0,0.00356178,-0.000702869,-0.00248207,-0.00104713,0.000101777,0.000705688,0,-0.000702869,0.00255799,-8.23261e-05,-0.00193273,-9.49449e-05,-0.00175699,0,-0.00248207,-8.23262e-05,0.0289266,0.0016637,0.000178755,-0.000217205,0,-0.00104713,-0.00193273,0.0016637,0.0263377,0.000289249,8.72805e-05,0,0.000101777,-9.49449e-05,0.000178755,0.000289249,0.0466278,
0.00397996,0,-0.000261042,0.000702089,-0.00176353,-0.000226858,8.79573e-05,-0.000602377,0,-0.000867816,0.000740738,6.27521e-05,-0.000400601,-1.04974e-06,-0.000261042,0,0.0035615,-0.000703815,-0.00247767,-0.00104614,0.000101675,0.000702089,0,-0.000703815,0.00255279,-7.45823e-05,-0.00192636,-9.56775e-05,-0.00176353,0,-0.00247767,-7.45823e-05,0.0289124,0.00166855,0.00018541,-0.000226858,0,-0.00104614,-0.00192636,0.00166855,0.0263269,0.000288113,8.79574e-05,0,0.000101675,-9.56775e-05,0.00018541,0.000288113,0.0466279,
0.00398231,0,-0.000268853,0.000697722,-0.00177043,-0.000236888,8.86062e-05,-0.000606573,0,-0.000868791,0.000738683,6.46659e-05,-0.000401231,-1.74993e-06,-0.000268853,0,0.00356143,-0.000704774,-0.00247278,-0.00104515,0.000101546,0.000697722,0,-0.000704774,0.00254726,-6.65713e-05,-0.00192021,-9.64138e-05,-0.00177043,0,-0.00247278,-6.65714e-05,0.0288997,0.00167375,0.000191685,-0.000236888,0,-0.00104515,-0.00192021,0.00167375,0.0263169,0.000286923,8.86062e-05,0,0.000101546,-9.64138e-05,0.000191685,0.000286923,0.0466281,
0.00398512,0,-0.000277258,0.000692663,-0.0017778,-0.000247277,8.92695e-05,-0.000610892,0,-0.000869644,0.000736677,6.66144e-05,-0.000401736,-2.4733e-06,-0.000277258,0,0.0035616,-0.00070574,-0.00246768,-0.00104381,0.0001014,0.000692663,0,-0.00070574,0.00254144,-5.82609e-05,-0.00191379,-9.71611e-05,-0.0017778,0,-0.00246768,-5.82608e-05,0.0288862,0.00167893,0.00019823,-0.000247277,0,-0.00104381,-0.00191379,0.00167893,0.0263064,0.000285707,8.92695e-05,0,0.0001014,-9.71611e-05,0.00019823,0.000285707,0.0466283,
0.00398824,-0.000615312,-0.000286117,0.000687051,-0.00178539,-0.000257883,8.99182e-05,-0.000615312,0.00115678,-0.00087041,0.000734747,6.86879e-05,-0.000402129,-3.19389e-06,-0.000286117,-0.00087041,0.00356188,-0.000706701,-0.0024623,-0.00104236,0.00010124,0.000687051,0.000734747,-0.000706701,0.00253544,-4.97556e-05,-0.00190739,-9.79079e-05,-0.00178539,6.86879e-05,-0.0024623,-4.97556e-05,0.0288732,0.00168424,0.000204644,-0.000257883,-0.000402129,-0.00104236,-0.00190739,0.00168424,0.0262963,0.000284451,8.99182e-05,-3.19383e-06,0.00010124,-9.79079e-05,0.000204644,0.000284451,0.0466284,
0.00399146,-0.000619766,-0.000295219,0.000681082,-0.00179308,-0.000268617,9.05582e-05,-0.000619766,0.00115922,-0.000871106,0.000732923,7.08526e-05,-0.000402405,-3.92025e-06,-0.000295219,-0.000871106,0.00356213,-0.000707658,-0.00245679,-0.00104083,0.000101071,0.000681082,0.000732923,-0.000707658,0.00252942,-4.10658e-05,-0.00190091,-9.86546e-05,-0.00179308,7.08525e-05,-0.00245679,-4.10658e-05,0.0288602,0.00168962,0.000211051,-0.000268617,-0.000402405,-0.00104083,-0.00190091,0.00168962,0.0262862,0.000283161,9.05582e-05,-3.92025e-06,0.000101072,-9.86546e-05,0.000211051,0.000283161,0.0466286,
0.00399472,-0.000624231,-0.000304476,0.000674858,-0.00180076,-0.000279403,9.1179e-05,-0.000624231,0.0011617,-0.000871752,0.000731174,7.30844e-05,-0.000402608,-4.64606e-06,-0.000304476,-0.000871752,0.00356238,-0.000708589,-0.00245113,-0.00103927,0.000100893,0.000674858,0.000731174,-0.000708589,0.00252338,-3.22185e-05,-0.00189436,-9.94003e-05,-0.00180076,7.30844e-05,-0.00245113,-3.22185e-05,0.0288475,0.00169506,0.000217372,-0.000279403,-0.000402608,-0.00103927,-0.00189436,0.00169506,0.0262763,0.000281834,9.1179e-05,-4.64612e-06,0.000100893,-9.94003e-05,0.000217372,0.000281834,0.0466288,
0.00399796,-0.000628682,-0.000313817,0.000668452,-0.00180838,-0.000290173,9.17819e-05,-0.000628682,0.00116419,-0.000872356,0.000729484,7.53593e-05,-0.000402736,-5.37198e-06,-0.000313817,-0.000872356,0.00356265,-0.000709485,-0.0024454,-0.00103763,0.000100707,0.000668452,0.000729484,-0.000709484,0.00251735,-2.32691e-05,-0.00188775,-0.000100141,-0.00180838,7.53593e-05,-0.0024454,-2.32691e-05,0.0288347,0.0017005,0.000223641,-0.000290173,-0.000402736,-0.00103763,-0.00188775,0.0017005,0.0262665,0.000280476,9.1782e-05,-5.37198e-06,0.000100707,-0.000100141,0.000223641,0.000280477,0.046629,
0.00400113,-0.000633107,-0.000323196,0.000661916,-0.00181591,-0.000300891,9.23643e-05,-0.000633107,0.00116669,-0.000872929,0.000727841,7.7663e-05,-0.000402805,-6.09596e-06,-0.000323196,-0.000872929,0.00356295,-0.000710337,-0.00243959,-0.00103595,0.000100515,0.000661916,0.000727841,-0.000710337,0.00251134,-1.42346e-05,-0.00188107,-0.000100876,-0.00181591,7.7663e-05,-0.00243959,-1.42346e-05,0.0288221,0.00170592,0.000229843,-0.000300891,-0.000402805,-0.00103595,-0.00188107,0.00170592,0.0262569,0.000279088,9.23642e-05,-6.09596e-06,0.000100515,-0.000100876,0.000229843,0.000279088,0.0466293,
0.00400422,-0.000637495,-0.000332581,0.000655285,-0.00182332,-0.000311529,9.2926e-05,-0.000637495,0.00116919,-0.000873474,0.000726237,7.99841e-05,-0.000402821,-6.81782e-06,-0.000332581,-0.000873474,0.00356329,-0.000711142,-0.00243374,-0.00103421,0.000100318,0.000655285,0.000726237,-0.000711142,0.00250536,-5.13675e-06,-0.00187433,-0.000101605,-0.00182332,7.99841e-05,-0.00243374,-5.13672e-06,0.0288096,0.00171132,0.000235987,-0.000311529,-0.00040282,-0.00103421,-0.00187433,0.00171132,0.0262474,0.000277673,9.29261e-05,-6.81782e-06,0.000100318,-0.000101605,0.000235987,0.000277673,0.0466295,
0.00400721,-0.00064184,-0.00034195,0.000648583,-0.00183059,-0.000322067,9.34667e-05,-0.00064184,0.00117169,-0.000873997,0.000724667,8.23152e-05,-0.000402788,-7.53697e-06,-0.00034195,-0.000873997,0.00356366,-0.000711896,-0.00242786,-0.00103241,0.000100116,0.000648583,0.000724667,-0.000711896,0.00249941,4.0139e-06,-0.00186753,-0.000102326,-0.00183059,8.23152e-05,-0.00242786,4.0139e-06,0.028797,0.00171667,0.00024207,-0.000322067,-0.000402788,-0.00103241,-0.00186753,0.00171667,0.026238,0.000276233,9.34667e-05,-7.53697e-06,0.000100116,-0.000102326,0.00024207,0.000276233,0.0466297,
0.00401009,-0.000646138,-0.000351287,0.000641828,-0.00183772,-0.000332493,9.39865e-05,-0.000646138,0.0011742,-0.0008745,0.000723125,8.46507e-05,-0.000402712,-8.25306e-06,-0.000351287,-0.0008745,0.00356408,-0.000712598,-0.00242195,-0.00103056,9.99105e-05,0.000641828,0.000723125,-0.000712598,0.0024935,1.32078e-05,-0.00186066,-0.00010304,-0.00183772,8.46507e-05,-0.00242195,1.32078e-05,0.0287845,0.00172197,0.000248098,-0.000332493,-0.000402712,-0.00103056,-0.00186066,0.00172197,0.0262288,0.000274771,9.39865e-05,-8.25306e-06,9.99105e-05,-0.00010304,0.000248098,0.000274771,0.04663,
0.00401285,-0.000650385,-0.000360582,0.000635032,-0.0018447,-0.0003428,9.44855e-05,-0.000650385,0.00117669,-0.000874986,0.00072161,8.69869e-05,-0.000402596,-8.96588e-06,-0.000360582,-0.000874986,0.00356453,-0.000713246,-0.00241602,-0.00102866,9.9701e-05,0.000635032,0.00072161,-0.000713246,0.00248762,2.24392e-05,-0.00185372,-0.000103746,-0.0018447,8.69869e-05,-0.00241602,2.24392e-05,0.0287721,0.00172721,0.000254071,-0.0003428,-0.000402596,-0.00102866,-0.00185372,0.00172721,0.0262197,0.000273289,9.44855e-05,-8.96588e-06,9.9701e-05,-0.000103746,0.000254071,0.000273289,0.0466302,
0.0040155,-0.000654581,-0.000369828,0.000628204,-0.00185151,-0.000352981,9.49642e-05,-0.000654581,0.00117919,-0.000875456,0.000720119,8.93208e-05,-0.000402441,-9.67537e-06,-0.000369828,-0.000875455,0.00356503,-0.00071384,-0.00241007,-0.00102671,9.94884e-05,0.000628204,0.000720119,-0.00071384,0.0024818,3.17035e-05,-0.00184673,-0.000104443,-0.00185151,8.93208e-05,-0.00241007,3.17035e-05,0.0287596,0.00173239,0.000259991,-0.000352981,-0.000402441,-0.00102671,-0.00184673,0.00173239,0.0262106,0.00027179,9.49641e-05,-9.67537e-06,9.94883e-05,-0.000104443,0.000259991,0.00027179,0.0466305,
0.00401802,-0.000658724,-0.000379019,0.000621349,-0.00185817,-0.000363033,9.54228e-05,-0.000658724,0.00118168,-0.00087591,0.00071865,9.16506e-05,-0.00040225,-1.03811e-05,-0.000379019,-0.00087591,0.00356557,-0.00071438,-0.00240412,-0.00102471,9.92729e-05,0.000621349,0.00071865,-0.00071438,0.00247601,4.09972e-05,-0.00183967,-0.000105133,-0.00185817,9.16505e-05,-0.00240412,4.09972e-05,0.0287472,0.0017375,0.00026586,-0.000363033,-0.00040225,-0.00102471,-0.00183967,0.0017375,0.0262017,0.000270275,9.54228e-05,-1.03812e-05,9.92729e-05,-0.000105133,0.00026586,0.000270275,0.0466307,
0.00402042,-0.000662813,-0.000388152,0.000614473,-0.00186467,-0.000372954,9.58618e-05,-0.000662813,0.00118416,-0.000876352,0.000717203,9.39744e-05,-0.000402025,-1.10834e-05,-0.000388152,-0.000876352,0.00356615,-0.000714866,-0.00239815,-0.00102266,9.90549e-05,0.000614473,0.000717203,-0.000714866,0.00247027,5.03178e-05,-0.00183256,-0.000105815,-0.00186467,9.39744e-05,-0.00239815,5.03178e-05,0.0287348,0.00174254,0.000271679,-0.000372954,-0.000402025,-0.00102266,-0.00183256,0.00174254,0.0261929,0.000268747,9.58618e-05,-1.10834e-05,9.90549e-05,-0.000105815,0.000271679,0.000268747,0.046631,
0.00402271,-0.000666849,-0.000397226,0.000607579,-0.00187102,-0.000382742,9.62815e-05,-0.000666849,0.00118663,-0.00087678,0.000715776,9.62913e-05,-0.000401767,-1.17817e-05,-0.000397226,-0.00087678,0.00356677,-0.000715297,-0.00239218,-0.00102058,9.88348e-05,0.00060758,0.000715776,-0.000715297,0.00246458,5.96633e-05,-0.00182539,-0.000106488,-0.00187102,9.62912e-05,-0.00239218,5.96633e-05,0.0287224,0.00174752,0.000277451,-0.000382742,-0.000401768,-0.00102058,-0.00182539,0.00174752,0.0261842,0.000267208,9.62815e-05,-1.17818e-05,9.88348e-05,-0.000106488,0.000277451,0.000267208,0.0466313,
0.00402487,-0.000670832,-0.000406237,0.00060067,-0.0018772,-0.000392397,9.66826e-05,-0.000670832,0.0011891,-0.000877197,0.00071437,9.86e-05,-0.000401479,-1.24764e-05,-0.000406237,-0.000877197,0.00356743,-0.000715676,-0.00238621,-0.00101845,9.86127e-05,0.00060067,0.00071437,-0.000715676,0.00245893,6.90318e-05,-0.00181816,-0.000107154,-0.0018772,9.86e-05,-0.00238621,6.90318e-05,0.0287101,0.00175242,0.000283177,-0.000392397,-0.000401479,-0.00101845,-0.00181816,0.00175242,0.0261755,0.000265659,9.66826e-05,-1.24764e-05,9.86127e-05,-0.000107154,0.000283177,0.000265659,0.0466316,
0.00402692,-0.000674761,-0.000415185,0.000593747,-0.00188322,-0.000401917,9.70653e-05,-0.000674761,0.00119156,-0.000877602,0.000712982,0.0001009,-0.00040116,-1.31671e-05,-0.000415186,-0.000877602,0.00356813,-0.000716001,-0.00238024,-0.00101628,9.83889e-05,0.000593747,0.000712982,-0.000716001,0.00245334,7.84219e-05,-0.00181087,-0.000107812,-0.00188322,0.0001009,-0.00238024,7.84219e-05,0.0286977,0.00175725,0.000288859,-0.000401917,-0.00040116,-0.00101628,-0.00181087,0.00175725,0.026167,0.000264102,9.70654e-05,-1.3167e-05,9.8389e-05,-0.000107812,0.000288859,0.000264102,0.0466319,
0.00402885,-0.000678637,-0.00042407,0.000586813,-0.00188909,-0.000411304,9.74301e-05,-0.000678637,0.00119401,-0.000877996,0.000711614,0.00010319,-0.000400812,-1.38538e-05,-0.00042407,-0.000877996,0.00356887,-0.000716273,-0.00237427,-0.00101408,9.81637e-05,0.000586813,0.000711614,-0.000716273,0.00244778,8.78322e-05,-0.00180353,-0.000108461,-0.00188909,0.00010319,-0.00237427,8.78322e-05,0.0286854,0.00176201,0.000294497,-0.000411304,-0.000400812,-0.00101408,-0.00180353,0.00176201,0.0261585,0.000262538,9.74301e-05,-1.38538e-05,9.81638e-05,-0.000108461,0.000294497,0.000262538,0.0466322,
0.00403067,-0.000682461,-0.00043289,0.000579868,-0.0018948,-0.000420556,9.77775e-05,-0.000682461,0.00119645,-0.00087838,0.000710264,0.000105471,-0.000400436,-1.45366e-05,-0.00043289,-0.00087838,0.00356965,-0.000716493,-0.0023683,-0.00101184,9.79373e-05,0.000579868,0.000710264,-0.000716493,0.00244228,9.72615e-05,-0.00179614,-0.000109103,-0.0018948,0.000105471,-0.0023683,9.72615e-05,0.028673,0.0017667,0.000300093,-0.000420556,-0.000400436,-0.00101184,-0.00179614,0.0017667,0.0261501,0.000260969,9.77775e-05,-1.45366e-05,9.79373e-05,-0.000109103,0.000300093,0.000260969,0.0466324,
0.00403237,-0.000686232,-0.000441645,0.000572915,-0.00190036,-0.000429675,9.81079e-05,-0.000686232,0.00119889,-0.000878754,0.000708932,0.000107741,-0.000400033,-1.52154e-05,-0.000441645,-0.000878754,0.00357046,-0.000716662,-0.00236233,-0.00100957,9.77098e-05,0.000572915,0.000708932,-0.000716662,0.00243682,0.000106708,-0.00178869,-0.000109737,-0.00190036,0.000107741,-0.00236233,0.000106708,0.0286607,0.00177131,0.000305649,-0.000429675,-0.000400033,-0.00100957,-0.00178869,0.00177131,0.0261418,0.000259396,9.81079e-05,-1.52153e-05,9.77098e-05,-0.000109737,0.000305649,0.000259396,0.0466327,
0.00403397,-0.000689951,-0.000450335,0.000565954,-0.00190576,-0.00043866,9.84215e-05,-0.000689951,0.00120131,-0.000879118,0.000707618,0.00011,-0.000399605,-1.58901e-05,-0.000450335,-0.000879118,0.0035713,-0.000716779,-0.00235637,-0.00100727,9.74815e-05,0.000565954,0.000707618,-0.000716779,0.00243142,0.000116172,-0.00178119,-0.000110364,-0.00190576,0.00011,-0.00235637,0.000116172,0.0286484,0.00177584,0.000311165,-0.00043866,-0.000399605,-0.00100727,-0.00178119,0.00177584,0.0261336,0.00025782,9.84215e-05,-1.58901e-05,9.74815e-05,-0.000110364,0.000311165,0.00025782,0.046633,
0.00403546,-0.000693619,-0.00045896,0.000558986,-0.00191101,-0.000447511,9.8719e-05,-0.000693619,0.00120373,-0.000879474,0.000706321,0.000112247,-0.000399151,-1.65608e-05,-0.00045896,-0.000879474,0.00357218,-0.000716846,-0.00235041,-0.00100494,9.72525e-05,0.000558986,0.000706321,-0.000716846,0.00242606,0.00012565,-0.00177365,-0.000110982,-0.00191101,0.000112247,-0.00235041,0.00012565,0.0286361,0.0017803,0.000316643,-0.000447511,-0.000399151,-0.00100494,-0.00177365,0.0017803,0.0261255,0.000256243,9.8719e-05,-1.65608e-05,9.72525e-05,-0.000110982,0.000316643,0.000256243,0.0466334,
0.00403684,-0.000697235,-0.000467519,0.000552012,-0.00191611,-0.00045623,9.90006e-05,-0.000697235,0.00120614,-0.00087982,0.000705041,0.000114483,-0.000398673,-1.72273e-05,-0.000467519,-0.00087982,0.0035731,-0.000716863,-0.00234446,-0.00100258,9.7023e-05,0.000552012,0.000705041,-0.000716863,0.00242075,0.000135143,-0.00176605,-0.000111593,-0.00191611,0.000114483,-0.00234446,0.000135143,0.0286238,0.00178468,0.000322083,-0.00045623,-0.000398673,-0.00100258,-0.00176605,0.00178468,0.0261174,0.000254665,9.90006e-05,-1.72273e-05,9.70229e-05,-0.000111593,0.000322083,0.000254665,0.0466337,
0.00403811,-0.000700801,-0.000476012,0.000545034,-0.00192107,-0.000464817,9.92668e-05,-0.000700801,0.00120854,-0.000880159,0.000703779,0.000116706,-0.000398172,-1.78896e-05,-0.000476012,-0.000880159,0.00357404,-0.00071683,-0.00233852,-0.0010002,9.67931e-05,0.000545034,0.000703779,-0.00071683,0.00241548,0.000144648,-0.00175841,-0.000112196,-0.00192107,0.000116706,-0.00233852,0.000144648,0.0286115,0.00178899,0.000327487,-0.000464817,-0.000398172,-0.0010002,-0.00175841,0.00178899,0.0261094,0.000253087,9.92668e-05,-1.78897e-05,9.67931e-05,-0.000112196,0.000327487,0.000253087,0.046634,
0.00403929,-0.000704316,-0.000484439,0.000538053,-0.00192587,-0.000473272,9.95178e-05,-0.000704316,0.00121093,-0.00088049,0.000702532,0.000118917,-0.000397647,-1.85479e-05,-0.000484439,-0.00088049,0.00357502,-0.000716748,-0.00233258,-0.000997788,9.65631e-05,0.000538053,0.000702532,-0.000716748,0.00241027,0.000154166,-0.00175073,-0.000112792,-0.00192587,0.000118917,-0.00233258,0.000154166,0.0285992,0.00179321,0.000332856,-0.000473272,-0.000397647,-0.000997788,-0.00175073,0.00179321,0.0261014,0.00025151,9.95178e-05,-1.85479e-05,9.65631e-05,-0.000112792,0.000332856,0.00025151,0.0466343,
0.00404036,-0.000707782,-0.000492801,0.000531068,-0.00193053,-0.000481595,9.97541e-05,-0.000707782,0.00121331,-0.000880814,0.000701302,0.000121116,-0.000397102,-1.9202e-05,-0.000492801,-0.000880814,0.00357602,-0.000716619,-0.00232666,-0.000995356,9.63331e-05,0.000531068,0.000701302,-0.000716619,0.0024051,0.000163693,-0.001743,-0.00011338,-0.00193053,0.000121116,-0.00232666,0.000163693,0.028587,0.00179736,0.00033819,-0.000481595,-0.000397102,-0.000995356,-0.001743,0.00179736,0.0260936,0.000249935,9.97541e-05,-1.9202e-05,9.63331e-05,-0.00011338,0.00033819,0.000249935,0.0466346,
0.00404133,-0.000711198,-0.000501096,0.000524082,-0.00193505,-0.000489788,9.99761e-05,-0.000711198,0.00121568,-0.000881131,0.000700087,0.000123301,-0.000396534,-1.98519e-05,-0.000501096,-0.000881131,0.00357706,-0.000716441,-0.00232075,-0.000992903,9.61031e-05,0.000524082,0.000700087,-0.000716441,0.00239999,0.00017323,-0.00173522,-0.00011396,-0.00193505,0.000123301,-0.00232075,0.00017323,0.0285747,0.00180143,0.000343489,-0.000489788,-0.000396534,-0.000992903,-0.00173522,0.00180143,0.0260857,0.000248362,9.99761e-05,-1.9852e-05,9.61031e-05,-0.00011396,0.000343489,0.000248362,0.0466349,
0.00404221,-0.000714566,-0.000509325,0.000517095,-0.00193942,-0.00049785,0.000100184,-0.000714566,0.00121805,-0.000881441,0.000698889,0.000125473,-0.000395947,-2.04976e-05,-0.000509325,-0.000881441,0.00357812,-0.000716216,-0.00231485,-0.00099043,9.58734e-05,0.000517095,0.000698889,-0.000716216,0.00239492,0.000182775,-0.00172741,-0.000114532,-0.00193942,0.000125473,-0.00231485,0.000182775,0.0285624,0.00180542,0.000348756,-0.00049785,-0.000395947,-0.00099043,-0.00172741,0.00180542,0.026078,0.000246793,0.000100184,-2.04977e-05,9.58734e-05,-0.000114532,0.000348756,0.000246793,0.0466352,
0.00404299,-0.000717885,-0.000517488,0.000510108,-0.00194365,-0.000505783,0.000100378,-0.000717885,0.0012204,-0.000881745,0.000697705,0.000127632,-0.000395339,-2.11391e-05,-0.000517488,-0.000881745,0.00357921,-0.000715945,-0.00230897,-0.000987939,9.5644e-05,0.000510108,0.000697705,-0.000715945,0.0023899,0.000192327,-0.00171955,-0.000115097,-0.00194365,0.000127632,-0.00230897,0.000192327,0.0285502,0.00180933,0.00035399,-0.000505783,-0.000395339,-0.000987939,-0.00171955,0.00180933,0.0260703,0.000245228,0.000100378,-2.11391e-05,9.56439e-05,-0.000115097,0.00035399,0.000245228,0.0466356,
0.00404367,-0.000721156,-0.000525585,0.000503121,-0.00194774,-0.000513587,0.000100559,-0.000721156,0.00122274,-0.000882042,0.000696536,0.000129776,-0.000394713,-2.17764e-05,-0.000525585,-0.000882042,0.00358033,-0.000715627,-0.0023031,-0.00098543,9.54151e-05,0.000503121,0.000696536,-0.000715627,0.00238493,0.000201885,-0.00171166,-0.000115655,-0.00194774,0.000129776,-0.0023031,0.000201885,0.0285379,0.00181317,0.000359193,-0.000513587,-0.000394713,-0.00098543,-0.00171166,0.00181317,0.0260626,0.000243667,0.000100559,-2.17764e-05,9.5415e-05,-0.000115655,0.000359193,0.000243667,0.0466359,
0.00404427,-0.00072438,-0.000533616,0.000496137,-0.00195169,-0.000521262,0.000100727,-0.00072438,0.00122508,-0.000882335,0.000695382,0.000131907,-0.000394068,-2.24095e-05,-0.000533616,-0.000882335,0.00358148,-0.000715264,-0.00229725,-0.000982906,9.51867e-05,0.000496137,0.000695382,-0.000715264,0.00238001,0.000211447,-0.00170373,-0.000116205,-0.00195169,0.000131907,-0.00229725,0.000211447,0.0285257,0.00181692,0.000364364,-0.000521262,-0.000394068,-0.000982906,-0.00170373,0.00181692,0.026055,0.000242111,0.000100727,-2.24095e-05,9.51867e-05,-0.000116205,0.000364364,0.000242111,0.0466362,
0.00404477,-0.000727556,-0.000541581,0.000489155,-0.00195551,-0.00052881,0.000100882,-0.000727556,0.0012274,-0.000882622,0.000694242,0.000134024,-0.000393405,-2.30383e-05,-0.000541581,-0.000882622,0.00358265,-0.000714857,-0.00229141,-0.000980367,9.4959e-05,0.000489155,0.000694242,-0.000714857,0.00237513,0.000221012,-0.00169576,-0.000116747,-0.00195551,0.000134024,-0.00229141,0.000221012,0.0285134,0.00182059,0.000369505,-0.00052881,-0.000393405,-0.000980367,-0.00169576,0.00182059,0.0260475,0.00024056,0.000100882,-2.30383e-05,9.4959e-05,-0.000116747,0.000369505,0.00024056,0.0466365,
0.00404518,-0.000730686,-0.000549479,0.000482176,-0.00195919,-0.00053623,0.000101024,-0.000730686,0.00122972,-0.000882904,0.000693117,0.000136126,-0.000392725,-2.36629e-05,-0.000549479,-0.000882904,0.00358384,-0.000714404,-0.00228559,-0.000977816,9.47321e-05,0.000482176,0.000693117,-0.000714404,0.00237031,0.000230579,-0.00168776,-0.000117282,-0.00195919,0.000136126,-0.00228559,0.000230579,0.0285012,0.00182418,0.000374615,-0.00053623,-0.000392725,-0.000977816,-0.00168776,0.00182418,0.02604,0.000239015,0.000101024,-2.36629e-05,9.47321e-05,-0.000117282,0.000374615,0.000239015,0.0466369,
0.00404551,-0.00073377,-0.000557312,0.000475201,-0.00196274,-0.000543524,0.000101155,-0.00073377,0.00123202,-0.000883182,0.000692005,0.000138213,-0.000392028,-2.42832e-05,-0.000557312,-0.000883182,0.00358505,-0.000713908,-0.00227979,-0.000975252,9.45061e-05,0.000475201,0.000692005,-0.000713909,0.00236553,0.000240148,-0.00167973,-0.000117809,-0.00196274,0.000138213,-0.00227979,0.000240148,0.028489,0.00182768,0.000379696,-0.000543524,-0.000392028,-0.000975252,-0.00167973,0.00182768,0.0260325,0.000237477,0.000101155,-2.42832e-05,9.45061e-05,-0.000117809,0.000379696,0.000237477,0.0466372,
0.00404575,-0.000736809,-0.000565078,0.000468232,-0.00196615,-0.000550693,0.000101273,-0.000736809,0.00123432,-0.000883455,0.000690906,0.000140286,-0.000391315,-2.48994e-05,-0.000565079,-0.000883455,0.00358629,-0.00071337,-0.00227401,-0.000972678,9.42809e-05,0.000468232,0.000690906,-0.00071337,0.00236081,0.000249716,-0.00167166,-0.000118329,-0.00196615,0.000140286,-0.00227401,0.000249716,0.0284767,0.00183111,0.000384748,-0.000550693,-0.000391315,-0.000972678,-0.00167166,0.00183111,0.0260251,0.000235945,0.000101273,-2.48994e-05,9.42809e-05,-0.000118329,0.000384748,0.000235945,0.0466375,
0.00404591,-0.000739802,-0.000572779,0.000461268,-0.00196944,-0.000557736,0.000101381,-0.000739802,0.0012366,-0.000883724,0.000689821,0.000142344,-0.000390586,-2.55113e-05,-0.000572779,-0.000883724,0.00358755,-0.000712788,-0.00226825,-0.000970094,9.40569e-05,0.000461268,0.000689821,-0.000712788,0.00235613,0.000259283,-0.00166356,-0.000118841,-0.00196944,0.000142344,-0.00226825,0.000259283,0.0284645,0.00183445,0.000389771,-0.000557736,-0.000390586,-0.000970094,-0.00166356,0.00183445,0.0260178,0.00023442,0.000101381,-2.55113e-05,9.40569e-05,-0.000118841,0.000389771,0.00023442,0.0466378,
0.00404598,-0.00074275,-0.000580414,0.000454311,-0.00197259,-0.000564655,0.000101476,-0.00074275,0.00123887,-0.00088399,0.000688749,0.000144388,-0.000389843,-2.61188e-05,-0.000580414,-0.00088399,0.00358884,-0.000712164,-0.00226251,-0.000967503,9.38339e-05,0.000454311,0.000688749,-0.000712164,0.0023515,0.000268848,-0.00165543,-0.000119346,-0.00197259,0.000144388,-0.00226251,0.000268848,0.0284523,0.00183772,0.000394765,-0.000564655,-0.000389843,-0.000967503,-0.00165543,0.00183772,0.0260104,0.000232902,0.000101476,-2.61188e-05,9.38339e-05,-0.000119346,0.000394765,0.000232902,0.0466382,
0.00404592,-0.000745648,-0.000588052,0.000447304,-0.001976,-0.000570438,0.000101487,-0.000745651,0.00124114,-0.000884248,0.000687692,0.000146437,-0.000389144,-2.67181e-05,-0.000588088,-0.00088424,0.00359,-0.000711607,-0.00225751,-0.000962966,9.34696e-05,0.000447359,0.000687689,-0.000711501,0.00234692,0.000278398,-0.00164725,-0.000119845,-0.00197649,0.000146514,-0.00225789,0.000277523,0.0284342,0.00185682,0.000398561,-0.000569846,-0.000389268,-0.000962872,-0.00164563,0.00185188,0.0259736,0.00023357,0.000101542,-2.67202e-05,9.35877e-05,-0.000119863,0.000399602,0.000231749,0.0466385,
0.00404584,-0.000748508,-0.000595555,0.000440363,-0.0019789,-0.000577117,0.000101568,-0.000748511,0.00124339,-0.000884507,0.000686645,0.000148451,-0.000388373,-2.73187e-05,-0.000595591,-0.000884499,0.00359133,-0.0007109,-0.00225181,-0.000960375,9.32523e-05,0.000440417,0.000686642,-0.000710796,0.00234239,0.000287957,-0.00163906,-0.000120344,-0.00197939,0.000148528,-0.00225218,0.000287088,0.028422,0.00185989,0.000403567,-0.000576512,-0.000388498,-0.000960281,-0.00163745,0.00185494,0.0259662,0.000232149,0.000101624,-2.73208e-05,9.33711e-05,-0.000120361,0.000404614,0.000230304,0.0466388,
0.00404565,-0.000751322,-0.00060302,0.000433407,-0.00198182,-0.000583262,0.000101616,-0.000751327,0.00124563,-0.000884762,0.00068561,0.000150459,-0.00038761,-2.79154e-05,-0.000603072,-0.000884751,0.00359261,-0.000710197,-0.00224642,-0.00095699,9.29807e-05,0.000433482,0.000685606,-0.000710051,0.0023379,0.000297503,-0.00163082,-0.000120843,-0.00198252,0.000150567,-0.00224694,0.00029629,0.0284075,0.00186931,0.000408131,-0.000582394,-0.000387788,-0.000956857,-0.00162856,0.00186234,0.0259467,0.000231683,0.000101694,-2.79183e-05,9.31489e-05,-0.000120866,0.000409613,0.000229054,0.0466391,
0.00404541,-0.000754097,-0.000610393,0.000426484,-0.00198447,-0.0005897,0.000101691,-0.000754101,0.00124786,-0.000885016,0.000684586,0.000152444,-0.000386813,-2.8511e-05,-0.000610445,-0.000885005,0.00359397,-0.00070941,-0.00224076,-0.000954397,9.27726e-05,0.000426558,0.000684582,-0.000709265,0.00233347,0.000307057,-0.00162259,-0.000121341,-0.00198518,0.000152552,-0.00224128,0.000305852,0.0283954,0.00187221,0.000413216,-0.000588815,-0.000386992,-0.000954264,-0.00162033,0.00186524,0.0259393,0.00023038,0.00010177,-2.85137e-05,9.29418e-05,-0.000121363,0.000414706,0.000227719,0.0466394,
0.0040451,-0.000756828,-0.0006177,0.000419571,-0.00198701,-0.000596018,0.000101763,-0.000756832,0.00125009,-0.000885267,0.000683573,0.000154415,-0.000386002,-2.91045e-05,-0.000617753,-0.000885256,0.00359535,-0.000708583,-0.00223513,-0.000951798,9.25692e-05,0.000419644,0.00068357,-0.00070844,0.00232908,0.000316604,-0.00161433,-0.000121838,-0.00198771,0.000154523,-0.00223564,0.000315408,0.0283833,0.00187503,0.000418347,-0.000595116,-0.000386183,-0.000951665,-0.00161208,0.00186805,0.0259319,0.000229128,0.000101842,-2.91072e-05,9.27392e-05,-0.00012186,0.000419844,0.000226435,0.0466396,
0.00404471,-0.000759517,-0.000624942,0.000412669,-0.00198942,-0.000602218,0.00010183,-0.000759522,0.0012523,-0.000885516,0.000682572,0.000156371,-0.000385181,-2.96948e-05,-0.000624996,-0.000885505,0.00359674,-0.000707718,-0.00222952,-0.000949203,9.23696e-05,0.000412742,0.000682568,-0.000707576,0.00232474,0.000326147,-0.00160605,-0.000122334,-0.00199013,0.000156479,-0.00223003,0.00032496,0.0283711,0.00187778,0.000423498,-0.000601299,-0.000385364,-0.00094907,-0.0016038,0.00187079,0.0259246,0.000227916,0.00010191,-2.96974e-05,9.25404e-05,-0.000122354,0.000425002,0.000225193,0.0466399,
0.00404425,-0.000762165,-0.00063212,0.000405779,-0.00199172,-0.000608301,0.000101892,-0.00076217,0.0012545,-0.000885763,0.000681581,0.000158313,-0.000384347,-3.02824e-05,-0.000632174,-0.000885752,0.00359815,-0.000706815,-0.00222394,-0.000946607,9.21735e-05,0.00040585,0.000681577,-0.000706674,0.00232045,0.000335682,-0.00159775,-0.000122826,-0.00199243,0.000158421,-0.00222445,0.000334503,0.028359,0.00188045,0.000428668,-0.000607364,-0.000384532,-0.000946473,-0.00159551,0.00187344,0.0259172,0.000226738,0.000101972,-3.02849e-05,9.23451e-05,-0.000122845,0.000430178,0.000223985,0.0466402,
0.00404372,-0.000764772,-0.000639232,0.000398901,-0.0019939,-0.000614267,0.000101948,-0.000764777,0.00125669,-0.000886009,0.000680601,0.00016024,-0.000383503,-3.08668e-05,-0.000639288,-0.000885998,0.00359957,-0.000705874,-0.00221839,-0.000944014,9.19804e-05,0.000398971,0.000680598,-0.000705735,0.0023162,0.000345208,-0.00158943,-0.000123315,-0.00199462,0.000160348,-0.0022189,0.000344038,0.0283468,0.00188305,0.000433845,-0.000613314,-0.00038369,-0.000943879,-0.0015872,0.00187603,0.0259099,0.000225587,0.000102028,-3.08691e-05,9.21527e-05,-0.000123333,0.00043536,0.000222805,0.0466404,
0.00404312,-0.000767338,-0.000646281,0.000392036,-0.00199596,-0.000620116,0.000101997,-0.000767343,0.00125886,-0.000886253,0.000679631,0.000162151,-0.000382647,-3.14478e-05,-0.000646336,-0.000886242,0.00360101,-0.000704896,-0.00221287,-0.000941422,9.17901e-05,0.000392105,0.000679628,-0.000704758,0.00231201,0.000354724,-0.0015811,-0.000123799,-0.00199669,0.000162259,-0.00221337,0.000353563,0.0283347,0.00188556,0.000439025,-0.000619147,-0.000382837,-0.000941287,-0.00157887,0.00187853,0.0259025,0.000224459,0.000102077,-3.14501e-05,9.19631e-05,-0.000123816,0.000440546,0.000221648,0.0466407,
0.00404245,-0.000769865,-0.000653264,0.000385184,-0.00199791,-0.000625851,0.000102039,-0.000769869,0.00126103,-0.000886496,0.000678671,0.000164047,-0.000381782,-3.20256e-05,-0.000653321,-0.000886485,0.00360246,-0.000703882,-0.00220737,-0.000938833,9.16024e-05,0.000385253,0.000678669,-0.000703746,0.00230786,0.000364228,-0.00157274,-0.000124278,-0.00199864,0.000164155,-0.00220787,0.000363077,0.0283226,0.00188799,0.000444203,-0.000624866,-0.000381974,-0.000938697,-0.00157053,0.00188095,0.0258952,0.000223351,0.000102119,-3.20277e-05,9.1776e-05,-0.000124294,0.000445728,0.000220512,0.046641,
0.00404171,-0.000772351,-0.000660184,0.000378347,-0.00199976,-0.000631472,0.000102073,-0.000772356,0.00126319,-0.000886738,0.000677722,0.000165928,-0.000380906,-3.26e-05,-0.000660241,-0.000886726,0.00360393,-0.000702832,-0.00220191,-0.000936247,9.1417e-05,0.000378414,0.000677719,-0.000702697,0.00230376,0.000373719,-0.00156438,-0.000124752,-0.00200049,0.000166036,-0.00220241,0.000372577,0.0283104,0.00189033,0.000449375,-0.000630471,-0.0003811,-0.00093611,-0.00156217,0.00188329,0.025888,0.000222259,0.000102154,-3.26019e-05,9.15911e-05,-0.000124767,0.000450904,0.000219393,0.0466412,
0.00404091,-0.000774798,-0.00066704,0.000371523,-0.00200149,-0.000636979,0.0001021,-0.000774803,0.00126534,-0.000886979,0.000676782,0.000167794,-0.00038002,-3.31708e-05,-0.000667097,-0.000886967,0.00360541,-0.000701747,-0.00219647,-0.000933665,9.12338e-05,0.000371589,0.00067678,-0.000701613,0.00229971,0.000383197,-0.001556,-0.00012522,-0.00200222,0.000167902,-0.00219697,0.000382064,0.0282983,0.0018926,0.000454537,-0.000635963,-0.000380217,-0.000933528,-0.0015538,0.00188555,0.0258807,0.000221181,0.000102181,-3.31725e-05,9.14085e-05,-0.000125234,0.00045607,0.000218288,0.0466415,
0.00404005,-0.000777207,-0.000673832,0.000364715,-0.00200311,-0.000642374,0.00010212,-0.000777212,0.00126747,-0.00088722,0.000675852,0.000169644,-0.000379125,-3.37381e-05,-0.00067389,-0.000887208,0.00360689,-0.000700627,-0.00219106,-0.000931088,9.10528e-05,0.00036478,0.00067585,-0.000700495,0.0022957,0.00039266,-0.0015476,-0.000125683,-0.00200384,0.000169752,-0.00219156,0.000391536,0.0282862,0.00189478,0.000459687,-0.000641342,-0.000379325,-0.000930949,-0.00154541,0.00188772,0.0258735,0.000220115,0.0001022,-3.37396e-05,9.12279e-05,-0.000125695,0.000461223,0.000217196,0.0466417,
0.00403913,-0.000779577,-0.00068056,0.000357923,-0.00200462,-0.000647657,0.000102132,-0.000779582,0.0012696,-0.00088746,0.000674931,0.000171478,-0.000378221,-3.43018e-05,-0.000680619,-0.000887448,0.0036084,-0.000699473,-0.00218569,-0.000928515,9.08738e-05,0.000357987,0.000674929,-0.000699343,0.00229174,0.000402106,-0.00153919,-0.000126139,-0.00200536,0.000171587,-0.00218618,0.000400992,0.028274,0.00189689,0.000464823,-0.00064661,-0.000378424,-0.000928376,-0.00153701,0.00188982,0.0258663,0.000219059,0.000102212,-3.43031e-05,9.10493e-05,-0.00012615,0.000466362,0.000216115,0.046642,
0.00403814,-0.000781909,-0.000687225,0.000351146,-0.00200603,-0.00065283,0.000102136,-0.000781915,0.00127171,-0.000887699,0.000674019,0.000173297,-0.000377309,-3.48618e-05,-0.000687284,-0.000887687,0.00360991,-0.000698286,-0.00218034,-0.000925949,9.06967e-05,0.000351209,0.000674017,-0.000698157,0.00228783,0.000411535,-0.00153077,-0.000126588,-0.00200677,0.000173407,-0.00218083,0.000410431,0.0282619,0.00189891,0.000469942,-0.000651768,-0.000377514,-0.000925809,-0.0015286,0.00189184,0.0258591,0.000218013,0.000102217,-3.48629e-05,9.08726e-05,-0.000126599,0.000471484,0.000215044,0.0466422,
0.00403709,-0.000784204,-0.000693827,0.000344387,-0.00200733,-0.000657893,0.000102133,-0.00078421,0.00127381,-0.000887939,0.000673116,0.000175101,-0.000376387,-3.54183e-05,-0.000693887,-0.000887927,0.00361143,-0.000697066,-0.00217503,-0.00092339,9.05215e-05,0.000344448,0.000673114,-0.000696938,0.00228396,0.000420947,-0.00152235,-0.000127032,-0.00200808,0.00017521,-0.00217552,0.000419852,0.0282498,0.00190085,0.000475045,-0.000656817,-0.000376595,-0.000923248,-0.00152018,0.00189377,0.0258519,0.000216974,0.000102214,-3.54191e-05,9.06978e-05,-0.00012704,0.000476588,0.000213982,0.0466424,
0.00403599,-0.000786463,-0.000700367,0.000337644,-0.00200853,-0.000662847,0.000102122,-0.000786468,0.0012759,-0.000888179,0.000672221,0.000176889,-0.000375458,-3.5971e-05,-0.000700427,-0.000888166,0.00361296,-0.000695813,-0.00216975,-0.000920837,9.03482e-05,0.000337705,0.00067222,-0.000695687,0.00228014,0.000430339,-0.00151391,-0.000127468,-0.00200928,0.000176999,-0.00217024,0.000429254,0.0282377,0.00190271,0.000480129,-0.000661757,-0.000375669,-0.000920695,-0.00151175,0.00189562,0.0258448,0.000215943,0.000102203,-3.59717e-05,9.05247e-05,-0.000127476,0.000481674,0.000212927,0.0466427,
0.00403483,-0.000788684,-0.000706843,0.000330919,-0.00200963,-0.000667693,0.000102104,-0.00078869,0.00127799,-0.000888418,0.000671335,0.000178661,-0.000374521,-3.65201e-05,-0.000706904,-0.000888406,0.0036145,-0.000694529,-0.0021645,-0.000918293,9.01768e-05,0.000330978,0.000671334,-0.000694404,0.00227637,0.000439711,-0.00150546,-0.000127898,-0.00201038,0.000178771,-0.00216499,0.000438636,0.0282256,0.00190449,0.000485193,-0.000666589,-0.000374735,-0.000918149,-0.00150332,0.0018974,0.0258377,0.000214918,0.000102185,-3.65205e-05,9.03535e-05,-0.000127904,0.00048674,0.00021188,0.0466429,
0.00403361,-0.00079087,-0.000713258,0.000324212,-0.00201063,-0.000672433,0.000102078,-0.000790875,0.00128006,-0.000888659,0.000670457,0.000180418,-0.000373576,-3.70654e-05,-0.000713319,-0.000888646,0.00361605,-0.000693214,-0.00215929,-0.000915757,9.00071e-05,0.00032427,0.000670457,-0.00069309,0.00227264,0.000449063,-0.001497,-0.000128321,-0.00201138,0.000180528,-0.00215977,0.000447997,0.0282135,0.00190619,0.000490237,-0.000671316,-0.000373793,-0.000915611,-0.00149487,0.00189909,0.0258306,0.0002139,0.000102159,-3.70656e-05,9.0184e-05,-0.000128326,0.000491785,0.000210839,0.0466432,
0.00403234,-0.000793019,-0.000719611,0.000317524,-0.00201153,-0.000677067,0.000102045,-0.000793025,0.00128212,-0.000888899,0.000669587,0.000182159,-0.000372624,-3.76071e-05,-0.000719672,-0.000888887,0.0036176,-0.000691867,-0.0021541,-0.00091323,8.98392e-05,0.000317581,0.000669587,-0.000691745,0.00226896,0.000458393,-0.00148854,-0.000128737,-0.00201229,0.00018227,-0.00215459,0.000457337,0.0282014,0.0019078,0.000495261,-0.000675936,-0.000372845,-0.000913082,-0.00148642,0.00190071,0.0258235,0.000212887,0.000102127,-3.7607e-05,9.00163e-05,-0.000128741,0.000496809,0.000209805,0.0466434,
0.00403101,-0.000795134,-0.000725902,0.000310854,-0.00201234,-0.000681596,0.000102005,-0.00079514,0.00128416,-0.000889141,0.000668725,0.000183885,-0.000371664,-3.81451e-05,-0.000725963,-0.000889128,0.00361917,-0.000690491,-0.00214895,-0.000910712,8.96732e-05,0.000310911,0.000668725,-0.00069037,0.00226533,0.000467701,-0.00148008,-0.000129146,-0.00201309,0.000183997,-0.00214944,0.000466655,0.0281893,0.00190934,0.000500264,-0.000680452,-0.000371889,-0.000910563,-0.00147797,0.00190224,0.0258164,0.00021188,0.000102087,-3.81448e-05,8.98504e-05,-0.000129149,0.000501812,0.000208776,0.0466437,
0.00402964,-0.000797214,-0.000732132,0.000304204,-0.00201304,-0.000686021,0.000101959,-0.00079722,0.0012862,-0.000889383,0.000667871,0.000185596,-0.000370699,-3.86794e-05,-0.000732193,-0.00088937,0.00362074,-0.000689085,-0.00214384,-0.000908205,8.95089e-05,0.00030426,0.000667871,-0.000688965,0.00226174,0.000476986,-0.00147161,-0.000129549,-0.0020138,0.000185707,-0.00214432,0.000475949,0.0281772,0.0019108,0.000505245,-0.000684865,-0.000370927,-0.000908053,-0.00146951,0.0019037,0.0258094,0.000210877,0.00010204,-3.86788e-05,8.96862e-05,-0.00012955,0.000506793,0.000207753,0.0466439,
0.00402821,-0.00079926,-0.0007383,0.000297574,-0.00201366,-0.000690343,0.000101905,-0.000799266,0.00128823,-0.000889627,0.000667024,0.000187291,-0.000369726,-3.921e-05,-0.000738362,-0.000889613,0.00362232,-0.000687649,-0.00213876,-0.000905709,8.93464e-05,0.000297629,0.000667024,-0.000687532,0.00225819,0.000486246,-0.00146313,-0.000129944,-0.00201442,0.000187403,-0.00213924,0.000485219,0.0281651,0.00191218,0.000510204,-0.000689175,-0.000369958,-0.000905555,-0.00146104,0.00190508,0.0258023,0.00020988,0.000101987,-3.9209e-05,8.95238e-05,-0.000129944,0.000511752,0.000206736,0.0466442,
0.00402673,-0.000801272,-0.000744408,0.000290965,-0.00201418,-0.000694564,0.000101845,-0.000801278,0.00129024,-0.000889871,0.000666184,0.000188971,-0.000368748,-3.9737e-05,-0.00074447,-0.000889858,0.0036239,-0.000686186,-0.00213371,-0.000903224,8.91857e-05,0.000291018,0.000666185,-0.000686069,0.0022547,0.000495482,-0.00145465,-0.000130333,-0.00201494,0.000189083,-0.00213419,0.000494465,0.0281531,0.00191349,0.000515142,-0.000693384,-0.000368983,-0.000903067,-0.00145258,0.00190638,0.0257953,0.000208888,0.000101926,-3.97357e-05,8.93631e-05,-0.000130332,0.000516689,0.000205724,0.0466444,
0.0040252,-0.00080325,-0.000750456,0.000284376,-0.00201461,-0.000698683,0.000101778,-0.000803257,0.00129225,-0.000890116,0.000665351,0.000190635,-0.000367763,-4.02602e-05,-0.000750518,-0.000890103,0.00362549,-0.000684694,-0.0021287,-0.00090075,8.90268e-05,0.000284427,0.000665352,-0.000684579,0.00225124,0.000504693,-0.00144618,-0.000130714,-0.00201537,0.000190748,-0.00212918,0.000503685,0.028141,0.00191471,0.000520058,-0.000697492,-0.000368003,-0.000900591,-0.00144411,0.0019076,0.0257883,0.0002079,0.00010186,-4.02587e-05,8.92041e-05,-0.000130712,0.000521604,0.000204717,0.0466447,
0.00402363,-0.000805195,-0.000756443,0.000277808,-0.00201495,-0.000702703,0.000101706,-0.000805202,0.00129424,-0.000890363,0.000664525,0.000192285,-0.000366773,-4.07798e-05,-0.000756505,-0.00089035,0.00362708,-0.000683174,-0.00212373,-0.00089829,8.88697e-05,0.000277858,0.000664527,-0.000683061,0.00224783,0.000513877,-0.0014377,-0.000131089,-0.00201571,0.000192398,-0.0021242,0.00051288,0.028129,0.00191586,0.000524952,-0.0007015,-0.000367016,-0.000898128,-0.00143565,0.00190875,0.0257814,0.000206917,0.000101787,-4.0778e-05,8.9047e-05,-0.000131085,0.000526496,0.000203716,0.0466449,
0.00402201,-0.000807108,-0.00076237,0.000271261,-0.0020152,-0.000706624,0.000101626,-0.000807115,0.00129623,-0.000890611,0.000663706,0.000193919,-0.000365777,-4.12958e-05,-0.000762433,-0.000890598,0.00362868,-0.000681628,-0.00211878,-0.000895842,8.87143e-05,0.000271311,0.000663708,-0.000681516,0.00224447,0.000523035,-0.00142922,-0.000131457,-0.00201596,0.000194033,-0.00211925,0.000522047,0.0281169,0.00191693,0.000529824,-0.000705411,-0.000366025,-0.000895677,-0.00142718,0.00190982,0.0257744,0.000205939,0.000101708,-4.12936e-05,8.88916e-05,-0.000131452,0.000531367,0.000202719,0.0466452,
