0.00335564,0.000488758,-0.0016625,0.000295136,-0.00160855,-0.000320057,6.05651e-05,0.000488758,0.00130497,0.000429069,0.00116807,-0.00024122,-0.000452745,7.26617e-05,-0.0016625,0.000429069,0.00301217,0.00049129,-0.0015149,-0.000399391,4.61483e-05,0.000295136,0.00116807,0.00049129,0.00286023,-0.00050317,-0.00178902,4.75564e-06,-0.00160855,-0.00024122,-0.0015149,-0.00050317,0.0265822,0.000741396,0.000378332,-0.000320057,-0.000452745,-0.000399391,-0.00178902,0.000741396,0.0259986,0.00040837,6.05651e-05,7.26617e-05,4.61483e-05,4.75564e-06,0.000378332,0.00040837,0.0466225,
0.0033568,0.000488581,-0.0016622,0,-0.00160931,0,6.07907e-05,0.000488581,0.00130458,0.000428514,0,-0.000241358,0,7.26192e-05,-0.0016622,0.000428514,0.00301063,0,-0.00151473,0,4.62962e-05,0.000294301,0.00116831,0.000491474,0,-0.000501831,0,4.64737e-06,-0.00160931,-0.000241358,-0.00151473,0,0.0265845,0,0.000377559,-0.000320532,-0.000451722,-0.000400184,0,0.000745466,0,0.000409023,6.07907e-05,7.26192e-05,4.62961e-05,0,0.000377559,0,0.0466225,
0.00335947,0.000488298,-0.00166118,0,-0.00161143,-0.000321605,6.10946e-05,0.000488298,0.00130374,0.000427583,0,-0.000241391,-0.000449736,7.24569e-05,-0.00166118,0.000427583,0.00300807,0,-0.00151524,-0.000401847,4.64388e-05,0.000292818,0.00116887,0.000491965,0,-0.000498618,-0.00179268,4.46776e-06,-0.00161143,-0.000241391,-0.00151524,0,0.0265907,0.000751279,0.000375609,-0.000321605,-0.000449736,-0.000401847,0,0.000751279,0.026009,0.000409464,6.10945e-05,7.24569e-05,4.64389e-05,0,0.000375609,0.000409464,0.0466225,
0.00336338,0.000487952,-0.0016595,0,-0.00161481,-0.000323288,6.14249e-05,0.000487952,0.00130254,0.000426401,0,-0.000241341,-0.000447411,7.22214e-05,-0.0016595,0.000426401,0.00300486,0,-0.0015166,-0.000404363,4.65334e-05,0.000290849,0.00116966,0.000492685,0,-0.000493653,-0.00179449,4.22326e-06,-0.00161481,-0.000241341,-0.0015166,0,0.026599,0.000757987,0.000373496,-0.000323288,-0.000447411,-0.000404363,0,0.000757987,0.0260153,0.000409684,6.14249e-05,7.22214e-05,4.65334e-05,0,0.000373496,0.000409684,0.0466226,
0.00336797,0.000487499,-0.00165744,0,-0.0016188,-0.000325117,6.17884e-05,0.000487499,0.00130107,0.000425061,0,-0.000241074,-0.000444477,7.19245e-05,-0.00165744,0.000425061,0.00300133,0,-0.00151836,-0.000407088,4.66351e-05,0.000288674,0.00117065,0.000493521,0,-0.000487997,-0.00179648,3.95015e-06,-0.0016188,-0.000241074,-0.00151836,0,0.0266095,0.000765278,0.000370778,-0.000325117,-0.000444477,-0.000407088,0,0.000765278,0.0260225,0.000409865,6.17885e-05,7.19246e-05,4.66351e-05,0,0.000370778,0.000409865,0.0466226,
0.00337323,0.000487164,-0.001655,0.000286188,-0.00162328,-0.000326661,6.21767e-05,0.000487164,0.00129961,0.000423706,0.00117163,-0.000240742,-0.000441701,7.16465e-05,-0.001655,0.000423706,0.0029974,0.000494522,-0.00152031,-0.00040972,4.67169e-05,0.000286188,0.00117163,0.000494522,0.00287062,-0.000482389,-0.00179807,3.67931e-06,-0.00162328,-0.000240742,-0.00152031,-0.000482389,0.0266195,0.000771987,0.000368505,-0.000326661,-0.000441701,-0.00040972,-0.00179807,0.000771987,0.0260288,0.000410038,6.21767e-05,7.16466e-05,4.67169e-05,3.67933e-06,0.000368505,0.000410038,0.0466227,
0.00337898,0.000486954,-0.00165226,0.000283483,-0.00162813,-0.000328327,6.25899e-05,0.000486954,0.00129818,0.00042238,0.00117258,-0.000240535,-0.000438844,7.13661e-05,-0.00165226,0.00042238,0.00299315,0.000495678,-0.00152241,-0.00041261,4.67967e-05,0.000283483,0.00117258,0.000495678,0.00287351,-0.000476449,-0.0017996,3.39193e-06,-0.00162813,-0.000240535,-0.00152241,-0.000476449,0.0266302,0.000778965,0.000366088,-0.000328327,-0.000438844,-0.00041261,-0.0017996,0.000778965,0.0260353,0.000410223,6.25899e-05,7.13661e-05,4.67967e-05,3.3919e-06,0.000366088,0.000410223,0.0466228,
0.00338516,0.000486852,-0.00164928,0.000280554,-0.00163323,-0.000329836,6.303e-05,0.000486852,0.00129678,0.000421071,0.0011735,-0.000240356,-0.000435978,7.10949e-05,-0.00164928,0.000421071,0.00298856,0.000496959,-0.00152456,-0.000415471,4.68774e-05,0.000280554,0.0011735,0.000496959,0.00287635,-0.000470578,-0.00180108,3.10482e-06,-0.00163323,-0.000240356,-0.00152456,-0.000470578,0.026641,0.000785787,0.000363669,-0.000329836,-0.000435978,-0.000415471,-0.00180108,0.000785787,0.0260417,0.000410434,6.303e-05,7.10949e-05,4.68773e-05,3.10485e-06,0.000363669,0.000410434,0.0466228,
0.00339174,0.000486844,-0.00164606,0.000277398,-0.00163857,-0.000331351,6.34912e-05,0.000486844,0.00129543,0.000419765,0.00117437,-0.000240269,-0.000433141,7.08289e-05,-0.00164606,0.000419765,0.00298361,0.000498347,-0.00152676,-0.000418469,4.69531e-05,0.000277398,0.00117437,0.000498347,0.00287913,-0.000464569,-0.0018025,2.80906e-06,-0.00163857,-0.000240269,-0.00152676,-0.000464569,0.0266519,0.000792668,0.000361224,-0.000331351,-0.000433141,-0.000418469,-0.0018025,0.000792668,0.0260482,0.000410655,6.34913e-05,7.08289e-05,4.69531e-05,2.80909e-06,0.000361224,0.000410655,0.0466229,
0.00339848,0.000486882,-0.00164269,0.00027418,-0.00164398,-0.000332794,6.39655e-05,0.000486882,0.0012941,0.000418499,0.00117523,-0.00024018,-0.000430229,7.05657e-05,-0.00164269,0.000418499,0.00297856,0.000499785,-0.001529,-0.00042143,4.70379e-05,0.00027418,0.00117523,0.000499785,0.00288189,-0.000458643,-0.00180391,2.51302e-06,-0.00164398,-0.00024018,-0.001529,-0.000458643,0.0266632,0.000799511,0.000358697,-0.000332794,-0.000430229,-0.00042143,-0.00180391,0.000799511,0.0260548,0.000410905,6.39655e-05,7.05657e-05,4.70379e-05,2.51305e-06,0.000358697,0.000410905,0.0466229,
0.00340533,0.000486943,-0.00163921,0.000270926,-0.00164946,-0.000334267,6.44421e-05,0.000486943,0.00129279,0.000417265,0.00117607,-0.00024011,-0.000427334,7.03063e-05,-0.00163921,0.000417265,0.00297346,0.000501241,-0.00153132,-0.000424447,4.71223e-05,0.000270926,0.00117607,0.000501241,0.00288462,-0.000452667,-0.00180521,2.21151e-06,-0.00164946,-0.00024011,-0.00153132,-0.000452667,0.0266744,0.000806352,0.000356218,-0.000334267,-0.000427334,-0.000424447,-0.00180521,0.000806352,0.0260613,0.000411165,6.44421e-05,7.03064e-05,4.71223e-05,2.21151e-06,0.000356218,0.000411165,0.046623,
0.00341222,0.000487009,-0.00163565,0.000267657,-0.00165494,-0.000335732,6.49217e-05,0.000487009,0.00129149,0.000416057,0.00117689,-0.000240036,-0.000424416,7.00486e-05,-0.00163565,0.000416057,0.00296832,0.000502697,-0.00153368,-0.000427463,4.72114e-05,0.000267657,0.00117689,0.000502697,0.00288733,-0.000446726,-0.00180647,1.90767e-06,-0.00165494,-0.000240036,-0.00153368,-0.000446726,0.0266857,0.000813189,0.000353711,-0.000335732,-0.000424416,-0.000427463,-0.00180647,0.000813189,0.0260677,0.000411439,6.49217e-05,7.00486e-05,4.72115e-05,1.9077e-06,0.000353711,0.000411439,0.046623,
0.00341912,0.000487072,-0.00163202,0.000264384,-0.00166041,-0.000337212,6.54009e-05,0.000487072,0.00129021,0.000414872,0.00117771,-0.00023996,-0.000421503,6.97929e-05,-0.00163202,0.000414872,0.00296316,0.000504142,-0.00153609,-0.000430496,4.73024e-05,0.000264384,0.00117771,0.000504142,0.00289003,-0.000440791,-0.00180767,1.60044e-06,-0.00166041,-0.00023996,-0.00153609,-0.000440791,0.026697,0.000820019,0.000351222,-0.000337212,-0.000421503,-0.000430496,-0.00180767,0.000820019,0.0260742,0.000411722,6.54009e-05,6.97929e-05,4.73024e-05,1.60039e-06,0.000351222,0.000411722,0.046623,
0.00342602,0.000487124,-0.00162834,0.000261114,-0.00166586,-0.0003387,6.58794e-05,0.000487124,0.00128893,0.000413706,0.00117852,-0.000239875,-0.000418585,6.95385e-05,-0.00162834,0.000413706,0.00295799,0.00050557,-0.00153852,-0.000433535,4.73968e-05,0.000261114,0.00117852,0.00050557,0.00289272,-0.000434882,-0.00180883,1.29055e-06,-0.00166586,-0.000239875,-0.00153852,-0.000434882,0.0267084,0.000826846,0.000348729,-0.0003387,-0.000418585,-0.000433535,-0.00180883,0.000826846,0.0260806,0.000412012,6.58794e-05,6.95385e-05,4.73968e-05,1.29052e-06,0.000348729,0.000412012,0.0466231,
0.00343292,0.000487163,-0.0016246,0.00025785,-0.00167127,-0.000340199,6.63563e-05,0.000487162,0.00128767,0.000412559,0.00117932,-0.000239782,-0.000415669,6.92853e-05,-0.0016246,0.000412559,0.00295282,0.000506976,-0.00154099,-0.000436581,4.74936e-05,0.00025785,0.00117932,0.000506976,0.00289541,-0.000428993,-0.00180993,9.77884e-07,-0.00167127,-0.000239782,-0.00154099,-0.000428993,0.0267198,0.000833666,0.000346244,-0.000340199,-0.000415669,-0.000436581,-0.00180993,0.000833666,0.0260871,0.000412307,6.63563e-05,6.92854e-05,4.74936e-05,9.77884e-07,0.000346244,0.000412307,0.0466231,
0.00343979,0.000487186,-0.00162082,0.000254596,-0.00167664,-0.000341709,6.68314e-05,0.000487186,0.00128642,0.000411429,0.00118012,-0.000239678,-0.000412753,6.90332e-05,-0.00162082,0.000411429,0.00294765,0.000508359,-0.00154348,-0.000439632,4.75932e-05,0.000254596,0.00118012,0.000508359,0.00289808,-0.000423129,-0.001811,6.62609e-07,-0.00167664,-0.000239678,-0.00154348,-0.000423129,0.0267312,0.000840483,0.000343762,-0.000341709,-0.000412753,-0.000439632,-0.001811,0.000840483,0.0260935,0.000412607,6.68313e-05,6.90331e-05,4.75932e-05,6.62581e-07,0.000343762,0.000412607,0.0466231,
0.00344665,0.000487193,-0.001617,0.000251352,-0.00168197,-0.00034323,6.73043e-05,0.000487193,0.00128518,0.000410316,0.00118091,-0.000239563,-0.000409838,6.87819e-05,-0.001617,0.000410316,0.00294247,0.000509717,-0.001546,-0.00044269,4.76955e-05,0.000251352,0.00118091,0.000509717,0.00290075,-0.00041729,-0.00181201,3.44808e-07,-0.00168197,-0.000239563,-0.001546,-0.00041729,0.0267426,0.000847293,0.000341287,-0.00034323,-0.000409838,-0.00044269,-0.00181201,0.000847293,0.0260999,0.00041291,6.73043e-05,6.87819e-05,4.76955e-05,3.4478e-07,0.000341287,0.00041291,0.0466231,
0.00345348,0.000487184,-0.00161313,0.000248119,-0.00168726,-0.000344761,6.77751e-05,0.000487184,0.00128394,0.000409219,0.00118169,-0.000239436,-0.000406926,6.85316e-05,-0.00161313,0.000409219,0.0029373,0.00051105,-0.00154855,-0.000445754,4.78004e-05,0.000248119,0.00118169,0.00051105,0.00290341,-0.000411475,-0.00181299,2.45914e-08,-0.00168726,-0.000239436,-0.00154855,-0.000411475,0.026754,0.000854098,0.000338818,-0.000344762,-0.000406926,-0.000445754,-0.00181299,0.000854098,0.0261063,0.000413214,6.77751e-05,6.85316e-05,4.78005e-05,2.45914e-08,0.000338818,0.000413214,0.0466231,
0.00346029,0.000487158,-0.00160921,0.000244898,-0.00169251,-0.000346303,6.82436e-05,0.000487158,0.00128272,0.000408138,0.00118246,-0.000239299,-0.000404015,6.82822e-05,-0.00160921,0.000408138,0.00293213,0.000512359,-0.00155113,-0.000448824,4.79081e-05,0.000244898,0.00118246,0.000512359,0.00290607,-0.000405686,-0.00181392,-2.98067e-07,-0.00169251,-0.000239299,-0.00155113,-0.000405686,0.0267654,0.000860896,0.000336355,-0.000346303,-0.000404015,-0.000448824,-0.00181392,0.000860896,0.0261127,0.00041352,6.82436e-05,6.82822e-05,4.79081e-05,-2.98039e-07,0.000336355,0.00041352,0.0466232,
0.00346708,0.000487114,-0.00160526,0.000241688,-0.00169771,-0.000347854,6.87097e-05,0.000487114,0.0012815,0.000407073,0.00118323,-0.00023915,-0.000401107,6.80335e-05,-0.00160526,0.000407073,0.00292697,0.000513642,-0.00155373,-0.0004519,4.80184e-05,0.000241688,0.00118323,0.000513642,0.00290871,-0.000399922,-0.00181481,-6.23029e-07,-0.00169771,-0.00023915,-0.00155373,-0.000399922,0.0267768,0.000867687,0.000333899,-0.000347854,-0.000401107,-0.0004519,-0.00181481,0.000867687,0.026119,0.000413827,6.87097e-05,6.80335e-05,4.80184e-05,-6.23057e-07,0.000333898,0.000413827,0.0466232,
0.00347384,0.000487054,-0.00160126,0.00023849,-0.00170288,-0.000349414,6.91734e-05,0.000487054,0.00128029,0.000406023,0.001184,-0.00023899,-0.000398201,6.77856e-05,-0.00160126,0.000406023,0.00292181,0.0005149,-0.00155636,-0.000454983,4.81313e-05,0.00023849,0.001184,0.0005149,0.00291136,-0.000394183,-0.00181565,-9.50295e-07,-0.00170288,-0.00023899,-0.00155636,-0.000394183,0.0267883,0.000874471,0.000331449,-0.000349414,-0.000398201,-0.000454983,-0.00181565,0.000874471,0.0261254,0.000414132,6.91735e-05,6.77856e-05,4.81314e-05,-9.50295e-07,0.000331449,0.000414132,0.0466232,
0.00348058,0.000486977,-0.00159723,0.000235304,-0.001708,-0.000350983,6.96349e-05,0.000486977,0.0012791,0.000404989,0.00118476,-0.000238819,-0.000395297,6.75384e-05,-0.00159723,0.000404989,0.00291665,0.000516133,-0.00155901,-0.000458072,4.8247e-05,0.000235304,0.00118476,0.000516133,0.00291399,-0.000388469,-0.00181646,-1.27975e-06,-0.001708,-0.000238819,-0.00155901,-0.000388469,0.0267997,0.000881246,0.000329007,-0.000350983,-0.000395297,-0.000458072,-0.00181646,0.000881246,0.0261317,0.000414437,6.96348e-05,6.75384e-05,4.8247e-05,-1.27975e-06,0.000329007,0.000414437,0.0466232,
0.00348729,0.000486884,-0.00159315,0.000232129,-0.00171308,-0.000352559,7.00938e-05,0.000486884,0.00127791,0.000403969,0.00118551,-0.000238636,-0.000392396,6.72919e-05,-0.00159315,0.000403969,0.0029115,0.000517341,-0.00156169,-0.000461169,4.83652e-05,0.000232129,0.00118551,0.000517341,0.00291661,-0.000382781,-0.00181722,-1.61138e-06,-0.00171308,-0.000238636,-0.00156169,-0.000382781,0.0268111,0.000888013,0.000326571,-0.000352559,-0.000392396,-0.000461169,-0.00181722,0.000888013,0.026138,0.00041474,7.00937e-05,6.72918e-05,4.83652e-05,-1.61138e-06,0.000326571,0.00041474,0.0466232,
0.00349398,0.000486774,-0.00158903,0.000228967,-0.00171812,-0.000354143,7.05502e-05,0.000486774,0.00127673,0.000402964,0.00118626,-0.000238442,-0.000389497,6.7046e-05,-0.00158903,0.000402964,0.00290636,0.000518525,-0.0015644,-0.000464273,4.8486e-05,0.000228967,0.00118626,0.000518525,0.00291923,-0.000377118,-0.00181794,-1.94514e-06,-0.00171812,-0.000238442,-0.0015644,-0.000377118,0.0268225,0.000894771,0.000324143,-0.000354143,-0.000389497,-0.000464273,-0.00181794,0.000894771,0.0261443,0.000415041,7.05502e-05,6.7046e-05,4.8486e-05,-1.94511e-06,0.000324143,0.000415041,0.0466232,
0.00350065,0.000486647,-0.00158487,0.000225816,-0.00172311,-0.000355734,7.10041e-05,0.000486647,0.00127555,0.000401974,0.001187,-0.000238237,-0.000386602,6.68008e-05,-0.00158487,0.000401974,0.00290122,0.000519685,-0.00156713,-0.000467385,4.86096e-05,0.000225816,0.001187,0.000519684,0.00292184,-0.00037148,-0.00181862,-2.28093e-06,-0.00172311,-0.000238237,-0.00156713,-0.00037148,0.026834,0.00090152,0.000321723,-0.000355734,-0.000386602,-0.000467385,-0.00181862,0.00090152,0.0261506,0.000415339,7.10041e-05,6.68008e-05,4.86096e-05,-2.2809e-06,0.000321723,0.000415339,0.0466232,
0.00350729,0.000486504,-0.00158066,0.000222676,-0.00172807,-0.00035733,7.14556e-05,0.000486504,0.00127439,0.000400999,0.00118774,-0.000238021,-0.000383709,6.65563e-05,-0.00158066,0.000400998,0.00289609,0.00052082,-0.00156989,-0.000470504,4.87357e-05,0.000222676,0.00118774,0.00052082,0.00292445,-0.000365867,-0.00181926,-2.61871e-06,-0.00172807,-0.000238021,-0.00156989,-0.000365867,0.0268454,0.000908258,0.000319309,-0.00035733,-0.000383709,-0.000470504,-0.00181926,0.000908258,0.0261569,0.000415633,7.14556e-05,6.65563e-05,4.87358e-05,-2.61868e-06,0.000319309,0.000415633,0.0466232,
0.0035139,0.000486345,-0.00157642,0.000219549,-0.00173298,-0.000358933,7.19045e-05,0.000486345,0.00127324,0.000400037,0.00118847,-0.000237793,-0.000380819,6.63123e-05,-0.00157642,0.000400037,0.00289096,0.000521931,-0.00157267,-0.000473631,4.88645e-05,0.000219549,0.00118847,0.000521931,0.00292704,-0.00036028,-0.00181987,-2.95844e-06,-0.00173298,-0.000237793,-0.00157267,-0.00036028,0.0268568,0.000914986,0.000316904,-0.000358933,-0.000380819,-0.000473631,-0.00181987,0.000914986,0.0261631,0.000415924,7.19045e-05,6.63122e-05,4.88645e-05,-2.95847e-06,0.000316904,0.000415924,0.0466232,
0.00352049,0.00048617,-0.00157214,0.000216433,-0.00173785,-0.00036054,7.23509e-05,0.00048617,0.00127209,0.00039909,0.0011892,-0.000237555,-0.000377932,6.60688e-05,-0.00157214,0.00039909,0.00288584,0.000523018,-0.00157548,-0.000476767,4.89959e-05,0.000216433,0.0011892,0.000523018,0.00292963,-0.000354718,-0.00182043,-3.30005e-06,-0.00173785,-0.000237555,-0.00157548,-0.000354718,0.0268682,0.000921702,0.000314506,-0.00036054,-0.000377932,-0.000476767,-0.00182043,0.000921702,0.0261694,0.000416211,7.23509e-05,6.60689e-05,4.89959e-05,-3.30003e-06,0.000314506,0.000416211,0.0466232,
0.00352705,0.000485979,-0.00156781,0.00021333,-0.00174267,-0.000362152,7.27946e-05,0.000485979,0.00127095,0.000398156,0.00118992,-0.000237305,-0.000375048,6.5826e-05,-0.00156781,0.000398156,0.00288073,0.000524082,-0.00157831,-0.00047991,4.91299e-05,0.00021333,0.00118992,0.000524082,0.00293221,-0.000349181,-0.00182096,-3.64356e-06,-0.00174267,-0.000237305,-0.00157831,-0.000349181,0.0268797,0.000928407,0.000312116,-0.000362152,-0.000375048,-0.00047991,-0.00182096,0.000928407,0.0261756,0.000416493,7.27946e-05,6.5826e-05,4.91299e-05,-3.64353e-06,0.000312116,0.000416493,0.0466232,
0.00353359,0.000485771,-0.00156345,0.000210238,-0.00174746,-0.000363768,7.32357e-05,0.000485771,0.00126982,0.000397236,0.00119064,-0.000237044,-0.000372168,6.55836e-05,-0.00156345,0.000397236,0.00287562,0.000525121,-0.00158117,-0.000483062,4.92665e-05,0.000210238,0.00119064,0.000525121,0.00293478,-0.00034367,-0.00182144,-3.98884e-06,-0.00174746,-0.000237044,-0.00158117,-0.00034367,0.0268911,0.000935099,0.000309734,-0.000363768,-0.000372168,-0.000483062,-0.00182144,0.000935099,0.0261818,0.00041677,7.32357e-05,6.55836e-05,4.92665e-05,-3.98886e-06,0.000309733,0.00041677,0.0466233,
0.0035401,0.000485548,-0.00155904,0.000207158,-0.0017522,-0.000365387,7.36741e-05,0.000485548,0.0012687,0.000396329,0.00119135,-0.000236772,-0.00036929,6.53417e-05,-0.00155904,0.000396329,0.00287053,0.000526138,-0.00158405,-0.000486223,4.94057e-05,0.000207158,0.00119135,0.000526138,0.00293735,-0.000338184,-0.00182189,-4.33589e-06,-0.0017522,-0.000236772,-0.00158405,-0.000338184,0.0269025,0.000941779,0.000307359,-0.000365387,-0.00036929,-0.000486223,-0.00182189,0.000941779,0.026188,0.000417042,7.36741e-05,6.53417e-05,4.94057e-05,-4.33587e-06,0.000307359,0.000417042,0.0466233,
0.00354658,0.000485309,-0.0015546,0.000204089,-0.0017569,-0.000367009,7.41099e-05,0.000485309,0.00126759,0.000395436,0.00119206,-0.00023649,-0.000366416,6.51003e-05,-0.0015546,0.000395436,0.00286544,0.000527131,-0.00158695,-0.000489392,4.95474e-05,0.000204089,0.00119206,0.000527131,0.0029399,-0.000332724,-0.0018223,-4.68461e-06,-0.0017569,-0.00023649,-0.00158695,-0.000332724,0.0269139,0.000948445,0.000304992,-0.000367009,-0.000366416,-0.000489392,-0.0018223,0.000948445,0.0261942,0.000417308,7.41099e-05,6.51004e-05,4.95474e-05,-4.68459e-06,0.000304992,0.000417308,0.0466233,
0.00355304,0.000485055,-0.00155012,0.000201033,-0.00176156,-0.000368633,7.45429e-05,0.000485055,0.00126648,0.000394555,0.00119276,-0.000236196,-0.000363546,6.48594e-05,-0.00155012,0.000394555,0.00286036,0.0005281,-0.00158989,-0.00049257,4.96918e-05,0.000201033,0.00119276,0.0005281,0.00294245,-0.000327289,-0.00182268,-5.035e-06,-0.00176156,-0.000236196,-0.00158989,-0.000327289,0.0269254,0.000955097,0.000302634,-0.000368633,-0.000363546,-0.00049257,-0.00182268,0.000955097,0.0262003,0.000417569,7.45429e-05,6.48595e-05,4.96918e-05,-5.03497e-06,0.000302634,0.000417569,0.0466233,
0.00355947,0.000484785,-0.00154559,0.000197989,-0.00176617,-0.00037026,7.49731e-05,0.000484785,0.00126538,0.000393687,0.00119346,-0.000235891,-0.000360679,6.46189e-05,-0.00154559,0.000393687,0.00285529,0.000529047,-0.00159284,-0.000495758,4.98386e-05,0.000197989,0.00119346,0.000529047,0.00294499,-0.00032188,-0.00182302,-5.38697e-06,-0.00176617,-0.000235891,-0.00159284,-0.00032188,0.0269368,0.000961736,0.000300283,-0.00037026,-0.000360679,-0.000495758,-0.00182302,0.000961736,0.0262065,0.000417824,7.49731e-05,6.46189e-05,4.98386e-05,-5.38697e-06,0.000300283,0.000417824,0.0466233,
0.00356587,0.000484499,-0.00154103,0.000194957,-0.00177074,-0.000371887,7.54006e-05,0.000484499,0.00126429,0.000392832,0.00119416,-0.000235576,-0.000357816,6.43789e-05,-0.00154103,0.000392832,0.00285023,0.00052997,-0.00159582,-0.000498954,4.99881e-05,0.000194957,0.00119416,0.00052997,0.00294752,-0.000316496,-0.00182332,-5.74052e-06,-0.00177074,-0.000235576,-0.00159582,-0.000316496,0.0269482,0.000968359,0.00029794,-0.000371887,-0.000357816,-0.000498954,-0.00182332,0.000968359,0.0262126,0.000418072,7.54006e-05,6.43789e-05,4.99881e-05,-5.74052e-06,0.00029794,0.000418072,0.0466233,
0.00357224,0.000484198,-0.00153643,0.000191937,-0.00177527,-0.000373516,7.58253e-05,0.000484198,0.00126321,0.000391989,0.00119485,-0.000235249,-0.000354956,6.41393e-05,-0.00153643,0.000391989,0.00284518,0.000530871,-0.00159882,-0.00050216,5.01401e-05,0.000191937,0.00119485,0.000530871,0.00295005,-0.000311138,-0.00182359,-6.0956e-06,-0.00177527,-0.000235249,-0.00159882,-0.000311138,0.0269596,0.000974967,0.000295605,-0.000373516,-0.000354956,-0.00050216,-0.00182359,0.000974967,0.0262187,0.000418314,7.58252e-05,6.41393e-05,5.01401e-05,-6.09557e-06,0.000295605,0.000418314,0.0466233,
0.00357859,0.000483881,-0.00153179,0.000188929,-0.00177976,-0.000375144,7.62471e-05,0.000483881,0.00126214,0.000391159,0.00119554,-0.000234912,-0.000352101,6.39001e-05,-0.00153179,0.000391158,0.00284015,0.000531749,-0.00160184,-0.000505375,5.02945e-05,0.000188929,0.00119554,0.000531749,0.00295256,-0.000305806,-0.00182383,-6.45212e-06,-0.00177976,-0.000234912,-0.00160184,-0.000305806,0.026971,0.00098156,0.000293278,-0.000375144,-0.000352101,-0.000505375,-0.00182383,0.00098156,0.0262248,0.000418549,7.62471e-05,6.39001e-05,5.02946e-05,-6.45212e-06,0.000293278,0.000418549,0.0466233,
0.00358491,0.00048355,-0.00152712,0.000185933,-0.00178421,-0.000376773,7.6666e-05,0.00048355,0.00126107,0.00039034,0.00119622,-0.000234564,-0.000349249,6.36613e-05,-0.00152712,0.00039034,0.00283512,0.000532604,-0.00160489,-0.000508599,5.04515e-05,0.000185933,0.00119622,0.000532604,0.00295507,-0.000300499,-0.00182403,-6.81005e-06,-0.00178421,-0.000234564,-0.00160489,-0.000300499,0.0269824,0.000988136,0.000290959,-0.000376773,-0.000349249,-0.000508599,-0.00182403,0.000988136,0.0262309,0.000418778,7.6666e-05,6.36613e-05,5.04515e-05,-6.81011e-06,0.000290959,0.000418778,0.0466233,
0.00359119,0.000483203,-0.0015224,0.000182949,-0.00178861,-0.000378401,7.7082e-05,0.000483203,0.00126002,0.000389533,0.0011969,-0.000234206,-0.000346401,6.34229e-05,-0.0015224,0.000389533,0.0028301,0.000533437,-0.00160796,-0.000511833,5.06111e-05,0.000182949,0.0011969,0.000533437,0.00295757,-0.000295218,-0.00182419,-7.1694e-06,-0.00178861,-0.000234206,-0.00160796,-0.000295218,0.0269937,0.000994695,0.000288649,-0.0003784,-0.000346401,-0.000511833,-0.00182419,0.000994695,0.0262369,0.000419,7.7082e-05,6.34228e-05,5.06111e-05,-7.16943e-06,0.000288649,0.000419,0.0466233,
0.00359745,0.000482841,-0.00151765,0.000179978,-0.00179297,-0.000380027,7.74951e-05,0.000482841,0.00125897,0.000388737,0.00119758,-0.000233837,-0.000343557,6.31848e-05,-0.00151765,0.000388737,0.0028251,0.000534247,-0.00161106,-0.000515077,5.0773e-05,0.000179978,0.00119758,0.000534247,0.00296006,-0.000289963,-0.00182433,-7.53006e-06,-0.00179297,-0.000233837,-0.00161106,-0.000289963,0.0270051,0.00100124,0.000286346,-0.000380027,-0.000343557,-0.000515077,-0.00182433,0.00100124,0.026243,0.000419214,7.74951e-05,6.31848e-05,5.07731e-05,-7.53003e-06,0.000286346,0.000419214,0.0466233,
0.00360368,0.000482464,-0.00151286,0.000177019,-0.00179728,-0.000381652,7.79052e-05,0.000482464,0.00125792,0.000387953,0.00119825,-0.000233457,-0.000340717,6.29471e-05,-0.00151286,0.000387953,0.00282011,0.000535035,-0.00161417,-0.00051833,5.09374e-05,0.000177019,0.00119825,0.000535035,0.00296254,-0.000284733,-0.00182443,-7.89202e-06,-0.00179728,-0.000233457,-0.00161417,-0.000284733,0.0270165,0.00100776,0.000284051,-0.000381652,-0.000340717,-0.00051833,-0.00182443,0.00100776,0.026249,0.000419422,7.79052e-05,6.29471e-05,5.09375e-05,-7.89202e-06,0.000284051,0.000419422,0.0466233,
0.00360988,0.000482072,-0.00150803,0.000174072,-0.00180156,-0.000383275,7.83123e-05,0.000482072,0.00125689,0.000387179,0.00119892,-0.000233066,-0.000337882,6.27097e-05,-0.00150803,0.000387179,0.00281513,0.000535801,-0.00161731,-0.000521593,5.11043e-05,0.000174072,0.00119892,0.000535801,0.00296501,-0.000279529,-0.0018245,-8.25526e-06,-0.00180156,-0.000233066,-0.00161731,-0.000279529,0.0270278,0.00101427,0.000281764,-0.000383275,-0.000337882,-0.000521593,-0.0018245,0.00101427,0.026255,0.000419622,7.83123e-05,6.27097e-05,5.11043e-05,-8.25523e-06,0.000281764,0.000419622,0.0466233,
0.00361605,0.000481665,-0.00150317,0.000171138,-0.00180579,-0.000384895,7.87164e-05,0.000481665,0.00125586,0.000386417,0.00119958,-0.000232665,-0.000335051,6.24727e-05,-0.00150317,0.000386417,0.00281017,0.000536545,-0.00162047,-0.000524866,5.12737e-05,0.000171138,0.00119958,0.000536545,0.00296747,-0.00027435,-0.00182453,-8.61966e-06,-0.00180579,-0.000232665,-0.00162047,-0.00027435,0.0270392,0.00102076,0.000279485,-0.000384895,-0.00033505,-0.000524866,-0.00182453,0.00102076,0.026261,0.000419815,7.87164e-05,6.24727e-05,5.12737e-05,-8.61966e-06,0.000279485,0.000419815,0.0466233,
0.00362219,0.000481244,-0.00149827,0.000168216,-0.00180998,-0.000386512,7.91174e-05,0.000481244,0.00125484,0.000385665,0.00120024,-0.000232254,-0.000332224,6.2236e-05,-0.00149827,0.000385665,0.00280522,0.000537267,-0.00162365,-0.000528149,5.14454e-05,0.000168216,0.00120024,0.000537267,0.00296993,-0.000269198,-0.00182454,-8.98526e-06,-0.00180998,-0.000232254,-0.00162365,-0.000269198,0.0270505,0.00102723,0.000277215,-0.000386512,-0.000332224,-0.000528149,-0.00182454,0.00102723,0.026267,0.00042,7.91174e-05,6.22359e-05,5.14454e-05,-8.98531e-06,0.000277214,0.00042,0.0466233,
0.0036283,0.000480808,-0.00149333,0.000165307,-0.00181412,-0.000388125,7.95154e-05,0.000480808,0.00125383,0.000384924,0.0012009,-0.000231832,-0.000329401,6.19996e-05,-0.00149333,0.000384924,0.00280028,0.000537968,-0.00162686,-0.000531442,5.16196e-05,0.000165307,0.0012009,0.000537968,0.00297238,-0.000264071,-0.00182451,-9.35196e-06,-0.00181412,-0.000231832,-0.00162686,-0.000264071,0.0270619,0.00103368,0.000274952,-0.000388125,-0.000329401,-0.000531442,-0.00182451,0.00103368,0.0262729,0.000420178,7.95153e-05,6.19996e-05,5.16195e-05,-9.35202e-06,0.000274952,0.000420178,0.0466233,
0.00363438,0.000480357,-0.00148836,0.00016241,-0.00181822,-0.000389734,7.99102e-05,0.000480357,0.00125282,0.000384194,0.00120155,-0.0002314,-0.000326583,6.17635e-05,-0.00148836,0.000384194,0.00279535,0.000538646,-0.00163008,-0.000534745,5.17961e-05,0.00016241,0.00120155,0.000538646,0.00297481,-0.00025897,-0.00182446,-9.71981e-06,-0.00181822,-0.0002314,-0.00163008,-0.00025897,0.0270732,0.0010401,0.000272697,-0.000389734,-0.000326583,-0.000534745,-0.00182446,0.0010401,0.0262788,0.000420348,7.99102e-05,6.17635e-05,5.17961e-05,-9.71978e-06,0.000272697,0.000420348,0.0466233,
0.00364043,0.000479892,-0.00148335,0.000159526,-0.00182228,-0.000391339,8.03019e-05,0.000479892,0.00125182,0.000383473,0.00120221,-0.000230958,-0.00032377,6.15278e-05,-0.00148335,0.000383473,0.00279045,0.000539303,-0.00163333,-0.000538058,5.1975e-05,0.000159526,0.00120221,0.000539303,0.00297724,-0.000253895,-0.00182437,-1.00887e-05,-0.00182228,-0.000230958,-0.00163333,-0.000253895,0.0270845,0.00104651,0.00027045,-0.000391339,-0.00032377,-0.000538058,-0.00182437,0.00104651,0.0262848,0.00042051,8.03019e-05,6.15277e-05,5.1975e-05,-1.00887e-05,0.00027045,0.00042051,0.0466233,
0.00364644,0.000479413,-0.00147831,0.000156654,-0.00182629,-0.000392939,8.06905e-05,0.000479413,0.00125083,0.000382762,0.00120285,-0.000230505,-0.000320961,6.12923e-05,-0.00147831,0.000382762,0.00278555,0.000539939,-0.00163659,-0.000541382,5.21562e-05,0.000156654,0.00120285,0.000539939,0.00297966,-0.000248845,-0.00182425,-1.04585e-05,-0.00182629,-0.000230505,-0.00163659,-0.000248845,0.0270958,0.0010529,0.000268211,-0.000392939,-0.000320961,-0.000541382,-0.00182425,0.0010529,0.0262906,0.000420665,8.06905e-05,6.12922e-05,5.21562e-05,-1.04585e-05,0.000268211,0.000420665,0.0466233,
0.00365243,0.000478919,-0.00147323,0.000153795,-0.00183027,-0.000394533,8.10758e-05,0.000478919,0.00124985,0.000382061,0.0012035,-0.000230043,-0.000318157,6.10571e-05,-0.00147323,0.000382061,0.00278067,0.000540554,-0.00163988,-0.000544715,5.23398e-05,0.000153795,0.0012035,0.000540554,0.00298207,-0.000243821,-0.00182411,-1.08294e-05,-0.00183027,-0.000230043,-0.00163988,-0.000243821,0.0271071,0.00105927,0.00026598,-0.000394533,-0.000318157,-0.000544715,-0.00182411,0.00105927,0.0262965,0.000420813,8.10758e-05,6.10571e-05,5.23399e-05,-1.08293e-05,0.00026598,0.000420813,0.0466233,
0.00365838,0.000478412,-0.00146812,0.000150949,-0.00183419,-0.000396122,8.14579e-05,0.000478412,0.00124887,0.000381369,0.00120414,-0.00022957,-0.000315358,6.08222e-05,-0.00146812,0.000381369,0.00277581,0.000541147,-0.00164318,-0.000548059,5.25257e-05,0.000150949,0.00120414,0.000541147,0.00298448,-0.000238823,-0.00182393,-1.12011e-05,-0.00183419,-0.00022957,-0.00164318,-0.000238823,0.0271183,0.00106562,0.000263756,-0.000396122,-0.000315358,-0.000548059,-0.00182393,0.00106562,0.0263024,0.000420952,8.14579e-05,6.08222e-05,5.25257e-05,-1.12011e-05,0.000263756,0.000420952,0.0466233,
0.0036643,0.00047789,-0.00146298,0.000148116,-0.00183808,-0.000397705,8.18368e-05,0.00047789,0.00124791,0.000380687,0.00120478,-0.000229087,-0.000312563,6.05876e-05,-0.00146298,0.000380687,0.00277097,0.00054172,-0.00164651,-0.000551412,5.27139e-05,0.000148116,0.00120478,0.00054172,0.00298687,-0.000233851,-0.00182373,-1.15738e-05,-0.00183808,-0.000229087,-0.00164651,-0.000233851,0.0271296,0.00107194,0.000261541,-0.000397705,-0.000312563,-0.000551413,-0.00182373,0.00107194,0.0263082,0.000421084,8.18368e-05,6.05876e-05,5.27139e-05,-1.15738e-05,0.000261541,0.000421084,0.0466234,
0.00367019,0.000477354,-0.00145779,0.000145295,-0.00184192,-0.00039928,8.22124e-05,0.000477354,0.00124694,0.000380014,0.00120542,-0.000228595,-0.000309774,6.03533e-05,-0.00145779,0.000380014,0.00276614,0.000542271,-0.00164986,-0.000554777,5.29044e-05,0.000145295,0.00120542,0.000542271,0.00298926,-0.000228904,-0.0018235,-1.19473e-05,-0.00184192,-0.000228595,-0.00164986,-0.000228904,0.0271408,0.00107824,0.000259333,-0.00039928,-0.000309774,-0.000554777,-0.0018235,0.00107824,0.026314,0.000421208,8.22124e-05,6.03533e-05,5.29043e-05,-1.19473e-05,0.000259333,0.000421208,0.0466234,
0.00367604,0.000476805,-0.00145258,0.000142487,-0.00184572,-0.000400849,8.25847e-05,0.000476805,0.00124599,0.00037935,0.00120605,-0.000228093,-0.000306989,6.01192e-05,-0.00145258,0.00037935,0.00276132,0.000542802,-0.00165322,-0.000558151,5.30971e-05,0.000142487,0.00120605,0.000542802,0.00299163,-0.000223983,-0.00182324,-1.23216e-05,-0.00184572,-0.000228093,-0.00165322,-0.000223983,0.0271521,0.00108452,0.000257134,-0.000400849,-0.000306989,-0.000558151,-0.00182324,0.00108452,0.0263198,0.000421324,8.25847e-05,6.01192e-05,5.30971e-05,-1.23216e-05,0.000257134,0.000421324,0.0466234,
0.00368186,0.000476242,-0.00144733,0.000139693,-0.00184947,-0.00040241,8.29537e-05,0.000476242,0.00124504,0.000378695,0.00120668,-0.00022758,-0.000304209,5.98854e-05,-0.00144733,0.000378695,0.00275653,0.000543312,-0.00165661,-0.000561535,5.3292e-05,0.000139692,0.00120668,0.000543312,0.002994,-0.000219088,-0.00182296,-1.26968e-05,-0.00184947,-0.00022758,-0.00165661,-0.000219088,0.0271633,0.00109078,0.000254942,-0.00040241,-0.000304209,-0.000561535,-0.00182296,0.00109078,0.0263256,0.000421433,8.29536e-05,5.98854e-05,5.3292e-05,-1.26968e-05,0.000254942,0.000421433,0.0466234,
0.00368765,0.000475665,-0.00144205,0.000136911,-0.00185319,-0.000403963,8.33193e-05,0.000475665,0.0012441,0.000378048,0.00120731,-0.000227058,-0.000301435,5.96519e-05,-0.00144205,0.000378048,0.00275175,0.000543802,-0.00166001,-0.00056493,5.34892e-05,0.000136911,0.00120731,0.000543802,0.00299636,-0.000214219,-0.00182265,-1.30726e-05,-0.00185319,-0.000227058,-0.00166001,-0.000214219,0.0271745,0.00109701,0.000252758,-0.000403963,-0.000301435,-0.00056493,-0.00182265,0.00109701,0.0263314,0.000421533,8.33193e-05,5.96519e-05,5.34892e-05,-1.30726e-05,0.000252758,0.000421533,0.0466234,
0.0036934,0.000475074,-0.00143674,0.000134142,-0.00185685,-0.000405508,8.36816e-05,0.000475074,0.00124316,0.000377409,0.00120794,-0.000226527,-0.000298666,5.94186e-05,-0.00143674,0.000377409,0.00274699,0.000544272,-0.00166343,-0.000568335,5.36885e-05,0.000134142,0.00120794,0.000544272,0.0029987,-0.000209375,-0.00182231,-1.34492e-05,-0.00185685,-0.000226527,-0.00166343,-0.000209375,0.0271857,0.00110322,0.000250581,-0.000405508,-0.000298666,-0.000568335,-0.00182231,0.00110322,0.0263371,0.000421626,8.36816e-05,5.94186e-05,5.36885e-05,-1.34492e-05,0.000250581,0.000421626,0.0466234,
0.00369912,0.000474471,-0.00143139,0.000131385,-0.00186048,-0.000407044,8.40404e-05,0.000474471,0.00124224,0.000376779,0.00120856,-0.000225986,-0.000295902,5.91855e-05,-0.00143139,0.000376779,0.00274225,0.000544721,-0.00166687,-0.000571751,5.389e-05,0.000131386,0.00120856,0.000544721,0.00300104,-0.000204557,-0.00182195,-1.38265e-05,-0.00186048,-0.000225986,-0.00166687,-0.000204557,0.0271968,0.0011094,0.000248412,-0.000407044,-0.000295902,-0.000571751,-0.00182195,0.0011094,0.0263428,0.000421712,8.40404e-05,5.91855e-05,5.38901e-05,-1.38264e-05,0.000248413,0.000421712,0.0466234,
0.00370481,0.000473853,-0.00142601,0.000128643,-0.00186406,-0.000408571,8.43959e-05,0.000473853,0.00124132,0.000376157,0.00120918,-0.000225436,-0.000293143,5.89528e-05,-0.00142601,0.000376157,0.00273752,0.00054515,-0.00167033,-0.000575176,5.40937e-05,0.000128643,0.00120918,0.00054515,0.00300337,-0.000199765,-0.00182156,-1.42044e-05,-0.00186406,-0.000225436,-0.00167033,-0.000199765,0.027208,0.00111556,0.000246251,-0.000408571,-0.000293143,-0.000575176,-0.00182156,0.00111556,0.0263485,0.000421789,8.43959e-05,5.89528e-05,5.40937e-05,-1.42044e-05,0.000246251,0.000421789,0.0466234,
0.00371046,0.000473223,-0.0014206,0.000125913,-0.0018676,-0.000410089,8.47479e-05,0.000473223,0.0012404,0.000375543,0.0012098,-0.000224876,-0.000290389,5.87203e-05,-0.0014206,0.000375543,0.00273282,0.000545559,-0.00167381,-0.000578612,5.42995e-05,0.000125913,0.0012098,0.000545559,0.00300569,-0.000194998,-0.00182114,-1.45829e-05,-0.0018676,-0.000224876,-0.00167381,-0.000194998,0.0272191,0.0011217,0.000244098,-0.000410089,-0.000290389,-0.000578612,-0.00182114,0.0011217,0.0263542,0.000421859,8.47479e-05,5.87203e-05,5.42995e-05,-1.45829e-05,0.000244098,0.000421859,0.0466234,
0.00371608,0.00047258,-0.00141516,0.000123196,-0.00187109,-0.000411597,8.50965e-05,0.00047258,0.00123949,0.000374936,0.00121042,-0.000224307,-0.000287641,5.8488e-05,-0.00141516,0.000374936,0.00272813,0.000545948,-0.0016773,-0.000582058,5.45074e-05,0.000123196,0.00121042,0.000545948,0.00300801,-0.000190257,-0.00182071,-1.49619e-05,-0.00187109,-0.000224307,-0.0016773,-0.000190257,0.0272302,0.00112781,0.000241952,-0.000411597,-0.000287641,-0.000582058,-0.00182071,0.00112781,0.0263598,0.000421921,8.50965e-05,5.8488e-05,5.45074e-05,-1.49619e-05,0.000241952,0.000421921,0.0466234,
0.00372166,0.000471924,-0.00140969,0.000120492,-0.00187454,-0.000413094,8.54416e-05,0.000471924,0.00123859,0.000374337,0.00121103,-0.000223728,-0.000284899,5.8256e-05,-0.00140969,0.000374337,0.00272347,0.000546318,-0.00168082,-0.000585514,5.47174e-05,0.000120492,0.00121103,0.000546318,0.00301031,-0.000185542,-0.00182024,-1.53415e-05,-0.00187454,-0.000223728,-0.00168082,-0.000185542,0.0272413,0.00113389,0.000239814,-0.000413094,-0.000284899,-0.000585514,-0.00182024,0.00113389,0.0263655,0.000421976,8.54416e-05,5.8256e-05,5.47174e-05,-1.53415e-05,0.000239814,0.000421976,0.0466234,
0.0037272,0.000471254,-0.00140418,0.000117802,-0.00187795,-0.000414581,8.57831e-05,0.000471254,0.0012377,0.000373745,0.00121165,-0.000223141,-0.000282161,5.80242e-05,-0.00140418,0.000373745,0.00271882,0.000546668,-0.00168434,-0.00058898,5.49294e-05,0.000117802,0.00121165,0.000546668,0.0030126,-0.000180852,-0.00181976,-1.57216e-05,-0.00187795,-0.000223141,-0.00168434,-0.000180852,0.0272524,0.00113995,0.000237684,-0.000414581,-0.000282161,-0.00058898,-0.00181976,0.00113995,0.0263711,0.000422023,8.57832e-05,5.80242e-05,5.49294e-05,-1.57216e-05,0.000237684,0.000422023,0.0466235,
0.00373271,0.000470572,-0.00139865,0.000115125,-0.00188131,-0.000416056,8.61212e-05,0.000470572,0.00123681,0.00037316,0.00121226,-0.000222544,-0.00027943,5.77926e-05,-0.00139865,0.00037316,0.0027142,0.000546999,-0.00168789,-0.000592457,5.51435e-05,0.000115125,0.00121226,0.000546999,0.00301489,-0.000176188,-0.00181925,-1.61022e-05,-0.00188131,-0.000222544,-0.00168789,-0.000176188,0.0272635,0.00114598,0.000235561,-0.000416056,-0.00027943,-0.000592457,-0.00181925,0.00114598,0.0263767,0.000422062,8.61212e-05,5.77927e-05,5.51435e-05,-1.61022e-05,0.000235561,0.000422062,0.0466235,
0.00373819,0.000469878,-0.00139308,0.000112461,-0.00188463,-0.00041752,8.64557e-05,0.000469878,0.00123593,0.000372582,0.00121287,-0.000221939,-0.000276704,5.75613e-05,-0.00139308,0.000372582,0.00270959,0.00054731,-0.00169145,-0.000595943,5.53596e-05,0.000112461,0.00121287,0.00054731,0.00301716,-0.00017155,-0.00181872,-1.64832e-05,-0.00188463,-0.000221939,-0.00169145,-0.00017155,0.0272745,0.00115199,0.000233445,-0.00041752,-0.000276704,-0.000595943,-0.00181872,0.00115199,0.0263823,0.000422094,8.64557e-05,5.75613e-05,5.53596e-05,-1.64832e-05,0.000233445,0.000422094,0.0466235,
0.00374363,0.000469171,-0.00138749,0.000109811,-0.00188791,-0.000418973,8.67867e-05,0.000469171,0.00123506,0.000372011,0.00121347,-0.000221325,-0.000273984,5.73303e-05,-0.00138749,0.000372011,0.00270501,0.000547602,-0.00169503,-0.000599439,5.55777e-05,0.000109811,0.00121347,0.000547602,0.00301943,-0.000166937,-0.00181816,-1.68646e-05,-0.00188791,-0.000221325,-0.00169503,-0.000166937,0.0272855,0.00115797,0.000231337,-0.000418973,-0.000273984,-0.000599439,-0.00181816,0.00115797,0.0263878,0.000422119,8.67867e-05,5.73303e-05,5.55777e-05,-1.68646e-05,0.000231337,0.000422119,0.0466235,
0.00374903,0.000468451,-0.00138187,0.000107173,-0.00189114,-0.000420413,8.7114e-05,0.000468451,0.00123419,0.000371447,0.00121408,-0.000220702,-0.000271269,5.70995e-05,-0.00138187,0.000371447,0.00270045,0.000547875,-0.00169862,-0.000602945,5.57977e-05,0.000107173,0.00121408,0.000547875,0.00302169,-0.00016235,-0.00181759,-1.72465e-05,-0.00189114,-0.000220702,-0.00169862,-0.00016235,0.0272965,0.00116392,0.000229236,-0.000420413,-0.000271269,-0.000602945,-0.00181759,0.00116392,0.0263934,0.000422135,8.7114e-05,5.70994e-05,5.57977e-05,-1.72464e-05,0.000229236,0.000422135,0.0466235,
0.00375439,0.000467719,-0.00137621,0.00010455,-0.00189433,-0.000421841,8.74378e-05,0.000467719,0.00123333,0.000370889,0.00121468,-0.00022007,-0.00026856,5.68689e-05,-0.00137621,0.000370889,0.0026959,0.000548129,-0.00170223,-0.000606461,5.60197e-05,0.00010455,0.00121468,0.000548129,0.00302393,-0.000157788,-0.00181699,-1.76286e-05,-0.00189433,-0.00022007,-0.00170223,-0.000157788,0.0273075,0.00116984,0.000227143,-0.000421841,-0.00026856,-0.000606461,-0.00181699,0.00116984,0.0263989,0.000422145,8.74378e-05,5.68688e-05,5.60196e-05,-1.76286e-05,0.000227143,0.000422145,0.0466235,
0.00375972,0.000466975,-0.00137053,0.000101939,-0.00189747,-0.000423257,8.77579e-05,0.000466975,0.00123247,0.000370337,0.00121528,-0.00021943,-0.000265857,5.66385e-05,-0.00137053,0.000370337,0.00269138,0.000548365,-0.00170586,-0.000609987,5.62436e-05,0.000101939,0.00121528,0.000548365,0.00302617,-0.000153252,-0.00181637,-1.8011e-05,-0.00189747,-0.00021943,-0.00170586,-0.000153252,0.0273185,0.00117574,0.000225057,-0.000423257,-0.000265857,-0.000609987,-0.00181637,0.00117574,0.0264044,0.000422147,8.77579e-05,5.66385e-05,5.62436e-05,-1.8011e-05,0.000225057,0.000422147,0.0466235,
0.00376502,0.000466219,-0.00136482,9.93425e-05,-0.00190057,-0.000424659,8.80744e-05,0.000466219,0.00123162,0.000369792,0.00121588,-0.000218781,-0.00026316,5.64084e-05,-0.00136482,0.000369792,0.00268689,0.000548582,-0.0017095,-0.000613523,5.64693e-05,9.93425e-05,0.00121588,0.000548582,0.0030284,-0.000148741,-0.00181573,-1.83938e-05,-0.00190057,-0.000218781,-0.0017095,-0.000148741,0.0273294,0.00118161,0.000222979,-0.000424659,-0.00026316,-0.000613523,-0.00181573,0.00118161,0.0264098,0.000422142,8.80744e-05,5.64084e-05,5.64693e-05,-1.83938e-05,0.000222979,0.000422142,0.0466235,
