0.00367021,-0.000797951,-0.00109271,-0.00054896,-0.00211733,0.000232936,0.000105541,-0.000797951,0.00127918,-0.000859148,0.000739964,0.000559809,-0.000195822,-7.83477e-05,-0.00109271,-0.000859148,0.00391599,-0.00043247,-0.00220709,0.00020649,0.000115957,-0.00054896,0.000739964,-0.00043247,0.00228412,-0.000528464,-0.00112834,-4.18694e-05,-0.00211733,0.000559809,-0.00220709,-0.000528464,0.0270127,-1.6815e-05,0.000980396,0.000232936,-0.000195822,0.00020649,-0.00112834,-1.6815e-05,0.024872,-0.00032783,0.000105541,-7.83477e-05,0.000115957,-4.18694e-05,0.000980396,-0.00032783,0.0466704,
0.00366887,-0.000798772,-0.00109448,-0.000548019,-0.00211581,0,0.000105701,-0.000798772,0.00128106,-0.000860046,0.000739577,0.000562548,0,-7.83389e-05,-0.00109448,-0.000860046,0.00391387,-0.000432076,-0.0022057,0,0.000116093,-0.000548019,0.000739577,-0.000432076,0.00228272,-0.000528183,0,-4.18021e-05,-0.00211581,0.000562548,-0.0022057,-0.000528183,0.027013,0,0.00097865,0.000233071,-0.000195843,0.000206794,-0.00113268,-1.67343e-05,0,-0.000326977,0.000105701,-7.83389e-05,0.000116093,-4.18021e-05,0.00097865,0,0.0466702,
0.00366787,-0.000799898,-0.00109574,-0.000547055,-0.00211461,0.000232267,0.000105928,-0.000799898,0.001283,-0.000861303,0.000738342,0.000564617,-0.000195317,-7.832e-05,-0.00109574,-0.000861303,0.00391236,-0.000431134,-0.00220462,0.000206047,0.000116298,-0.000547055,0.000738342,-0.000431134,0.00228016,-0.000526897,-0.00113796,-4.16908e-05,-0.00211461,0.000564617,-0.00220462,-0.000526897,0.0270139,-1.51485e-05,0.000975972,0.000232267,-0.000195317,0.000206047,-0.00113796,-1.51485e-05,0.0248772,-0.000326425,0.000105928,-7.832e-05,0.000116298,-4.16908e-05,0.000975972,-0.000326425,0.0466699,
0.00366774,-0.00080135,-0.00109681,-0.000544934,-0.0021136,0.000230296,0.000106215,-0.00080135,0.0012853,-0.000862734,0.000736723,0.000565926,-0.000195008,-7.83946e-05,-0.00109681,-0.000862734,0.00391056,-0.000430377,-0.00220381,0.000204394,0.000116514,-0.000544934,0.000736723,-0.000430377,0.00227693,-0.00052467,-0.00114257,-4.1662e-05,-0.0021136,0.000565926,-0.00220381,-0.00052467,0.0270147,-1.23245e-05,0.000973921,0.000230296,-0.000195008,0.000204394,-0.00114257,-1.23245e-05,0.0248797,-0.000326027,0.000106215,-7.83946e-05,0.000116514,-4.16621e-05,0.000973921,-0.000326027,0.0466697,
0.00366869,-0.000803057,-0.0010977,-0.000541411,-0.00211289,0.000226932,0.000106573,-0.000803057,0.00128785,-0.000864191,0.000734913,0.000566473,-0.000194796,-7.85222e-05,-0.0010977,-0.000864191,0.00390829,-0.000430105,-0.00220341,0.000201775,0.000116733,-0.000541411,0.000734913,-0.000430105,0.00227324,-0.000521452,-0.00114704,-4.16995e-05,-0.00211289,0.000566473,-0.00220341,-0.000521452,0.0270156,-7.96208e-06,0.000972044,0.000226932,-0.000194796,0.000201775,-0.00114704,-7.96208e-06,0.024882,-0.000325743,0.000106573,-7.85222e-05,0.000116733,-4.16995e-05,0.000972044,-0.000325743,0.0466694,
0.00367051,-0.000804992,-0.00109845,-0.000536727,-0.00211234,0.000222978,0.00010699,-0.000804992,0.00129053,-0.000865679,0.000732923,0.000567014,-0.000194504,-7.86545e-05,-0.00109845,-0.000865679,0.00390564,-0.000430277,-0.00220326,0.000198979,0.000116954,-0.000536727,0.000732923,-0.000430277,0.0022692,-0.000518424,-0.0011518,-4.1719e-05,-0.00211234,0.000567014,-0.00220326,-0.000518424,0.0270167,-2.96818e-06,0.00096987,0.000222978,-0.000194504,0.000198979,-0.0011518,-2.96818e-06,0.0248847,-0.000325476,0.000106989,-7.86545e-05,0.000116954,-4.1719e-05,0.00096987,-0.000325476,0.0466691,
0.00367312,-0.000807116,-0.00109901,-0.000531063,-0.00211192,0.000218811,0.000107442,-0.000807116,0.00129329,-0.000867191,0.000730759,0.000567646,-0.000194227,-7.88057e-05,-0.00109901,-0.000867191,0.00390272,-0.000430824,-0.00220329,0.000196313,0.000117169,-0.000531063,0.000730759,-0.000430824,0.00226495,-0.000516015,-0.00115628,-4.17247e-05,-0.00211192,0.000567646,-0.00220329,-0.000516015,0.0270176,2.10965e-06,0.000967818,0.000218811,-0.000194227,0.000196313,-0.00115628,2.10965e-06,0.0248872,-0.000325197,0.000107442,-7.88057e-05,0.000117169,-4.17247e-05,0.000967818,-0.000325197,0.0466689,
0.00367635,-0.000809393,-0.00109943,-0.000524554,-0.00211162,0.000214238,0.000107931,-0.000809393,0.00129612,-0.00086872,0.000728448,0.000568258,-0.000193892,-7.89609e-05,-0.00109943,-0.00086872,0.00389956,-0.000431688,-0.00220349,0.000193539,0.000117385,-0.000524554,0.000728448,-0.000431688,0.00226049,-0.000513806,-0.00116086,-4.17189e-05,-0.00211162,0.000568258,-0.00220349,-0.000513806,0.0270187,7.5932e-06,0.000965622,0.000214238,-0.000193892,0.000193539,-0.00116086,7.5932e-06,0.0248899,-0.000324915,0.000107931,-7.89609e-05,0.000117385,-4.17189e-05,0.000965622,-0.000324915,0.0466686,
0.0036799,-0.000811754,-0.00109966,-0.000517652,-0.00211141,0.000209545,0.000108433,-0.000811754,0.00129894,-0.000870274,0.000725976,0.000568847,-0.000193506,-7.912e-05,-0.00109966,-0.000870274,0.0038964,-0.000432653,-0.0022038,0.000190775,0.000117602,-0.000517652,0.000725976,-0.000432653,0.00225588,-0.000511877,-0.00116529,-4.1704e-05,-0.00211141,0.000568847,-0.0022038,-0.000511877,0.0270198,1.31476e-05,0.000963467,0.000209545,-0.000193506,0.000190775,-0.00116529,1.31476e-05,0.0248926,-0.000324617,0.000108433,-7.91199e-05,0.000117602,-4.1704e-05,0.000963467,-0.000324617,0.0466683,
0.00368363,-0.000814165,-0.00109979,-0.000510474,-0.00211123,0.000204748,0.000108942,-0.000814165,0.00130177,-0.000871843,0.000723399,0.000569436,-0.000193075,-7.92783e-05,-0.00109979,-0.000871843,0.00389324,-0.000433687,-0.00220418,0.000187996,0.00011782,-0.000510474,0.000723398,-0.000433687,0.00225121,-0.000510108,-0.00116967,-4.16814e-05,-0.00211123,0.000569436,-0.00220418,-0.000510108,0.027021,1.87884e-05,0.000961278,0.000204748,-0.000193075,0.000187996,-0.00116967,1.87884e-05,0.0248952,-0.000324297,0.000108942,-7.92783e-05,0.00011782,-4.16814e-05,0.000961278,-0.000324297,0.0466681,
0.00368744,-0.000816603,-0.00109984,-0.000503109,-0.00211107,0.00019988,0.000109451,-0.000816603,0.00130459,-0.000873418,0.000720746,0.000570022,-0.000192618,-7.94367e-05,-0.00109984,-0.000873418,0.00389007,-0.000434763,-0.00220459,0.000185205,0.000118038,-0.000503109,0.000720746,-0.000434763,0.0022465,-0.000508451,-0.00117399,-4.16556e-05,-0.00211107,0.000570022,-0.00220459,-0.000508451,0.0270223,2.44768e-05,0.000959086,0.00019988,-0.000192618,0.000185205,-0.00117399,2.44769e-05,0.0248979,-0.000323951,0.000109451,-7.94366e-05,0.000118038,-4.16556e-05,0.000959086,-0.000323951,0.0466678,
0.00369127,-0.00081905,-0.00109984,-0.000495618,-0.00211091,0.000194955,0.000109957,-0.00081905,0.00130741,-0.000874994,0.00071804,0.000570611,-0.000192138,-7.95932e-05,-0.00109984,-0.000874994,0.00388692,-0.000435862,-0.00220502,0.000182394,0.000118254,-0.000495618,0.00071804,-0.000435862,0.00224179,-0.000506857,-0.00117827,-4.16274e-05,-0.00211091,0.000570611,-0.00220502,-0.000506857,0.0270236,3.02107e-05,0.000956874,0.000194955,-0.000192138,0.000182394,-0.00117827,3.02107e-05,0.0249007,-0.000323577,0.000109957,-7.95932e-05,0.000118254,-4.16275e-05,0.000956874,-0.000323577,0.0466676,
0.00369509,-0.000821497,-0.0010998,-0.000488041,-0.00211073,0.000189987,0.000110458,-0.000821497,0.00131022,-0.000876568,0.000715295,0.000571202,-0.000191643,-7.97481e-05,-0.0010998,-0.000876568,0.00388376,-0.000436973,-0.00220545,0.000179564,0.000118469,-0.000488041,0.000715295,-0.000436973,0.00223709,-0.000505305,-0.00118252,-4.15987e-05,-0.00211073,0.000571202,-0.00220545,-0.000505305,0.027025,3.59757e-05,0.000954649,0.000189987,-0.000191643,0.000179564,-0.00118252,3.59757e-05,0.0249034,-0.000323174,0.000110458,-7.9748e-05,0.000118469,-4.15987e-05,0.000954649,-0.000323174,0.0466673,
0.00369886,-0.000823937,-0.00109973,-0.000480404,-0.00211054,0.000184982,0.000110952,-0.000823937,0.00131303,-0.000878136,0.00071252,0.000571797,-0.000191133,-7.99007e-05,-0.00109973,-0.000878136,0.00388062,-0.000438087,-0.00220588,0.000176713,0.000118682,-0.000480404,0.00071252,-0.000438087,0.00223242,-0.000503774,-0.00118674,-4.15699e-05,-0.00211054,0.000571797,-0.00220588,-0.000503774,0.0270266,4.17689e-05,0.000952409,0.000184982,-0.000191133,0.000176713,-0.00118674,4.17689e-05,0.0249062,-0.000322744,0.000110952,-7.99006e-05,0.000118682,-4.15699e-05,0.000952409,-0.000322744,0.0466671,
0.00370257,-0.000826364,-0.00109963,-0.000472725,-0.00211032,0.000179948,0.000111439,-0.000826364,0.00131584,-0.000879698,0.000709722,0.000572396,-0.000190613,-8.0051e-05,-0.00109963,-0.000879698,0.00387749,-0.000439201,-0.00220631,0.00017384,0.000118893,-0.000472725,0.000709722,-0.000439201,0.00222779,-0.000502256,-0.00119094,-4.15416e-05,-0.00211032,0.000572396,-0.00220631,-0.000502256,0.0270281,4.75844e-05,0.000950155,0.000179948,-0.000190613,0.00017384,-0.00119094,4.75844e-05,0.024909,-0.000322287,0.000111439,-8.0051e-05,0.000118893,-4.15417e-05,0.000950155,-0.000322287,0.0466669,
0.00370622,-0.000828777,-0.00109952,-0.000465017,-0.00211008,0.000174887,0.000111918,-0.000828777,0.00131863,-0.000881252,0.000706905,0.000573,-0.000190082,-8.0199e-05,-0.00109952,-0.000881252,0.00387436,-0.000440311,-0.00220672,0.000170946,0.000119102,-0.000465017,0.000706905,-0.000440311,0.0022232,-0.000500744,-0.00119511,-4.15141e-05,-0.00211008,0.000573,-0.00220672,-0.000500744,0.0270298,5.34201e-05,0.000947889,0.000174887,-0.000190082,0.000170946,-0.00119511,5.34201e-05,0.0249119,-0.000321805,0.000111918,-8.0199e-05,0.000119102,-4.15141e-05,0.000947889,-0.000321805,0.0466666,
0.00370979,-0.000831173,-0.00109938,-0.000457286,-0.0021098,0.000169804,0.000112389,-0.000831173,0.00132143,-0.000882799,0.000704072,0.000573608,-0.000189543,-8.03445e-05,-0.00109938,-0.000882799,0.00387125,-0.000441414,-0.00220713,0.000168031,0.00011931,-0.000457286,0.000704072,-0.000441414,0.00221865,-0.000499232,-0.00119926,-4.14877e-05,-0.0021098,0.000573608,-0.00220713,-0.000499232,0.0270315,5.92731e-05,0.000945611,0.000169804,-0.000189543,0.000168031,-0.00119926,5.92731e-05,0.0249148,-0.0003213,0.000112389,-8.03446e-05,0.00011931,-4.14877e-05,0.000945611,-0.0003213,0.0466664,
0.00371327,-0.00083355,-0.00109924,-0.000449539,-0.0021095,0.000164701,0.000112851,-0.00083355,0.00132421,-0.000884337,0.000701224,0.000574221,-0.000188996,-8.04877e-05,-0.00109924,-0.000884337,0.00386815,-0.000442509,-0.00220752,0.000165096,0.000119515,-0.000449539,0.000701224,-0.000442509,0.00221415,-0.000497719,-0.00120339,-4.14623e-05,-0.0021095,0.000574221,-0.00220752,-0.000497719,0.0270333,6.5142e-05,0.000943322,0.000164701,-0.000188996,0.000165096,-0.00120339,6.5142e-05,0.0249177,-0.000320772,0.000112851,-8.04877e-05,0.000119515,-4.14623e-05,0.000943322,-0.000320772,0.0466662,
0.00371668,-0.000835909,-0.00109908,-0.000441779,-0.00210917,0.000159579,0.000113305,-0.000835909,0.00132699,-0.000885866,0.000698363,0.000574839,-0.000188441,-8.06284e-05,-0.00109908,-0.000885866,0.00386507,-0.000443596,-0.00220789,0.00016214,0.000119718,-0.000441779,0.000698363,-0.000443596,0.00220969,-0.000496204,-0.00120749,-4.14381e-05,-0.00210917,0.000574839,-0.00220789,-0.000496204,0.0270352,7.10251e-05,0.000941024,0.000159579,-0.000188441,0.00016214,-0.00120749,7.10251e-05,0.0249207,-0.000320224,0.000113306,-8.06284e-05,0.000119718,-4.14381e-05,0.000941024,-0.000320224,0.046666,
0.00372,-0.000838248,-0.00109891,-0.000434009,-0.00210881,0.00015444,0.000113751,-0.000838248,0.00132976,-0.000887387,0.00069549,0.000575462,-0.000187878,-8.07669e-05,-0.00109891,-0.000887387,0.00386199,-0.000444673,-0.00220825,0.000159165,0.00011992,-0.000434009,0.00069549,-0.000444673,0.00220529,-0.000494686,-0.00121158,-4.1415e-05,-0.00210881,0.000575462,-0.00220825,-0.000494686,0.0270371,7.69215e-05,0.000938717,0.00015444,-0.000187878,0.000159165,-0.00121158,7.69215e-05,0.0249237,-0.000319658,0.000113751,-8.07669e-05,0.00011992,-4.1415e-05,0.000938717,-0.000319658,0.0466658,
0.00372323,-0.000840566,-0.00109873,-0.00042623,-0.00210842,0.000149286,0.000114189,-0.000840566,0.00133253,-0.0008889,0.000692605,0.000576091,-0.000187308,-8.0903e-05,-0.00109873,-0.0008889,0.00385893,-0.000445742,-0.0022086,0.00015617,0.00012012,-0.00042623,0.000692605,-0.000445742,0.00220093,-0.000493165,-0.00121565,-4.13931e-05,-0.00210842,0.000576091,-0.0022086,-0.000493165,0.0270391,8.283e-05,0.000936402,0.000149286,-0.000187308,0.00015617,-0.00121565,8.283e-05,0.0249267,-0.000319073,0.000114189,-8.0903e-05,0.00012012,-4.13932e-05,0.000936402,-0.000319073,0.0466656,
0.00372638,-0.000842864,-0.00109853,-0.000418445,-0.002108,0.000144117,0.000114618,-0.000842864,0.00133529,-0.000890404,0.000689708,0.000576724,-0.000186731,-8.10369e-05,-0.00109853,-0.000890404,0.00385588,-0.0004468,-0.00220893,0.000153158,0.000120318,-0.000418445,0.000689708,-0.0004468,0.00219663,-0.000491641,-0.00121969,-4.13724e-05,-0.002108,0.000576724,-0.00220893,-0.000491641,0.0270412,8.87498e-05,0.00093408,0.000144117,-0.000186731,0.000153158,-0.00121969,8.87498e-05,0.0249298,-0.000318473,0.000114618,-8.10369e-05,0.000120318,-4.13724e-05,0.00093408,-0.000318473,0.0466654,
0.00372945,-0.000845142,-0.00109833,-0.000410653,-0.00210755,0.000138935,0.00011504,-0.000845142,0.00133804,-0.000891899,0.000686801,0.000577362,-0.000186146,-8.11685e-05,-0.00109833,-0.000891899,0.00385284,-0.000447849,-0.00220925,0.000150127,0.000120514,-0.000410653,0.000686801,-0.000447849,0.00219237,-0.000490114,-0.00122372,-4.13528e-05,-0.00210755,0.000577362,-0.00220925,-0.000490114,0.0270434,9.46803e-05,0.000931753,0.000138935,-0.000186146,0.000150127,-0.00122372,9.46803e-05,0.0249329,-0.000317857,0.00011504,-8.11686e-05,0.000120514,-4.13528e-05,0.000931753,-0.000317857,0.0466652,
0.00373243,-0.000847398,-0.00109811,-0.000402857,-0.00210707,0.00013374,0.000115453,-0.000847398,0.00134078,-0.000893386,0.000683883,0.000578005,-0.000185555,-8.1298e-05,-0.00109811,-0.000893386,0.00384982,-0.000448887,-0.00220955,0.00014708,0.000120708,-0.000402857,0.000683883,-0.000448887,0.00218816,-0.000488584,-0.00122772,-4.13343e-05,-0.00210707,0.000578005,-0.00220955,-0.000488584,0.0270456,0.000100621,0.00092942,0.00013374,-0.000185555,0.00014708,-0.00122772,0.000100621,0.024936,-0.000317228,0.000115453,-8.1298e-05,0.000120708,-4.13343e-05,0.00092942,-0.000317228,0.046665,
0.00373533,-0.000849634,-0.00109789,-0.000395057,-0.00210656,0.000128534,0.000115858,-0.000849634,0.00134351,-0.000894865,0.000680955,0.000578653,-0.000184957,-8.14253e-05,-0.00109789,-0.000894865,0.00384681,-0.000449916,-0.00220984,0.000144015,0.000120901,-0.000395057,0.000680955,-0.000449916,0.002184,-0.000487053,-0.00123171,-4.13169e-05,-0.00210656,0.000578653,-0.00220984,-0.000487053,0.0270478,0.00010657,0.000927082,0.000128534,-0.000184957,0.000144015,-0.00123171,0.00010657,0.0249392,-0.000316587,0.000115858,-8.14253e-05,0.000120901,-4.13169e-05,0.000927082,-0.000316587,0.0466648,
0.00373814,-0.000851848,-0.00109765,-0.000387253,-0.00210602,0.000123316,0.000116256,-0.000851848,0.00134624,-0.000896336,0.000678016,0.000579306,-0.000184352,-8.15505e-05,-0.00109765,-0.000896336,0.00384381,-0.000450935,-0.00221011,0.000140934,0.000121092,-0.000387253,0.000678016,-0.000450935,0.00217989,-0.00048552,-0.00123568,-4.13005e-05,-0.00210602,0.000579306,-0.00221011,-0.00048552,0.0270501,0.000112529,0.000924741,0.000123316,-0.000184352,0.000140934,-0.00123568,0.000112529,0.0249424,-0.000315934,0.000116256,-8.15505e-05,0.000121092,-4.13006e-05,0.00092474,-0.000315934,0.0466646,
0.00374087,-0.000854041,-0.0010974,-0.000379447,-0.00210546,0.000118089,0.000116646,-0.000854041,0.00134896,-0.000897798,0.000675068,0.000579963,-0.00018374,-8.16736e-05,-0.0010974,-0.000897798,0.00384082,-0.000451944,-0.00221037,0.000137837,0.000121282,-0.000379447,0.000675068,-0.000451944,0.00217583,-0.000483985,-0.00123962,-4.12853e-05,-0.00210546,0.000579963,-0.00221037,-0.000483985,0.0270525,0.000118495,0.000922396,0.000118089,-0.00018374,0.000137837,-0.00123962,0.000118495,0.0249456,-0.000315271,0.000116646,-8.16736e-05,0.000121282,-4.12852e-05,0.000922396,-0.000315271,0.0466644,
0.00374352,-0.000856213,-0.00109714,-0.000371639,-0.00210486,0.000112853,0.000117028,-0.000856213,0.00135167,-0.000899252,0.00067211,0.000580625,-0.000183121,-8.17947e-05,-0.00109714,-0.000899252,0.00383784,-0.000452944,-0.00221061,0.000134725,0.00012147,-0.000371639,0.00067211,-0.000452944,0.00217182,-0.00048245,-0.00124355,-4.1271e-05,-0.00210486,0.000580625,-0.00221061,-0.00048245,0.027055,0.000124469,0.000920048,0.000112853,-0.000183121,0.000134725,-0.00124355,0.000124469,0.0249489,-0.000314598,0.000117028,-8.17947e-05,0.00012147,-4.12709e-05,0.000920048,-0.000314598,0.0466643,
0.00374609,-0.000858363,-0.00109687,-0.000363829,-0.00210424,0.000107608,0.000117403,-0.000858363,0.00135438,-0.000900699,0.000669142,0.00058129,-0.000182496,-8.19138e-05,-0.00109687,-0.000900699,0.00383488,-0.000453933,-0.00221084,0.000131597,0.000121657,-0.000363829,0.000669142,-0.000453933,0.00216786,-0.000480914,-0.00124746,-4.12577e-05,-0.00210424,0.00058129,-0.00221084,-0.000480914,0.0270574,0.000130451,0.000917699,0.000107608,-0.000182496,0.000131597,-0.00124746,0.000130451,0.0249521,-0.000313916,0.000117403,-8.19138e-05,0.000121657,-4.12577e-05,0.000917699,-0.000313916,0.0466641,
0.00374857,-0.000860492,-0.0010966,-0.000356018,-0.00210359,0.000102355,0.00011777,-0.000860492,0.00135707,-0.000902138,0.000666165,0.00058196,-0.000181864,-8.20308e-05,-0.0010966,-0.000902138,0.00383193,-0.000454912,-0.00221106,0.000128455,0.000121842,-0.000356018,0.000666165,-0.000454912,0.00216395,-0.000479377,-0.00125135,-4.12454e-05,-0.00210359,0.00058196,-0.00221106,-0.000479377,0.02706,0.000136439,0.000915348,0.000102355,-0.000181864,0.000128455,-0.00125135,0.000136439,0.0249555,-0.000313226,0.00011777,-8.20308e-05,0.000121842,-4.12454e-05,0.000915348,-0.000313226,0.0466639,
0.00375098,-0.000862599,-0.00109631,-0.000348208,-0.00210292,9.70949e-05,0.00011813,-0.000862599,0.00135976,-0.000903569,0.000663178,0.000582633,-0.000181225,-8.21459e-05,-0.00109631,-0.000903569,0.00382899,-0.000455882,-0.00221126,0.000125299,0.000122025,-0.000348208,0.000663178,-0.000455882,0.00216008,-0.00047784,-0.00125522,-4.12341e-05,-0.00210292,0.000582633,-0.00221126,-0.00047784,0.0270626,0.000142433,0.000912995,9.70949e-05,-0.000181225,0.000125299,-0.00125522,0.000142433,0.0249588,-0.000312529,0.00011813,-8.21459e-05,0.000122025,-4.12341e-05,0.000912995,-0.000312529,0.0466637,
0.0037533,-0.000864684,-0.00109601,-0.000340398,-0.00210221,9.18284e-05,0.000118483,-0.000864685,0.00136243,-0.000904992,0.000660183,0.000583311,-0.00018058,-8.22591e-05,-0.00109601,-0.000904992,0.00382607,-0.000456841,-0.00221145,0.000122128,0.000122207,-0.000340398,0.000660183,-0.000456841,0.00215627,-0.000476303,-0.00125907,-4.12238e-05,-0.00210221,0.000583311,-0.00221145,-0.000476303,0.0270652,0.000148432,0.000910642,9.18284e-05,-0.00018058,0.000122128,-0.00125907,0.000148432,0.0249621,-0.000311826,0.000118483,-8.22591e-05,0.000122207,-4.12239e-05,0.000910642,-0.000311826,0.0466636,
0.00375555,-0.000866748,-0.0010957,-0.000332589,-0.00210148,8.65558e-05,0.000118828,-0.000866748,0.0013651,-0.000906408,0.000657179,0.000583991,-0.000179929,-8.23703e-05,-0.0010957,-0.000906408,0.00382316,-0.000457791,-0.00221163,0.000118944,0.000122388,-0.000332589,0.000657179,-0.000457791,0.0021525,-0.000474766,-0.0012629,-4.12145e-05,-0.00210148,0.000583991,-0.00221163,-0.000474766,0.0270679,0.000154438,0.000908288,8.65559e-05,-0.000179929,0.000118944,-0.0012629,0.000154438,0.0249655,-0.000311116,0.000118828,-8.23703e-05,0.000122388,-4.12145e-05,0.000908288,-0.000311116,0.0466634,
0.00375771,-0.00086879,-0.00109539,-0.000324781,-0.00210072,8.12781e-05,0.000119166,-0.00086879,0.00136776,-0.000907816,0.000654167,0.000584675,-0.000179272,-8.24796e-05,-0.00109539,-0.000907816,0.00382026,-0.000458731,-0.00221179,0.000115747,0.000122567,-0.000324781,0.000654167,-0.000458731,0.00214879,-0.000473229,-0.00126672,-4.12061e-05,-0.00210072,0.000584675,-0.00221179,-0.000473229,0.0270707,0.000160447,0.000905935,8.12781e-05,-0.000179272,0.000115747,-0.00126672,0.000160447,0.024969,-0.000310401,0.000119166,-8.24796e-05,0.000122567,-4.12061e-05,0.000905935,-0.000310401,0.0466632,
0.0037598,-0.000870809,-0.00109506,-0.000316977,-0.00209994,7.59956e-05,0.000119498,-0.000870809,0.00137041,-0.000909217,0.000651146,0.000585362,-0.000178608,-8.25871e-05,-0.00109506,-0.000909217,0.00381737,-0.000459661,-0.00221194,0.000112536,0.000122745,-0.000316977,0.000651146,-0.000459661,0.00214512,-0.000471693,-0.00127051,-4.11987e-05,-0.00209994,0.000585362,-0.00221194,-0.000471693,0.0270735,0.000166462,0.000903582,7.59957e-05,-0.000178608,0.000112536,-0.00127051,0.000166462,0.0249724,-0.000309681,0.000119498,-8.25871e-05,0.000122745,-4.11987e-05,0.000903582,-0.000309681,0.046663,
0.00376181,-0.000872807,-0.00109473,-0.000309175,-0.00209913,7.07092e-05,0.000119822,-0.000872807,0.00137305,-0.000910611,0.000648118,0.000586052,-0.000177938,-8.26927e-05,-0.00109473,-0.000910611,0.00381449,-0.000460581,-0.00221208,0.000109313,0.000122922,-0.000309175,0.000648118,-0.000460581,0.0021415,-0.000470157,-0.00127429,-4.11923e-05,-0.00209913,0.000586052,-0.00221208,-0.000470157,0.0270763,0.00017248,0.000901229,7.07092e-05,-0.000177938,0.000109313,-0.00127429,0.00017248,0.0249759,-0.000308957,0.000119822,-8.26927e-05,0.000122922,-4.11923e-05,0.000901229,-0.000308957,0.0466629,
0.00376374,-0.000874782,-0.00109438,-0.000301376,-0.00209829,6.54192e-05,0.000120139,-0.000874782,0.00137569,-0.000911997,0.000645082,0.000586744,-0.000177262,-8.27964e-05,-0.00109438,-0.000911997,0.00381163,-0.000461492,-0.0022122,0.000106077,0.000123097,-0.000301376,0.000645082,-0.000461492,0.00213793,-0.000468622,-0.00127805,-4.11868e-05,-0.00209829,0.000586744,-0.0022122,-0.000468622,0.0270792,0.000178502,0.000898878,6.54192e-05,-0.000177262,0.000106077,-0.00127805,0.000178501,0.0249794,-0.000308228,0.000120139,-8.27964e-05,0.000123097,-4.11868e-05,0.000898878,-0.000308228,0.0466627,
0.00376559,-0.000876736,-0.00109403,-0.000293583,-0.00209742,6.01264e-05,0.00012045,-0.000876736,0.00137831,-0.000913376,0.000642038,0.000587439,-0.00017658,-8.28984e-05,-0.00109403,-0.000913376,0.00380878,-0.000462393,-0.00221231,0.00010283,0.000123271,-0.000293583,0.000642038,-0.000462393,0.0021344,-0.000467088,-0.00128179,-4.11822e-05,-0.00209742,0.000587439,-0.00221231,-0.000467088,0.0270822,0.000184526,0.000896528,6.01264e-05,-0.00017658,0.00010283,-0.00128179,0.000184526,0.0249829,-0.000307496,0.00012045,-8.28984e-05,0.000123271,-4.11822e-05,0.000896528,-0.000307496,0.0466626,
0.00376737,-0.000878667,-0.00109367,-0.000285794,-0.00209653,5.48313e-05,0.000120753,-0.000878667,0.00138092,-0.000914748,0.000638987,0.000588137,-0.000175893,-8.29985e-05,-0.00109367,-0.000914748,0.00380594,-0.000463283,-0.00221241,9.95703e-05,0.000123443,-0.000285793,0.000638987,-0.000463283,0.00213093,-0.000465554,-0.00128552,-4.11787e-05,-0.00209653,0.000588137,-0.00221241,-0.000465554,0.0270852,0.000190554,0.000894179,5.48313e-05,-0.000175893,9.95703e-05,-0.00128552,0.000190554,0.0249864,-0.000306761,0.000120754,-8.29985e-05,0.000123443,-4.11787e-05,0.000894179,-0.000306761,0.0466624,
0.00376907,-0.000880575,-0.0010933,-0.00027801,-0.00209562,4.95344e-05,0.000121051,-0.000880575,0.00138353,-0.000916113,0.000635929,0.000588836,-0.000175199,-8.30968e-05,-0.0010933,-0.000916113,0.00380311,-0.000464165,-0.00221249,9.62993e-05,0.000123614,-0.00027801,0.000635929,-0.000464165,0.0021275,-0.000464021,-0.00128923,-4.11761e-05,-0.00209562,0.000588836,-0.00221249,-0.000464021,0.0270882,0.000196584,0.000891832,4.95344e-05,-0.000175199,9.62993e-05,-0.00128923,0.000196584,0.02499,-0.000306023,0.000121051,-8.30968e-05,0.000123614,-4.11761e-05,0.000891832,-0.000306023,0.0466622,
0.00377069,-0.000882462,-0.00109292,-0.000270233,-0.00209468,4.42363e-05,0.000121341,-0.000882462,0.00138612,-0.000917472,0.000632864,0.000589537,-0.0001745,-8.31933e-05,-0.00109292,-0.000917472,0.0038003,-0.000465036,-0.00221257,9.3017e-05,0.000123784,-0.000270233,0.000632864,-0.000465036,0.00212412,-0.00046249,-0.00129292,-4.11744e-05,-0.00209468,0.000589537,-0.00221257,-0.00046249,0.0270913,0.000202616,0.000889487,4.42363e-05,-0.0001745,9.3017e-05,-0.00129292,0.000202616,0.0249936,-0.000305283,0.000121341,-8.31932e-05,0.000123784,-4.11744e-05,0.000889487,-0.000305283,0.0466621,
0.00377225,-0.000884325,-0.00109253,-0.000262462,-0.00209371,3.89376e-05,0.000121625,-0.000884325,0.0013887,-0.000918823,0.000629793,0.00059024,-0.000173795,-8.3288e-05,-0.00109253,-0.000918823,0.00379749,-0.000465897,-0.00221263,8.97238e-05,0.000123952,-0.000262462,0.000629793,-0.000465897,0.00212079,-0.000460959,-0.00129659,-4.11738e-05,-0.00209371,0.00059024,-0.00221263,-0.000460959,0.0270944,0.000208649,0.000887144,3.89376e-05,-0.000173795,8.97238e-05,-0.00129659,0.000208649,0.0249972,-0.00030454,0.000121625,-8.3288e-05,0.000123952,-4.11738e-05,0.000887144,-0.00030454,0.0466619,
0.00377372,-0.000886167,-0.00109213,-0.000254699,-0.00209272,3.36388e-05,0.000121902,-0.000886167,0.00139128,-0.000920167,0.000626715,0.000590945,-0.000173085,-8.3381e-05,-0.00109213,-0.000920167,0.0037947,-0.000466749,-0.00221268,8.64198e-05,0.00012412,-0.000254699,0.000626715,-0.000466749,0.00211751,-0.000459429,-0.00130024,-4.11741e-05,-0.00209272,0.000590945,-0.00221268,-0.000459429,0.0270975,0.000214684,0.000884804,3.36388e-05,-0.000173085,8.64198e-05,-0.00130024,0.000214684,0.0250009,-0.000303795,0.000121902,-8.3381e-05,0.00012412,-4.11741e-05,0.000884804,-0.000303795,0.0466618,
0.00377512,-0.000887986,-0.00109173,-0.000246943,-0.00209171,2.83403e-05,0.000122173,-0.000887986,0.00139384,-0.000921504,0.000623632,0.000591651,-0.00017237,-8.34722e-05,-0.00109173,-0.000921504,0.00379192,-0.000467591,-0.00221271,8.31054e-05,0.000124285,-0.000246943,0.000623632,-0.000467591,0.00211427,-0.0004579,-0.00130388,-4.11754e-05,-0.00209171,0.000591651,-0.00221271,-0.0004579,0.0271007,0.000220719,0.000882466,2.83403e-05,-0.00017237,8.31054e-05,-0.00130388,0.000220719,0.0250045,-0.000303049,0.000122173,-8.34722e-05,0.000124285,-4.11754e-05,0.000882466,-0.000303049,0.0466616,
0.00377645,-0.000889782,-0.00109132,-0.000239197,-0.00209067,2.30429e-05,0.000122437,-0.000889782,0.0013964,-0.000922835,0.000620542,0.000592358,-0.000171649,-8.35617e-05,-0.00109132,-0.000922835,0.00378916,-0.000468424,-0.00221274,7.97808e-05,0.00012445,-0.000239197,0.000620542,-0.000468424,0.00211108,-0.000456372,-0.0013075,-4.11777e-05,-0.00209067,0.000592358,-0.00221274,-0.000456372,0.027104,0.000226755,0.00088013,2.30428e-05,-0.000171649,7.97808e-05,-0.0013075,0.000226755,0.0250082,-0.000302301,0.000122437,-8.35617e-05,0.00012445,-4.11777e-05,0.00088013,-0.000302301,0.0466615,
0.00377771,-0.000891555,-0.0010909,-0.000231459,-0.0020896,1.77468e-05,0.000122695,-0.000891555,0.00139894,-0.000924159,0.000617447,0.000593066,-0.000170923,-8.36494e-05,-0.0010909,-0.000924159,0.0037864,-0.000469246,-0.00221275,7.64462e-05,0.000124613,-0.000231459,0.000617447,-0.000469246,0.00210794,-0.000454846,-0.00131111,-4.1181e-05,-0.0020896,0.000593066,-0.00221275,-0.000454846,0.0271073,0.000232791,0.000877798,1.77468e-05,-0.000170923,7.64462e-05,-0.00131111,0.000232791,0.0250119,-0.000301552,0.000122695,-8.36495e-05,0.000124613,-4.1181e-05,0.000877798,-0.000301552,0.0466613,
0.00377889,-0.000893306,-0.00109047,-0.000223731,-0.00208851,1.24527e-05,0.000122947,-0.000893306,0.00140148,-0.000925477,0.000614347,0.000593775,-0.000170191,-8.37355e-05,-0.00109047,-0.000925477,0.00378366,-0.000470059,-0.00221275,7.31019e-05,0.000124775,-0.000223731,0.000614347,-0.000470059,0.00210484,-0.00045332,-0.00131469,-4.11852e-05,-0.00208851,0.000593775,-0.00221275,-0.00045332,0.0271106,0.000238827,0.000875469,1.24527e-05,-0.000170191,7.31019e-05,-0.00131469,0.000238827,0.0250157,-0.000300802,0.000122947,-8.37355e-05,0.000124775,-4.11853e-05,0.000875469,-0.000300802,0.0466611,
0.00378,-0.000895035,-0.00109004,-0.000216014,-0.0020874,7.16108e-06,0.000123193,-0.000895035,0.001404,-0.000926788,0.000611241,0.000594485,-0.000169455,-8.38198e-05,-0.00109004,-0.000926788,0.00378093,-0.000470862,-0.00221274,6.97481e-05,0.000124936,-0.000216014,0.000611241,-0.000470862,0.00210179,-0.000451796,-0.00131826,-4.11906e-05,-0.0020874,0.000594485,-0.00221274,-0.000451796,0.0271139,0.000244862,0.000873142,7.16105e-06,-0.000169455,6.97482e-05,-0.00131826,0.000244862,0.0250194,-0.000300052,0.000123193,-8.38198e-05,0.000124936,-4.11906e-05,0.000873142,-0.000300052,0.046661,
0.00378104,-0.00089674,-0.0010896,-0.000208307,-0.00208626,1.87234e-06,0.000123432,-0.00089674,0.00140652,-0.000928092,0.000608131,0.000595195,-0.000168714,-8.39024e-05,-0.0010896,-0.000928092,0.00377821,-0.000471656,-0.00221272,6.63852e-05,0.000125095,-0.000208307,0.000608131,-0.000471656,0.00209879,-0.000450273,-0.00132182,-4.11969e-05,-0.00208626,0.000595195,-0.00221272,-0.000450272,0.0271173,0.000250895,0.00087082,1.87234e-06,-0.000168714,6.63852e-05,-0.00132182,0.000250895,0.0250232,-0.0002993,0.000123432,-8.39024e-05,0.000125095,-4.11969e-05,0.000870819,-0.0002993,0.0466608,
0.00378201,-0.000898423,-0.00108915,-0.000200611,-0.0020851,-3.41302e-06,0.000123665,-0.000898423,0.00140902,-0.00092939,0.000605016,0.000595906,-0.000167968,-8.39833e-05,-0.00108915,-0.00092939,0.00377551,-0.00047244,-0.00221268,6.30132e-05,0.000125253,-0.000200612,0.000605016,-0.00047244,0.00209583,-0.00044875,-0.00132536,-4.12042e-05,-0.0020851,0.000595906,-0.00221268,-0.00044875,0.0271207,0.000256928,0.0008685,-3.41305e-06,-0.000167968,6.30132e-05,-0.00132536,0.000256928,0.025027,-0.000298548,0.000123665,-8.39833e-05,0.000125253,-4.12042e-05,0.0008685,-0.000298548,0.0466607,
0.00378291,-0.000900084,-0.00108869,-0.000192928,-0.00208392,-8.69449e-06,0.000123893,-0.000900084,0.00141152,-0.000930682,0.000601897,0.000596616,-0.000167217,-8.40626e-05,-0.00108869,-0.000930682,0.00377281,-0.000473214,-0.00221264,5.96325e-05,0.00012541,-0.000192928,0.000601897,-0.000473214,0.00209292,-0.00044723,-0.00132888,-4.12125e-05,-0.00208392,0.000596616,-0.00221264,-0.00044723,0.0271242,0.000262959,0.000866184,-8.69449e-06,-0.000167217,5.96325e-05,-0.00132888,0.000262959,0.0250308,-0.000297796,0.000123893,-8.40626e-05,0.00012541,-4.12125e-05,0.000866184,-0.000297796,0.0466605,
0.00378374,-0.000901721,-0.00108823,-0.000185257,-0.00208271,-1.39717e-05,0.000124114,-0.000901721,0.001414,-0.000931967,0.000598774,0.000597327,-0.000166462,-8.41401e-05,-0.00108823,-0.000931967,0.00377013,-0.000473979,-0.00221258,5.62434e-05,0.000125565,-0.000185257,0.000598774,-0.000473979,0.00209006,-0.00044571,-0.00133238,-4.12219e-05,-0.00208271,0.000597327,-0.00221258,-0.00044571,0.0271277,0.000268987,0.000863871,-1.39717e-05,-0.000166462,5.62433e-05,-0.00133238,0.000268987,0.0250347,-0.000297043,0.000124114,-8.41401e-05,0.000125565,-4.12219e-05,0.000863871,-0.000297043,0.0466604,
0.00378451,-0.000903336,-0.00108776,-0.0001776,-0.00208148,-1.9244e-05,0.000124329,-0.000903336,0.00141647,-0.000933246,0.000595647,0.000598038,-0.000165702,-8.42161e-05,-0.00108776,-0.000933246,0.00376746,-0.000474734,-0.00221252,5.28459e-05,0.000125719,-0.0001776,0.000595647,-0.000474734,0.00208724,-0.000444191,-0.00133587,-4.12323e-05,-0.00208148,0.000598038,-0.00221252,-0.000444191,0.0271312,0.000275014,0.000861562,-1.9244e-05,-0.000165702,5.28459e-05,-0.00133587,0.000275014,0.0250385,-0.000296291,0.000124329,-8.4216e-05,0.000125719,-4.12324e-05,0.000861562,-0.000296291,0.0466603,
0.0037852,-0.000904928,-0.00108729,-0.000169956,-0.00208023,-2.45111e-05,0.000124539,-0.000904928,0.00141894,-0.000934518,0.000592516,0.000598748,-0.000164938,-8.42903e-05,-0.00108729,-0.000934518,0.0037648,-0.000475479,-0.00221244,4.94404e-05,0.000125872,-0.000169956,0.000592516,-0.000475479,0.00208446,-0.000442674,-0.00133935,-4.12438e-05,-0.00208023,0.000598748,-0.00221244,-0.000442674,0.0271347,0.000281037,0.000859257,-2.45111e-05,-0.000164938,4.94404e-05,-0.00133935,0.000281037,0.0250424,-0.000295538,0.000124539,-8.42903e-05,0.000125872,-4.12438e-05,0.000859257,-0.000295538,0.0466601,
0.00378583,-0.000906498,-0.00108681,-0.000162326,-0.00207896,-2.97726e-05,0.000124742,-0.000906498,0.00142139,-0.000935785,0.000589382,0.000599457,-0.000164169,-8.43629e-05,-0.00108681,-0.000935785,0.00376215,-0.000476215,-0.00221235,4.60271e-05,0.000126024,-0.000162326,0.000589382,-0.000476215,0.00208173,-0.000441158,-0.0013428,-4.12563e-05,-0.00207896,0.000599457,-0.00221235,-0.000441158,0.0271383,0.000287058,0.000856956,-2.97725e-05,-0.000164169,4.60271e-05,-0.0013428,0.000287058,0.0250463,-0.000294786,0.000124742,-8.43629e-05,0.000126024,-4.12563e-05,0.000856956,-0.000294786,0.04666,
0.00378639,-0.000908044,-0.00108632,-0.000154711,-0.00207766,-3.50279e-05,0.00012494,-0.000908044,0.00142383,-0.000937045,0.000586245,0.000600167,-0.000163396,-8.44338e-05,-0.00108632,-0.000937045,0.00375951,-0.000476942,-0.00221225,4.26062e-05,0.000126174,-0.000154711,0.000586245,-0.000476942,0.00207905,-0.000439643,-0.00134625,-4.12699e-05,-0.00207766,0.000600167,-0.00221225,-0.000439643,0.0271419,0.000293075,0.000854659,-3.50279e-05,-0.000163396,4.26062e-05,-0.00134625,0.000293075,0.0250502,-0.000294034,0.00012494,-8.44338e-05,0.000126174,-4.12699e-05,0.000854659,-0.000294034,0.0466598,
0.00378688,-0.000909569,-0.00108583,-0.00014711,-0.00207634,-4.02767e-05,0.000125133,-0.000909569,0.00142626,-0.000938299,0.000583105,0.000600875,-0.000162619,-8.45032e-05,-0.00108583,-0.000938299,0.00375689,-0.000477659,-0.00221214,3.91779e-05,0.000126323,-0.00014711,0.000583105,-0.000477659,0.00207641,-0.000438129,-0.00134967,-4.12846e-05,-0.00207634,0.000600875,-0.00221214,-0.000438129,0.0271456,0.000299089,0.000852365,-4.02767e-05,-0.000162619,3.91779e-05,-0.00134967,0.000299089,0.0250542,-0.000293282,0.000125133,-8.45032e-05,0.000126323,-4.12846e-05,0.000852365,-0.000293282,0.0466597,
0.00378731,-0.00091107,-0.00108533,-0.000139526,-0.00207501,-4.55186e-05,0.000125319,-0.00091107,0.00142868,-0.000939547,0.000579962,0.000601582,-0.000161838,-8.45709e-05,-0.00108533,-0.000939547,0.00375428,-0.000478366,-0.00221202,3.57425e-05,0.000126471,-0.000139526,0.000579962,-0.000478366,0.00207382,-0.000436617,-0.00135308,-4.13003e-05,-0.00207501,0.000601583,-0.00221202,-0.000436617,0.0271493,0.000305098,0.000850076,-4.55186e-05,-0.000161838,3.57425e-05,-0.00135308,0.000305098,0.0250582,-0.000292531,0.000125319,-8.45709e-05,0.000126471,-4.13003e-05,0.000850076,-0.000292531,0.0466595,
0.00378767,-0.000912549,-0.00108482,-0.000131958,-0.00207364,-5.07532e-05,0.0001255,-0.000912549,0.00143108,-0.000940789,0.000576817,0.000602289,-0.000161053,-8.46369e-05,-0.00108482,-0.000940789,0.00375168,-0.000479064,-0.00221189,3.23001e-05,0.000126617,-0.000131958,0.000576817,-0.000479064,0.00207126,-0.000435105,-0.00135648,-4.13171e-05,-0.00207364,0.000602289,-0.00221189,-0.000435105,0.027153,0.000311103,0.000847791,-5.07531e-05,-0.000161053,3.23001e-05,-0.00135648,0.000311103,0.0250621,-0.00029178,0.0001255,-8.46369e-05,0.000126617,-4.13171e-05,0.000847791,-0.00029178,0.0466594,
0.00378797,-0.000914005,-0.00108431,-0.000124406,-0.00207226,-5.59799e-05,0.000125675,-0.000914005,0.00143348,-0.000942025,0.00057367,0.000602994,-0.000160264,-8.47014e-05,-0.00108431,-0.000942025,0.00374909,-0.000479753,-0.00221175,2.88511e-05,0.000126762,-0.000124406,0.00057367,-0.000479753,0.00206876,-0.000433595,-0.00135986,-4.1335e-05,-0.00207226,0.000602994,-0.00221175,-0.000433595,0.0271567,0.000317104,0.00084551,-5.59799e-05,-0.000160264,2.8851e-05,-0.00135986,0.000317104,0.0250661,-0.00029103,0.000125675,-8.47014e-05,0.000126762,-4.1335e-05,0.00084551,-0.00029103,0.0466592,
0.0037882,-0.000915439,-0.00108379,-0.000116872,-0.00207086,-6.11985e-05,0.000125845,-0.000915439,0.00143587,-0.000943255,0.00057052,0.000603698,-0.000159472,-8.47643e-05,-0.00108379,-0.000943255,0.00374651,-0.000480432,-0.00221159,2.53955e-05,0.000126906,-0.000116872,0.00057052,-0.000480432,0.00206629,-0.000432086,-0.00136322,-4.1354e-05,-0.00207086,0.000603698,-0.00221159,-0.000432086,0.0271604,0.000323099,0.000843233,-6.11985e-05,-0.000159472,2.53955e-05,-0.00136322,0.000323099,0.0250702,-0.000290281,0.000125845,-8.47643e-05,0.000126906,-4.1354e-05,0.000843233,-0.000290281,0.0466591,
0.00378837,-0.00091685,-0.00108327,-0.000109355,-0.00206943,-6.64086e-05,0.00012601,-0.00091685,0.00143824,-0.000944479,0.000567369,0.000604401,-0.000158675,-8.48255e-05,-0.00108327,-0.000944479,0.00374394,-0.000481102,-0.00221143,2.19336e-05,0.000127049,-0.000109355,0.000567369,-0.000481102,0.00206387,-0.000430578,-0.00136657,-4.13741e-05,-0.00206943,0.000604401,-0.00221143,-0.000430578,0.0271642,0.000329089,0.00084096,-6.64087e-05,-0.000158675,2.19336e-05,-0.00136657,0.000329089,0.0250742,-0.000289532,0.00012601,-8.48255e-05,0.000127049,-4.13741e-05,0.00084096,-0.000289532,0.046659,
0.00378848,-0.000918239,-0.00108275,-0.000101856,-0.00206799,-7.16098e-05,0.000126169,-0.000918239,0.00144061,-0.000945698,0.000564217,0.000605102,-0.000157876,-8.48852e-05,-0.00108275,-0.000945698,0.00374139,-0.000481763,-0.00221126,1.84656e-05,0.00012719,-0.000101856,0.000564217,-0.000481763,0.0020615,-0.000429072,-0.0013699,-4.13953e-05,-0.00206799,0.000605102,-0.00221126,-0.000429072,0.027168,0.000335074,0.000838692,-7.16098e-05,-0.000157876,1.84657e-05,-0.0013699,0.000335074,0.0250783,-0.000288784,0.000126169,-8.48853e-05,0.00012719,-4.13953e-05,0.000838692,-0.000288784,0.0466588,
0.00378853,-0.000919605,-0.00108221,-9.43753e-05,-0.00206652,-7.68017e-05,0.000126323,-0.000919605,0.00144296,-0.00094691,0.000561063,0.000605801,-0.000157072,-8.49434e-05,-0.00108221,-0.00094691,0.00373884,-0.000482415,-0.00221108,1.49918e-05,0.00012733,-9.43753e-05,0.000561063,-0.000482415,0.00205916,-0.000427566,-0.00137322,-4.14177e-05,-0.00206652,0.000605801,-0.00221108,-0.000427566,0.0271719,0.000341053,0.000836428,-7.68017e-05,-0.000157073,1.49918e-05,-0.00137322,0.000341053,0.0250824,-0.000288037,0.000126323,-8.49433e-05,0.00012733,-4.14176e-05,0.000836428,-0.000288037,0.0466587,
0.00378851,-0.000920949,-0.00108168,-8.69138e-05,-0.00206504,-8.19839e-05,0.000126471,-0.000920949,0.0014453,-0.000948117,0.000557908,0.000606498,-0.000156266,-8.49999e-05,-0.00108168,-0.000948117,0.00373631,-0.000483057,-0.00221089,1.15123e-05,0.000127468,-8.69139e-05,0.000557908,-0.000483057,0.00205687,-0.000426062,-0.00137652,-4.14411e-05,-0.00206504,0.000606498,-0.00221089,-0.000426062,0.0271757,0.000347026,0.000834168,-8.19839e-05,-0.000156266,1.15123e-05,-0.00137652,0.000347026,0.0250865,-0.00028729,0.000126471,-8.49999e-05,0.000127468,-4.14411e-05,0.000834168,-0.00028729,0.0466585,
0.00378843,-0.00092227,-0.00108113,-7.94717e-05,-0.00206353,-8.71562e-05,0.000126614,-0.00092227,0.00144763,-0.000949318,0.000554752,0.000607194,-0.000155456,-8.50549e-05,-0.00108113,-0.000949318,0.00373379,-0.00048369,-0.00221069,8.02736e-06,0.000127605,-7.94717e-05,0.000554752,-0.00048369,0.00205462,-0.000424558,-0.00137981,-4.14657e-05,-0.00206353,0.000607194,-0.00221069,-0.000424558,0.0271796,0.000352992,0.000831913,-8.71562e-05,-0.000155456,8.02736e-06,-0.00137981,0.000352992,0.0250906,-0.000286545,0.000126614,-8.50549e-05,0.000127605,-4.14657e-05,0.000831913,-0.000286545,0.0466584,
0.0037883,-0.000923569,-0.00108059,-7.20494e-05,-0.00206201,-9.23181e-05,0.000126752,-0.000923569,0.00144995,-0.000950513,0.000551595,0.000607887,-0.000154643,-8.51083e-05,-0.00108059,-0.000950513,0.00373128,-0.000484313,-0.00221047,4.53712e-06,0.000127741,-7.20494e-05,0.000551595,-0.000484313,0.00205241,-0.000423056,-0.00138308,-4.14914e-05,-0.00206201,0.000607887,-0.00221047,-0.000423056,0.0271835,0.000358952,0.000829662,-9.2318e-05,-0.000154643,4.53709e-06,-0.00138308,0.000358952,0.0250947,-0.000285801,0.000126752,-8.51083e-05,0.000127741,-4.14914e-05,0.000829662,-0.000285801,0.0466583,
