0.00267745,-0.00015504,-0.00198248,-0.00020332,0.000834301,0.00121566,-3.11755e-05,-0.00015504,0.00118538,-0.000236153,0.00114591,0.000305618,-0.000895571,2.99394e-05,-0.00198248,-0.000236153,0.00310011,-0.000141608,0.000625624,0.00135377,-4.56267e-05,-0.00020332,0.00114591,-0.000141608,0.00279564,-0.000570895,0.000626796,0.0001503,0.000834301,0.000305618,0.000625624,-0.000570895,0.0275818,0.00160255,2.63228e-05,0.00121566,-0.000895571,0.00135377,0.000626796,0.00160255,0.0294146,0.00032377,-3.11756e-05,2.99394e-05,-4.56267e-05,0.0001503,2.63228e-05,0.00032377,0.0466238,
0.0026766,-0.000155958,-0.00198183,0,0.00083359,0.00121682,-3.09854e-05,-0.000155958,0.00118617,-0.000237951,0,0.000309049,-0.000896161,2.9883e-05,-0.00198183,-0.000237951,0.00310168,0,0.000623249,0.00135514,-4.54268e-05,-0.000205515,0.00114612,-0.000142782,0,-0.000572977,0.000620944,0.000150532,0.00083359,0.000309049,0.000623249,0,0.0275724,0.00159763,3.06625e-05,0.00121682,-0.000896161,0.00135514,0,0.00159763,0.0294059,0.000323867,-3.09854e-05,2.9883e-05,-4.54268e-05,0,3.06625e-05,0.000323867,0.0466238,
0.00267624,-0.000156983,-0.00198105,0,0.000832433,0.00121823,-3.07354e-05,-0.000156983,0.00118693,-0.000239681,0,0.000313009,-0.00089679,2.9803e-05,-0.00198105,-0.000239681,0.00310318,0,0.000620676,0.00135655,-4.51142e-05,-0.000207804,0.00114657,-0.000144206,0,-0.000576036,0.000613324,0.000150773,0.000832433,0.000313009,0.000620676,0,0.027557,0.00159036,3.63945e-05,0.00121823,-0.000896791,0.00135655,0,0.00159036,0.0293945,0.000324293,-3.07354e-05,2.9803e-05,-4.51143e-05,0,3.63945e-05,0.000324293,0.0466238,
0.00267649,-0.000158143,-0.00198019,0,0.000831009,0.00121974,-3.04723e-05,-0.000158143,0.00118769,-0.000241356,0,0.000317199,-0.000897594,2.97147e-05,-0.00198019,-0.000241356,0.00310445,0,0.000618308,0.00135777,-4.47457e-05,-0.00021009,0.00114715,-0.000145818,0,-0.000579323,0.000605234,0.000150997,0.000831009,0.000317199,0.000618308,0,0.0275376,0.00158164,4.30825e-05,0.00121974,-0.000897594,0.00135777,0,0.00158164,0.0293815,0.000324953,-3.04723e-05,2.97146e-05,-4.47457e-05,0,4.30825e-05,0.000324953,0.0466237,
0.00267734,-0.000159433,-0.00197926,0,0.000829295,0.00122138,-3.02022e-05,-0.000159433,0.00118846,-0.000242975,0,0.000321577,-0.000898529,2.96202e-05,-0.00197926,-0.000242975,0.00310547,0,0.000616152,0.00135886,-4.43295e-05,-0.000212354,0.00114782,-0.0001476,0,-0.000582782,0.000596762,0.000151209,0.000829295,0.000321577,0.000616152,0,0.0275151,0.00157178,5.04866e-05,0.00122138,-0.000898529,0.00135886,0,0.00157178,0.0293673,0.000325793,-3.02022e-05,2.96201e-05,-4.43295e-05,0,5.04866e-05,0.000325793,0.0466236,
0.00267877,-0.000160848,-0.00197827,0,0.000827241,0.00122321,-2.99238e-05,-0.000160848,0.00118924,-0.00024454,0,0.000326143,-0.000899529,2.95197e-05,-0.00197827,-0.00024454,0.00310624,0,0.000614144,0.00135992,-4.38671e-05,-0.000214593,0.00114856,-0.000149545,0,-0.000586454,0.000587813,0.000151414,0.000827241,0.000326143,0.000614144,0,0.0274903,0.00156095,5.84303e-05,0.00122321,-0.000899529,0.00135992,0,0.00156095,0.0293521,0.000326772,-2.99238e-05,2.95198e-05,-4.3867e-05,0,5.84303e-05,0.000326772,0.0466236,
0.00268073,-0.000162379,-0.00197724,0,0.000824911,0.00122519,-2.96465e-05,-0.000162379,0.00119003,-0.000246059,0,0.000330825,-0.000900591,2.94165e-05,-0.00197724,-0.000246059,0.00310676,0,0.000612324,0.0013609,-4.33747e-05,-0.000216794,0.00114936,-0.000151626,0,-0.000590158,0.000578695,0.000151609,0.000824911,0.000330825,0.000612324,0,0.0274639,0.0015494,6.67617e-05,0.00122519,-0.000900591,0.0013609,0,0.0015494,0.0293361,0.000327853,-2.96465e-05,2.94165e-05,-4.33747e-05,0,6.67617e-05,0.000327853,0.0466235,
0.00268331,-0.000164021,-0.00197619,-0.000218896,0.000822267,0.00122731,-2.9369e-05,-0.000164021,0.00119083,-0.000247497,0.00115014,0.000335577,-0.000901782,2.93098e-05,-0.00197619,-0.000247497,0.00310691,-0.000153829,0.000610805,0.00136181,-4.28477e-05,-0.000218896,0.00115014,-0.000153829,0.00280101,-0.000593973,0.000569357,0.00015179,0.000822267,0.000335577,0.000610805,-0.000593973,0.0274361,0.00153729,7.54463e-05,0.00122731,-0.000901782,0.00136181,0.000569357,0.00153729,0.0293196,0.000329013,-2.9369e-05,2.93098e-05,-4.28476e-05,0.00015179,7.54464e-05,0.000329013,0.0466234,
0.00268645,-0.000165763,-0.00197514,-0.000220876,0.000819331,0.00122963,-2.91117e-05,-0.000165763,0.00119163,-0.000248862,0.00115091,0.000340279,-0.000902967,2.92058e-05,-0.00197514,-0.000248862,0.00310672,-0.000156113,0.000609577,0.00136274,-4.23161e-05,-0.000220876,0.00115091,-0.000156113,0.00280218,-0.000597649,0.000560186,0.000151967,0.000819331,0.000340279,0.000609577,-0.000597649,0.0274088,0.00152521,8.39925e-05,0.00122963,-0.000902967,0.00136274,0.000560186,0.00152521,0.0293032,0.000330169,-2.91118e-05,2.92058e-05,-4.23161e-05,0.000151967,8.39925e-05,0.000330169,0.0466233,
0.00269009,-0.000167595,-0.00197408,-0.000222747,0.000816126,0.00123214,-2.88705e-05,-0.000167595,0.00119244,-0.000250163,0.00115165,0.000344944,-0.000904141,2.91039e-05,-0.00197408,-0.000250163,0.00310621,-0.000158471,0.00060859,0.0013637,-4.17801e-05,-0.000222747,0.00115165,-0.000158471,0.0028033,-0.00060121,0.000551141,0.000152139,0.000816126,0.000344944,0.00060859,-0.00060121,0.0273819,0.00151315,9.24106e-05,0.00123214,-0.000904141,0.0013637,0.000551141,0.00151315,0.029287,0.000331317,-2.88705e-05,2.91039e-05,-4.17801e-05,0.00015214,9.24106e-05,0.000331317,0.0466232,
0.00269415,-0.000169507,-0.00197301,-0.000224521,0.000812681,0.0012348,-2.86426e-05,-0.000169507,0.00119325,-0.00025141,0.00115237,0.000349576,-0.000905308,2.90037e-05,-0.00197301,-0.00025141,0.00310544,-0.000160896,0.000607816,0.00136469,-4.12411e-05,-0.000224521,0.00115237,-0.000160896,0.00280437,-0.000604657,0.000542227,0.000152307,0.000812681,0.000349576,0.000607816,-0.000604657,0.0273555,0.0015011,0.000100712,0.0012348,-0.000905308,0.00136469,0.000542227,0.0015011,0.029271,0.000332452,-2.86426e-05,2.90037e-05,-4.12412e-05,0.000152307,0.000100712,0.000332452,0.0466231,
0.00269859,-0.00017149,-0.00197193,-0.000226207,0.000809016,0.00123759,-2.84256e-05,-0.00017149,0.00119407,-0.000252609,0.00115308,0.000354181,-0.000906467,2.89048e-05,-0.00197193,-0.000252609,0.00310444,-0.00016338,0.000607225,0.0013657,-4.06999e-05,-0.000226207,0.00115308,-0.00016338,0.00280539,-0.000608002,0.000533431,0.000152469,0.000809016,0.000354181,0.000607225,-0.000608002,0.0273296,0.00148906,0.000108904,0.00123759,-0.000906467,0.0013657,0.000533431,0.00148906,0.0292551,0.00033357,-2.84256e-05,2.89048e-05,-4.06999e-05,0.000152469,0.000108904,0.00033357,0.046623,
0.00270336,-0.000173538,-0.00197082,-0.000227812,0.000805152,0.00124048,-2.82174e-05,-0.000173538,0.00119489,-0.000253766,0.00115376,0.000358761,-0.000907617,2.88069e-05,-0.00197082,-0.000253766,0.00310322,-0.000165919,0.000606792,0.00136674,-4.01572e-05,-0.000227812,0.00115376,-0.000165919,0.00280637,-0.000611249,0.00052475,0.000152624,0.000805152,0.000358761,0.000606792,-0.000611249,0.027304,0.00147702,0.000116994,0.00124048,-0.000907617,0.00136674,0.00052475,0.00147702,0.0292393,0.000334669,-2.82174e-05,2.88068e-05,-4.01572e-05,0.000152624,0.000116994,0.000334669,0.0466229,
0.00270831,-0.000175633,-0.0019697,-0.000229379,0.000801151,0.00124342,-2.80119e-05,-0.000175633,0.00119572,-0.000254908,0.00115445,0.000363353,-0.00090875,2.87089e-05,-0.0019697,-0.000254908,0.0031019,-0.000168502,0.000606422,0.00136778,-3.96137e-05,-0.000229379,0.00115445,-0.000168502,0.00280735,-0.0006144,0.000516165,0.000152771,0.000801151,0.000363353,0.000606422,-0.0006144,0.0272785,0.00146488,0.000125047,0.00124342,-0.00090875,0.00136778,0.000516165,0.00146488,0.0292235,0.000335752,-2.80119e-05,2.87089e-05,-3.96136e-05,0.000152771,0.000125047,0.000335752,0.0466228,
0.00271339,-0.000177761,-0.00196854,-0.000230919,0.000797038,0.00124637,-2.78059e-05,-0.000177761,0.00119655,-0.000256041,0.00115514,0.00036796,-0.000909861,2.86103e-05,-0.00196854,-0.000256041,0.00310051,-0.000171118,0.000606074,0.00136882,-3.90698e-05,-0.000230919,0.00115514,-0.000171118,0.00280834,-0.000617475,0.000507653,0.000152908,0.000797038,0.00036796,0.000606074,-0.000617475,0.0272531,0.00145264,0.000133062,0.00124637,-0.000909861,0.00136882,0.000507653,0.00145264,0.0292076,0.000336814,-2.78059e-05,2.86103e-05,-3.90697e-05,0.000152908,0.000133062,0.000336815,0.0466227,
0.00271856,-0.000179914,-0.00196737,-0.000232435,0.000792835,0.0012493,-2.75983e-05,-0.000179914,0.00119738,-0.000257168,0.00115583,0.000372577,-0.000910954,2.8511e-05,-0.00196737,-0.000257168,0.00309908,-0.000173757,0.000605736,0.00136987,-3.85262e-05,-0.000232435,0.00115583,-0.000173757,0.00280933,-0.000620477,0.000499217,0.000153035,0.000792835,0.000372577,0.000605736,-0.000620477,0.0272279,0.00144032,0.00014104,0.0012493,-0.000910954,0.00136987,0.000499217,0.00144032,0.0291916,0.000337853,-2.75983e-05,2.8511e-05,-3.85262e-05,0.000153035,0.00014104,0.000337853,0.0466226,
0.00272378,-0.000182086,-0.00196617,-0.000233927,0.000788555,0.00125222,-2.73881e-05,-0.000182086,0.00119821,-0.000258288,0.00115651,0.000377202,-0.000912028,2.84107e-05,-0.00196617,-0.000258288,0.00309761,-0.000176413,0.000605396,0.0013709,-3.79833e-05,-0.000233927,0.00115651,-0.000176413,0.00281031,-0.000623415,0.000490855,0.000153151,0.000788555,0.000377202,0.000605396,-0.000623415,0.0272029,0.00142795,0.000148978,0.00125222,-0.000912028,0.0013709,0.000490855,0.00142795,0.0291756,0.000338865,-2.73881e-05,2.84107e-05,-3.79833e-05,0.000153151,0.000148978,0.000338865,0.0466226,
0.00272904,-0.00018427,-0.00196495,-0.000235398,0.000784206,0.0012551,-2.71749e-05,-0.00018427,0.00119905,-0.000259404,0.00115718,0.000381832,-0.000913085,2.83095e-05,-0.00196495,-0.000259404,0.00309611,-0.000179082,0.000605049,0.00137193,-3.74415e-05,-0.000235398,0.00115718,-0.000179082,0.00281129,-0.00062629,0.000482568,0.000153257,0.000784206,0.000381832,0.000605049,-0.00062629,0.027178,0.00141552,0.000156876,0.0012551,-0.000913085,0.00137193,0.000482568,0.00141552,0.0291595,0.000339849,-2.71749e-05,2.83095e-05,-3.74415e-05,0.000153258,0.000156876,0.00033985,0.0466225,
0.00273433,-0.000186465,-0.00196372,-0.000236846,0.000779795,0.00125795,-2.69582e-05,-0.000186465,0.00119989,-0.000260515,0.00115785,0.000386466,-0.000914123,2.82072e-05,-0.00196372,-0.000260515,0.00309459,-0.000181761,0.000604688,0.00137294,-3.6901e-05,-0.000236846,0.00115785,-0.000181761,0.00281225,-0.000629107,0.000474354,0.000153353,0.000779795,0.000386466,0.000604688,-0.000629107,0.0271533,0.00140305,0.000164733,0.00125795,-0.000914123,0.00137294,0.000474354,0.00140305,0.0291434,0.000340807,-2.69582e-05,2.82072e-05,-3.6901e-05,0.000153353,0.000164733,0.000340807,0.0466224,
0.00273963,-0.000188668,-0.00196248,-0.000238274,0.000775328,0.00126075,-2.67379e-05,-0.000188668,0.00120072,-0.000261622,0.0011585,0.000391103,-0.000915143,2.81039e-05,-0.00196248,-0.000261622,0.00309305,-0.000184448,0.000604312,0.00137394,-3.63619e-05,-0.000238274,0.0011585,-0.000184448,0.00281321,-0.000631867,0.000466215,0.000153439,0.000775328,0.000391103,0.000604312,-0.000631867,0.0271288,0.00139054,0.000172547,0.00126075,-0.000915143,0.00137394,0.000466215,0.00139054,0.0291271,0.000341738,-2.67379e-05,2.81039e-05,-3.63619e-05,0.000153439,0.000172547,0.000341738,0.0466224,
0.00274495,-0.000190878,-0.00196121,-0.00023968,0.000770806,0.00126351,-2.65139e-05,-0.000190878,0.00120156,-0.000262724,0.00115915,0.000395741,-0.000916146,2.79995e-05,-0.00196121,-0.000262724,0.0030915,-0.00018714,0.000603917,0.00137493,-3.58244e-05,-0.00023968,0.00115915,-0.00018714,0.00281415,-0.000634571,0.000458149,0.000153514,0.000770806,0.000395741,0.000603917,-0.000634571,0.0271044,0.001378,0.000180319,0.00126351,-0.000916146,0.00137493,0.000458149,0.001378,0.0291109,0.000342642,-2.65139e-05,2.79995e-05,-3.58244e-05,0.000153514,0.000180319,0.000342642,0.0466223,
0.00275029,-0.000193093,-0.00195993,-0.000241065,0.000766233,0.00126622,-2.62862e-05,-0.000193093,0.0012024,-0.000263822,0.00115978,0.000400379,-0.00091713,2.78942e-05,-0.00195993,-0.000263822,0.00308993,-0.000189838,0.000603503,0.00137591,-3.52885e-05,-0.000241065,0.00115978,-0.000189838,0.00281509,-0.000637221,0.000450157,0.00015358,0.000766233,0.000400379,0.000603503,-0.000637221,0.0270803,0.00136544,0.000188048,0.00126622,-0.00091713,0.00137591,0.000450157,0.00136544,0.0290945,0.00034352,-2.62862e-05,2.78941e-05,-3.52885e-05,0.00015358,0.000188048,0.00034352,0.0466223,
0.00275562,-0.000195313,-0.00195864,-0.000242429,0.000761611,0.00126888,-2.60547e-05,-0.000195313,0.00120324,-0.000264915,0.00116041,0.000405017,-0.000918096,2.77878e-05,-0.00195864,-0.000264915,0.00308836,-0.000192539,0.000603068,0.00137688,-3.47545e-05,-0.000242429,0.00116041,-0.000192539,0.00281601,-0.000639819,0.000442238,0.000153635,0.000761611,0.000405017,0.000603068,-0.000639819,0.0270564,0.00135284,0.000195734,0.00126888,-0.000918096,0.00137688,0.000442238,0.00135284,0.0290781,0.000344373,-2.60547e-05,2.77878e-05,-3.47545e-05,0.000153635,0.000195734,0.000344373,0.0466223,
0.00276097,-0.000197537,-0.00195733,-0.000243772,0.00075694,0.0012715,-2.58196e-05,-0.000197537,0.00120408,-0.000266005,0.00116102,0.000409654,-0.000919045,2.76806e-05,-0.00195733,-0.000266005,0.00308676,-0.000195244,0.000602613,0.00137783,-3.42223e-05,-0.000243772,0.00116102,-0.000195244,0.00281692,-0.000642364,0.000434392,0.000153681,0.00075694,0.000409654,0.000602613,-0.000642364,0.0270326,0.00134023,0.000203378,0.0012715,-0.000919045,0.00137783,0.000434392,0.00134023,0.0290617,0.000345203,-2.58196e-05,2.76806e-05,-3.42223e-05,0.000153681,0.000203378,0.000345203,0.0466223,
0.00276632,-0.000199765,-0.001956,-0.000245093,0.000752223,0.00127407,-2.55808e-05,-0.000199765,0.00120491,-0.000267091,0.00116163,0.000414291,-0.000919975,2.75725e-05,-0.001956,-0.000267091,0.00308516,-0.000197952,0.000602136,0.00137877,-3.3692e-05,-0.000245093,0.00116163,-0.000197952,0.00281782,-0.000644858,0.00042662,0.000153718,0.000752223,0.000414291,0.000602136,-0.000644858,0.0270091,0.0013276,0.000210978,0.00127407,-0.000919975,0.00137877,0.00042662,0.0013276,0.0290452,0.000346009,-2.55808e-05,2.75725e-05,-3.3692e-05,0.000153718,0.000210978,0.000346009,0.0466222,
0.00277167,-0.000201996,-0.00195467,-0.000246394,0.00074746,0.0012766,-2.53383e-05,-0.000201996,0.00120575,-0.000268173,0.00116222,0.000418926,-0.000920887,2.74635e-05,-0.00195467,-0.000268173,0.00308355,-0.000200662,0.000601637,0.0013797,-3.31636e-05,-0.000246394,0.00116222,-0.000200662,0.00281871,-0.000647302,0.00041892,0.000153745,0.00074746,0.000418926,0.000601637,-0.000647302,0.0269858,0.00131495,0.000218536,0.0012766,-0.000920887,0.0013797,0.00041892,0.00131495,0.0290287,0.000346793,-2.53383e-05,2.74635e-05,-3.31636e-05,0.000153745,0.000218536,0.000346793,0.0466222,
0.00277702,-0.000204229,-0.00195331,-0.000247673,0.000742652,0.00127907,-2.50923e-05,-0.000204229,0.00120659,-0.000269252,0.0011628,0.000423559,-0.000921782,2.73538e-05,-0.00195331,-0.000269252,0.00308193,-0.000203375,0.000601116,0.00138061,-3.26372e-05,-0.000247673,0.0011628,-0.000203375,0.00281959,-0.000649697,0.000411293,0.000153763,0.000742652,0.000423559,0.000601116,-0.000649697,0.0269626,0.00130229,0.000226052,0.00127907,-0.000921782,0.00138061,0.000411293,0.00130229,0.0290121,0.000347555,-2.50923e-05,2.73537e-05,-3.26372e-05,0.000153763,0.000226052,0.000347555,0.0466222,
0.00278237,-0.000206466,-0.00195194,-0.000248931,0.0007378,0.0012815,-2.48428e-05,-0.000206466,0.00120742,-0.000270327,0.00116338,0.00042819,-0.000922658,2.72432e-05,-0.00195194,-0.000270327,0.0030803,-0.00020609,0.000600574,0.00138152,-3.21128e-05,-0.000248931,0.00116338,-0.00020609,0.00282046,-0.000652042,0.000403738,0.000153773,0.0007378,0.00042819,0.000600574,-0.000652042,0.0269397,0.00128962,0.000233526,0.0012815,-0.000922658,0.00138152,0.000403738,0.00128962,0.0289955,0.000348296,-2.48428e-05,2.72432e-05,-3.21128e-05,0.000153773,0.000233526,0.000348296,0.0466222,
0.00278773,-0.000208705,-0.00195056,-0.000250168,0.000732904,0.00128389,-2.45898e-05,-0.000208705,0.00120825,-0.000271399,0.00116394,0.000432819,-0.000923517,2.7132e-05,-0.00195056,-0.000271399,0.00307866,-0.000208807,0.00060001,0.00138241,-3.15903e-05,-0.000250168,0.00116394,-0.000208807,0.00282131,-0.00065434,0.000396254,0.000153773,0.000732904,0.000432819,0.00060001,-0.00065434,0.026917,0.00127694,0.000240957,0.00128389,-0.000923517,0.00138241,0.000396254,0.00127694,0.0289788,0.000349018,-2.45898e-05,2.7132e-05,-3.15903e-05,0.000153773,0.000240957,0.000349018,0.0466223,
0.00279308,-0.000210946,-0.00194916,-0.000251383,0.000727966,0.00128622,-2.43335e-05,-0.000210946,0.00120909,-0.000272467,0.00116449,0.000437445,-0.000924359,2.702e-05,-0.00194916,-0.000272467,0.00307701,-0.000211526,0.000599423,0.00138329,-3.107e-05,-0.000251383,0.00116449,-0.000211526,0.00282215,-0.000656591,0.000388843,0.000153766,0.000727966,0.000437445,0.000599423,-0.000656591,0.0268945,0.00126425,0.000248347,0.00128622,-0.000924359,0.00138329,0.000388843,0.00126425,0.0289621,0.000349719,-2.43335e-05,2.702e-05,-3.107e-05,0.000153766,0.000248347,0.000349719,0.0466223,
0.00279844,-0.00021319,-0.00194775,-0.000252577,0.000722986,0.00128851,-2.40738e-05,-0.00021319,0.00120992,-0.000273532,0.00116503,0.000442068,-0.000925183,2.69074e-05,-0.00194775,-0.000273532,0.00307536,-0.000214246,0.000598815,0.00138416,-3.05517e-05,-0.000252577,0.00116503,-0.000214246,0.00282298,-0.000658794,0.000381502,0.000153749,0.000722986,0.000442068,0.000598815,-0.000658794,0.0268722,0.00125156,0.000255696,0.00128851,-0.000925183,0.00138416,0.000381502,0.00125156,0.0289454,0.000350403,-2.40739e-05,2.69074e-05,-3.05517e-05,0.000153749,0.000255696,0.000350403,0.0466223,
0.0028038,-0.000215435,-0.00194632,-0.00025375,0.000717964,0.00129076,-2.38109e-05,-0.000215435,0.00121075,-0.000274594,0.00116556,0.000446689,-0.00092599,2.67941e-05,-0.00194632,-0.000274594,0.00307369,-0.000216968,0.000598185,0.00138502,-3.00355e-05,-0.00025375,0.00116556,-0.000216968,0.0028238,-0.000660952,0.000374233,0.000153725,0.000717964,0.000446689,0.000598185,-0.000660952,0.0268501,0.00123886,0.000263003,0.00129076,-0.00092599,0.00138502,0.000374233,0.00123886,0.0289286,0.000351068,-2.38109e-05,2.67941e-05,-3.00355e-05,0.000153725,0.000263003,0.000351068,0.0466223,
0.00280916,-0.000217682,-0.00194488,-0.000254901,0.000712902,0.00129295,-2.35448e-05,-0.000217682,0.00121158,-0.000275653,0.00116609,0.000451307,-0.00092678,2.66802e-05,-0.00194488,-0.000275653,0.00307202,-0.000219691,0.000597533,0.00138587,-2.95214e-05,-0.000254901,0.00116609,-0.000219691,0.00282461,-0.000663065,0.000367034,0.000153693,0.000712902,0.000451307,0.000597533,-0.000663065,0.0268282,0.00122616,0.00027027,0.00129295,-0.00092678,0.00138587,0.000367034,0.00122616,0.0289118,0.000351715,-2.35447e-05,2.66802e-05,-2.95213e-05,0.000153693,0.00027027,0.000351716,0.0466223,
0.00281451,-0.000219932,-0.00194343,-0.000256031,0.000707799,0.00129511,-2.32755e-05,-0.000219932,0.00121241,-0.000276709,0.0011666,0.000455921,-0.000927552,2.65657e-05,-0.00194343,-0.000276709,0.00307034,-0.000222415,0.000596859,0.0013867,-2.90094e-05,-0.000256031,0.0011666,-0.000222415,0.0028254,-0.000665133,0.000359905,0.000153652,0.000707799,0.000455921,0.000596859,-0.000665133,0.0268065,0.00121346,0.000277496,0.00129511,-0.000927552,0.0013867,0.000359905,0.00121346,0.028895,0.000352346,-2.32755e-05,2.65657e-05,-2.90094e-05,0.000153652,0.000277496,0.000352346,0.0466224,
0.00281987,-0.000222182,-0.00194196,-0.000257139,0.000702658,0.00129721,-2.30031e-05,-0.000222182,0.00121324,-0.000277763,0.0011671,0.000460531,-0.000928308,2.64507e-05,-0.00194196,-0.000277763,0.00306865,-0.00022514,0.000596164,0.00138753,-2.84995e-05,-0.000257139,0.0011671,-0.00022514,0.00282619,-0.000667158,0.000352846,0.000153604,0.000702658,0.000460531,0.000596164,-0.000667158,0.0267851,0.00120076,0.000284682,0.00129721,-0.000928308,0.00138753,0.000352846,0.00120076,0.0288781,0.00035296,-2.30032e-05,2.64507e-05,-2.84995e-05,0.000153604,0.000284682,0.00035296,0.0466224,
0.00282522,-0.000224434,-0.00194047,-0.000258226,0.000697477,0.00129928,-2.27277e-05,-0.000224434,0.00121407,-0.000278814,0.00116759,0.000465138,-0.000929047,2.63352e-05,-0.00194047,-0.000278814,0.00306695,-0.000227866,0.000595447,0.00138835,-2.79917e-05,-0.000258226,0.00116759,-0.000227866,0.00282696,-0.000669139,0.000345856,0.000153549,0.000697477,0.000465138,0.000595447,-0.000669139,0.0267638,0.00118806,0.000291828,0.00129928,-0.000929047,0.00138835,0.000345856,0.00118806,0.0288613,0.000353558,-2.27277e-05,2.63352e-05,-2.79917e-05,0.000153549,0.000291828,0.000353558,0.0466225,
0.00283058,-0.000226688,-0.00193897,-0.00025929,0.000692259,0.00130129,-2.24493e-05,-0.000226688,0.0012149,-0.000279862,0.00116807,0.000469741,-0.00092977,2.62191e-05,-0.00193897,-0.000279862,0.00306525,-0.000230593,0.000594708,0.00138915,-2.74861e-05,-0.00025929,0.00116807,-0.000230593,0.00282772,-0.000671078,0.000338936,0.000153486,0.000692259,0.000469741,0.000594708,-0.000671078,0.0267427,0.00117537,0.000298935,0.00130129,-0.00092977,0.00138915,0.000338936,0.00117537,0.0288443,0.000354141,-2.24493e-05,2.62191e-05,-2.74861e-05,0.000153486,0.000298935,0.000354141,0.0466225,
0.00283593,-0.000228942,-0.00193746,-0.000260334,0.000687003,0.00130327,-2.2168e-05,-0.000228942,0.00121572,-0.000280907,0.00116854,0.00047434,-0.000930476,2.61025e-05,-0.00193746,-0.000280907,0.00306353,-0.000233321,0.000593948,0.00138995,-2.69826e-05,-0.000260334,0.00116854,-0.000233321,0.00282847,-0.000672975,0.000332084,0.000153415,0.000687003,0.00047434,0.000593948,-0.000672975,0.0267219,0.00116268,0.000306001,0.00130327,-0.000930476,0.00138995,0.000332084,0.00116268,0.0288274,0.000354708,-2.2168e-05,2.61025e-05,-2.69826e-05,0.000153415,0.000306001,0.000354708,0.0466226,
0.00284128,-0.000231198,-0.00193593,-0.000261356,0.00068171,0.0013052,-2.18839e-05,-0.000231198,0.00121655,-0.000281951,0.001169,0.000478935,-0.000931166,2.59855e-05,-0.00193593,-0.000281951,0.00306181,-0.000236049,0.000593167,0.00139074,-2.64814e-05,-0.000261356,0.001169,-0.000236048,0.0028292,-0.000674831,0.000325301,0.000153338,0.00068171,0.000478935,0.000593167,-0.000674831,0.0267012,0.00115,0.000313029,0.0013052,-0.000931166,0.00139074,0.000325301,0.00115,0.0288105,0.00035526,-2.18839e-05,2.59855e-05,-2.64814e-05,0.000153338,0.000313029,0.00035526,0.0466226,
0.00284663,-0.000233455,-0.00193439,-0.000262356,0.000676381,0.00130709,-2.15969e-05,-0.000233454,0.00121737,-0.000282992,0.00116945,0.000483525,-0.00093184,2.5868e-05,-0.00193439,-0.000282992,0.00306009,-0.000238777,0.000592364,0.00139151,-2.59822e-05,-0.000262356,0.00116945,-0.000238777,0.00282993,-0.000676646,0.000318586,0.000153253,0.000676381,0.000483525,0.000592364,-0.000676646,0.0266808,0.00113733,0.000320017,0.00130709,-0.00093184,0.00139151,0.000318586,0.00113733,0.0287935,0.000355798,-2.15969e-05,2.5868e-05,-2.59823e-05,0.000153253,0.000320017,0.000355798,0.0466227,
0.00285198,-0.000235712,-0.00193283,-0.000263334,0.000671016,0.00130893,-2.13071e-05,-0.000235712,0.00121819,-0.000284031,0.00116989,0.000488111,-0.000932498,2.57501e-05,-0.00193283,-0.000284031,0.00305836,-0.000241505,0.00059154,0.00139228,-2.54853e-05,-0.000263334,0.00116989,-0.000241505,0.00283064,-0.000678422,0.000311938,0.000153162,0.000671016,0.000488111,0.00059154,-0.000678422,0.0266605,0.00112467,0.000326967,0.00130893,-0.000932498,0.00139228,0.000311938,0.00112467,0.0287765,0.000356322,-2.13071e-05,2.57501e-05,-2.54853e-05,0.000153162,0.000326967,0.000356322,0.0466228,
0.00285732,-0.00023797,-0.00193126,-0.000264291,0.000665617,0.00131073,-2.10147e-05,-0.00023797,0.00121902,-0.000285068,0.00117032,0.000492692,-0.00093314,2.56318e-05,-0.00193126,-0.000285068,0.00305662,-0.000244234,0.000590695,0.00139304,-2.49906e-05,-0.000264291,0.00117032,-0.000244234,0.00283134,-0.000680158,0.000305358,0.000153064,0.000665617,0.000492692,0.000590695,-0.000680158,0.0266405,0.00111202,0.000333879,0.00131073,-0.00093314,0.00139304,0.000305358,0.00111202,0.0287595,0.000356831,-2.10147e-05,2.56318e-05,-2.49906e-05,0.000153064,0.000333879,0.000356831,0.0466228,
0.00286266,-0.000240228,-0.00192967,-0.000265226,0.000660183,0.00131249,-2.07196e-05,-0.000240228,0.00121984,-0.000286103,0.00117073,0.000497267,-0.000933767,2.55131e-05,-0.00192967,-0.000286103,0.00305487,-0.000246962,0.000589829,0.00139378,-2.44981e-05,-0.000265226,0.00117073,-0.000246962,0.00283203,-0.000681856,0.000298844,0.000152959,0.000660183,0.000497267,0.000589829,-0.000681856,0.0266206,0.00109938,0.000340752,0.00131249,-0.000933767,0.00139378,0.000298844,0.00109938,0.0287425,0.000357328,-2.07196e-05,2.55131e-05,-2.44981e-05,0.000152959,0.000340752,0.000357328,0.0466229,
0.002868,-0.000242487,-0.00192807,-0.000266139,0.000654716,0.0013142,-2.04219e-05,-0.000242487,0.00122065,-0.000287136,0.00117114,0.000501838,-0.000934378,2.53939e-05,-0.00192807,-0.000287136,0.00305312,-0.000249691,0.000588942,0.00139452,-2.40077e-05,-0.000266139,0.00117114,-0.000249691,0.0028327,-0.000683516,0.000292397,0.000152847,0.000654716,0.000501838,0.000588942,-0.000683516,0.026601,0.00108675,0.000347587,0.0013142,-0.000934378,0.00139452,0.000292397,0.00108675,0.0287255,0.00035781,-2.04219e-05,2.53939e-05,-2.40077e-05,0.000152847,0.000347587,0.00035781,0.046623,
0.00287334,-0.000244746,-0.00192646,-0.000267031,0.000649216,0.00131588,-2.01216e-05,-0.000244746,0.00122147,-0.000288167,0.00117154,0.000506404,-0.000934974,2.52745e-05,-0.00192646,-0.000288167,0.00305136,-0.000252419,0.000588034,0.00139525,-2.35196e-05,-0.000267031,0.00117154,-0.000252419,0.00283337,-0.000685139,0.000286016,0.00015273,0.000649216,0.000506404,0.000588034,-0.000685139,0.0265816,0.00107414,0.000354384,0.00131588,-0.000934974,0.00139525,0.000286016,0.00107414,0.0287084,0.00035828,-2.01216e-05,2.52744e-05,-2.35196e-05,0.00015273,0.000354384,0.00035828,0.0466231,
0.00287867,-0.000247006,-0.00192483,-0.000267901,0.000643684,0.00131751,-1.98188e-05,-0.000247006,0.00122229,-0.000289197,0.00117193,0.000510964,-0.000935555,2.51546e-05,-0.00192483,-0.000289197,0.0030496,-0.000255147,0.000587106,0.00139597,-2.30337e-05,-0.000267901,0.00117193,-0.000255147,0.00283402,-0.000686725,0.000279701,0.000152606,0.000643684,0.000510964,0.000587106,-0.000686725,0.0265624,0.00106154,0.000361143,0.00131751,-0.000935555,0.00139597,0.000279701,0.00106154,0.0286914,0.000358737,-1.98188e-05,2.51547e-05,-2.30337e-05,0.000152605,0.000361143,0.000358737,0.0466231,
0.002884,-0.000249265,-0.00192318,-0.000268749,0.00063812,0.0013191,-1.95136e-05,-0.000249265,0.0012231,-0.000290225,0.00117231,0.000515518,-0.000936121,2.50345e-05,-0.00192318,-0.000290225,0.00304783,-0.000257874,0.000586156,0.00139668,-2.255e-05,-0.000268749,0.00117231,-0.000257874,0.00283466,-0.000688275,0.000273451,0.000152475,0.00063812,0.000515518,0.000586156,-0.000688275,0.0265433,0.00104896,0.000367865,0.0013191,-0.000936121,0.00139668,0.000273451,0.00104896,0.0286743,0.000359181,-1.95136e-05,2.50345e-05,-2.255e-05,0.000152475,0.000367865,0.000359181,0.0466232,
0.00288932,-0.000251524,-0.00192152,-0.000269576,0.000632525,0.00132065,-1.92059e-05,-0.000251524,0.00122391,-0.000291251,0.00117268,0.000520067,-0.000936673,2.4914e-05,-0.00192152,-0.000291251,0.00304605,-0.0002606,0.000585186,0.00139738,-2.20685e-05,-0.000269576,0.00117268,-0.0002606,0.00283529,-0.00068979,0.000267266,0.000152339,0.000632525,0.000520067,0.000585186,-0.00068979,0.0265245,0.0010364,0.00037455,0.00132065,-0.000936673,0.00139738,0.000267266,0.0010364,0.0286573,0.000359613,-1.9206e-05,2.4914e-05,-2.20685e-05,0.000152339,0.00037455,0.000359613,0.0466233,
0.00289465,-0.000253783,-0.00191985,-0.000270381,0.0006269,0.00132215,-1.88959e-05,-0.000253783,0.00122472,-0.000292276,0.00117304,0.00052461,-0.000937209,2.47932e-05,-0.00191985,-0.000292276,0.00304427,-0.000263326,0.000584196,0.00139807,-2.15893e-05,-0.000270381,0.00117304,-0.000263326,0.00283591,-0.00069127,0.000261145,0.000152196,0.0006269,0.00052461,0.000584196,-0.00069127,0.0265059,0.00102386,0.000381198,0.00132215,-0.000937209,0.00139807,0.000261145,0.00102386,0.0286402,0.000360033,-1.88959e-05,2.47932e-05,-2.15892e-05,0.000152196,0.000381198,0.000360033,0.0466234,
0.00289996,-0.000256042,-0.00191816,-0.000271164,0.000621245,0.00132362,-1.85836e-05,-0.000256042,0.00122553,-0.000293299,0.00117339,0.000529146,-0.000937731,2.4672e-05,-0.00191816,-0.000293299,0.00304249,-0.000266051,0.000583185,0.00139876,-2.11123e-05,-0.000271164,0.00117339,-0.000266051,0.00283652,-0.000692716,0.000255089,0.000152048,0.000621245,0.000529146,0.000583185,-0.000692716,0.0264875,0.00101134,0.000387809,0.00132362,-0.000937731,0.00139876,0.000255089,0.00101134,0.0286231,0.00036044,-1.85836e-05,2.4672e-05,-2.11122e-05,0.000152048,0.000387809,0.00036044,0.0466235,
0.00290528,-0.0002583,-0.00191646,-0.000271926,0.000615561,0.00132505,-1.8269e-05,-0.0002583,0.00122634,-0.000294321,0.00117373,0.000533677,-0.000938239,2.45506e-05,-0.00191646,-0.000294321,0.0030407,-0.000268775,0.000582154,0.00139943,-2.06374e-05,-0.000271926,0.00117373,-0.000268775,0.00283711,-0.000694128,0.000249096,0.000151894,0.000615561,0.000533677,0.000582154,-0.000694128,0.0264692,0.00099884,0.000394383,0.00132505,-0.000938239,0.00139943,0.000249096,0.00099884,0.028606,0.000360836,-1.8269e-05,2.45507e-05,-2.06374e-05,0.000151894,0.000394383,0.000360836,0.0466236,
0.00291059,-0.000260558,-0.00191475,-0.000272666,0.000609848,0.00132643,-1.79522e-05,-0.000260558,0.00122715,-0.000295342,0.00117406,0.000538201,-0.000938733,2.4429e-05,-0.00191475,-0.000295342,0.0030389,-0.000271498,0.000581102,0.0014001,-2.01649e-05,-0.000272666,0.00117406,-0.000271498,0.0028377,-0.000695508,0.000243167,0.000151735,0.000609848,0.000538201,0.000581102,-0.000695508,0.0264512,0.000986362,0.00040092,0.00132643,-0.000938733,0.0014001,0.000243167,0.000986362,0.028589,0.00036122,-1.79522e-05,2.4429e-05,-2.01649e-05,0.000151735,0.00040092,0.00036122,0.0466237,
0.00291589,-0.000262815,-0.00191302,-0.000273384,0.000604108,0.00132778,-1.76333e-05,-0.000262815,0.00122795,-0.000296362,0.00117438,0.000542718,-0.000939213,2.4307e-05,-0.00191302,-0.000296362,0.0030371,-0.00027422,0.000580031,0.00140076,-1.96946e-05,-0.000273384,0.00117438,-0.00027422,0.00283827,-0.000696855,0.0002373,0.000151569,0.000604108,0.000542718,0.000580031,-0.000696855,0.0264334,0.000973908,0.000407422,0.00132778,-0.000939213,0.00140076,0.0002373,0.000973908,0.0285719,0.000361592,-1.76332e-05,2.43071e-05,-1.96945e-05,0.000151569,0.000407422,0.000361592,0.0466238,
0.00292119,-0.000265071,-0.00191128,-0.000274081,0.000598341,0.00132909,-1.73122e-05,-0.000265071,0.00122876,-0.000297381,0.00117469,0.000547229,-0.000939679,2.41848e-05,-0.00191127,-0.000297381,0.00303529,-0.00027694,0.000578939,0.00140141,-1.92264e-05,-0.000274081,0.00117469,-0.00027694,0.00283883,-0.00069817,0.000231496,0.000151399,0.00059834,0.000547229,0.000578939,-0.00069817,0.0264157,0.000961478,0.000413887,0.00132909,-0.000939679,0.00140141,0.000231496,0.000961478,0.0285548,0.000361953,-1.73122e-05,2.41848e-05,-1.92265e-05,0.000151399,0.000413887,0.000361953,0.0466239,
0.00292648,-0.000267326,-0.00190952,-0.000274756,0.000592547,0.00133036,-1.6989e-05,-0.000267326,0.00122956,-0.000298398,0.00117499,0.000551732,-0.000940131,2.40624e-05,-0.00190952,-0.000298398,0.00303348,-0.000279659,0.000577828,0.00140205,-1.87606e-05,-0.000274756,0.00117499,-0.000279659,0.00283938,-0.000699455,0.000225754,0.000151223,0.000592547,0.000551732,0.000577828,-0.000699455,0.0263983,0.000949074,0.000420316,0.00133036,-0.000940131,0.00140205,0.000225754,0.000949074,0.0285377,0.000362302,-1.6989e-05,2.40624e-05,-1.87606e-05,0.000151223,0.000420316,0.000362302,0.0466241,
0.00293177,-0.00026958,-0.00190775,-0.00027541,0.000586727,0.00133159,-1.66638e-05,-0.00026958,0.00123036,-0.000299415,0.00117528,0.000556229,-0.00094057,2.39397e-05,-0.00190775,-0.000299415,0.00303167,-0.000282376,0.000576696,0.00140269,-1.82969e-05,-0.00027541,0.00117528,-0.000282376,0.00283992,-0.000700709,0.000220074,0.000151042,0.000586727,0.000556229,0.000576696,-0.000700709,0.026381,0.000936696,0.000426709,0.00133159,-0.00094057,0.00140269,0.000220074,0.000936696,0.0285207,0.000362641,-1.66637e-05,2.39397e-05,-1.82969e-05,0.000151042,0.000426709,0.000362641,0.0466242,
0.00293705,-0.000271833,-0.00190596,-0.000276042,0.000580881,0.00133278,-1.63365e-05,-0.000271833,0.00123116,-0.000300431,0.00117556,0.000560719,-0.000940995,2.38168e-05,-0.00190596,-0.000300431,0.00302985,-0.000285091,0.000575545,0.00140331,-1.78356e-05,-0.000276042,0.00117556,-0.000285092,0.00284044,-0.000701933,0.000214454,0.000150855,0.000580881,0.000560719,0.000575545,-0.000701933,0.026364,0.000924345,0.000433067,0.00133278,-0.000940995,0.00140331,0.000214455,0.000924345,0.0285036,0.000362968,-1.63365e-05,2.38168e-05,-1.78356e-05,0.000150855,0.000433067,0.000362968,0.0466243,
0.00294233,-0.000274084,-0.00190416,-0.000276652,0.000575011,0.00133393,-1.60074e-05,-0.000274084,0.00123195,-0.000301446,0.00117583,0.000565201,-0.000941408,2.36936e-05,-0.00190416,-0.000301446,0.00302803,-0.000287805,0.000574374,0.00140393,-1.73764e-05,-0.000276652,0.00117583,-0.000287805,0.00284096,-0.000703127,0.000208896,0.000150664,0.000575011,0.000565201,0.000574374,-0.000703127,0.0263471,0.000912023,0.000439389,0.00133393,-0.000941408,0.00140393,0.000208896,0.000912023,0.0284866,0.000363285,-1.60074e-05,2.36936e-05,-1.73764e-05,0.000150664,0.000439389,0.000363285,0.0466244,
0.0029476,-0.000276335,-0.00190234,-0.000277242,0.000569118,0.00133505,-1.56763e-05,-0.000276335,0.00123275,-0.00030246,0.00117609,0.000569676,-0.000941807,2.35703e-05,-0.00190234,-0.00030246,0.0030262,-0.000290517,0.000573184,0.00140454,-1.69195e-05,-0.000277242,0.00117609,-0.000290517,0.00284146,-0.000704293,0.000203398,0.000150467,0.000569118,0.000569676,0.000573184,-0.000704293,0.0263305,0.00089973,0.000445676,0.00133505,-0.000941807,0.00140454,0.000203398,0.00089973,0.0284695,0.00036359,-1.56763e-05,2.35703e-05,-1.69195e-05,0.000150467,0.000445676,0.00036359,0.0466245,
0.00295286,-0.000278583,-0.00190052,-0.000277809,0.0005632,0.00133612,-1.53433e-05,-0.000278583,0.00123354,-0.000303474,0.00117634,0.000574143,-0.000942193,2.34467e-05,-0.00190052,-0.000303474,0.00302438,-0.000293227,0.000571974,0.00140514,-1.64648e-05,-0.000277809,0.00117634,-0.000293227,0.00284195,-0.00070543,0.00019796,0.000150266,0.0005632,0.000574143,0.000571974,-0.00070543,0.026314,0.000887467,0.000451928,0.00133612,-0.000942193,0.00140514,0.00019796,0.000887467,0.0284525,0.000363885,-1.53434e-05,2.34467e-05,-1.64648e-05,0.000150266,0.000451928,0.000363885,0.0466247,
0.00295812,-0.00028083,-0.00189867,-0.000278356,0.00055726,0.00133716,-1.50086e-05,-0.00028083,0.00123433,-0.000304487,0.00117658,0.000578602,-0.000942566,2.3323e-05,-0.00189867,-0.000304487,0.00302254,-0.000295935,0.000570744,0.00140573,-1.60124e-05,-0.000278356,0.00117658,-0.000295935,0.00284244,-0.00070654,0.000192582,0.00015006,0.00055726,0.000578602,0.000570744,-0.00070654,0.0262977,0.000875234,0.000458144,0.00133716,-0.000942566,0.00140573,0.000192582,0.000875234,0.0284355,0.000364169,-1.50085e-05,2.3323e-05,-1.60124e-05,0.00015006,0.000458144,0.000364169,0.0466248,
0.00296337,-0.000283076,-0.00189682,-0.000278881,0.000551297,0.00133817,-1.46721e-05,-0.000283076,0.00123512,-0.0003055,0.00117682,0.000583053,-0.000942927,2.31991e-05,-0.00189682,-0.0003055,0.00302071,-0.00029864,0.000569495,0.00140632,-1.55622e-05,-0.000278881,0.00117682,-0.00029864,0.00284291,-0.000707623,0.000187262,0.000149849,0.000551297,0.000583053,0.000569496,-0.000707623,0.0262816,0.000863034,0.000464326,0.00133817,-0.000942927,0.00140632,0.000187262,0.000863034,0.0284184,0.000364443,-1.4672e-05,2.31991e-05,-1.55621e-05,0.000149849,0.000464326,0.000364443,0.0466249,
0.00296861,-0.000285319,-0.00189495,-0.000279385,0.000545313,0.00133913,-1.43338e-05,-0.000285319,0.00123591,-0.000306512,0.00117704,0.000587497,-0.000943275,2.30749e-05,-0.00189495,-0.000306512,0.00301887,-0.000301343,0.000568228,0.0014069,-1.51142e-05,-0.000279385,0.00117704,-0.000301343,0.00284337,-0.000708679,0.000182002,0.000149634,0.000545313,0.000587497,0.000568228,-0.000708679,0.0262657,0.000850866,0.000470473,0.00133913,-0.000943275,0.0014069,0.000182001,0.000850866,0.0284014,0.000364706,-1.43338e-05,2.30749e-05,-1.51142e-05,0.000149634,0.000470473,0.000364706,0.0466251,
0.00297385,-0.000287561,-0.00189306,-0.000279867,0.000539308,0.00134006,-1.39938e-05,-0.000287561,0.0012367,-0.000307523,0.00117726,0.000591932,-0.000943611,2.29507e-05,-0.00189306,-0.000307523,0.00301703,-0.000304044,0.000566941,0.00140747,-1.46684e-05,-0.000279867,0.00117726,-0.000304044,0.00284381,-0.000709709,0.000176799,0.000149414,0.000539308,0.000591932,0.000566941,-0.000709709,0.02625,0.000838731,0.000476585,0.00134006,-0.000943611,0.00140747,0.000176799,0.000838731,0.0283845,0.000364959,-1.39938e-05,2.29506e-05,-1.46684e-05,0.000149414,0.000476585,0.000364959,0.0466252,
0.00297908,-0.000289801,-0.00189117,-0.000280329,0.000533283,0.00134095,-1.36522e-05,-0.000289801,0.00123748,-0.000308534,0.00117746,0.000596359,-0.000943935,2.28262e-05,-0.00189117,-0.000308534,0.00301518,-0.000306742,0.000565635,0.00140803,-1.42249e-05,-0.000280329,0.00117746,-0.000306742,0.00284425,-0.000710714,0.000171654,0.00014919,0.000533283,0.000596359,0.000565635,-0.000710714,0.0262345,0.00082663,0.000482664,0.00134095,-0.000943935,0.00140803,0.000171654,0.00082663,0.0283675,0.000365202,-1.36522e-05,2.28262e-05,-1.42248e-05,0.00014919,0.000482664,0.000365202,0.0466253,
0.0029843,-0.000292038,-0.00188926,-0.000280769,0.000527237,0.00134181,-1.3309e-05,-0.000292038,0.00123826,-0.000309545,0.00117766,0.000600777,-0.000944247,2.27016e-05,-0.00188926,-0.000309545,0.00301333,-0.000309438,0.00056431,0.00140859,-1.37836e-05,-0.000280769,0.00117766,-0.000309438,0.00284468,-0.000711694,0.000166567,0.000148961,0.000527237,0.000600777,0.00056431,-0.000711694,0.0262191,0.000814565,0.000488707,0.00134181,-0.000944247,0.00140859,0.000166567,0.000814565,0.0283505,0.000365435,-1.3309e-05,2.27016e-05,-1.37836e-05,0.000148961,0.000488707,0.000365435,0.0466255,
0.00298951,-0.000294273,-0.00188733,-0.000281188,0.000521173,0.00134263,-1.29641e-05,-0.000294273,0.00123904,-0.000310556,0.00117784,0.000605187,-0.000944546,2.25769e-05,-0.00188733,-0.000310556,0.00301148,-0.000312131,0.000562966,0.00140914,-1.33445e-05,-0.000281188,0.00117784,-0.000312131,0.0028451,-0.000712649,0.000161537,0.000148729,0.000521173,0.000605187,0.000562966,-0.000712649,0.026204,0.000802535,0.000494717,0.00134263,-0.000944546,0.00140914,0.000161537,0.000802535,0.0283336,0.000365658,-1.29641e-05,2.25769e-05,-1.33445e-05,0.000148729,0.000494717,0.000365658,0.0466256,
0.00299472,-0.000296506,-0.00188539,-0.000281586,0.000515089,0.00134342,-1.26178e-05,-0.000296506,0.00123982,-0.000311566,0.00117802,0.000609588,-0.000944834,2.2452e-05,-0.00188539,-0.000311566,0.00300963,-0.000314821,0.000561604,0.00140968,-1.29076e-05,-0.000281586,0.00117802,-0.000314821,0.0028455,-0.000713581,0.000156563,0.000148492,0.000515089,0.000609588,0.000561604,-0.000713581,0.026189,0.000790541,0.000500693,0.00134342,-0.000944834,0.00140968,0.000156563,0.000790541,0.0283167,0.00036587,-1.26178e-05,2.2452e-05,-1.29076e-05,0.000148492,0.000500693,0.00036587,0.0466258,
0.00299992,-0.000298736,-0.00188344,-0.000281963,0.000508988,0.00134417,-1.22699e-05,-0.000298736,0.00124059,-0.000312576,0.00117819,0.000613981,-0.000945111,2.2327e-05,-0.00188344,-0.000312576,0.00300778,-0.000317507,0.000560223,0.00141021,-1.2473e-05,-0.000281963,0.00117819,-0.000317507,0.0028459,-0.000714489,0.000151645,0.000148251,0.000508988,0.000613981,0.000560223,-0.000714489,0.0261742,0.000778584,0.000506634,0.00134417,-0.000945111,0.00141021,0.000151645,0.000778584,0.0282998,0.000366073,-1.22699e-05,2.2327e-05,-1.2473e-05,0.000148251,0.000506634,0.000366073,0.0466259,
