0.00351479,-0.000357862,-0.00157228,-0.000270883,-0.00141536,-0.000560898,2.76787e-06,-0.000357862,0.00120278,-0.000336292,0.00126868,-0.000151593,-0.000208048,4.57562e-05,-0.00157228,-0.000336292,0.0029717,-0.00048654,-0.00141628,-0.000649196,5.58497e-05,-0.000270883,0.00126868,-0.00048654,0.00312923,0.000213521,0.0019432,8.29933e-05,-0.00141536,-0.000151593,-0.00141628,0.000213521,0.0348886,0.00172476,-0.00204403,-0.000560898,-0.000208048,-0.000649196,0.0019432,0.00172476,0.0276933,-0.000252346,2.76787e-06,4.57562e-05,5.58497e-05,8.29933e-05,-0.00204403,-0.000252346,0.0467327,
0.00351506,-0.000358365,-0.00157315,-0.000270139,-0.00141214,-0.000564813,2.50328e-06,-0.000358365,0.00120309,-0.000336168,0.00126817,-0.000149819,-0.000207374,4.56722e-05,-0.00157315,-0.000336168,0.00296779,-0.000487205,-0.00141224,-0.000653859,5.5921e-05,-0.000270139,0.00126817,-0.000487205,0.00312753,0.000213533,0.0019439,8.28292e-05,-0.00141214,-0.000149819,-0.00141224,0.000213533,0.0348936,0.0017305,-0.00204414,-0.000564813,-0.000207374,-0.000653858,0.0019439,0.0017305,0.0277001,-0.000251653,2.50339e-06,4.56722e-05,5.5921e-05,8.28292e-05,-0.00204414,-0.000251653,0.0467328,
0.00351574,-0.000359612,-0.0015735,-0.000269809,-0.00140889,-0.000569501,2.12097e-06,-0.000359612,0.00120363,-0.000336781,0.00126739,-0.000147709,-0.000207031,4.56911e-05,-0.0015735,-0.000336781,0.0029645,-0.000488701,-0.00140825,-0.000659383,5.58621e-05,-0.000269809,0.00126739,-0.000488701,0.00312495,0.000213083,0.00194383,8.27818e-05,-0.00140889,-0.000147709,-0.00140825,0.000213083,0.0348993,0.0017371,-0.00204415,-0.000569501,-0.000207031,-0.000659383,0.00194383,0.0017371,0.0277077,-0.00025084,2.12097e-06,4.56911e-05,5.58622e-05,8.27818e-05,-0.00204415,-0.00025084,0.0467328,
0.00351722,-0.000361215,-0.00157336,-0.000269344,-0.00140531,-0.000574822,1.56916e-06,-0.000361215,0.00120427,-0.000337637,0.00126648,-0.000145389,-0.00020696,4.57401e-05,-0.00157336,-0.000337637,0.0029607,-0.000490666,-0.00140383,-0.00066579,5.57464e-05,-0.000269344,0.00126648,-0.000490666,0.00312192,0.000212515,0.00194348,8.2743e-05,-0.00140531,-0.000145389,-0.00140383,0.000212515,0.0349062,0.00174475,-0.00204406,-0.000574822,-0.00020696,-0.00066579,0.00194348,0.00174475,0.0277171,-0.000249979,1.56919e-06,4.57401e-05,5.57464e-05,8.2743e-05,-0.00204406,-0.000249979,0.0467329,
0.00351948,-0.000362972,-0.00157283,-0.000268539,-0.00140149,-0.000579635,9.02001e-07,-0.000362972,0.00120497,-0.000338538,0.00126551,-0.000143179,-0.000207049,4.58173e-05,-0.00157283,-0.000338538,0.0029562,-0.000492823,-0.001399,-0.000671802,5.56401e-05,-0.000268539,0.00126551,-0.000492823,0.0031188,0.000212507,0.00194354,8.26483e-05,-0.00140149,-0.000143179,-0.001399,0.000212507,0.0349135,0.00175242,-0.00204392,-0.000579635,-0.000207049,-0.000671802,0.00194354,0.00175242,0.0277273,-0.000249128,9.02056e-07,4.58173e-05,5.56402e-05,8.26483e-05,-0.00204392,-0.000249128,0.046733,
0.00352249,-0.000364842,-0.00157186,-0.000267428,-0.00139803,-0.000584472,1.6373e-07,-0.000364842,0.00120569,-0.000339455,0.0012645,-0.000140889,-0.000207025,4.58985e-05,-0.00157186,-0.000339455,0.00295113,-0.00049515,-0.0013945,-0.000678039,5.55827e-05,-0.000267428,0.0012645,-0.00049515,0.00311561,0.000212295,0.00194345,8.25654e-05,-0.00139803,-0.000140889,-0.0013945,0.000212295,0.0349205,0.00175996,-0.00204373,-0.000584472,-0.000207025,-0.000678039,0.00194345,0.00175996,0.0277372,-0.000248262,1.63758e-07,4.58985e-05,5.55827e-05,8.25655e-05,-0.00204373,-0.000248262,0.0467331,
0.00352613,-0.000366803,-0.00157051,-0.000266033,-0.00139466,-0.000589161,-6.50063e-07,-0.000366803,0.00120643,-0.000340377,0.00126346,-0.000138608,-0.000207014,4.59885e-05,-0.00157051,-0.000340377,0.00294554,-0.000497612,-0.00139002,-0.000684277,5.55519e-05,-0.000266033,0.00126346,-0.000497612,0.00311238,0.000212165,0.00194341,8.2467e-05,-0.00139466,-0.000138608,-0.00139002,0.000212165,0.0349276,0.00176745,-0.00204349,-0.000589161,-0.000207014,-0.000684277,0.00194341,0.00176745,0.0277473,-0.000247398,-6.50091e-07,4.59885e-05,5.55519e-05,8.2467e-05,-0.00204349,-0.000247398,0.0467332,
0.00353025,-0.000368841,-0.00156885,-0.000264434,-0.00139144,-0.000593776,-1.51693e-06,-0.000368841,0.00120719,-0.000341317,0.0012624,-0.000136328,-0.000207006,4.6086e-05,-0.00156885,-0.000341317,0.00293961,-0.000500182,-0.00138567,-0.000690564,5.55418e-05,-0.000264434,0.0012624,-0.000500183,0.00310912,0.000212011,0.00194332,8.23669e-05,-0.00139144,-0.000136328,-0.00138567,0.000212011,0.0349345,0.00177486,-0.0020432,-0.000593776,-0.000207006,-0.000690564,0.00194332,0.00177486,0.0277573,-0.000246535,-1.51695e-06,4.6086e-05,5.55418e-05,8.23669e-05,-0.0020432,-0.000246535,0.0467333,
0.00353464,-0.000370937,-0.00156696,-0.000262727,-0.0013883,-0.000598312,-2.41659e-06,-0.000370937,0.00120796,-0.000342286,0.00126133,-0.000134082,-0.00020705,4.61926e-05,-0.00156696,-0.000342286,0.00293357,-0.000502828,-0.0013814,-0.00069684,5.5535e-05,-0.000262727,0.00126133,-0.000502828,0.00310585,0.000211865,0.00194314,8.22671e-05,-0.0013883,-0.000134082,-0.0013814,0.000211865,0.0349414,0.0017822,-0.00204288,-0.000598312,-0.000207049,-0.00069684,0.00194314,0.0017822,0.0277674,-0.000245681,-2.41657e-06,4.61926e-05,5.5535e-05,8.22671e-05,-0.00204288,-0.000245681,0.0467333,
0.00353921,-0.000373073,-0.0015649,-0.000260936,-0.00138526,-0.000602802,-3.33475e-06,-0.000373073,0.00120875,-0.000343273,0.00126026,-0.000131852,-0.000207105,4.63045e-05,-0.0015649,-0.000343273,0.00292747,-0.000505521,-0.00137724,-0.000703121,5.55342e-05,-0.000260936,0.00126026,-0.000505521,0.00310257,0.000211702,0.00194289,8.217e-05,-0.00138526,-0.000131852,-0.00137724,0.000211702,0.0349481,0.00178944,-0.00204252,-0.000602802,-0.000207105,-0.000703121,0.00194289,0.00178944,0.0277774,-0.000244839,-3.33478e-06,4.63045e-05,5.55342e-05,8.217e-05,-0.00204252,-0.000244839,0.0467334,
0.00354387,-0.000375235,-0.00156272,-0.000259081,-0.00138225,-0.000607246,-4.2652e-06,-0.000375235,0.00120954,-0.000344271,0.00125917,-0.000129645,-0.000207177,4.64203e-05,-0.00156272,-0.000344271,0.00292132,-0.00050824,-0.00137313,-0.000709392,5.55353e-05,-0.000259081,0.00125917,-0.00050824,0.00309928,0.000211552,0.00194258,8.20726e-05,-0.00138225,-0.000129645,-0.00137313,0.000211552,0.0349546,0.00179662,-0.00204214,-0.000607246,-0.000207177,-0.000709392,0.00194258,0.00179662,0.0277874,-0.000244013,-4.2652e-06,4.64203e-05,5.55353e-05,8.20726e-05,-0.00204214,-0.000244013,0.0467335,
0.00354818,-0.000377501,-0.00156035,-0.000257411,-0.00137866,-0.000613851,-5.35516e-06,-0.000377542,0.00121032,-0.000345242,0.00125801,-0.000127257,-0.000207974,4.64885e-05,-0.00156089,-0.000345371,0.00291527,-0.000511238,-0.00136836,-0.000718128,5.53651e-05,-0.000257158,0.00125809,-0.000510978,0.003096,0.000211389,0.00194232,8.19821e-05,-0.00137862,-0.000127314,-0.00136922,0.000211809,0.03496,0.00180738,-0.00204149,-0.000614972,-0.000207989,-0.000714816,0.00194022,0.00180896,0.0277787,-0.000244509,-5.17503e-06,4.65445e-05,5.55312e-05,8.1991e-05,-0.00204178,-0.000243055,0.0467335,
0.0035529,-0.000379692,-0.001558,-0.000255467,-0.00137569,-0.000618221,-6.29335e-06,-0.000379734,0.00121113,-0.000346246,0.00125691,-0.000125089,-0.000208062,4.66044e-05,-0.00155854,-0.000346377,0.00290912,-0.000513977,-0.00136431,-0.000724368,5.53698e-05,-0.000255213,0.00125699,-0.000513714,0.0030927,0.000211286,0.00194191,8.18916e-05,-0.00137564,-0.000125146,-0.00136518,0.000211714,0.0349662,0.00181443,-0.00204107,-0.000619378,-0.000208081,-0.000721017,0.00193979,0.00181601,0.0277886,-0.000243814,-6.10845e-06,4.66622e-05,5.55419e-05,8.19006e-05,-0.00204138,-0.000242314,0.0467336,
0.00355743,-0.000381926,-0.00155555,-0.000253587,-0.00137247,-0.000623454,-7.29422e-06,-0.000381986,0.00121193,-0.000347236,0.00125578,-0.000122858,-0.000208447,4.66981e-05,-0.00155633,-0.000347423,0.00290303,-0.000516822,-0.00135998,-0.000731597,5.5304e-05,-0.000253229,0.0012559,-0.000516448,0.00308942,0.000211204,0.0019415,8.18076e-05,-0.00137239,-0.000122937,-0.00136123,0.000211817,0.0349719,0.00182293,-0.00204052,-0.000625131,-0.000208479,-0.000726829,0.00193849,0.00182515,0.0277908,-0.000243737,-7.02755e-06,4.67818e-05,5.55543e-05,8.18204e-05,-0.00204097,-0.000241561,0.0467336,
0.0035621,-0.000384128,-0.0015531,-0.000251582,-0.0013695,-0.000627761,-8.22342e-06,-0.00038419,0.00121275,-0.000348237,0.00125468,-0.000120732,-0.00020854,4.68118e-05,-0.00155389,-0.000348427,0.00289692,-0.000519551,-0.00135596,-0.000737792,5.53172e-05,-0.000251223,0.0012548,-0.000519173,0.00308613,0.000211166,0.001941,8.17262e-05,-0.00136941,-0.000120809,-0.00135722,0.00021179,0.0349777,0.00182982,-0.00204008,-0.000629486,-0.000208577,-0.000732973,0.00193797,0.00183205,0.0278007,-0.000243161,-7.95058e-06,4.68979e-05,5.55754e-05,8.17391e-05,-0.00204055,-0.000240924,0.0467336,
0.00356673,-0.000386332,-0.00155062,-0.000249552,-0.00136653,-0.000632039,-9.14596e-06,-0.000386395,0.00121358,-0.000349236,0.00125358,-0.000118625,-0.000208633,4.69249e-05,-0.00155141,-0.000349428,0.00289084,-0.000522268,-0.00135193,-0.000743963,5.53342e-05,-0.000249192,0.00125369,-0.000521887,0.00308284,0.000211162,0.00194048,8.16479e-05,-0.00136643,-0.000118702,-0.00135322,0.000211797,0.0349835,0.00183662,-0.00203964,-0.000633811,-0.000208675,-0.000739092,0.00193742,0.00183885,0.0278106,-0.000242629,-8.86718e-06,4.70133e-05,5.56e-05,8.1661e-05,-0.00204012,-0.00024033,0.0467336,
0.00357131,-0.000388536,-0.0015481,-0.0002475,-0.00136356,-0.00063629,-1.00621e-05,-0.0003886,0.00121442,-0.00035023,0.00125247,-0.000116539,-0.000208724,4.70374e-05,-0.0015489,-0.000350425,0.00288478,-0.000524973,-0.00134792,-0.000750109,5.53533e-05,-0.000247138,0.00125259,-0.000524588,0.00307956,0.000211191,0.00193992,8.15709e-05,-0.00136344,-0.000116615,-0.00134923,0.000211836,0.034989,0.00184335,-0.00203918,-0.000638107,-0.000208772,-0.000745189,0.00193684,0.00184558,0.0278205,-0.000242129,-9.77757e-06,4.71281e-05,5.56267e-05,8.15842e-05,-0.00203969,-0.00023977,0.0467335,
0.00357583,-0.000390739,-0.00154555,-0.000245426,-0.00136058,-0.000640513,-1.09723e-05,-0.000390804,0.00121526,-0.000351221,0.00125137,-0.000114473,-0.000208813,4.71497e-05,-0.00154637,-0.000351418,0.00287877,-0.000527662,-0.00134392,-0.00075623,5.53733e-05,-0.000245064,0.00125148,-0.000527274,0.00307629,0.000211252,0.00193933,8.14938e-05,-0.00136045,-0.000114547,-0.00134525,0.000211909,0.0349944,0.00185,-0.00203872,-0.000642375,-0.000208866,-0.000751261,0.00193622,0.00185223,0.0278303,-0.000241655,-1.06823e-05,4.72426e-05,5.56539e-05,8.15075e-05,-0.00203924,-0.000239238,0.0467335,
0.0035803,-0.000392941,-0.00154298,-0.000243333,-0.0013576,-0.000644711,-1.18767e-05,-0.000393007,0.0012161,-0.000352207,0.00125026,-0.000112425,-0.000208898,4.72619e-05,-0.0015438,-0.000352406,0.00287278,-0.000530336,-0.00133992,-0.000762324,5.53936e-05,-0.00024297,0.00125038,-0.000529944,0.00307302,0.000211342,0.0019387,8.1416e-05,-0.00135745,-0.000112498,-0.00134127,0.00021201,0.0349996,0.00185659,-0.00203824,-0.000646615,-0.000208956,-0.000757309,0.00193557,0.00185881,0.0278402,-0.000241201,-1.15814e-05,4.7357e-05,5.56812e-05,8.14299e-05,-0.00203878,-0.000238727,0.0467334,
0.00358471,-0.00039514,-0.00154039,-0.000241222,-0.00135462,-0.000648883,-1.27757e-05,-0.000395207,0.00121696,-0.000353188,0.00124915,-0.000110397,-0.00020898,4.73742e-05,-0.00154122,-0.000353389,0.00286683,-0.000532994,-0.00133593,-0.000768394,5.54129e-05,-0.000240858,0.00124927,-0.000532598,0.00306976,0.000211464,0.00193804,8.13362e-05,-0.00135446,-0.000110468,-0.0013373,0.000212142,0.0350047,0.0018631,-0.00203776,-0.000650828,-0.000209044,-0.000763334,0.00193488,0.00186533,0.02785,-0.000240763,-1.24754e-05,4.74714e-05,5.57075e-05,8.13505e-05,-0.00203831,-0.000238232,0.0467333,
0.00358907,-0.000397337,-0.00153778,-0.000239093,-0.00135163,-0.00065303,-1.36695e-05,-0.000397405,0.00121781,-0.000354164,0.00124804,-0.000108386,-0.000209058,4.74867e-05,-0.00153861,-0.000354368,0.00286092,-0.000535635,-0.00133196,-0.000774438,5.5431e-05,-0.000238729,0.00124816,-0.000535235,0.0030665,0.000211612,0.00193735,8.12541e-05,-0.00135146,-0.000108457,-0.00133334,0.000212301,0.0350096,0.00186956,-0.00203726,-0.000655015,-0.000209126,-0.000769334,0.00193417,0.00187178,0.0278599,-0.000240336,-1.33643e-05,4.7586e-05,5.57324e-05,8.12689e-05,-0.00203783,-0.000237751,0.0467333,
0.00359336,-0.000399531,-0.00153514,-0.000236948,-0.00134864,-0.000657153,-1.45583e-05,-0.0003996,0.00121867,-0.000355135,0.00124693,-0.000106394,-0.000209131,4.75995e-05,-0.00153598,-0.000355341,0.00285505,-0.000538258,-0.00132799,-0.000780457,5.54474e-05,-0.000236583,0.00124705,-0.000537854,0.00306325,0.000211789,0.00193664,8.11692e-05,-0.00134845,-0.000106463,-0.00132939,0.000212488,0.0350144,0.00187595,-0.00203674,-0.000659176,-0.000209204,-0.00077531,0.00193343,0.00187817,0.0278697,-0.000239918,-1.42484e-05,4.77008e-05,5.57552e-05,8.11843e-05,-0.00203733,-0.000237279,0.0467332,
0.00359759,-0.000401721,-0.00153249,-0.000234786,-0.00134565,-0.000661252,-1.54424e-05,-0.000401791,0.00121954,-0.000356101,0.00124581,-0.00010442,-0.000209199,4.77128e-05,-0.00153334,-0.000356309,0.00284922,-0.000540864,-0.00132404,-0.000786451,5.54617e-05,-0.00023442,0.00124594,-0.000540457,0.00306,0.000211991,0.00193589,8.1081e-05,-0.00134545,-0.000104488,-0.00132546,0.000212702,0.035019,0.00188229,-0.00203621,-0.000663311,-0.000209277,-0.000781263,0.00193265,0.0018845,0.0278794,-0.000239507,-1.5128e-05,4.78161e-05,5.57758e-05,8.10965e-05,-0.00203681,-0.000236816,0.0467331,
0.00360176,-0.000403909,-0.00152982,-0.000232608,-0.00134266,-0.000665327,-1.63218e-05,-0.00040398,0.00122041,-0.000357062,0.0012447,-0.000102464,-0.000209262,4.78266e-05,-0.00153067,-0.000357272,0.00284342,-0.000543453,-0.00132009,-0.000792421,5.54736e-05,-0.000232242,0.00124482,-0.000543042,0.00305677,0.00021222,0.0019351,8.09893e-05,-0.00134245,-0.00010253,-0.00132153,0.000212941,0.0350234,0.00188857,-0.00203567,-0.000667422,-0.000209345,-0.000787193,0.00193185,0.00189078,0.0278892,-0.0002391,-1.60032e-05,4.79318e-05,5.57938e-05,8.10053e-05,-0.00203629,-0.000236357,0.046733,
0.00360587,-0.000406093,-0.00152713,-0.000230414,-0.00133967,-0.000669379,-1.71968e-05,-0.000406165,0.00122128,-0.000358019,0.00124358,-0.000100525,-0.00020932,4.79409e-05,-0.00152798,-0.000358231,0.00283766,-0.000546024,-0.00131616,-0.000798365,5.54829e-05,-0.000230048,0.00124371,-0.00054561,0.00305354,0.000212474,0.00193429,8.08938e-05,-0.00133944,-0.000100589,-0.00131762,0.000213205,0.0350277,0.00189479,-0.00203511,-0.000671508,-0.000209407,-0.000793099,0.00193102,0.00189699,0.0278989,-0.000238696,-1.68741e-05,4.8048e-05,5.58091e-05,8.09103e-05,-0.00203574,-0.000235903,0.0467329,
0.00360993,-0.000408274,-0.00152442,-0.000228205,-0.00133668,-0.000673408,-1.80674e-05,-0.000408347,0.00122216,-0.00035897,0.00124247,-9.86031e-05,-0.000209372,4.80558e-05,-0.00152528,-0.000359184,0.00283194,-0.000548577,-0.00131224,-0.000804286,5.54895e-05,-0.000227839,0.00124259,-0.00054816,0.00305031,0.000212751,0.00193345,8.07945e-05,-0.00133644,-9.8666e-05,-0.00131371,0.000213493,0.0350319,0.00190096,-0.00203454,-0.00067557,-0.000209464,-0.000798982,0.00193015,0.00190315,0.0279086,-0.000238294,-1.77406e-05,4.81647e-05,5.58215e-05,8.08115e-05,-0.00203519,-0.000235451,0.0467329,
0.00361392,-0.000410452,-0.00152169,-0.000225982,-0.0013337,-0.000677414,-1.89337e-05,-0.000410525,0.00122305,-0.000359917,0.00124135,-9.66983e-05,-0.000209419,4.81714e-05,-0.00152256,-0.000360133,0.00282626,-0.000551113,-0.00130834,-0.000810182,5.54932e-05,-0.000225615,0.00124148,-0.000550692,0.0030471,0.000213052,0.00193258,8.06912e-05,-0.00133344,-9.67597e-05,-0.00130982,0.000213805,0.0350358,0.00190707,-0.00203395,-0.000679607,-0.000209516,-0.000804843,0.00192926,0.00190926,0.0279182,-0.000237892,-1.86032e-05,4.8282e-05,5.58309e-05,8.07087e-05,-0.00203461,-0.000235001,0.0467328,
0.00361786,-0.000412626,-0.00151895,-0.000223744,-0.00133071,-0.000681397,-1.97957e-05,-0.000412699,0.00122394,-0.000360859,0.00124023,-9.48104e-05,-0.000209461,4.82876e-05,-0.00151982,-0.000361077,0.00282062,-0.000553631,-0.00130445,-0.000816054,5.54941e-05,-0.000223377,0.00124036,-0.000553207,0.00304389,0.000213376,0.00193168,8.05839e-05,-0.00133044,-9.48702e-05,-0.00130595,0.000214139,0.0350397,0.00191313,-0.00203334,-0.000683621,-0.000209562,-0.00081068,0.00192833,0.00191531,0.0279279,-0.000237491,-1.94616e-05,4.84001e-05,5.58373e-05,8.0602e-05,-0.00203402,-0.000234553,0.0467327,
0.00362173,-0.000414796,-0.00151619,-0.000221491,-0.00132773,-0.000685359,-2.06536e-05,-0.00041487,0.00122483,-0.000361797,0.00123911,-9.29392e-05,-0.000209497,4.84045e-05,-0.00151706,-0.000362016,0.00281501,-0.000556132,-0.00130057,-0.000821903,5.54921e-05,-0.000221124,0.00123924,-0.000555704,0.00304069,0.000213723,0.00193075,8.04725e-05,-0.00132745,-9.29973e-05,-0.00130209,0.000214496,0.0350434,0.00191914,-0.00203272,-0.000687611,-0.000209603,-0.000816494,0.00192738,0.0019213,0.0279374,-0.000237089,-2.0316e-05,4.85187e-05,5.58406e-05,8.04911e-05,-0.00203342,-0.000234105,0.0467326,
0.00362555,-0.000416962,-0.00151341,-0.000219225,-0.00132474,-0.000689298,-2.15072e-05,-0.000417037,0.00122573,-0.00036273,0.00123799,-9.10844e-05,-0.000209527,4.85221e-05,-0.00151429,-0.000362951,0.00280944,-0.000558615,-0.00129671,-0.000827727,5.5487e-05,-0.000218858,0.00123812,-0.000558184,0.00303749,0.000214091,0.00192979,8.03569e-05,-0.00132445,-9.11409e-05,-0.00129824,0.000214874,0.0350469,0.00192509,-0.00203208,-0.000691578,-0.000209638,-0.000822285,0.0019264,0.00192724,0.027947,-0.000236687,-2.11662e-05,4.86379e-05,5.58407e-05,8.03763e-05,-0.0020328,-0.000233657,0.0467325,
0.00362931,-0.000419125,-0.00151062,-0.000216945,-0.00132177,-0.000693215,-2.23567e-05,-0.0004192,0.00122663,-0.000363659,0.00123687,-8.9246e-05,-0.000209552,4.86404e-05,-0.0015115,-0.000363882,0.00280391,-0.000561081,-0.00129286,-0.000833528,5.54791e-05,-0.000216578,0.001237,-0.000560647,0.00303431,0.000214481,0.00192881,8.02374e-05,-0.00132146,-8.93008e-05,-0.0012944,0.000215274,0.0350504,0.00193099,-0.00203143,-0.000695522,-0.000209667,-0.000828054,0.00192539,0.00193313,0.0279565,-0.000236283,-2.20125e-05,4.87578e-05,5.58378e-05,8.02572e-05,-0.00203216,-0.000233209,0.0467324,
0.00363301,-0.000421284,-0.00150781,-0.000214652,-0.00131879,-0.000697111,-2.3202e-05,-0.00042136,0.00122754,-0.000364584,0.00123575,-8.74238e-05,-0.000209571,4.87593e-05,-0.0015087,-0.000364808,0.00279841,-0.000563529,-0.00128903,-0.000839305,5.54681e-05,-0.000214284,0.00123588,-0.000563092,0.00303113,0.000214891,0.00192779,8.01137e-05,-0.00131847,-8.74769e-05,-0.00129059,0.000215695,0.0350536,0.00193684,-0.00203077,-0.000699443,-0.00020969,-0.0008338,0.00192435,0.00193897,0.027966,-0.000235878,-2.28548e-05,4.88783e-05,5.58317e-05,8.01342e-05,-0.00203151,-0.000232761,0.0467323,
0.00363666,-0.000423439,-0.00150499,-0.000212346,-0.00131582,-0.000700984,-2.4043e-05,-0.000423516,0.00122845,-0.000365504,0.00123463,-8.56177e-05,-0.000209584,4.8879e-05,-0.00150588,-0.00036573,0.00279296,-0.00056596,-0.00128521,-0.000845059,5.54543e-05,-0.000211978,0.00123476,-0.00056552,0.00302796,0.000215323,0.00192675,7.99861e-05,-0.00131549,-8.5669e-05,-0.00128678,0.000216136,0.0350568,0.00194263,-0.00203008,-0.000703341,-0.000209708,-0.000839523,0.00192329,0.00194475,0.0279754,-0.000235471,-2.36929e-05,4.89996e-05,5.58225e-05,8.00072e-05,-0.00203084,-0.000232312,0.0467322,
0.00364025,-0.000425591,-0.00150215,-0.000210027,-0.00131285,-0.000704837,-2.48798e-05,-0.000425667,0.00122937,-0.00036642,0.00123351,-8.38274e-05,-0.000209592,4.89993e-05,-0.00150304,-0.000366648,0.00278753,-0.000568374,-0.00128141,-0.000850789,5.54376e-05,-0.000209659,0.00123364,-0.00056793,0.0030248,0.000215774,0.00192567,7.98545e-05,-0.00131251,-8.3877e-05,-0.00128299,0.000216598,0.0350597,0.00194837,-0.00202939,-0.000707217,-0.00020972,-0.000845224,0.00192219,0.00195048,0.0279848,-0.000235063,-2.45269e-05,4.91215e-05,5.58104e-05,7.98763e-05,-0.00203016,-0.000231862,0.0467321,
0.00364437,-0.000427607,-0.00149952,-0.000207312,-0.00131085,-0.00070559,-2.53775e-05,-0.000427607,0.00123033,-0.000367411,0.00123252,-8.23946e-05,-0.0002085,4.92393e-05,-0.00149952,-0.000367411,0.0027819,-0.000570329,-0.00127872,-0.000852958,5.58031e-05,-0.000207312,0.00123252,-0.000570329,0.00302165,0.00021622,0.00192466,7.97281e-05,-0.00131085,-8.23946e-05,-0.00127872,0.00021622,0.0350648,0.00194716,-0.00202943,-0.00070559,-0.0002085,-0.000852958,0.00192466,0.00194716,0.0280229,-0.000231521,-2.53774e-05,4.92393e-05,5.58031e-05,7.97281e-05,-0.00202943,-0.000231521,0.046732,
0.00364785,-0.00042975,-0.00149666,-0.000204967,-0.00130789,-0.000709401,-2.62023e-05,-0.00042975,0.00123125,-0.00036832,0.0012314,-8.06377e-05,-0.000208493,4.93625e-05,-0.00149666,-0.00036832,0.00277654,-0.000572706,-0.00127496,-0.00085864,5.57849e-05,-0.000204966,0.0012314,-0.000572706,0.00301851,0.000216708,0.00192354,7.95901e-05,-0.00130789,-8.06377e-05,-0.00127496,0.000216708,0.0350675,0.00195273,-0.00202871,-0.000709401,-0.000208493,-0.00085864,0.00192354,0.00195273,0.0280324,-0.000231067,-2.62023e-05,4.93626e-05,5.5785e-05,7.95901e-05,-0.00202871,-0.000231067,0.0467319,
0.00365127,-0.000431889,-0.00149378,-0.000202609,-0.00130494,-0.000713191,-2.7023e-05,-0.000431889,0.00123218,-0.000369225,0.00123027,-7.88963e-05,-0.000208481,4.94863e-05,-0.00149378,-0.000369225,0.00277123,-0.000575065,-0.0012712,-0.000864299,5.5764e-05,-0.000202609,0.00123027,-0.000575065,0.00301537,0.000217215,0.0019224,7.94484e-05,-0.00130494,-7.88963e-05,-0.0012712,0.000217215,0.0350701,0.00195825,-0.00202799,-0.000713191,-0.000208481,-0.000864299,0.0019224,0.00195825,0.0280417,-0.000230613,-2.7023e-05,4.94864e-05,5.57641e-05,7.94483e-05,-0.00202799,-0.000230613,0.0467318,
0.00365464,-0.000434024,-0.00149089,-0.00020024,-0.001302,-0.00071696,-2.78393e-05,-0.000434024,0.00123311,-0.000370127,0.00122915,-7.71703e-05,-0.000208462,4.96107e-05,-0.00149089,-0.000370127,0.00276595,-0.000577407,-0.00126747,-0.000869934,5.57405e-05,-0.00020024,0.00122915,-0.000577407,0.00301225,0.000217742,0.00192122,7.93032e-05,-0.001302,-7.71703e-05,-0.00126747,0.000217742,0.0350726,0.00196372,-0.00202725,-0.00071696,-0.000208462,-0.000869934,0.00192122,0.00196372,0.0280511,-0.00023016,-2.78393e-05,4.96107e-05,5.57405e-05,7.93032e-05,-0.00202725,-0.00023016,0.0467317,
0.00365795,-0.000436154,-0.00148799,-0.00019786,-0.00129905,-0.000720708,-2.86513e-05,-0.000436154,0.00123405,-0.000371024,0.00122802,-7.54595e-05,-0.000208438,4.97356e-05,-0.00148799,-0.000371024,0.00276071,-0.000579732,-0.00126374,-0.000875546,5.57143e-05,-0.00019786,0.00122802,-0.000579732,0.00300913,0.000218287,0.00192003,7.91545e-05,-0.00129905,-7.54595e-05,-0.00126374,0.000218287,0.0350749,0.00196914,-0.0020265,-0.000720708,-0.000208438,-0.000875546,0.00192003,0.00196914,0.0280604,-0.000229707,-2.86513e-05,4.97356e-05,5.57143e-05,7.91545e-05,-0.0020265,-0.000229707,0.0467316,
0.00366121,-0.000438281,-0.00148507,-0.000195468,-0.00129612,-0.000724435,-2.94589e-05,-0.000438281,0.00123499,-0.000371919,0.00122689,-7.37639e-05,-0.000208408,4.9861e-05,-0.00148507,-0.000371918,0.0027555,-0.00058204,-0.00126004,-0.000881135,5.56855e-05,-0.000195468,0.00122689,-0.00058204,0.00300602,0.000218852,0.0019188,7.90025e-05,-0.00129612,-7.37638e-05,-0.00126004,0.000218852,0.0350772,0.00197451,-0.00202573,-0.000724435,-0.000208408,-0.000881135,0.0019188,0.00197451,0.0280697,-0.000229254,-2.94589e-05,4.9861e-05,5.56855e-05,7.90025e-05,-0.00202573,-0.000229254,0.0467316,
0.00366442,-0.000440403,-0.00148214,-0.000193066,-0.00129318,-0.000728141,-3.02621e-05,-0.000440403,0.00123593,-0.000372809,0.00122577,-7.20832e-05,-0.000208373,4.9987e-05,-0.00148214,-0.000372809,0.00275033,-0.000584331,-0.00125635,-0.0008867,5.56543e-05,-0.000193066,0.00122577,-0.000584331,0.00300292,0.000219434,0.00191756,7.88472e-05,-0.00129318,-7.20832e-05,-0.00125635,0.000219434,0.0350793,0.00197982,-0.00202495,-0.000728141,-0.000208373,-0.0008867,0.00191756,0.00197982,0.0280789,-0.000228802,-3.02621e-05,4.99869e-05,5.56542e-05,7.88472e-05,-0.00202495,-0.000228802,0.0467315,
0.00366757,-0.00044252,-0.0014792,-0.000190653,-0.00129026,-0.000731828,-3.10609e-05,-0.00044252,0.00123688,-0.000373696,0.00122464,-7.04176e-05,-0.000208333,5.01134e-05,-0.0014792,-0.000373696,0.00274519,-0.000586605,-0.00125267,-0.000892243,5.56205e-05,-0.000190653,0.00122464,-0.000586605,0.00299983,0.000220035,0.00191628,7.86886e-05,-0.00129026,-7.04176e-05,-0.00125267,0.000220035,0.0350812,0.00198509,-0.00202416,-0.000731828,-0.000208333,-0.000892243,0.00191628,0.00198509,0.0280881,-0.000228352,-3.10609e-05,5.01134e-05,5.56205e-05,7.86886e-05,-0.00202416,-0.000228352,0.0467314,
0.00367067,-0.000444634,-0.00147624,-0.00018823,-0.00128734,-0.000735493,-3.18552e-05,-0.000444634,0.00123783,-0.000374579,0.00122351,-6.87667e-05,-0.000208287,5.02403e-05,-0.00147624,-0.000374579,0.00274009,-0.000588861,-0.00124901,-0.000897762,5.55844e-05,-0.00018823,0.00122351,-0.000588861,0.00299675,0.000220654,0.00191498,7.85269e-05,-0.00128734,-6.87667e-05,-0.00124901,0.000220654,0.0350831,0.0019903,-0.00202335,-0.000735493,-0.000208287,-0.000897762,0.00191498,0.0019903,0.0280973,-0.000227901,-3.18552e-05,5.02403e-05,5.55844e-05,7.85269e-05,-0.00202335,-0.000227901,0.0467313,
0.00367371,-0.000446743,-0.00147328,-0.000185797,-0.00128443,-0.000739138,-3.26448e-05,-0.000446743,0.00123878,-0.00037546,0.00122238,-6.71301e-05,-0.000208234,5.03677e-05,-0.00147328,-0.00037546,0.00273503,-0.000591101,-0.00124537,-0.000903256,5.55462e-05,-0.000185797,0.00122238,-0.000591101,0.00299367,0.000221289,0.00191366,7.83623e-05,-0.00128443,-6.71301e-05,-0.00124537,0.000221289,0.0350848,0.00199547,-0.00202253,-0.000739138,-0.000208234,-0.000903256,0.00191366,0.00199547,0.0281064,-0.000227452,-3.26448e-05,5.03677e-05,5.55462e-05,7.83623e-05,-0.00202253,-0.000227452,0.0467312,
0.00367671,-0.000448847,-0.0014703,-0.000183355,-0.00128151,-0.000742764,-3.34304e-05,-0.000448847,0.00123974,-0.000376336,0.00122125,-6.55089e-05,-0.000208179,5.04955e-05,-0.0014703,-0.000376336,0.00272999,-0.000593324,-0.00124174,-0.00090873,5.55052e-05,-0.000183355,0.00122125,-0.000593324,0.00299061,0.000221946,0.00191231,7.81942e-05,-0.00128151,-6.55089e-05,-0.00124174,0.000221946,0.0350864,0.00200059,-0.0020217,-0.000742764,-0.000208179,-0.00090873,0.00191231,0.00200059,0.0281155,-0.000227004,-3.34304e-05,5.04956e-05,5.55052e-05,7.81942e-05,-0.0020217,-0.000227004,0.0467311,
0.00367965,-0.000450947,-0.00146732,-0.000180902,-0.00127861,-0.000746368,-3.42109e-05,-0.000450947,0.0012407,-0.00037721,0.00122012,-6.39015e-05,-0.000208116,5.06238e-05,-0.00146732,-0.00037721,0.002725,-0.00059553,-0.00123813,-0.000914178,5.54625e-05,-0.000180902,0.00122012,-0.00059553,0.00298755,0.000222616,0.00191094,7.80236e-05,-0.00127861,-6.39014e-05,-0.00123813,0.000222616,0.0350878,0.00200565,-0.00202086,-0.000746368,-0.000208116,-0.000914178,0.00191094,0.00200565,0.0281245,-0.000226557,-3.42109e-05,5.06238e-05,5.54625e-05,7.80236e-05,-0.00202086,-0.000226557,0.046731,
0.00368254,-0.000453042,-0.00146432,-0.000178441,-0.00127572,-0.000749953,-3.49871e-05,-0.000453042,0.00124167,-0.00037808,0.00121899,-6.23087e-05,-0.000208049,5.07524e-05,-0.00146432,-0.00037808,0.00272003,-0.000597719,-0.00123453,-0.000919604,5.54174e-05,-0.000178441,0.00121899,-0.000597719,0.00298451,0.000223305,0.00190954,7.78499e-05,-0.00127572,-6.23088e-05,-0.00123453,0.000223305,0.0350892,0.00201067,-0.00202,-0.000749953,-0.000208049,-0.000919605,0.00190954,0.00201067,0.0281335,-0.000226112,-3.49871e-05,5.07524e-05,5.54173e-05,7.78498e-05,-0.00202,-0.000226112,0.0467309,
0.00368538,-0.000455132,-0.00146131,-0.00017597,-0.00127283,-0.000753518,-3.57585e-05,-0.000455132,0.00124264,-0.000378947,0.00121786,-6.073e-05,-0.000207976,5.08815e-05,-0.00146131,-0.000378947,0.00271511,-0.000599891,-0.00123095,-0.000925007,5.53704e-05,-0.00017597,0.00121786,-0.000599891,0.00298147,0.00022401,0.00190813,7.76735e-05,-0.00127283,-6.073e-05,-0.00123095,0.00022401,0.0350904,0.00201563,-0.00201913,-0.000753518,-0.000207976,-0.000925007,0.00190813,0.00201563,0.0281425,-0.000225667,-3.57585e-05,5.08815e-05,5.53704e-05,7.76735e-05,-0.00201913,-0.000225667,0.0467308,
0.00368817,-0.000457218,-0.0014583,-0.000173491,-0.00126994,-0.000757063,-3.65254e-05,-0.000457218,0.00124361,-0.00037981,0.00121672,-5.91655e-05,-0.000207898,5.10109e-05,-0.0014583,-0.00037981,0.00271021,-0.000602046,-0.00122738,-0.000930386,5.53212e-05,-0.000173491,0.00121672,-0.000602046,0.00297845,0.000224732,0.00190668,7.74943e-05,-0.00126994,-5.91655e-05,-0.00122738,0.000224732,0.0350915,0.00202055,-0.00201825,-0.000757063,-0.000207898,-0.000930386,0.00190668,0.00202055,0.0281514,-0.000225224,-3.65254e-05,5.10109e-05,5.53212e-05,7.74943e-05,-0.00201825,-0.000225224,0.0467306,
0.00369091,-0.000459298,-0.00145527,-0.000171003,-0.00126707,-0.000760588,-3.72875e-05,-0.000459298,0.00124458,-0.000380671,0.00121559,-5.76149e-05,-0.000207814,5.11408e-05,-0.00145527,-0.000380671,0.00270535,-0.000604185,-0.00122383,-0.000935742,5.52701e-05,-0.000171003,0.00121559,-0.000604185,0.00297543,0.00022547,0.00190522,7.73125e-05,-0.00126707,-5.76149e-05,-0.00122383,0.00022547,0.0350925,0.00202542,-0.00201736,-0.000760588,-0.000207814,-0.000935742,0.00190522,0.00202542,0.0281603,-0.000224783,-3.72875e-05,5.11408e-05,5.52701e-05,7.73125e-05,-0.00201736,-0.000224783,0.0467305,
0.0036936,-0.000461374,-0.00145224,-0.000168507,-0.0012642,-0.000764093,-3.8045e-05,-0.000461374,0.00124556,-0.000381529,0.00121446,-5.60781e-05,-0.000207726,5.1271e-05,-0.00145224,-0.000381529,0.00270052,-0.000606307,-0.0012203,-0.000941075,5.5217e-05,-0.000168507,0.00121446,-0.000606307,0.00297243,0.000226225,0.00190373,7.71281e-05,-0.0012642,-5.60781e-05,-0.0012203,0.000226225,0.0350934,0.00203024,-0.00201646,-0.000764093,-0.000207726,-0.000941075,0.00190373,0.00203024,0.0281692,-0.000224342,-3.8045e-05,5.12709e-05,5.5217e-05,7.7128e-05,-0.00201646,-0.000224342,0.0467304,
0.00369623,-0.000463445,-0.00144919,-0.000166003,-0.00126134,-0.000767579,-3.87977e-05,-0.000463445,0.00124654,-0.000382384,0.00121332,-5.45552e-05,-0.000207632,5.14015e-05,-0.00144919,-0.000382384,0.00269573,-0.000608412,-0.00121678,-0.000946385,5.51621e-05,-0.000166003,0.00121332,-0.000608412,0.00296943,0.000226995,0.00190222,7.6941e-05,-0.00126134,-5.45552e-05,-0.00121678,0.000226995,0.0350942,0.00203502,-0.00201555,-0.000767579,-0.000207632,-0.000946385,0.00190222,0.00203502,0.028178,-0.000223903,-3.87977e-05,5.14015e-05,5.51621e-05,7.6941e-05,-0.00201555,-0.000223903,0.0467303,
0.00369882,-0.00046551,-0.00144614,-0.000163491,-0.00125848,-0.000771046,-3.95459e-05,-0.00046551,0.00124753,-0.000383236,0.00121219,-5.30462e-05,-0.000207534,5.15323e-05,-0.00144614,-0.000383236,0.00269097,-0.0006105,-0.00121328,-0.000951672,5.51051e-05,-0.000163491,0.00121219,-0.0006105,0.00296644,0.000227783,0.00190069,7.67512e-05,-0.00125848,-5.30462e-05,-0.00121328,0.000227783,0.0350948,0.00203974,-0.00201463,-0.000771046,-0.000207534,-0.000951672,0.00190069,0.00203974,0.0281868,-0.000223466,-3.9546e-05,5.15323e-05,5.51051e-05,7.67512e-05,-0.00201463,-0.000223466,0.0467302,
0.00370136,-0.000467571,-0.00144308,-0.000160972,-0.00125564,-0.000774492,-4.02889e-05,-0.000467571,0.00124851,-0.000384085,0.00121105,-5.15499e-05,-0.000207428,5.16635e-05,-0.00144308,-0.000384085,0.00268624,-0.000612572,-0.0012098,-0.000956934,5.50469e-05,-0.000160972,0.00121105,-0.000612572,0.00296347,0.000228582,0.00189914,7.65596e-05,-0.00125564,-5.15499e-05,-0.0012098,0.000228582,0.0350954,0.00204442,-0.00201369,-0.000774492,-0.000207428,-0.000956934,0.00189914,0.00204442,0.0281955,-0.00022303,-4.02889e-05,5.16635e-05,5.50469e-05,7.65596e-05,-0.00201369,-0.00022303,0.0467301,
0.00370385,-0.000469627,-0.00144002,-0.000158446,-0.0012528,-0.00077792,-4.10277e-05,-0.000469627,0.00124951,-0.000384931,0.00120991,-5.00678e-05,-0.000207319,5.1795e-05,-0.00144002,-0.000384931,0.00268155,-0.000614628,-0.00120633,-0.000962175,5.49863e-05,-0.000158446,0.00120991,-0.000614628,0.0029605,0.0002294,0.00189757,7.63651e-05,-0.0012528,-5.00677e-05,-0.00120633,0.0002294,0.0350958,0.00204905,-0.00201275,-0.00077792,-0.000207319,-0.000962175,0.00189757,0.00204905,0.0282042,-0.000222596,-4.10277e-05,5.1795e-05,5.49863e-05,7.63651e-05,-0.00201275,-0.000222596,0.04673,
0.0037063,-0.000471677,-0.00143694,-0.000155912,-0.00124997,-0.000781328,-4.17613e-05,-0.000471677,0.0012505,-0.000385775,0.00120878,-4.85985e-05,-0.000207204,5.19268e-05,-0.00143694,-0.000385775,0.00267689,-0.000616667,-0.00120287,-0.000967391,5.49244e-05,-0.000155912,0.00120878,-0.000616667,0.00295755,0.000230231,0.00189597,7.61685e-05,-0.00124997,-4.85985e-05,-0.00120287,0.000230231,0.0350962,0.00205363,-0.0020118,-0.000781328,-0.000207204,-0.000967391,0.00189597,0.00205363,0.0282129,-0.000222163,-4.17613e-05,5.19268e-05,5.49244e-05,7.61685e-05,-0.0020118,-0.000222163,0.0467299,
0.00370869,-0.000473722,-0.00143386,-0.000153372,-0.00124715,-0.000784717,-4.24903e-05,-0.000473722,0.0012515,-0.000386616,0.00120764,-4.71427e-05,-0.000207085,5.20589e-05,-0.00143386,-0.000386616,0.00267226,-0.000618689,-0.00119944,-0.000972585,5.48606e-05,-0.000153372,0.00120764,-0.000618689,0.0029546,0.000231078,0.00189436,7.59695e-05,-0.00124715,-4.71427e-05,-0.00119944,0.000231078,0.0350964,0.00205816,-0.00201083,-0.000784717,-0.000207085,-0.000972585,0.00189436,0.00205816,0.0282215,-0.000221732,-4.24904e-05,5.20589e-05,5.48606e-05,7.59695e-05,-0.00201083,-0.000221732,0.0467298,
0.00371104,-0.000475762,-0.00143077,-0.000150825,-0.00124433,-0.000788087,-4.32145e-05,-0.000475762,0.0012525,-0.000387454,0.0012065,-4.56998e-05,-0.000206961,5.21913e-05,-0.00143077,-0.000387454,0.00266766,-0.000620695,-0.00119601,-0.000977756,5.47952e-05,-0.000150825,0.0012065,-0.000620695,0.00295167,0.000231939,0.00189273,7.57683e-05,-0.00124433,-4.56998e-05,-0.00119601,0.00023194,0.0350965,0.00206265,-0.00200986,-0.000788087,-0.000206961,-0.000977756,0.00189273,0.00206265,0.0282301,-0.000221303,-4.32146e-05,5.21913e-05,5.47952e-05,7.57683e-05,-0.00200986,-0.000221303,0.0467297,
0.00371334,-0.000477796,-0.00142768,-0.000148272,-0.00124153,-0.000791438,-4.3934e-05,-0.000477796,0.0012535,-0.00038829,0.00120537,-4.427e-05,-0.000206832,5.23239e-05,-0.00142768,-0.00038829,0.0026631,-0.000622685,-0.00119261,-0.000982903,5.47282e-05,-0.000148272,0.00120537,-0.000622685,0.00294874,0.000232816,0.00189107,7.55649e-05,-0.00124153,-4.427e-05,-0.00119261,0.000232816,0.0350965,0.00206709,-0.00200888,-0.000791438,-0.000206832,-0.000982903,0.00189107,0.00206709,0.0282386,-0.000220875,-4.3934e-05,5.23239e-05,5.47282e-05,7.55649e-05,-0.00200888,-0.000220875,0.0467296,
0.0037156,-0.000479825,-0.00142458,-0.000145713,-0.00123873,-0.00079477,-4.46486e-05,-0.000479825,0.00125451,-0.000389123,0.00120423,-4.2853e-05,-0.000206698,5.24568e-05,-0.00142458,-0.000389123,0.00265856,-0.000624658,-0.00118922,-0.000988028,5.46597e-05,-0.000145713,0.00120423,-0.000624658,0.00294583,0.000233706,0.0018894,7.53593e-05,-0.00123873,-4.2853e-05,-0.00118922,0.000233706,0.0350964,0.00207148,-0.00200788,-0.000794769,-0.000206698,-0.000988027,0.0018894,0.00207149,0.0282472,-0.000220449,-4.46486e-05,5.24568e-05,5.46597e-05,7.53593e-05,-0.00200788,-0.000220449,0.0467294,
0.0037178,-0.000481849,-0.00142147,-0.000143148,-0.00123594,-0.000798083,-4.53585e-05,-0.000481849,0.00125551,-0.000389954,0.00120309,-4.14488e-05,-0.000206559,5.25899e-05,-0.00142147,-0.000389954,0.00265406,-0.000626615,-0.00118584,-0.000993129,5.45896e-05,-0.000143148,0.00120309,-0.000626615,0.00294292,0.000234611,0.00188771,7.51517e-05,-0.00123594,-4.14488e-05,-0.00118584,0.000234611,0.0350962,0.00207583,-0.00200688,-0.000798083,-0.000206559,-0.000993129,0.00188771,0.00207583,0.0282556,-0.000220024,-4.53585e-05,5.25899e-05,5.45896e-05,7.51517e-05,-0.00200688,-0.000220024,0.0467293,
0.00371996,-0.000483867,-0.00141836,-0.000140577,-0.00123316,-0.000801377,-4.60635e-05,-0.000483867,0.00125652,-0.000390782,0.00120195,-4.00572e-05,-0.000206415,5.27233e-05,-0.00141836,-0.000390782,0.00264959,-0.000628556,-0.00118249,-0.000998207,5.4518e-05,-0.000140577,0.00120195,-0.000628556,0.00294003,0.000235529,0.001886,7.49419e-05,-0.00123316,-4.00572e-05,-0.00118249,0.000235529,0.035096,0.00208014,-0.00200587,-0.000801377,-0.000206415,-0.000998207,0.001886,0.00208014,0.0282641,-0.000219601,-4.60635e-05,5.27232e-05,5.45179e-05,7.49419e-05,-0.00200587,-0.000219601,0.0467292,
0.00372208,-0.00048588,-0.00141524,-0.000138001,-0.00123039,-0.000804653,-4.67637e-05,-0.00048588,0.00125754,-0.000391608,0.00120081,-3.86782e-05,-0.000206267,5.28568e-05,-0.00141524,-0.000391608,0.00264516,-0.000630481,-0.00117914,-0.00100326,5.44449e-05,-0.000138001,0.00120081,-0.000630481,0.00293715,0.000236461,0.00188427,7.47302e-05,-0.00123039,-3.86782e-05,-0.00117914,0.000236461,0.0350956,0.0020844,-0.00200485,-0.000804653,-0.000206267,-0.00100326,0.00188427,0.0020844,0.0282725,-0.00021918,-4.67637e-05,5.28568e-05,5.44449e-05,7.47302e-05,-0.00200485,-0.00021918,0.0467291,
0.00372415,-0.000487887,-0.00141212,-0.00013542,-0.00122762,-0.00080791,-4.74591e-05,-0.000487887,0.00125855,-0.000392431,0.00119967,-3.73116e-05,-0.000206114,5.29906e-05,-0.00141212,-0.000392431,0.00264075,-0.00063239,-0.00117582,-0.0010083,5.43704e-05,-0.00013542,0.00119967,-0.00063239,0.00293428,0.000237407,0.00188252,7.45166e-05,-0.00122762,-3.73116e-05,-0.00117582,0.000237407,0.0350951,0.00208861,-0.00200382,-0.000807911,-0.000206114,-0.0010083,0.00188252,0.00208861,0.0282808,-0.000218761,-4.74591e-05,5.29906e-05,5.43704e-05,7.45166e-05,-0.00200382,-0.000218761,0.046729,
0.00372617,-0.000489888,-0.00140899,-0.000132833,-0.00122487,-0.000811149,-4.81496e-05,-0.000489888,0.00125957,-0.000393253,0.00119853,-3.59573e-05,-0.000205957,5.31246e-05,-0.00140899,-0.000393253,0.00263637,-0.000634283,-0.00117251,-0.0010133,5.42945e-05,-0.000132833,0.00119853,-0.000634283,0.00293142,0.000238367,0.00188075,7.4301e-05,-0.00122487,-3.59573e-05,-0.00117251,0.000238367,0.0350945,0.00209278,-0.00200279,-0.000811149,-0.000205957,-0.0010133,0.00188075,0.00209278,0.0282891,-0.000218343,-4.81496e-05,5.31246e-05,5.42945e-05,7.4301e-05,-0.00200279,-0.000218343,0.0467289,
0.00372815,-0.000491883,-0.00140586,-0.000130242,-0.00122212,-0.00081437,-4.88354e-05,-0.000491883,0.0012606,-0.000394071,0.00119739,-3.46152e-05,-0.000205794,5.32587e-05,-0.00140586,-0.000394071,0.00263203,-0.000636159,-0.00116921,-0.00101829,5.42173e-05,-0.000130242,0.00119739,-0.000636159,0.00292857,0.000239339,0.00187897,7.40836e-05,-0.00122212,-3.46153e-05,-0.00116921,0.000239339,0.0350938,0.0020969,-0.00200174,-0.00081437,-0.000205794,-0.00101829,0.00187897,0.0020969,0.0282974,-0.000217927,-4.88354e-05,5.32587e-05,5.42173e-05,7.40836e-05,-0.00200174,-0.000217927,0.0467287,
0.00373009,-0.000493873,-0.00140272,-0.000127647,-0.00121938,-0.000817572,-4.95163e-05,-0.000493873,0.00126162,-0.000394888,0.00119625,-3.32852e-05,-0.000205628,5.3393e-05,-0.00140272,-0.000394888,0.00262772,-0.00063802,-0.00116593,-0.00102326,5.41387e-05,-0.000127647,0.00119625,-0.00063802,0.00292573,0.000240325,0.00187716,7.38643e-05,-0.00121938,-3.32852e-05,-0.00116593,0.000240325,0.0350931,0.00210098,-0.00200069,-0.000817572,-0.000205628,-0.00102326,0.00187716,0.00210098,0.0283057,-0.000217513,-4.95163e-05,5.3393e-05,5.41387e-05,7.38643e-05,-0.00200069,-0.000217513,0.0467286,
0.00373198,-0.000495857,-0.00139958,-0.000125047,-0.00121666,-0.000820757,-5.01924e-05,-0.000495857,0.00126265,-0.000395702,0.0011951,-3.19673e-05,-0.000205457,5.35275e-05,-0.00139958,-0.000395702,0.00262343,-0.000639865,-0.00116267,-0.0010282,5.40588e-05,-0.000125047,0.0011951,-0.000639865,0.0029229,0.000241323,0.00187535,7.36433e-05,-0.00121666,-3.19672e-05,-0.00116267,0.000241323,0.0350922,0.00210502,-0.00199963,-0.000820757,-0.000205457,-0.0010282,0.00187535,0.00210502,0.0283139,-0.0002171,-5.01923e-05,5.35275e-05,5.40588e-05,7.36433e-05,-0.00199963,-0.0002171,0.0467285,
