0.00246033,0.000191975,-0.00184821,-0.000398284,0.00107448,0.000830686,-1.96317e-05,0.000191975,0.00120629,0.000321933,-0.00125149,-0.00055742,0.000885043,3.16917e-06,-0.00184821,0.000321933,0.00342182,-0.000196818,0.000472162,0.000901862,-2.56744e-05,-0.000398284,-0.00125149,-0.000196818,0.00307869,-0.000289568,0.000631574,8.36722e-05,0.00107448,-0.00055742,0.000472162,-0.000289568,0.0252485,-1.97267e-05,0.000922357,0.000830686,0.000885043,0.000901862,0.000631574,-1.97267e-05,0.0271137,-0.000179977,-1.96317e-05,3.16917e-06,-2.56744e-05,8.36722e-05,0.000922357,-0.000179977,0.0466523,
0.00245827,0,-0.00184717,0,0.00107371,0,-1.97022e-05,0.000192374,0,0.000323011,0,-0.000559154,0,3.17243e-06,-0.00184717,0,0.00342405,0,0.000468662,0,-2.57892e-05,-0.000399787,0,-0.000196951,0,-0.00029062,0,8.41376e-05,0.00107371,0,0.000468662,0,0.0252566,0,0.000919623,0.00083366,0,0.000904878,0,-1.87642e-05,0,-0.000178296,-1.97022e-05,0,-2.57891e-05,0,0.000919623,0,0.0466522,
0.00245745,0.000192995,-0.00184633,-0.000401445,0.00107063,0.000838491,-1.97126e-05,0.000192995,0.00120653,0.000324064,-0.00125191,-0.000562527,0.000881949,3.18705e-06,-0.00184633,0.000324064,0.00342549,-0.000197543,0.000464379,0.00091009,-2.57607e-05,-0.000401445,-0.00125191,-0.000197543,0.00307924,-0.000295293,0.000630236,8.47854e-05,0.00107063,-0.000562527,0.000464379,-0.000295293,0.0252657,-2.0497e-05,0.000916652,0.000838491,0.000881949,0.00091009,0.000630236,-2.0497e-05,0.0271207,-0.000176627,-1.97126e-05,3.18701e-06,-2.57607e-05,8.47855e-05,0.000916652,-0.000176627,0.0466521,
0.00245669,0,-0.00184499,0,0.00106887,0.000842252,-1.97749e-05,0.000193931,0,0.000325559,0,-0.000565305,0.000880166,3.18123e-06,-0.00184499,0,0.00342763,0,0.000460759,0.000913494,-2.58319e-05,-0.000403524,0,-0.000198207,0,-0.000295883,0.000631122,8.52534e-05,0.00106887,0,0.000460759,0,0.0252729,-2.08947e-05,0.000913994,0.000842252,0,0.000913494,0,-2.08947e-05,0.0271236,-0.000174958,-1.97749e-05,0,-2.58318e-05,0,0.000913994,-0.000174958,0.046652,
0.00245673,0,-0.00184369,0,0.00106572,0.000847088,-1.97979e-05,0.000195018,0,0.000326977,0,-0.000569104,0.000878084,3.181e-06,-0.00184369,0,0.00342946,0,0.000456517,0.000918145,-2.58007e-05,-0.000405695,0,-0.000199182,0,-0.000298518,0.000629869,8.58267e-05,0.00106572,0,0.000456517,0,0.0252801,-2.31096e-05,0.000911349,0.000847088,0,0.000918145,0,-2.31096e-05,0.0271253,-0.00017324,-1.97979e-05,0,-2.58008e-05,0,0.000911349,-0.00017324,0.0466519,
0.00245756,0,-0.00184239,0,0.00106277,0.000851827,-1.98618e-05,0.000196275,0,0.000328418,0,-0.000572414,0.000876108,3.17482e-06,-0.00184239,0,0.00343102,0,0.000453148,0.000922373,-2.58374e-05,-0.000407768,0,-0.000200247,0,-0.000299749,0.000630012,8.63633e-05,0.00106277,0,0.000453148,0,0.0252872,-2.44924e-05,0.00090837,0.000851827,0,0.000922373,0,-2.44924e-05,0.0271283,-0.000171531,-1.98618e-05,0,-2.58374e-05,0,0.00090837,-0.000171531,0.0466518,
0.00245919,0,-0.00184115,-0.000409802,0.00105916,0.000857038,-1.99183e-05,0.000197668,0,0.000329804,-0.00125313,-0.000576015,0.000874096,3.16977e-06,-0.00184115,0,0.0034322,-0.00020151,0.000449922,0.000927041,-2.58445e-05,-0.000409802,0,-0.00020151,0.0030804,-0.000301522,0.000629504,8.69339e-05,0.00105916,0,0.000449922,-0.000301522,0.0252943,-2.64674e-05,0.000905342,0.000857038,0,0.000927041,0.000629504,-2.64674e-05,0.0271311,-0.000169812,-1.99183e-05,0,-2.58444e-05,8.6934e-05,0.000905342,-0.000169812,0.0466517,
0.00246158,0,-0.00184,-0.000411701,0.00105542,0.000862344,-1.99928e-05,0.000199176,0,0.000331139,-0.00125341,-0.000579397,0.000872188,3.16258e-06,-0.00184,0,0.003433,-0.000202878,0.000447308,0.00093165,-2.58767e-05,-0.000411701,0,-0.000202878,0.00308048,-0.000302846,0.000629421,8.74976e-05,0.00105542,0,0.000447308,-0.000302846,0.0253014,-2.81671e-05,0.000902129,0.000862344,0,0.00093165,0.000629421,-2.81671e-05,0.0271346,-0.000168103,-1.99928e-05,0,-2.58766e-05,8.74976e-05,0.000902129,-0.000168103,0.0466516,
0.00246463,0,-0.00183891,-0.000413505,0.00105131,0.000867894,-2.00704e-05,0.000200782,0,0.000332415,-0.00125368,-0.000582803,0.000870319,3.15528e-06,-0.00183891,0,0.00343346,-0.000204373,0.000445021,0.00093644,-2.59049e-05,-0.000413505,0,-0.000204373,0.00308046,-0.000304272,0.000629177,8.80741e-05,0.00105131,0,0.000445021,-0.000304272,0.0253085,-3.0013e-05,0.000898821,0.000867894,0,0.00093644,0.000629177,-3.0013e-05,0.0271383,-0.000166396,-2.00704e-05,0,-2.59049e-05,8.8074e-05,0.000898821,-0.000166396,0.0466515,
0.00246827,0,-0.00183789,-0.000415206,0.00104701,0.00087357,-2.0157e-05,0.000202475,0,0.000333643,-0.00125393,-0.000586114,0.000868508,3.14693e-06,-0.00183789,0,0.00343362,-0.000205962,0.000443127,0.000941269,-2.59429e-05,-0.000415206,0,-0.000205962,0.00308035,-0.000305528,0.000629066,8.86515e-05,0.00104701,0,0.000443127,-0.000305528,0.0253157,-3.17869e-05,0.000895397,0.00087357,0,0.000941269,0.000629067,-3.17869e-05,0.0271423,-0.000164698,-2.0157e-05,0,-2.59429e-05,8.86515e-05,0.000895397,-0.000164698,0.0466514,
0.00247243,0,-0.00183692,-0.00041682,0.00104247,0.000879399,-2.02481e-05,0.000204244,0,0.000334824,-0.00125417,-0.000589395,0.000866733,3.13807e-06,-0.00183692,0,0.00343352,-0.000207645,0.000441522,0.000946194,-2.59824e-05,-0.00041682,0,-0.000207645,0.00308017,-0.000306763,0.00062893,8.92347e-05,0.00104247,0,0.000441522,-0.000306763,0.025323,-3.35983e-05,0.000891888,0.000879399,0,0.000946194,0.00062893,-3.35983e-05,0.0271465,-0.000163007,-2.02481e-05,0,-2.59824e-05,8.92347e-05,0.000891888,-0.000163007,0.0466513,
0.00247705,0,-0.00183599,-0.000418351,0.00103775,0.000885337,-2.03445e-05,0.00020608,0,0.000335966,-0.0012544,-0.000592621,0.000864996,3.12847e-06,-0.00183599,0,0.00343319,-0.000209406,0.000440199,0.000951174,-2.60265e-05,-0.000418351,0,-0.000209406,0.00307992,-0.00030791,0.00062884,8.982e-05,0.00103775,0,0.000440198,-0.00030791,0.0253303,-3.53929e-05,0.000888299,0.000885337,0,0.000951174,0.00062884,-3.53928e-05,0.027151,-0.000161324,-2.03445e-05,0,-2.60265e-05,8.98199e-05,0.000888299,-0.000161324,0.0466512,
0.00248207,0,-0.00183509,-0.000419807,0.00103284,0.000891381,-2.04447e-05,0.000207975,0,0.000337073,-0.00125462,-0.000595812,0.000863287,3.11834e-06,-0.00183509,0,0.00343264,-0.00021124,0.000439107,0.000956218,-2.60728e-05,-0.000419807,0,-0.00021124,0.00307961,-0.000309012,0.000628752,9.0408e-05,0.00103284,0,0.000439107,-0.000309012,0.0253377,-3.71978e-05,0.000884643,0.000891381,0,0.000956218,0.000628752,-3.71978e-05,0.0271557,-0.000159651,-2.04446e-05,0,-2.60728e-05,9.04081e-05,0.000884643,-0.000159651,0.0466511,
0.00248744,0,-0.00183422,-0.000421194,0.00102779,0.000897511,-2.05483e-05,0.000209923,0,0.000338148,-0.00125482,-0.000598964,0.000861604,3.1076e-06,-0.00183422,0,0.00343192,-0.000213138,0.000438226,0.000961312,-2.61217e-05,-0.000421194,0,-0.000213138,0.00307924,-0.000310053,0.000628682,9.09976e-05,0.00102779,0,0.000438226,-0.000310053,0.0253452,-3.90004e-05,0.000880927,0.000897511,0,0.000961312,0.000628682,-3.90003e-05,0.0271605,-0.000157986,-2.05483e-05,0,-2.61217e-05,9.09976e-05,0.000880927,-0.000157986,0.046651,
0.00249314,0,-0.00183338,-0.000422516,0.00102258,0.000903717,-2.06548e-05,0.000211919,0,0.000339195,-0.00125502,-0.000602083,0.000859942,3.0963e-06,-0.00183338,0,0.00343102,-0.000215094,0.000437527,0.000966456,-2.61723e-05,-0.000422516,0,-0.000215094,0.00307882,-0.000311047,0.000628617,9.15885e-05,0.00102258,0,0.000437527,-0.000311047,0.0253528,-4.08069e-05,0.00087716,0.000903717,0,0.000966456,0.000628617,-4.08069e-05,0.0271654,-0.000156331,-2.06548e-05,0,-2.61723e-05,9.15885e-05,0.00087716,-0.000156331,0.0466509,
0.00249912,0,-0.00183254,-0.000423778,0.00101725,0.000909988,-2.07635e-05,0.000213957,0,0.000340219,-0.0012552,-0.000605172,0.000858298,3.08445e-06,-0.00183254,0,0.00342998,-0.000217103,0.00043699,0.000971642,-2.62244e-05,-0.000423778,0,-0.000217103,0.00307835,-0.000311993,0.00062856,9.21801e-05,0.00101725,0,0.00043699,-0.000311993,0.0253604,-4.26146e-05,0.000873348,0.000909988,0,0.000971642,0.00062856,-4.26146e-05,0.0271705,-0.000154686,-2.07635e-05,0,-2.62244e-05,9.21802e-05,0.000873348,-0.000154686,0.0466508,
0.00250536,0,-0.00183171,-0.000424984,0.00101179,0.000916314,-2.08742e-05,0.000216033,0,0.00034122,-0.00125538,-0.000608233,0.00085667,3.0721e-06,-0.00183171,0,0.00342881,-0.00021916,0.000436596,0.000976868,-2.62776e-05,-0.000424984,0,-0.00021916,0.00307784,-0.000312894,0.000628506,9.27722e-05,0.00101179,0,0.000436596,-0.000312894,0.0253682,-4.44249e-05,0.000869497,0.000916315,0,0.000976868,0.000628506,-4.44249e-05,0.0271756,-0.000153051,-2.08742e-05,0,-2.62776e-05,9.27722e-05,0.000869497,-0.000153051,0.0466506,
0.00251183,0,-0.00183089,-0.000426137,0.00100622,0.000922688,-2.09864e-05,0.000218143,0,0.000342203,-0.00125554,-0.000611269,0.000855054,3.05925e-06,-0.00183089,0,0.00342751,-0.000221261,0.000436327,0.000982129,-2.63318e-05,-0.000426137,0,-0.000221261,0.00307728,-0.000313753,0.000628454,9.33642e-05,0.00100622,0,0.000436327,-0.000313753,0.025376,-4.6237e-05,0.000865612,0.000922688,0,0.000982129,0.000628454,-4.6237e-05,0.0271809,-0.000151426,-2.09864e-05,0,-2.63318e-05,9.33642e-05,0.000865612,-0.000151426,0.0466505,
0.00251848,0.000220284,-0.00183007,-0.000427249,0.00100056,0.000929094,-2.10995e-05,0.000220284,0.00121181,0.000343173,-0.0012557,-0.000614289,0.000853441,3.04584e-06,-0.00183007,0.000343173,0.00342613,-0.000223401,0.000436149,0.000987416,-2.63861e-05,-0.000427249,-0.0012557,-0.000223401,0.00307669,-0.000314563,0.000628406,9.39551e-05,0.00100056,-0.000614289,0.000436149,-0.000314563,0.0253839,-4.806e-05,0.000861708,0.000929094,0.000853441,0.000987416,0.000628406,-4.806e-05,0.0271861,-0.000149811,-2.10995e-05,3.04584e-06,-2.63861e-05,9.39551e-05,0.000861708,-0.000149811,0.0466504,
0.00252524,0.000222447,-0.00182922,-0.000428344,0.000994835,0.000935505,-2.12121e-05,0.000222447,0.00121219,0.000344144,-0.00125586,-0.000617314,0.000851809,3.03185e-06,-0.00182922,0.000344144,0.00342472,-0.000225569,0.000435994,0.000992706,-2.64389e-05,-0.000428344,-0.00125586,-0.000225569,0.00307609,-0.000315308,0.00062837,9.45426e-05,0.000994835,-0.000617314,0.000435994,-0.000315308,0.0253919,-4.99124e-05,0.000857809,0.000935505,0.000851809,0.000992706,0.00062837,-4.99124e-05,0.0271913,-0.000148206,-2.12121e-05,3.0318e-06,-2.64389e-05,9.45425e-05,0.000857809,-0.000148206,0.0466503,
0.00253207,0.000224628,-0.00182834,-0.00042942,0.000989057,0.000941917,-2.1324e-05,0.000224628,0.00121257,0.000345114,-0.00125602,-0.000620338,0.000850162,3.01731e-06,-0.00182834,0.000345114,0.00342328,-0.000227759,0.000435855,0.000998003,-2.64905e-05,-0.00042942,-0.00125602,-0.000227759,0.00307548,-0.000316006,0.000628334,9.51275e-05,0.000989057,-0.000620338,0.000435855,-0.000316006,0.0253999,-5.17811e-05,0.000853911,0.000941917,0.000850162,0.000998003,0.000628334,-5.17811e-05,0.0271965,-0.000146611,-2.1324e-05,3.01731e-06,-2.64905e-05,9.51275e-05,0.000853911,-0.000146611,0.0466502,
0.00253895,0.000226821,-0.00182744,-0.000430478,0.000983237,0.000948322,-2.1435e-05,0.000226821,0.00121296,0.000346085,-0.00125617,-0.00062336,0.000848504,3.00238e-06,-0.00182744,0.000346085,0.00342182,-0.000229966,0.000435725,0.0010033,-2.6541e-05,-0.000430478,-0.00125617,-0.000229966,0.00307485,-0.00031666,0.000628299,9.57092e-05,0.000983237,-0.00062336,0.000435725,-0.00031666,0.025408,-5.36593e-05,0.000850017,0.000948322,0.000848504,0.0010033,0.000628299,-5.36593e-05,0.0272016,-0.000145026,-2.1435e-05,3.00238e-06,-2.6541e-05,9.57092e-05,0.000850017,-0.000145026,0.04665,
0.00254588,0.000229023,-0.00182652,-0.000431517,0.00097738,0.000954716,-2.15449e-05,0.000229023,0.00121334,0.000347056,-0.00125631,-0.000626376,0.000846835,2.98706e-06,-0.00182652,0.000347056,0.00342034,-0.000232186,0.000435598,0.0010086,-2.65904e-05,-0.000431517,-0.00125631,-0.000232186,0.0030742,-0.000317276,0.000628261,9.6288e-05,0.00097738,-0.000626376,0.000435598,-0.000317276,0.0254161,-5.55424e-05,0.000846127,0.000954716,0.000846835,0.0010086,0.000628262,-5.55424e-05,0.0272067,-0.000143451,-2.15449e-05,2.987e-06,-2.65905e-05,9.6288e-05,0.000846127,-0.000143451,0.0466499,
0.00255284,0.000231232,-0.00182558,-0.000432539,0.00097149,0.000961094,-2.16537e-05,0.000231232,0.00121372,0.000348027,-0.00125645,-0.000629387,0.000845156,2.97129e-06,-0.00182558,0.000348027,0.00341885,-0.000234417,0.00043547,0.00101389,-2.66389e-05,-0.000432539,-0.00125645,-0.000234417,0.00307354,-0.000317857,0.00062822,9.68637e-05,0.00097149,-0.000629387,0.00043547,-0.000317857,0.0254244,-5.7427e-05,0.000842241,0.000961094,0.000845156,0.00101389,0.00062822,-5.7427e-05,0.0272118,-0.000141886,-2.16537e-05,2.97129e-06,-2.66389e-05,9.68636e-05,0.000842241,-0.000141886,0.0466498,
0.00255982,0.000233446,-0.00182462,-0.000433541,0.00096557,0.000967455,-2.17613e-05,0.000233446,0.0012141,0.000348999,-0.00125658,-0.000632391,0.000843468,2.95514e-06,-0.00182462,0.000348999,0.00341735,-0.000236658,0.00043534,0.00101919,-2.66863e-05,-0.000433541,-0.00125658,-0.000236658,0.00307286,-0.000318406,0.000628175,9.74362e-05,0.00096557,-0.000632391,0.00043534,-0.000318406,0.0254327,-5.93107e-05,0.00083836,0.000967455,0.000843468,0.00101919,0.000628175,-5.93107e-05,0.0272168,-0.000140331,-2.17614e-05,2.95519e-06,-2.66863e-05,9.74362e-05,0.00083836,-0.000140331,0.0466497,
0.00256682,0.000235665,-0.00182363,-0.000434526,0.000959623,0.000973796,-2.18677e-05,0.000235665,0.00121449,0.000349971,-0.00125671,-0.000635387,0.000841771,2.93876e-06,-0.00182363,0.000349971,0.00341584,-0.000238907,0.000435204,0.00102448,-2.67327e-05,-0.000434526,-0.00125671,-0.000238907,0.00307217,-0.000318924,0.000628125,9.80057e-05,0.000959623,-0.000635387,0.000435204,-0.000318924,0.0254411,-6.11919e-05,0.000834483,0.000973796,0.000841771,0.00102448,0.000628125,-6.11919e-05,0.0272217,-0.000138786,-2.18677e-05,2.9387e-06,-2.67327e-05,9.80057e-05,0.000834483,-0.000138786,0.0466496,
0.00257384,0.000237887,-0.00182262,-0.000435491,0.000953649,0.000980117,-2.19729e-05,0.000237887,0.00121487,0.000350943,-0.00125683,-0.000638375,0.000840065,2.92194e-06,-0.00182262,0.000350943,0.00341433,-0.000241163,0.000435063,0.00102977,-2.67782e-05,-0.000435491,-0.00125683,-0.000241163,0.00307147,-0.000319414,0.00062807,9.85721e-05,0.000953649,-0.000638375,0.000435063,-0.000319414,0.0254497,-6.30695e-05,0.000830611,0.000980117,0.000840065,0.00102977,0.00062807,-6.30695e-05,0.0272267,-0.000137252,-2.19729e-05,2.92194e-06,-2.67782e-05,9.8572e-05,0.000830611,-0.000137252,0.0466495,
0.00258088,0.000240112,-0.0018216,-0.000436438,0.000947651,0.000986417,-2.20768e-05,0.000240112,0.00121525,0.000351916,-0.00125695,-0.000641355,0.000838351,2.90479e-06,-0.0018216,0.000351916,0.0034128,-0.000243425,0.000434914,0.00103506,-2.68228e-05,-0.000436438,-0.00125695,-0.000243425,0.00307075,-0.000319875,0.00062801,9.91354e-05,0.000947651,-0.000641355,0.000434914,-0.000319875,0.0254583,-6.49428e-05,0.000826744,0.000986417,0.000838351,0.00103506,0.00062801,-6.49427e-05,0.0272316,-0.000135727,-2.20768e-05,2.90479e-06,-2.68228e-05,9.91354e-05,0.000826744,-0.000135727,0.0466494,
0.00258793,0.000242339,-0.00182055,-0.000437367,0.000941629,0.000992695,-2.21794e-05,0.000242339,0.00121563,0.000352889,-0.00125706,-0.000644328,0.00083663,2.88736e-06,-0.00182055,0.000352889,0.00341127,-0.000245694,0.000434758,0.00104034,-2.68665e-05,-0.000437367,-0.00125706,-0.000245694,0.00307001,-0.00032031,0.000627945,9.96956e-05,0.000941629,-0.000644328,0.000434758,-0.00032031,0.0254669,-6.68111e-05,0.000822881,0.000992695,0.00083663,0.00104034,0.000627945,-6.68111e-05,0.0272364,-0.000134212,-2.21794e-05,2.8873e-06,-2.68665e-05,9.96955e-05,0.000822881,-0.000134212,0.0466493,
0.00259499,0.000244569,-0.00181948,-0.000438277,0.000935583,0.00099895,-2.22808e-05,0.000244569,0.00121601,0.000353863,-0.00125716,-0.000647291,0.0008349,2.86957e-06,-0.00181948,0.000353863,0.00340974,-0.000247969,0.000434594,0.00104562,-2.69094e-05,-0.000438277,-0.00125716,-0.000247969,0.00306926,-0.000320719,0.000627875,0.000100253,0.000935583,-0.000647291,0.000434594,-0.000320719,0.0254757,-6.86741e-05,0.000819022,0.00099895,0.0008349,0.00104562,0.000627875,-6.86741e-05,0.0272413,-0.000132708,-2.22807e-05,2.86959e-06,-2.69093e-05,0.000100253,0.000819022,-0.000132708,0.0466491,
0.00260206,0.0002468,-0.00181839,-0.000439168,0.000929515,0.00100518,-2.23809e-05,0.0002468,0.00121639,0.000354837,-0.00125726,-0.000650247,0.000833162,2.85147e-06,-0.00181839,0.000354837,0.0034082,-0.00025025,0.000434421,0.0010509,-2.69513e-05,-0.000439168,-0.00125726,-0.00025025,0.00306849,-0.000321102,0.0006278,0.000100807,0.000929515,-0.000650247,0.000434421,-0.000321102,0.0254846,-7.05316e-05,0.000815167,0.00100518,0.000833162,0.0010509,0.0006278,-7.05316e-05,0.0272461,-0.000131213,-2.23809e-05,2.8515e-06,-2.69513e-05,0.000100807,0.000815167,-0.000131213,0.046649,
0.00260915,0.000249033,-0.00181727,-0.00044004,0.000923423,0.00101139,-2.24798e-05,0.000249033,0.00121677,0.000355812,-0.00125735,-0.000653194,0.000831416,2.83307e-06,-0.00181727,0.000355812,0.00340665,-0.000252536,0.00043424,0.00105618,-2.69925e-05,-0.00044004,-0.00125735,-0.000252536,0.00306771,-0.000321461,0.000627721,0.000101358,0.000923423,-0.000653194,0.00043424,-0.000321461,0.0254935,-7.23833e-05,0.000811317,0.00101139,0.000831416,0.00105618,0.000627721,-7.23833e-05,0.0272508,-0.000129728,-2.24798e-05,2.83307e-06,-2.69925e-05,0.000101358,0.000811317,-0.000129728,0.0466489,
0.00261624,0.000251267,-0.00181614,-0.000440893,0.00091731,0.00101757,-2.25774e-05,0.000251267,0.00121715,0.000356788,-0.00125743,-0.000656133,0.000829662,2.81433e-06,-0.00181614,0.000356788,0.00340509,-0.000254827,0.00043405,0.00106145,-2.70328e-05,-0.000440893,-0.00125743,-0.000254827,0.00306692,-0.000321796,0.000627638,0.000101906,0.00091731,-0.000656133,0.00043405,-0.000321796,0.0255026,-7.42291e-05,0.000807471,0.00101757,0.000829662,0.00106145,0.000627638,-7.42291e-05,0.0272555,-0.000128253,-2.25774e-05,2.81436e-06,-2.70328e-05,0.000101906,0.000807471,-0.000128253,0.0466488,
0.00262334,0.000253503,-0.00181498,-0.000441728,0.000911175,0.00102374,-2.26739e-05,0.000253503,0.00121752,0.000357764,-0.00125751,-0.000659064,0.000827901,2.79529e-06,-0.00181498,0.000357764,0.00340354,-0.000257124,0.00043385,0.00106672,-2.70724e-05,-0.000441728,-0.00125751,-0.000257124,0.00306611,-0.000322106,0.000627551,0.000102451,0.000911175,-0.000659064,0.00043385,-0.000322106,0.0255117,-7.60689e-05,0.000803629,0.00102374,0.000827901,0.00106672,0.000627552,-7.60689e-05,0.0272602,-0.000126787,-2.26739e-05,2.79526e-06,-2.70724e-05,0.000102451,0.000803629,-0.000126787,0.0466487,
0.00263045,0.00025574,-0.00181381,-0.000442543,0.000905018,0.00102987,-2.27691e-05,0.00025574,0.0012179,0.000358741,-0.00125758,-0.000661987,0.000826131,2.776e-06,-0.00181381,0.000358741,0.00340197,-0.000259425,0.000433642,0.00107198,-2.71111e-05,-0.000442543,-0.00125758,-0.000259425,0.00306529,-0.000322394,0.000627461,0.000102993,0.000905018,-0.000661987,0.000433642,-0.000322394,0.0255209,-7.79026e-05,0.000799791,0.00102987,0.000826131,0.00107198,0.000627461,-7.79026e-05,0.0272649,-0.000125332,-2.27691e-05,2.77595e-06,-2.71111e-05,0.000102993,0.000799791,-0.000125332,0.0466486,
0.00263757,0.000257978,-0.00181261,-0.00044334,0.000898839,0.00103598,-2.28631e-05,0.000257978,0.00121828,0.000359718,-0.00125764,-0.000664902,0.000824354,2.75635e-06,-0.00181261,0.000359718,0.00340041,-0.000261732,0.000433424,0.00107724,-2.71491e-05,-0.00044334,-0.00125764,-0.000261732,0.00306445,-0.000322658,0.000627367,0.000103531,0.000898839,-0.000664902,0.000433424,-0.000322658,0.0255302,-7.97301e-05,0.000795958,0.00103598,0.000824354,0.00107724,0.000627367,-7.97301e-05,0.0272695,-0.000123886,-2.28632e-05,2.75635e-06,-2.71491e-05,0.000103531,0.000795958,-0.000123886,0.0466485,
0.00264469,0.000260218,-0.00181139,-0.000444117,0.00089264,0.00104207,-2.2956e-05,0.000260218,0.00121865,0.000360696,-0.0012577,-0.000667808,0.00082257,2.73645e-06,-0.00181139,0.000360696,0.00339883,-0.000264044,0.000433197,0.0010825,-2.71864e-05,-0.000444117,-0.0012577,-0.000264044,0.0030636,-0.0003229,0.00062727,0.000104067,0.00089264,-0.000667808,0.000433196,-0.0003229,0.0255395,-8.15512e-05,0.000792128,0.00104207,0.00082257,0.0010825,0.00062727,-8.15512e-05,0.027274,-0.00012245,-2.2956e-05,2.73642e-06,-2.71864e-05,0.000104067,0.000792128,-0.00012245,0.0466484,
0.00265183,0.000262458,-0.00181015,-0.000444875,0.000886419,0.00104813,-2.30476e-05,0.000262458,0.00121903,0.000361675,-0.00125775,-0.000670707,0.000820778,2.71622e-06,-0.00181015,0.000361675,0.00339726,-0.00026636,0.00043296,0.00108776,-2.72229e-05,-0.000444875,-0.00125775,-0.00026636,0.00306274,-0.00032312,0.00062717,0.0001046,0.000886419,-0.000670707,0.00043296,-0.00032312,0.025549,-8.33661e-05,0.000788303,0.00104813,0.000820778,0.00108776,0.00062717,-8.33661e-05,0.0272786,-0.000121023,-2.30476e-05,2.71622e-06,-2.72228e-05,0.0001046,0.000788303,-0.000121023,0.0466483,
0.00265897,0.000264698,-0.00180889,-0.000445615,0.000880178,0.00105416,-2.31381e-05,0.000264698,0.0012194,0.000362655,-0.00125779,-0.000673598,0.000818978,2.6957e-06,-0.00180889,0.000362655,0.00339567,-0.000268681,0.000432713,0.00109301,-2.72586e-05,-0.000445615,-0.00125779,-0.000268681,0.00306186,-0.000323318,0.000627067,0.00010513,0.000880178,-0.000673598,0.000432713,-0.000323318,0.0255585,-8.51745e-05,0.000784482,0.00105416,0.000818978,0.00109301,0.000627067,-8.51745e-05,0.0272831,-0.000119606,-2.31381e-05,2.69573e-06,-2.72586e-05,0.00010513,0.000784482,-0.000119606,0.0466482,
0.00266612,0.00026694,-0.00180761,-0.000446335,0.000873917,0.00106017,-2.32274e-05,0.00026694,0.00121977,0.000363636,-0.00125783,-0.000676481,0.000817171,2.67492e-06,-0.00180761,0.000363636,0.00339409,-0.000271007,0.000432457,0.00109826,-2.72937e-05,-0.000446335,-0.00125783,-0.000271007,0.00306097,-0.000323495,0.000626962,0.000105657,0.000873917,-0.000676481,0.000432457,-0.000323495,0.0255681,-8.69764e-05,0.000780665,0.00106017,0.000817171,0.00109826,0.000626962,-8.69764e-05,0.0272875,-0.000118199,-2.32274e-05,2.67492e-06,-2.72937e-05,0.000105657,0.000780665,-0.000118199,0.0466481,
0.00267332,0.000269175,-0.00180646,-0.000447094,0.000867241,0.00106517,-2.34569e-05,0.000269181,0.00122015,0.00036462,-0.00125786,-0.00067935,0.000815371,2.65596e-06,-0.00180625,0.000364612,0.00339235,-0.000273394,0.00043181,0.00110256,-2.74643e-05,-0.000446944,-0.00125788,-0.000273618,0.00305996,-0.000324355,0.000625101,0.000105928,0.0008686,-0.000679467,0.00042923,-0.000324755,0.0255704,-0.000107239,0.000774201,0.00106824,0.000815116,0.0010971,0.000624467,-0.000104791,0.027252,-0.000122535,-2.32905e-05,2.65094e-06,-2.74052e-05,0.000106151,0.000776659,-0.000117282,0.046648,
0.00268048,0.000271418,-0.00180514,-0.000447776,0.000860942,0.00107112,-2.35434e-05,0.000271422,0.00122052,0.000365604,-0.00125789,-0.000682214,0.000813558,2.64011e-06,-0.00180493,0.000365595,0.00339075,-0.000275729,0.000431538,0.0011078,-2.74956e-05,-0.000447626,-0.0012579,-0.000275952,0.00305904,-0.000324489,0.000624993,0.000106454,0.000862288,-0.000682333,0.000428978,-0.000324884,0.0255802,-0.000108957,0.000770536,0.00107419,0.000813296,0.00110235,0.000624365,-0.000106524,0.0272563,-0.000121137,-2.33786e-05,2.63389e-06,-2.74367e-05,0.000106675,0.000772957,-0.000115929,0.0466478,
0.00268767,0.000273658,-0.00180385,-0.000448461,0.000854467,0.00107665,-2.36863e-05,0.000273664,0.00122089,0.000366592,-0.00125791,-0.000685062,0.000811751,2.62881e-06,-0.00180356,0.000366577,0.0033891,-0.00027809,0.000431105,0.00111266,-2.75808e-05,-0.000448252,-0.00125792,-0.000278404,0.00305807,-0.000324883,0.000624184,0.000106878,0.000856342,-0.000685231,0.000427533,-0.000325431,0.0255871,-0.000118103,0.000765892,0.00108095,0.000811374,0.00110501,0.000623308,-0.000114704,0.0272442,-0.000122066,-2.34568e-05,2.61841e-06,-2.74984e-05,0.000107185,0.000769244,-0.000114804,0.0466477,
0.00269484,0.000275902,-0.00180248,-0.000449104,0.000848134,0.00108256,-2.3771e-05,0.000275907,0.00122126,0.000367579,-0.00125792,-0.000687909,0.000809928,2.61996e-06,-0.0018022,0.000367562,0.0033875,-0.000280433,0.000430816,0.0011179,-2.76089e-05,-0.000448896,-0.00125794,-0.000280746,0.00305712,-0.000324978,0.00062408,0.000107402,0.000849989,-0.000688081,0.000427273,-0.000325519,0.0255971,-0.000119779,0.000762418,0.00108684,0.000809541,0.00111026,0.000623212,-0.000116402,0.0272483,-0.000120732,-2.35438e-05,2.60797e-06,-2.75268e-05,0.000107706,0.00076572,-0.000113533,0.0466476,
0.00270202,0.000278145,-0.0018011,-0.000449726,0.000841784,0.00108844,-2.38555e-05,0.000278149,0.00122163,0.000368567,-0.00125793,-0.000690745,0.000808097,2.61413e-06,-0.00180081,0.000368548,0.00338589,-0.00028278,0.000430521,0.00112314,-2.76363e-05,-0.00044952,-0.00125794,-0.000283092,0.00305616,-0.000325052,0.000623988,0.000107926,0.00084362,-0.000690919,0.000427006,-0.000325586,0.0256071,-0.000121442,0.000759016,0.0010927,0.0008077,0.00111551,0.000623128,-0.000118087,0.0272523,-0.000119436,-2.36306e-05,2.60059e-06,-2.75546e-05,0.000108226,0.000762268,-0.000112299,0.0466474,
0.00270921,0.000280388,-0.00179968,-0.00045033,0.000835415,0.00109429,-2.39384e-05,0.000280392,0.001222,0.000369557,-0.00125793,-0.000693577,0.000806259,2.61063e-06,-0.0017994,0.000369536,0.00338429,-0.000285132,0.000430214,0.00112838,-2.76619e-05,-0.000450125,-0.00125794,-0.000285443,0.00305519,-0.000325112,0.000623888,0.000108447,0.000837232,-0.000693753,0.000426728,-0.000325638,0.0256172,-0.000123106,0.000755686,0.00109854,0.000805853,0.00112076,0.000623036,-0.000119774,0.0272563,-0.000118171,-2.37159e-05,2.59553e-06,-2.75805e-05,0.000108745,0.00075889,-0.000111094,0.0466473,
0.0027164,0.000282632,-0.00179825,-0.000450914,0.000829031,0.00110012,-2.40209e-05,0.000282635,0.00122237,0.000370548,-0.00125792,-0.000696397,0.000804414,2.60894e-06,-0.00179796,0.000370525,0.00338268,-0.000287487,0.000429901,0.00113361,-2.76872e-05,-0.00045071,-0.00125794,-0.000287796,0.0030542,-0.00032515,0.000623801,0.000108967,0.000830828,-0.000696575,0.000426444,-0.000325668,0.0256273,-0.000124754,0.000752399,0.00110435,0.000803999,0.00112601,0.000622957,-0.000121445,0.0272603,-0.00011693,-2.38006e-05,2.59232e-06,-2.76062e-05,0.000109262,0.000755554,-0.000109915,0.0466471,
0.00272359,0.000284875,-0.0017968,-0.000451479,0.000822626,0.00110592,-2.41014e-05,0.000284877,0.00122273,0.000371539,-0.0012579,-0.000699213,0.000802561,2.60864e-06,-0.00179651,0.000371515,0.00338107,-0.000289847,0.000429576,0.00113885,-2.77105e-05,-0.000451276,-0.00125792,-0.000290155,0.00305321,-0.000325174,0.000623703,0.000109485,0.000824403,-0.000699394,0.000426148,-0.000325685,0.0256375,-0.000126405,0.000749164,0.00111013,0.000802137,0.00113126,0.000622868,-0.000123119,0.0272641,-0.00011571,-2.38835e-05,2.59059e-06,-2.76298e-05,0.000109776,0.00075227,-0.000108756,0.046647,
0.00273079,0.000287118,-0.00179532,-0.000452023,0.000816207,0.00111169,-2.41814e-05,0.00028712,0.0012231,0.000372533,-0.00125788,-0.000702018,0.000800702,2.60936e-06,-0.00179504,0.000372506,0.00337945,-0.000292209,0.000429243,0.00114408,-2.77338e-05,-0.000451822,-0.00125791,-0.000292516,0.00305219,-0.000325177,0.000623618,0.000110001,0.000817964,-0.000702202,0.000425844,-0.000325681,0.0256478,-0.000128038,0.000745952,0.00111588,0.000800268,0.00113651,0.000622791,-0.000124775,0.027268,-0.000114506,-2.39657e-05,2.58987e-06,-2.76534e-05,0.000110289,0.000749011,-0.000107613,0.0466468,
0.00273799,0.00028936,-0.00179382,-0.000452548,0.000809769,0.00111744,-2.42594e-05,0.000289361,0.00122347,0.000373527,-0.00125786,-0.000704819,0.000798836,2.61086e-06,-0.00179354,0.000373499,0.00337784,-0.000294576,0.000428898,0.00114931,-2.77555e-05,-0.000452349,-0.00125788,-0.000294881,0.00305117,-0.000325166,0.000623526,0.000110514,0.000811505,-0.000705004,0.00042553,-0.000325662,0.0256581,-0.00012967,0.000742774,0.00112161,0.000798392,0.00114175,0.000622707,-0.000126431,0.0272718,-0.000113316,-2.40462e-05,2.58998e-06,-2.76755e-05,0.000110799,0.000745786,-0.000106484,0.0466466,
0.00274519,0.000291602,-0.00179231,-0.000453054,0.000803315,0.00112315,-2.43365e-05,0.000291603,0.00122383,0.000374522,-0.00125783,-0.00070761,0.000796962,2.61294e-06,-0.00179202,0.000374492,0.00337622,-0.000296946,0.000428545,0.00115453,-2.77767e-05,-0.000452856,-0.00125785,-0.00029725,0.00305013,-0.000325136,0.00062344,0.000111026,0.00080503,-0.000707798,0.000425206,-0.000325624,0.0256685,-0.00013129,0.000739614,0.0011273,0.000796509,0.00114699,0.00062263,-0.000128075,0.0272756,-0.000112138,-2.41256e-05,2.59071e-06,-2.76971e-05,0.000111308,0.000742579,-0.000105367,0.0466465,
0.0027524,0.000293843,-0.00179077,-0.000453539,0.000796843,0.00112884,-2.44119e-05,0.000293843,0.0012242,0.000375519,-0.00125779,-0.000710395,0.000795082,2.61538e-06,-0.00179049,0.000375487,0.0033746,-0.000299319,0.00042818,0.00115975,-2.7797e-05,-0.000453343,-0.00125781,-0.000299622,0.00304909,-0.000325091,0.000623352,0.000111535,0.000798538,-0.000710585,0.000424871,-0.000325572,0.0256789,-0.000132904,0.000736473,0.00113296,0.000794619,0.00115223,0.000622551,-0.000129713,0.0272793,-0.00011097,-2.42034e-05,2.59176e-06,-2.77177e-05,0.000111814,0.000739392,-0.000104259,0.0466463,
0.00275961,0.000296084,-0.00178921,-0.000454005,0.000790355,0.0011345,-2.44861e-05,0.000296083,0.00122456,0.000376517,-0.00125774,-0.000713172,0.000793194,2.61802e-06,-0.00178893,0.000376484,0.00337297,-0.000301696,0.000427806,0.00116497,-2.78166e-05,-0.000453811,-0.00125776,-0.000301998,0.00304803,-0.000325028,0.000623267,0.000112041,0.000792029,-0.000713364,0.000424527,-0.000325502,0.0256894,-0.000134508,0.000733344,0.0011386,0.000792722,0.00115747,0.000622476,-0.000131342,0.027283,-0.000109811,-2.428e-05,2.59315e-06,-2.77376e-05,0.000112317,0.000736218,-0.000103161,0.0466461,
0.00276682,0.000298323,-0.00178763,-0.000454452,0.000783851,0.00114013,-2.45587e-05,0.000298322,0.00122492,0.000377517,-0.00125769,-0.000715942,0.0007913,2.62082e-06,-0.00178735,0.000377482,0.00337135,-0.000304076,0.00042742,0.00117019,-2.78354e-05,-0.000454259,-0.00125771,-0.000304377,0.00304695,-0.00032495,0.000623183,0.000112545,0.000785503,-0.000716136,0.000424172,-0.000325416,0.0257,-0.000136105,0.000730228,0.0011442,0.000790818,0.00116271,0.0006224,-0.000132963,0.0272867,-0.000108659,-2.4355e-05,2.5947e-06,-2.77568e-05,0.000112818,0.000733057,-0.000102069,0.046646,
0.00277404,0.000300562,-0.00178602,-0.000454878,0.00077733,0.00114573,-2.463e-05,0.00030056,0.00122528,0.000378518,-0.00125763,-0.000718704,0.000789398,2.6236e-06,-0.00178574,0.000378481,0.00336972,-0.000306459,0.000427024,0.0011754,-2.78535e-05,-0.000454687,-0.00125765,-0.000306758,0.00304587,-0.000324855,0.0006231,0.000113046,0.000778961,-0.0007189,0.000423807,-0.000325314,0.0257107,-0.000137693,0.00072712,0.00114977,0.000788907,0.00116794,0.000622327,-0.000134576,0.0272903,-0.000107514,-2.44287e-05,2.59626e-06,-2.77753e-05,0.000113316,0.000729905,-0.000100985,0.0466458,
0.00278125,0.000302799,-0.0017844,-0.000455284,0.000770794,0.00115129,-2.46999e-05,0.000302797,0.00122564,0.00037952,-0.00125756,-0.000721459,0.00078749,2.62637e-06,-0.00178412,0.000379481,0.00336809,-0.000308846,0.000426617,0.0011806,-2.78709e-05,-0.000455095,-0.00125759,-0.000309143,0.00304477,-0.000324746,0.000623019,0.000113545,0.000772402,-0.000721658,0.00042343,-0.000325197,0.0257214,-0.000139273,0.00072402,0.00115532,0.00078699,0.00117317,0.000622255,-0.00013618,0.0272939,-0.000106376,-2.4501e-05,2.59781e-06,-2.77931e-05,0.000113812,0.000726761,-9.99058e-05,0.0466456,
0.00278847,0.000305035,-0.00178275,-0.000455671,0.000764242,0.00115683,-2.47684e-05,0.000305032,0.001226,0.000380524,-0.00125749,-0.000724207,0.000785575,2.62901e-06,-0.00178248,0.000380483,0.00336646,-0.000311235,0.0004262,0.00118581,-2.78877e-05,-0.000455483,-0.00125752,-0.000311531,0.00304366,-0.000324621,0.00062294,0.000114041,0.000765828,-0.000724408,0.000423044,-0.000325064,0.0257321,-0.000140845,0.000720925,0.00116082,0.000785065,0.00117839,0.000622186,-0.000137777,0.0272975,-0.000105243,-2.45718e-05,2.59931e-06,-2.78102e-05,0.000114305,0.000723623,-9.88323e-05,0.0466455,
0.00279569,0.00030727,-0.00178109,-0.000456038,0.000757674,0.00116234,-2.48354e-05,0.000307266,0.00122636,0.000381529,-0.00125742,-0.000726948,0.000783653,2.63148e-06,-0.00178081,0.000381486,0.00336483,-0.000313627,0.000425771,0.00119101,-2.79038e-05,-0.000455852,-0.00125744,-0.000313921,0.00304254,-0.000324481,0.000622862,0.000114535,0.000759239,-0.000727151,0.000422646,-0.000324917,0.025743,-0.000142408,0.000717835,0.0011663,0.000783133,0.00118362,0.000622117,-0.000139365,0.027301,-0.000104115,-2.46413e-05,2.60064e-06,-2.78267e-05,0.000114796,0.00072049,-9.7764e-05,0.0466453,
0.00280291,0.000309503,-0.0017794,-0.000456385,0.000751092,0.00116781,-2.49011e-05,0.000309499,0.00122672,0.000382535,-0.00125733,-0.000729682,0.000781724,2.63378e-06,-0.00177913,0.000382491,0.0033632,-0.000316021,0.000425331,0.0011962,-2.79193e-05,-0.000456201,-0.00125736,-0.000316315,0.00304141,-0.000324326,0.000622786,0.000115025,0.000752634,-0.000729886,0.000422237,-0.000324755,0.0257539,-0.000143963,0.000714749,0.00117175,0.000781195,0.00118884,0.000622051,-0.000140944,0.0273045,-0.000102992,-2.47095e-05,2.60181e-06,-2.78426e-05,0.000115283,0.000717362,-9.67003e-05,0.0466452,
0.00281013,0.000311735,-0.00177769,-0.000456712,0.000744494,0.00117326,-2.49654e-05,0.00031173,0.00122707,0.000383543,-0.00125724,-0.000732408,0.000779789,2.63584e-06,-0.00177742,0.000383497,0.00336157,-0.000318419,0.00042488,0.00120139,-2.79342e-05,-0.00045653,-0.00125727,-0.00031871,0.00304027,-0.000324158,0.000622713,0.000115513,0.000746014,-0.000732615,0.000421817,-0.000324579,0.0257648,-0.000145509,0.000711667,0.00117716,0.00077925,0.00119405,0.000621987,-0.000142515,0.0273079,-0.000101874,-2.47761e-05,2.60281e-06,-2.78578e-05,0.000115769,0.000714238,-9.56412e-05,0.046645,
0.00281735,0.000313965,-0.00177596,-0.000457019,0.000737882,0.00117867,-2.50283e-05,0.00031396,0.00122743,0.000384552,-0.00125714,-0.000735128,0.000777847,2.63767e-06,-0.00177569,0.000384505,0.00335993,-0.000320818,0.000424418,0.00120658,-2.79485e-05,-0.000456839,-0.00125717,-0.000321109,0.00303911,-0.000323975,0.000622641,0.000115999,0.00073938,-0.000735336,0.000421386,-0.000324389,0.0257758,-0.000147046,0.000708587,0.00118254,0.000777299,0.00119926,0.000621926,-0.000144077,0.0273113,-0.000100761,-2.48415e-05,2.60358e-06,-2.78725e-05,0.000116251,0.000711117,-9.45864e-05,0.0466448,
0.00282456,0.000316193,-0.00177421,-0.000457306,0.000731256,0.00118405,-2.50899e-05,0.000316188,0.00122778,0.000385563,-0.00125704,-0.00073784,0.000775898,2.63925e-06,-0.00177394,0.000385514,0.0033583,-0.000323221,0.000423945,0.00121176,-2.79623e-05,-0.000457128,-0.00125707,-0.000323509,0.00303795,-0.000323778,0.000622572,0.000116481,0.000732731,-0.000738051,0.000420943,-0.000324186,0.0257869,-0.000148575,0.00070551,0.00118789,0.00077534,0.00120447,0.000621867,-0.000145631,0.0273147,-9.96522e-05,-2.49055e-05,2.60419e-06,-2.78866e-05,0.000116731,0.000707999,-9.3536e-05,0.0466447,
0.00283178,0.000318419,-0.00177244,-0.000457573,0.000724616,0.00118939,-2.51502e-05,0.000318414,0.00122813,0.000386575,-0.00125693,-0.000740545,0.000773943,2.64055e-06,-0.00177218,0.000386525,0.00335666,-0.000325625,0.00042346,0.00121693,-2.79755e-05,-0.000457397,-0.00125696,-0.000325912,0.00303677,-0.000323568,0.000622506,0.000116961,0.000726069,-0.000740758,0.000420489,-0.000323968,0.025798,-0.000150094,0.000702435,0.0011932,0.000773375,0.00120968,0.00062181,-0.000147175,0.0273181,-9.85481e-05,-2.49682e-05,2.60447e-06,-2.79002e-05,0.000117208,0.000704885,-9.24898e-05,0.0466445,
0.002839,0.000320643,-0.00177065,-0.00045782,0.000717962,0.00119471,-2.52092e-05,0.000320637,0.00122849,0.000387589,-0.00125681,-0.000743244,0.000771981,2.64161e-06,-0.00177039,0.000387537,0.00335503,-0.000328032,0.000422964,0.0012221,-2.79881e-05,-0.000457646,-0.00125684,-0.000328317,0.00303558,-0.000323345,0.000622442,0.000117438,0.000719392,-0.000743458,0.000420024,-0.000323738,0.0258092,-0.000151605,0.000699363,0.00119849,0.000771404,0.00121487,0.000621756,-0.000148711,0.0273214,-9.74486e-05,-2.50295e-05,2.60458e-06,-2.79132e-05,0.000117682,0.000701773,-9.14478e-05,0.0466444,
0.00284621,0.000322866,-0.00176884,-0.000458047,0.000711295,0.00119999,-2.52668e-05,0.000322859,0.00122884,0.000388605,-0.00125669,-0.000745935,0.000770013,2.64241e-06,-0.00176857,0.000388551,0.00335339,-0.00033044,0.000422457,0.00122727,-2.80002e-05,-0.000457875,-0.00125672,-0.000330724,0.00303438,-0.00032311,0.000622381,0.000117913,0.000712702,-0.000746151,0.000419548,-0.000323495,0.0258205,-0.000153106,0.000696292,0.00120373,0.000769426,0.00122007,0.000621706,-0.000150237,0.0273247,-9.63536e-05,-2.50897e-05,2.60436e-06,-2.79257e-05,0.000118154,0.000698664,-9.04101e-05,0.0466442,
0.00285343,0.000325086,-0.001767,-0.000458254,0.000704614,0.00120524,-2.53232e-05,0.000325079,0.00122919,0.000389622,-0.00125656,-0.000748619,0.000768039,2.64291e-06,-0.00176674,0.000389567,0.00335175,-0.000332851,0.000421938,0.00123243,-2.80117e-05,-0.000458084,-0.00125659,-0.000333133,0.00303317,-0.000322861,0.000622323,0.000118385,0.000705999,-0.000748837,0.00041906,-0.00032324,0.0258317,-0.000154599,0.000693224,0.00120895,0.000767441,0.00122526,0.000621658,-0.000151754,0.0273279,-9.52632e-05,-2.51484e-05,2.60403e-06,-2.79375e-05,0.000118623,0.000695557,-8.93766e-05,0.0466441,
0.00286064,0.000327303,-0.00176515,-0.000458441,0.000697921,0.00121046,-2.53783e-05,0.000327296,0.00122954,0.00039064,-0.00125642,-0.000751296,0.000766058,2.64316e-06,-0.00176489,0.000390584,0.00335012,-0.000335263,0.000421408,0.00123759,-2.80227e-05,-0.000458273,-0.00125645,-0.000335544,0.00303195,-0.000322601,0.000622268,0.000118854,0.000699283,-0.000751515,0.00041856,-0.000322972,0.0258431,-0.000156081,0.000690159,0.00121413,0.00076545,0.00123045,0.000621613,-0.000153261,0.0273311,-9.41774e-05,-2.52059e-05,2.60336e-06,-2.79489e-05,0.000119089,0.000692454,-8.83473e-05,0.0466439,
0.00286784,0.000329518,-0.00176327,-0.000458607,0.000691216,0.00121564,-2.54322e-05,0.000329511,0.00122988,0.00039166,-0.00125628,-0.000753966,0.00076407,2.64314e-06,-0.00176302,0.000391602,0.00334848,-0.000337677,0.000420866,0.00124274,-2.80332e-05,-0.000458442,-0.00125631,-0.000337956,0.00303072,-0.000322328,0.000622217,0.00011932,0.000692555,-0.000754187,0.000418049,-0.000322693,0.0258545,-0.000157554,0.000687095,0.00121927,0.000763453,0.00123563,0.000621572,-0.000154759,0.0273343,-9.30963e-05,-2.52621e-05,2.60253e-06,-2.79597e-05,0.000119553,0.000689353,-8.73224e-05,0.0466438,
0.00287505,0.000331731,-0.00176138,-0.000458754,0.000684498,0.00122079,-2.54848e-05,0.000331723,0.00123023,0.000392682,-0.00125613,-0.000756629,0.000762076,2.64289e-06,-0.00176113,0.000392623,0.00334684,-0.000340093,0.000420312,0.00124789,-2.80432e-05,-0.000458591,-0.00125616,-0.00034037,0.00302948,-0.000322044,0.000622169,0.000119784,0.000685814,-0.000756852,0.000417526,-0.000322402,0.0258659,-0.000159018,0.000684035,0.00122439,0.000761449,0.00124081,0.000621534,-0.000156247,0.0273374,-9.20198e-05,-2.53171e-05,2.60142e-06,-2.79701e-05,0.000120014,0.000686256,-8.63018e-05,0.0466436,
0.00288225,0.000333941,-0.00175946,-0.000458881,0.000677769,0.0012259,-2.55362e-05,0.000333933,0.00123057,0.000393705,-0.00125597,-0.000759284,0.000760076,2.64233e-06,-0.00175921,0.000393644,0.00334521,-0.000342511,0.000419747,0.00125303,-2.80526e-05,-0.00045872,-0.001256,-0.000342786,0.00302823,-0.000321748,0.000622125,0.000120245,0.000679062,-0.00075951,0.000416992,-0.0003221,0.0258775,-0.000160471,0.000680977,0.00122946,0.000759439,0.00124598,0.000621501,-0.000157725,0.0273405,-9.09481e-05,-2.53709e-05,2.60009e-06,-2.798e-05,0.000120473,0.000683161,-8.52857e-05,0.0466435,
