0.00327122,0.000792961,-0.000465973,-0.000596638,-0.00169278,0.000845603,0.000139866,0.000792961,0.00158063,0.00061598,0.000850589,-0.000416988,-0.000472007,8.82285e-05,-0.000465973,0.00061598,0.00199514,0.000660663,-0.00130368,-3.50573e-05,5.1315e-05,-0.000596638,0.000850589,0.000660663,0.00272372,-0.0011488,-0.00141791,2.68633e-05,-0.00169278,-0.000416988,-0.00130368,-0.0011488,0.0258481,-0.00048347,0.00112319,0.000845603,-0.000472007,-3.50573e-05,-0.00141791,-0.00048347,0.0251919,-0.000272624,0.000139866,8.82285e-05,5.1315e-05,2.68633e-05,0.00112319,-0.000272624,0.0466866,
0.00327284,0,-0.000465222,0,-0.0016947,0,0,0.000792938,0,0.000617122,0,-0.000416639,0,0,-0.000465222,0,0.00199753,0,-0.00130839,0,0,-0.000597147,0,0.000661511,0,-0.00114532,0,0,-0.0016947,0,-0.00130839,0,0.0258545,0,0,0.000843169,0,-3.62827e-05,0,-0.000482387,0,0,0.000139995,0,5.1719e-05,0,0.00112433,0,0,
0.00327558,0,-0.000464979,-0.000596864,-0.00169746,0,0.000140239,0.000792497,0,0.000617308,0.000852012,-0.000416065,0,8.83066e-05,-0.000464979,0,0.00199906,0.00066206,-0.00131334,0,5.2183e-05,-0.000596864,0,0.00066206,0.00272527,-0.00114129,0,2.66882e-05,-0.00169746,0,-0.00131334,-0.00114129,0.0258608,0,0.00112297,0.000839546,0,-3.63885e-05,-0.00142218,-0.000479932,0,-0.000270641,0.000140239,0,5.2183e-05,2.66882e-05,0.00112297,0,0.0466867,
0.0032795,0,-0.000465404,-0.000595913,-0.00170094,0,0.000140562,0.00079179,0,0.000616866,0.000853797,-0.000415196,0,8.81805e-05,-0.000465404,0,0.00200039,0.000662529,-0.00131874,0,5.2722e-05,-0.000595913,0,0.000662529,0.00272651,-0.00113667,0,2.66775e-05,-0.00170094,0,-0.00131874,-0.00113667,0.0258681,0,0.00112066,0.000834823,0,-3.6165e-05,-0.00142742,-0.000476485,0,-0.000269534,0.000140562,0,5.2722e-05,2.66775e-05,0.00112066,0,0.0466865,
0.00328447,0,-0.000466766,-0.000594172,-0.00170469,0.000829251,0.000140921,0.000790876,0,0.000615689,0.000856105,-0.000413944,-0.000473693,8.79851e-05,-0.000466766,0,0.00200142,0.000662849,-0.00132406,-3.61886e-05,5.32027e-05,-0.000594172,0,0.000662849,0.00272785,-0.00113174,-0.00143326,2.66865e-05,-0.00170469,0,-0.00132406,-0.00113174,0.0258756,-0.000472311,0.00111799,0.000829251,0,-3.61887e-05,-0.00143326,-0.000472311,0.0251789,-0.000268552,0.000140921,0,5.32028e-05,2.66865e-05,0.00111799,-0.000268552,0.0466863,
0.00329041,0,-0.000469026,-0.000591845,-0.00170888,0,0.000141317,0.000789824,0,0.000614035,0.000858831,-0.000412521,0,8.77323e-05,-0.000469026,0,0.00200249,0.000663166,-0.00132953,0,5.36881e-05,-0.000591845,0,0.000663166,0.00272926,-0.00112639,0,2.67227e-05,-0.00170888,0,-0.00132953,-0.00112639,0.0258835,0,0.00111462,0.000822808,0,-3.62721e-05,-0.00144,-0.000467313,0,-0.000267607,0.000141317,0,5.36881e-05,2.67227e-05,0.00111462,0,0.046686,
0.00329716,0,-0.000472215,-0.000588955,-0.00171309,0.000816266,0.000141694,0.0007887,0,0.000611984,0.000861811,-0.00041078,-0.000476152,8.74546e-05,-0.000472215,0,0.00200362,0.000663471,-0.00133419,-3.65069e-05,5.41008e-05,-0.000588956,0,0.000663471,0.0027307,-0.00112154,-0.00144624,2.6778e-05,-0.00171309,0,-0.00133419,-0.00112154,0.0258914,-0.000462375,0.00111155,0.000816266,0,-3.65069e-05,-0.00144624,-0.000462375,0.0251754,-0.000266693,0.000141694,0,5.41008e-05,2.67779e-05,0.00111155,-0.000266693,0.0466857,
0.00330443,0.000787585,-0.000476259,-0.000585721,-0.00171742,0.000809379,0.000142065,0.000787585,0.00156571,0.000609736,0.000864898,-0.000409033,-0.000477522,8.71653e-05,-0.000476259,0.000609736,0.00200499,0.000663849,-0.00133864,-3.69687e-05,5.44929e-05,-0.000585721,0.000864898,0.000663849,0.00273201,-0.00111669,-0.00145254,2.68457e-05,-0.00171742,-0.000409032,-0.00133864,-0.00111669,0.0258994,-0.000457067,0.00110835,0.000809379,-0.000477522,-3.69687e-05,-0.00145254,-0.000457067,0.0251736,-0.000265788,0.000142065,8.71653e-05,5.44929e-05,2.68457e-05,0.00110835,-0.000265788,0.0466854,
0.00331189,0.000786445,-0.000480698,-0.000582272,-0.00172168,0.000802434,0.000142424,0.000786445,0.00156272,0.00060734,0.000868039,-0.000407205,-0.00047896,8.687e-05,-0.000480698,0.00060734,0.00200639,0.000664201,-0.00134278,-3.75812e-05,5.48515e-05,-0.000582272,0.000868039,0.000664201,0.00273329,-0.00111197,-0.00145864,2.6913e-05,-0.00172168,-0.000407205,-0.00134278,-0.00111197,0.0259075,-0.000451698,0.0011053,0.000802434,-0.00047896,-3.75812e-05,-0.00145864,-0.000451698,0.0251716,-0.000264895,0.000142424,8.68701e-05,5.48515e-05,2.6913e-05,0.0011053,-0.000264895,0.0466852,
0.00331945,0.000785281,-0.000485423,-0.000578684,-0.00172592,0.000795437,0.000142776,0.000785281,0.00155973,0.00060485,0.000871212,-0.000405371,-0.000480372,8.65661e-05,-0.000485423,0.00060485,0.00200781,0.000664534,-0.00134672,-3.8206e-05,5.51991e-05,-0.000578684,0.000871212,0.000664534,0.00273455,-0.00110736,-0.00146475,2.69839e-05,-0.00172592,-0.000405371,-0.00134672,-0.00110736,0.0259155,-0.000446214,0.00110217,0.000795437,-0.000480372,-3.8206e-05,-0.00146475,-0.000446214,0.0251698,-0.000263998,0.000142776,8.65662e-05,5.51992e-05,2.6984e-05,0.00110217,-0.000263998,0.0466849,
0.00332705,0.000784095,-0.000490323,-0.000575004,-0.0017301,0.000788408,0.000143119,0.000784095,0.00155674,0.00060231,0.000874396,-0.000403508,-0.000481782,8.62593e-05,-0.000490323,0.00060231,0.00200925,0.000664846,-0.00135052,-3.89019e-05,5.55333e-05,-0.000575004,0.000874396,0.000664846,0.0027358,-0.00110279,-0.00147078,2.70516e-05,-0.0017301,-0.000403508,-0.00135052,-0.00110279,0.0259236,-0.00044067,0.00109909,0.000788408,-0.000481782,-3.89019e-05,-0.00147078,-0.00044067,0.025168,-0.000263101,0.000143119,8.62593e-05,5.55334e-05,2.70517e-05,0.00109909,-0.000263101,0.0466846,
0.00333465,0.000782885,-0.000495341,-0.000571264,-0.00173425,0.000781362,0.000143456,0.000782885,0.00155376,0.000599742,0.000877582,-0.000401641,-0.000483156,8.5949e-05,-0.000495341,0.000599742,0.00201072,0.000665136,-0.00135422,-3.96164e-05,5.58617e-05,-0.000571264,0.000877582,0.000665136,0.00273704,-0.00109826,-0.00147679,2.71173e-05,-0.00173425,-0.000401641,-0.00135422,-0.00109826,0.0259317,-0.000435059,0.00109598,0.000781362,-0.000483156,-3.96164e-05,-0.00147679,-0.000435059,0.0251663,-0.0002622,0.000143456,8.5949e-05,5.58618e-05,2.71173e-05,0.00109598,-0.0002622,0.0466843,
0.00334222,0.000781653,-0.000500434,-0.000567482,-0.00173835,0.000774308,0.000143785,0.000781653,0.00155079,0.000597162,0.00088076,-0.000399765,-0.0004845,8.56369e-05,-0.000500434,0.000597162,0.0020122,0.000665404,-0.00135785,-4.03638e-05,5.61843e-05,-0.000567482,0.00088076,0.000665404,0.0027383,-0.00109375,-0.00148274,2.71788e-05,-0.00173835,-0.000399765,-0.00135785,-0.00109375,0.02594,-0.0004294,0.00109289,0.000774308,-0.0004845,-4.03638e-05,-0.00148274,-0.0004294,0.0251646,-0.000261296,0.000143785,8.56369e-05,5.61843e-05,2.71788e-05,0.00109289,-0.000261296,0.0466841,
0.00334974,0.000780399,-0.000505578,-0.000563673,-0.0017424,0.000767251,0.000144108,0.000780399,0.00154783,0.000594581,0.000883927,-0.000397887,-0.000485802,8.53232e-05,-0.000505578,0.000594581,0.00201371,0.00066565,-0.00136142,-4.11279e-05,5.65036e-05,-0.000563673,0.000883927,0.00066565,0.00273955,-0.00108927,-0.00148866,2.72362e-05,-0.0017424,-0.000397887,-0.00136142,-0.00108927,0.0259483,-0.000423695,0.00108979,0.000767251,-0.000485802,-4.11279e-05,-0.00148866,-0.000423695,0.025163,-0.000260386,0.000144108,8.53232e-05,5.65036e-05,2.72362e-05,0.00108979,-0.000260386,0.0466838,
0.00335721,0.000779124,-0.000510754,-0.000559845,-0.0017464,0.000760198,0.000144425,0.000779124,0.00154488,0.000592004,0.000887079,-0.000396006,-0.000487063,8.50084e-05,-0.000510754,0.000592004,0.00201524,0.000665874,-0.00136493,-4.1911e-05,5.682e-05,-0.000559845,0.000887079,0.000665874,0.00274082,-0.0010848,-0.00149455,2.72889e-05,-0.0017464,-0.000396006,-0.00136493,-0.0010848,0.0259567,-0.000417949,0.00108669,0.000760198,-0.000487063,-4.1911e-05,-0.00149455,-0.000417949,0.0251615,-0.000259472,0.000144425,8.50084e-05,5.682e-05,2.72889e-05,0.00108669,-0.000259472,0.0466835,
0.00336462,0.000777828,-0.000515952,-0.000556003,-0.00175036,0.000753151,0.000144735,0.000777828,0.00154194,0.000589435,0.000890216,-0.000394124,-0.000488281,8.46927e-05,-0.000515952,0.000589435,0.00201678,0.000666076,-0.00136841,-4.27078e-05,5.71342e-05,-0.000556003,0.000890216,0.000666076,0.00274209,-0.00108034,-0.0015004,2.7337e-05,-0.00175036,-0.000394124,-0.00136841,-0.00108034,0.0259651,-0.000412165,0.00108359,0.000753151,-0.000488281,-4.27077e-05,-0.0015004,-0.000412165,0.02516,-0.000258553,0.000144735,8.46927e-05,5.71342e-05,2.7337e-05,0.00108359,-0.000258553,0.0466832,
0.00337197,0.000776511,-0.000521166,-0.00055215,-0.00175427,0.000746114,0.000145039,0.000776511,0.00153902,0.000586878,0.000893335,-0.000392242,-0.000489454,8.43763e-05,-0.000521166,0.000586878,0.00201835,0.000666255,-0.00137183,-4.35181e-05,5.74465e-05,-0.00055215,0.000893335,0.000666256,0.00274338,-0.00107589,-0.00150621,2.73803e-05,-0.00175427,-0.000392242,-0.00137183,-0.00107589,0.0259737,-0.000406346,0.00108049,0.000746114,-0.000489454,-4.3518e-05,-0.00150621,-0.000406346,0.0251585,-0.00025763,0.000145039,8.43763e-05,5.74466e-05,2.73802e-05,0.00108049,-0.00025763,0.046683,
0.00337924,0.000775174,-0.00052639,-0.00054829,-0.00175814,0.000739087,0.000145336,0.000775174,0.00153611,0.000584333,0.000896436,-0.000390361,-0.000490582,8.40593e-05,-0.00052639,0.000584333,0.00201993,0.000666414,-0.00137522,-4.43399e-05,5.77572e-05,-0.00054829,0.000896436,0.000666414,0.00274468,-0.00107145,-0.00151199,2.74187e-05,-0.00175814,-0.000390361,-0.00137522,-0.00107145,0.0259823,-0.000400494,0.00107739,0.000739087,-0.000490582,-4.43399e-05,-0.00151199,-0.000400494,0.0251572,-0.000256703,0.000145336,8.40593e-05,5.77572e-05,2.74187e-05,0.00107739,-0.000256703,0.0466827,
0.00338645,0.000773817,-0.000531623,-0.000544424,-0.00176195,0.000732073,0.000145628,0.000773817,0.00153322,0.000581801,0.000899518,-0.000388479,-0.000491665,8.37417e-05,-0.000531623,0.000581801,0.00202153,0.00066655,-0.00137857,-4.51727e-05,5.80664e-05,-0.000544424,0.000899518,0.00066655,0.00274599,-0.00106703,-0.00151773,2.74524e-05,-0.00176195,-0.000388479,-0.00137857,-0.00106703,0.025991,-0.000394611,0.00107429,0.000732073,-0.000491665,-4.51726e-05,-0.00151773,-0.000394611,0.0251559,-0.000255771,0.000145628,8.37416e-05,5.80663e-05,2.74523e-05,0.00107429,-0.000255772,0.0466824,
0.00339359,0.000772441,-0.000536861,-0.000540552,-0.00176572,0.000725074,0.000145913,0.000772441,0.00153034,0.000579283,0.000902581,-0.000386599,-0.000492704,8.34235e-05,-0.000536861,0.000579283,0.00202315,0.000666665,-0.00138188,-4.60156e-05,5.8374e-05,-0.000540552,0.000902581,0.000666665,0.00274731,-0.00106261,-0.00152343,2.74812e-05,-0.00176572,-0.000386599,-0.00138188,-0.00106261,0.0259997,-0.000388699,0.0010712,0.000725074,-0.000492704,-4.60156e-05,-0.00152343,-0.000388699,0.0251547,-0.000254836,0.000145913,8.34236e-05,5.8374e-05,2.74813e-05,0.0010712,-0.000254836,0.0466822,
0.00340066,0.000771046,-0.000542104,-0.000536675,-0.00176944,0.000718089,0.000146192,0.000771046,0.00152748,0.00057678,0.000905626,-0.00038472,-0.000493697,8.31051e-05,-0.000542104,0.00057678,0.00202478,0.000666759,-0.00138516,-4.68682e-05,5.86802e-05,-0.000536675,0.000905626,0.000666759,0.00274864,-0.00105821,-0.0015291,2.75055e-05,-0.00176944,-0.00038472,-0.00138516,-0.00105821,0.0260086,-0.000382758,0.0010681,0.000718089,-0.000493697,-4.68682e-05,-0.0015291,-0.000382758,0.0251535,-0.000253898,0.000146192,8.31051e-05,5.86802e-05,2.75055e-05,0.0010681,-0.000253898,0.0466819,
0.00340766,0.000769632,-0.000547351,-0.000532795,-0.00177312,0.000711121,0.000146465,0.000769632,0.00152463,0.000574291,0.000908652,-0.000382841,-0.000494646,8.27862e-05,-0.000547351,0.000574291,0.00202643,0.000666833,-0.00138839,-4.77301e-05,5.8985e-05,-0.000532795,0.000908652,0.000666832,0.00274999,-0.00105382,-0.00153473,2.75251e-05,-0.00177312,-0.000382841,-0.00138839,-0.00105382,0.0260175,-0.000376789,0.001065,0.000711121,-0.000494646,-4.773e-05,-0.00153473,-0.000376789,0.0251524,-0.000252956,0.000146465,8.27862e-05,5.89849e-05,2.75251e-05,0.001065,-0.000252956,0.0466816,
0.00341459,0.0007682,-0.000552601,-0.000528912,-0.00177674,0.000704171,0.000146732,0.0007682,0.0015218,0.000571816,0.000911658,-0.000380964,-0.000495551,8.2467e-05,-0.000552601,0.000571816,0.0020281,0.000666885,-0.00139158,-4.86008e-05,5.92884e-05,-0.000528912,0.000911658,0.000666885,0.00275134,-0.00104945,-0.00154032,2.75401e-05,-0.00177674,-0.000380964,-0.00139158,-0.00104945,0.0260265,-0.000370795,0.00106191,0.000704171,-0.000495551,-4.86007e-05,-0.00154032,-0.000370795,0.0251513,-0.00025201,0.000146732,8.2467e-05,5.92884e-05,2.75401e-05,0.00106191,-0.00025201,0.0466814,
0.00342144,0.00076675,-0.000557854,-0.000525026,-0.00178032,0.000697238,0.000146994,0.00076675,0.00151898,0.000569357,0.000914645,-0.000379087,-0.000496412,8.21475e-05,-0.000557854,0.000569357,0.00202979,0.000666916,-0.00139474,-4.94801e-05,5.95903e-05,-0.000525026,0.000914645,0.000666916,0.00275271,-0.00104509,-0.00154587,2.75506e-05,-0.00178032,-0.000379087,-0.00139474,-0.00104509,0.0260355,-0.000364775,0.00105881,0.000697238,-0.000496412,-4.94801e-05,-0.00154587,-0.000364775,0.0251503,-0.000251062,0.000146994,8.21474e-05,5.95903e-05,2.75506e-05,0.00105881,-0.000251062,0.0466811,
0.00342823,0.000765282,-0.000563109,-0.000521137,-0.00178386,0.000690324,0.000147249,0.000765282,0.00151618,0.000566912,0.000917614,-0.000377212,-0.00049723,8.18276e-05,-0.000563109,0.000566911,0.00203149,0.000666928,-0.00139786,-5.03677e-05,5.98909e-05,-0.000521137,0.000917614,0.000666928,0.00275409,-0.00104074,-0.00155138,2.75567e-05,-0.00178386,-0.000377212,-0.00139786,-0.00104074,0.0260447,-0.000358732,0.00105572,0.000690324,-0.00049723,-5.03678e-05,-0.00155138,-0.000358732,0.0251494,-0.000250112,0.000147249,8.18277e-05,5.98909e-05,2.75567e-05,0.00105572,-0.000250112,0.0466809,
0.00343495,0.000763797,-0.000568366,-0.000517246,-0.00178734,0.000683429,0.000147498,0.000763797,0.00151339,0.000564481,0.000920563,-0.000375338,-0.000498004,8.15076e-05,-0.000568366,0.000564481,0.00203321,0.000666919,-0.00140094,-5.12636e-05,6.01901e-05,-0.000517246,0.000920563,0.000666919,0.00275547,-0.0010364,-0.00155686,2.75583e-05,-0.00178734,-0.000375338,-0.00140094,-0.0010364,0.0260538,-0.000352664,0.00105263,0.000683429,-0.000498004,-5.12635e-05,-0.00155686,-0.000352664,0.0251485,-0.000249159,0.000147498,8.15076e-05,6.01901e-05,2.75583e-05,0.00105263,-0.000249159,0.0466806,
0.0034416,0.000762295,-0.000573625,-0.000513353,-0.00179078,0.000676554,0.000147741,0.000762295,0.00151062,0.000562065,0.000923493,-0.000373465,-0.000498736,8.11874e-05,-0.000573625,0.000562065,0.00203494,0.00066689,-0.00140398,-5.21674e-05,6.04878e-05,-0.000513353,0.000923493,0.00066689,0.00275687,-0.00103208,-0.0015623,2.75557e-05,-0.00179078,-0.000373465,-0.00140398,-0.00103208,0.0260631,-0.000346575,0.00104954,0.000676554,-0.000498736,-5.21674e-05,-0.0015623,-0.000346575,0.0251477,-0.000248203,0.000147741,8.11874e-05,6.04879e-05,2.75557e-05,0.00104954,-0.000248203,0.0466803,
0.00344817,0.000760776,-0.000578885,-0.000509459,-0.00179418,0.0006697,0.000147979,0.000760776,0.00150787,0.000559664,0.000926404,-0.000371594,-0.000499426,8.0867e-05,-0.000578885,0.000559664,0.00203669,0.000666841,-0.00140699,-5.3079e-05,6.07842e-05,-0.000509459,0.000926404,0.000666841,0.00275828,-0.00102778,-0.0015677,2.75487e-05,-0.00179418,-0.000371594,-0.00140699,-0.00102778,0.0260724,-0.000340463,0.00104646,0.0006697,-0.000499426,-5.3079e-05,-0.0015677,-0.000340463,0.025147,-0.000247246,0.000147979,8.0867e-05,6.07843e-05,2.75487e-05,0.00104646,-0.000247246,0.0466801,
0.00345468,0.000759242,-0.000584146,-0.000505563,-0.00179753,0.000662867,0.000148211,0.000759242,0.00150513,0.000557277,0.000929297,-0.000369724,-0.000500074,8.05464e-05,-0.000584146,0.000557277,0.00203846,0.000666772,-0.00140996,-5.39984e-05,6.10792e-05,-0.000505563,0.000929297,0.000666772,0.00275971,-0.00102348,-0.00157306,2.75375e-05,-0.00179753,-0.000369724,-0.00140996,-0.00102348,0.0260817,-0.000334331,0.00104337,0.000662867,-0.000500073,-5.39984e-05,-0.00157306,-0.000334331,0.0251463,-0.000246286,0.000148211,8.05464e-05,6.10792e-05,2.75375e-05,0.00104337,-0.000246286,0.0466798,
0.00346112,0.000757691,-0.000589407,-0.000501667,-0.00180083,0.000656056,0.000148437,0.000757691,0.0015024,0.000554905,0.00093217,-0.000367855,-0.00050068,8.02258e-05,-0.000589407,0.000554905,0.00204024,0.000666684,-0.00141288,-5.49253e-05,6.13728e-05,-0.000501667,0.00093217,0.000666684,0.00276114,-0.00101921,-0.00157838,2.75222e-05,-0.00180083,-0.000367855,-0.00141288,-0.00101921,0.0260911,-0.000328178,0.00104029,0.000656056,-0.00050068,-5.49253e-05,-0.00157838,-0.000328178,0.0251456,-0.000245325,0.000148437,8.02258e-05,6.13728e-05,2.75221e-05,0.00104029,-0.000245325,0.0466796,
0.00346749,0.000756125,-0.000594668,-0.00049777,-0.00180408,0.000649267,0.000148658,0.000756125,0.00149969,0.000552547,0.000935024,-0.000365989,-0.000501246,7.9905e-05,-0.000594668,0.000552547,0.00204204,0.000666577,-0.00141578,-5.58598e-05,6.1665e-05,-0.00049777,0.000935024,0.000666577,0.00276258,-0.00101495,-0.00158366,2.75027e-05,-0.00180408,-0.000365989,-0.00141578,-0.00101495,0.0261006,-0.000322006,0.00103721,0.000649267,-0.000501246,-5.58598e-05,-0.00158366,-0.000322006,0.025145,-0.000244362,0.000148658,7.99051e-05,6.1665e-05,2.75027e-05,0.00103721,-0.000244362,0.0466793,
0.00347379,0.000754543,-0.000599929,-0.000493873,-0.0018073,0.0006425,0.000148873,0.000754543,0.00149699,0.000550204,0.00093786,-0.000364123,-0.000501771,7.95843e-05,-0.00059993,0.000550204,0.00204385,0.000666451,-0.00141863,-5.68016e-05,6.19558e-05,-0.000493873,0.00093786,0.000666451,0.00276403,-0.0010107,-0.00158891,2.74791e-05,-0.0018073,-0.000364123,-0.00141863,-0.0010107,0.0261101,-0.000315816,0.00103414,0.0006425,-0.000501771,-5.68016e-05,-0.00158891,-0.000315816,0.0251445,-0.000243398,0.000148873,7.95843e-05,6.19558e-05,2.7479e-05,0.00103414,-0.000243398,0.0466791,
0.00348002,0.000752947,-0.00060519,-0.000489976,-0.00181046,0.000635756,0.000149082,0.000752947,0.00149432,0.000547875,0.000940676,-0.00036226,-0.000502256,7.92635e-05,-0.00060519,0.000547875,0.00204568,0.000666306,-0.00142145,-5.77507e-05,6.22452e-05,-0.000489976,0.000940676,0.000666306,0.00276549,-0.00100647,-0.00159411,2.74514e-05,-0.00181046,-0.00036226,-0.00142145,-0.00100647,0.0261197,-0.000309607,0.00103107,0.000635756,-0.000502256,-5.77507e-05,-0.00159411,-0.000309607,0.025144,-0.000242432,0.000149082,7.92635e-05,6.22452e-05,2.74514e-05,0.00103107,-0.000242432,0.0466788,
0.00348618,0.000751335,-0.00061045,-0.00048608,-0.00181358,0.000629036,0.000149286,0.000751335,0.00149165,0.000545561,0.000943474,-0.000360398,-0.000502702,7.89428e-05,-0.00061045,0.000545561,0.00204753,0.000666142,-0.00142423,-5.87071e-05,6.25333e-05,-0.00048608,0.000943474,0.000666142,0.00276696,-0.00100225,-0.00159928,2.74198e-05,-0.00181358,-0.000360398,-0.00142423,-0.00100225,0.0261293,-0.000303381,0.001028,0.000629036,-0.000502702,-5.87072e-05,-0.00159928,-0.000303381,0.0251436,-0.000241465,0.000149286,7.89427e-05,6.25333e-05,2.74198e-05,0.001028,-0.000241465,0.0466786,
0.00349227,0.00074971,-0.000615709,-0.000482184,-0.00181666,0.000622339,0.000149484,0.00074971,0.001489,0.000543261,0.000946253,-0.000358538,-0.000503108,7.86221e-05,-0.000615709,0.000543261,0.00204938,0.00066596,-0.00142698,-5.96707e-05,6.28199e-05,-0.000482184,0.000946253,0.00066596,0.00276844,-0.000998046,-0.00160441,2.73842e-05,-0.00181666,-0.000358538,-0.00142698,-0.000998046,0.026139,-0.000297139,0.00102493,0.000622339,-0.000503108,-5.96707e-05,-0.00160441,-0.000297139,0.0251433,-0.000240497,0.000149484,7.86221e-05,6.28199e-05,2.73842e-05,0.00102493,-0.000240497,0.0466783,
0.00349829,0.000748071,-0.000620965,-0.00047829,-0.00181969,0.000615667,0.000149677,0.000748071,0.00148637,0.000540975,0.000949013,-0.000356681,-0.000503476,7.83015e-05,-0.000620965,0.000540975,0.00205126,0.000665759,-0.00142969,-6.06414e-05,6.31052e-05,-0.00047829,0.000949013,0.000665759,0.00276993,-0.000993858,-0.0016095,2.73448e-05,-0.00181969,-0.000356681,-0.00142969,-0.000993858,0.0261487,-0.00029088,0.00102187,0.000615667,-0.000503476,-6.06413e-05,-0.0016095,-0.00029088,0.025143,-0.000239527,0.000149677,7.83015e-05,6.31052e-05,2.73448e-05,0.00102187,-0.000239527,0.0466781,
0.00350424,0.000746418,-0.00062622,-0.000474398,-0.00182267,0.000609019,0.000149864,0.000746418,0.00148375,0.000538704,0.000951754,-0.000354825,-0.000503806,7.7981e-05,-0.00062622,0.000538704,0.00205315,0.00066554,-0.00143237,-6.16191e-05,6.33891e-05,-0.000474398,0.000951754,0.00066554,0.00277143,-0.000989686,-0.00161455,2.73015e-05,-0.00182267,-0.000354825,-0.00143237,-0.000989686,0.0261584,-0.000284607,0.00101881,0.000609019,-0.000503806,-6.16191e-05,-0.00161455,-0.000284607,0.0251427,-0.000238557,0.000149864,7.7981e-05,6.33891e-05,2.73015e-05,0.00101881,-0.000238557,0.0466778,
0.00351013,0.000744751,-0.000631473,-0.000470507,-0.00182562,0.000602396,0.000150047,0.000744751,0.00148115,0.000536447,0.000954477,-0.000352971,-0.000504098,7.76607e-05,-0.000631473,0.000536447,0.00205505,0.000665304,-0.00143501,-6.26038e-05,6.36717e-05,-0.000470507,0.000954477,0.000665304,0.00277294,-0.000985529,-0.00161956,2.72544e-05,-0.00182562,-0.000352971,-0.00143501,-0.000985529,0.0261682,-0.000278318,0.00101576,0.000602396,-0.000504098,-6.26038e-05,-0.00161956,-0.000278318,0.0251425,-0.000237587,0.000150047,7.76607e-05,6.36717e-05,2.72544e-05,0.00101576,-0.000237586,0.0466776,
0.00351595,0.000743072,-0.000636722,-0.000466618,-0.00182851,0.000595798,0.000150223,0.000743072,0.00147856,0.000534205,0.000957181,-0.00035112,-0.000504352,7.73405e-05,-0.000636722,0.000534205,0.00205697,0.000665049,-0.00143761,-6.35955e-05,6.39529e-05,-0.000466618,0.000957181,0.000665049,0.00277446,-0.000981387,-0.00162453,2.72035e-05,-0.00182851,-0.00035112,-0.00143761,-0.000981387,0.0261781,-0.000272016,0.0010127,0.000595798,-0.000504352,-6.35955e-05,-0.00162453,-0.000272016,0.0251424,-0.000236615,0.000150223,7.73405e-05,6.39529e-05,2.72035e-05,0.0010127,-0.000236615,0.0466773,
0.00352169,0.00074138,-0.000641968,-0.000462732,-0.00183137,0.000589226,0.000150395,0.00074138,0.00147599,0.000531977,0.000959866,-0.000349271,-0.00050457,7.70205e-05,-0.000641968,0.000531977,0.0020589,0.000664777,-0.00144018,-6.4594e-05,6.42328e-05,-0.000462732,0.000959866,0.000664778,0.00277599,-0.00097726,-0.00162946,2.71489e-05,-0.00183137,-0.000349271,-0.00144018,-0.00097726,0.026188,-0.000265701,0.00100965,0.000589226,-0.00050457,-6.45941e-05,-0.00162946,-0.000265701,0.0251423,-0.000235643,0.000150395,7.70205e-05,6.42328e-05,2.71489e-05,0.00100965,-0.000235643,0.0466771,
0.00352738,0.000739676,-0.000647211,-0.000458849,-0.00183418,0.000582679,0.000150562,0.000739676,0.00147344,0.000529763,0.000962533,-0.000347425,-0.000504751,7.67008e-05,-0.000647211,0.000529763,0.00206084,0.000664488,-0.00144272,-6.55995e-05,6.45113e-05,-0.000458849,0.000962533,0.000664488,0.00277752,-0.000973148,-0.00163436,2.70906e-05,-0.00183418,-0.000347425,-0.00144272,-0.000973148,0.0261979,-0.000259372,0.00100661,0.000582679,-0.000504751,-6.55994e-05,-0.00163436,-0.000259372,0.0251423,-0.00023467,0.000150562,7.67008e-05,6.45113e-05,2.70907e-05,0.00100661,-0.00023467,0.0466768,
0.00353299,0.000737959,-0.00065245,-0.000454969,-0.00183694,0.000576159,0.000150723,0.000737959,0.0014709,0.000527564,0.000965182,-0.00034558,-0.000504897,7.63813e-05,-0.00065245,0.000527564,0.0020628,0.000664182,-0.00144523,-6.66117e-05,6.47885e-05,-0.000454969,0.000965181,0.000664182,0.00277907,-0.00096905,-0.00163922,2.70287e-05,-0.00183694,-0.00034558,-0.00144523,-0.00096905,0.0262078,-0.000253032,0.00100357,0.000576159,-0.000504897,-6.66117e-05,-0.00163922,-0.000253032,0.0251423,-0.000233696,0.000150723,7.63813e-05,6.47885e-05,2.70287e-05,0.00100357,-0.000233696,0.0466766,
0.00353853,0.000736231,-0.000657685,-0.000451093,-0.00183967,0.000569665,0.000150879,0.000736231,0.00146837,0.000525378,0.000967811,-0.000343739,-0.000505006,7.60621e-05,-0.000657685,0.000525378,0.00206478,0.000663859,-0.0014477,-6.76307e-05,6.50644e-05,-0.000451093,0.000967811,0.000663859,0.00278062,-0.000964968,-0.00164403,2.69632e-05,-0.00183967,-0.000343739,-0.0014477,-0.000964968,0.0262178,-0.00024668,0.00100053,0.000569665,-0.000505006,-6.76307e-05,-0.00164403,-0.000246679,0.0251424,-0.000232723,0.000150879,7.60621e-05,6.50643e-05,2.69632e-05,0.00100053,-0.000232723,0.0466763,
0.00354401,0.000734491,-0.000662915,-0.00044722,-0.00184235,0.000563198,0.00015103,0.000734491,0.00146586,0.000523207,0.000970423,-0.0003419,-0.000505081,7.57432e-05,-0.000662915,0.000523207,0.00206676,0.000663519,-0.00145014,-6.86565e-05,6.5339e-05,-0.00044722,0.000970423,0.000663519,0.00278218,-0.000960901,-0.00164881,2.68941e-05,-0.00184235,-0.0003419,-0.00145014,-0.000960901,0.0262279,-0.000240316,0.000997496,0.000563198,-0.000505081,-6.86565e-05,-0.00164881,-0.000240316,0.0251425,-0.000231749,0.00015103,7.57432e-05,6.5339e-05,2.68941e-05,0.000997496,-0.000231749,0.0466761,
0.00354942,0.00073274,-0.00066814,-0.000443352,-0.00184499,0.000556758,0.000151177,0.00073274,0.00146337,0.000521051,0.000973016,-0.000340064,-0.000505121,7.54247e-05,-0.00066814,0.000521051,0.00206876,0.000663163,-0.00145254,-6.9689e-05,6.56122e-05,-0.000443352,0.000973016,0.000663163,0.00278375,-0.000956848,-0.00165356,2.68215e-05,-0.00184499,-0.000340064,-0.00145254,-0.000956848,0.0262379,-0.000233943,0.000994466,0.000556758,-0.000505121,-6.9689e-05,-0.00165356,-0.000233943,0.0251427,-0.000230774,0.000151177,7.54247e-05,6.56122e-05,2.68215e-05,0.000994466,-0.000230774,0.0466758,
0.00355477,0.000730979,-0.000673359,-0.000439488,-0.00184758,0.000550345,0.000151318,0.000730979,0.00146089,0.000518908,0.00097559,-0.000338231,-0.000505126,7.51065e-05,-0.000673359,0.000518908,0.00207078,0.00066279,-0.00145491,-7.07282e-05,6.58842e-05,-0.000439488,0.00097559,0.00066279,0.00278532,-0.00095281,-0.00165826,2.67454e-05,-0.00184758,-0.000338231,-0.00145491,-0.00095281,0.026248,-0.00022756,0.000991439,0.000550345,-0.000505126,-7.07282e-05,-0.00165826,-0.00022756,0.0251429,-0.0002298,0.000151318,7.51065e-05,6.58841e-05,2.67454e-05,0.000991439,-0.0002298,0.0466756,
0.00356004,0.000729206,-0.000678573,-0.000435629,-0.00185014,0.00054396,0.000151455,0.000729206,0.00145843,0.00051678,0.000978147,-0.000336401,-0.000505098,7.47888e-05,-0.000678573,0.00051678,0.0020728,0.000662402,-0.00145726,-7.1774e-05,6.61548e-05,-0.000435629,0.000978147,0.000662402,0.00278691,-0.000948788,-0.00166292,2.66659e-05,-0.00185014,-0.000336401,-0.00145726,-0.000948787,0.0262582,-0.000221167,0.000988416,0.00054396,-0.000505098,-7.1774e-05,-0.00166292,-0.000221167,0.0251432,-0.000228825,0.000151455,7.47887e-05,6.61548e-05,2.66659e-05,0.000988416,-0.000228825,0.0466754,
0.00356525,0.000727424,-0.000683781,-0.000431775,-0.00185265,0.000537602,0.000151586,0.000727424,0.00145598,0.000514665,0.000980685,-0.000334573,-0.000505037,7.44714e-05,-0.000683781,0.000514665,0.00207484,0.000661997,-0.00145957,-7.28265e-05,6.64242e-05,-0.000431775,0.000980685,0.000661997,0.0027885,-0.000944779,-0.00166755,2.6583e-05,-0.00185265,-0.000334573,-0.00145957,-0.000944779,0.0262683,-0.000214766,0.000985398,0.000537602,-0.000505037,-7.28265e-05,-0.00166755,-0.000214766,0.0251435,-0.000227851,0.000151586,7.44714e-05,6.64241e-05,2.6583e-05,0.000985398,-0.000227851,0.0466751,
0.0035704,0.000725631,-0.000688982,-0.000427926,-0.00185512,0.000531272,0.000151713,0.000725631,0.00145355,0.000512565,0.000983205,-0.000332749,-0.000504942,7.41545e-05,-0.000688982,0.000512565,0.00207689,0.000661577,-0.00146185,-7.38855e-05,6.66922e-05,-0.000427926,0.000983205,0.000661577,0.0027901,-0.000940786,-0.00167214,2.64967e-05,-0.00185512,-0.000332749,-0.00146185,-0.000940786,0.0262785,-0.000208357,0.000982383,0.000531272,-0.000504942,-7.38855e-05,-0.00167214,-0.000208357,0.0251439,-0.000226876,0.000151713,7.41545e-05,6.66922e-05,2.64967e-05,0.000982383,-0.000226876,0.0466749,
0.00357547,0.000723829,-0.000694176,-0.000424083,-0.00185754,0.00052497,0.000151835,0.000723829,0.00145113,0.000510479,0.000985707,-0.000330928,-0.000504815,7.3838e-05,-0.000694176,0.000510479,0.00207896,0.000661141,-0.0014641,-7.49511e-05,6.6959e-05,-0.000424083,0.000985707,0.000661141,0.00279171,-0.000936807,-0.00167669,2.64072e-05,-0.00185754,-0.000330928,-0.0014641,-0.000936807,0.0262887,-0.00020194,0.000979372,0.00052497,-0.000504816,-7.4951e-05,-0.00167669,-0.00020194,0.0251443,-0.000225901,0.000151835,7.3838e-05,6.6959e-05,2.64072e-05,0.000979372,-0.000225901,0.0466746,
0.00358049,0.000722018,-0.000699363,-0.000420247,-0.00185993,0.000518696,0.000151953,0.000722018,0.00144873,0.000508406,0.00098819,-0.00032911,-0.000504657,7.35221e-05,-0.000699363,0.000508406,0.00208104,0.00066069,-0.00146631,-7.60232e-05,6.72246e-05,-0.000420247,0.00098819,0.00066069,0.00279332,-0.000932843,-0.0016812,2.63143e-05,-0.00185993,-0.00032911,-0.00146631,-0.000932843,0.026299,-0.000195516,0.000976365,0.000518696,-0.000504657,-7.60232e-05,-0.0016812,-0.000195516,0.0251447,-0.000224927,0.000151952,7.35221e-05,6.72246e-05,2.63142e-05,0.000976365,-0.000224927,0.0466744,
0.00358543,0.000720197,-0.000704543,-0.000416416,-0.00186228,0.000512451,0.000152065,0.000720197,0.00144634,0.000506348,0.000990656,-0.000327296,-0.000504466,7.32066e-05,-0.000704543,0.000506348,0.00208313,0.000660224,-0.0014685,-7.71018e-05,6.74888e-05,-0.000416416,0.000990656,0.000660224,0.00279494,-0.000928893,-0.00168567,2.62181e-05,-0.00186228,-0.000327296,-0.0014685,-0.000928893,0.0263092,-0.000189086,0.000973362,0.000512451,-0.000504466,-7.71018e-05,-0.00168567,-0.000189086,0.0251453,-0.000223952,0.000152065,7.32067e-05,6.74888e-05,2.62181e-05,0.000973362,-0.000223952,0.0466742,
0.00359031,0.000718368,-0.000709715,-0.000412592,-0.00186458,0.000506234,0.000152173,0.000718368,0.00144397,0.000504304,0.000993104,-0.000325485,-0.000504244,7.28917e-05,-0.000709715,0.000504304,0.00208523,0.000659743,-0.00147066,-7.81869e-05,6.77518e-05,-0.000412592,0.000993104,0.000659743,0.00279657,-0.000924958,-0.00169011,2.61188e-05,-0.00186458,-0.000325485,-0.00147066,-0.000924958,0.0263195,-0.000182649,0.000970363,0.000506234,-0.000504244,-7.81869e-05,-0.00169011,-0.000182649,0.0251458,-0.000222978,0.000152173,7.28917e-05,6.77519e-05,2.61188e-05,0.000970363,-0.000222978,0.0466739,
0.00359513,0.00071653,-0.000714879,-0.000408775,-0.00186685,0.000500046,0.000152277,0.00071653,0.00144162,0.000502273,0.000995534,-0.000323677,-0.000503991,7.25774e-05,-0.000714879,0.000502273,0.00208734,0.000659247,-0.00147279,-7.92784e-05,6.80136e-05,-0.000408775,0.000995534,0.000659247,0.0027982,-0.000921037,-0.0016945,2.60163e-05,-0.00186685,-0.000323677,-0.00147279,-0.000921037,0.0263298,-0.000176207,0.000967368,0.000500046,-0.000503991,-7.92784e-05,-0.0016945,-0.000176207,0.0251465,-0.000222004,0.000152277,7.25774e-05,6.80136e-05,2.60164e-05,0.000967368,-0.000222004,0.0466737,
0.00359988,0.000714684,-0.000720034,-0.000404965,-0.00186907,0.000493888,0.000152376,0.000714684,0.00143928,0.000500256,0.000997946,-0.000321873,-0.000503708,7.22636e-05,-0.000720034,0.000500256,0.00208947,0.000658736,-0.00147489,-8.03764e-05,6.82741e-05,-0.000404965,0.000997946,0.000658736,0.00279984,-0.00091713,-0.00169886,2.59107e-05,-0.00186907,-0.000321873,-0.00147489,-0.00091713,0.0263402,-0.00016976,0.000964377,0.000493888,-0.000503708,-8.03764e-05,-0.00169886,-0.00016976,0.0251471,-0.000221031,0.000152376,7.22636e-05,6.82741e-05,2.59107e-05,0.000964377,-0.000221031,0.0466735,
0.00360457,0.00071283,-0.00072518,-0.000401162,-0.00187126,0.000487758,0.000152471,0.00071283,0.00143695,0.000498253,0.00100034,-0.000320073,-0.000503395,7.19505e-05,-0.000725181,0.000498253,0.0020916,0.000658212,-0.00147696,-8.14807e-05,6.85333e-05,-0.000401162,0.00100034,0.000658212,0.00280148,-0.000913238,-0.00170319,2.5802e-05,-0.00187126,-0.000320073,-0.00147696,-0.000913238,0.0263505,-0.000163308,0.00096139,0.000487758,-0.000503395,-8.14808e-05,-0.00170319,-0.000163308,0.0251478,-0.000220057,0.000152471,7.19504e-05,6.85333e-05,2.5802e-05,0.00096139,-0.000220057,0.0466732,
0.00360919,0.000710968,-0.000730318,-0.000397367,-0.0018734,0.000481657,0.000152561,0.000710968,0.00143464,0.000496264,0.00100272,-0.000318276,-0.000503053,7.16379e-05,-0.000730318,0.000496264,0.00209375,0.000657673,-0.00147901,-8.25915e-05,6.87914e-05,-0.000397367,0.00100272,0.000657673,0.00280314,-0.00090936,-0.00170747,2.56902e-05,-0.0018734,-0.000318276,-0.00147901,-0.00090936,0.0263609,-0.000156852,0.000958407,0.000481657,-0.000503053,-8.25915e-05,-0.00170747,-0.000156852,0.0251486,-0.000219084,0.000152561,7.16379e-05,6.87914e-05,2.56902e-05,0.000958407,-0.000219084,0.046673,
0.00361375,0.000709099,-0.000735446,-0.00039358,-0.00187551,0.000475586,0.000152647,0.000709099,0.00143235,0.000494289,0.00100508,-0.000316483,-0.000502681,7.1326e-05,-0.000735446,0.000494289,0.00209591,0.00065712,-0.00148102,-8.37085e-05,6.90482e-05,-0.00039358,0.00100508,0.00065712,0.0028048,-0.000905497,-0.00171172,2.55754e-05,-0.00187551,-0.000316483,-0.00148102,-0.000905497,0.0263713,-0.000150393,0.000955429,0.000475586,-0.000502681,-8.37085e-05,-0.00171172,-0.000150393,0.0251494,-0.000218112,0.000152647,7.1326e-05,6.90482e-05,2.55754e-05,0.000955429,-0.000218112,0.0466728,
0.00361824,0.000707222,-0.000740564,-0.000389801,-0.00187758,0.000469544,0.000152729,0.000707222,0.00143007,0.000492327,0.00100742,-0.000314694,-0.000502281,7.10148e-05,-0.000740564,0.000492327,0.00209808,0.000656554,-0.00148301,-8.48319e-05,6.93037e-05,-0.000389801,0.00100742,0.000656554,0.00280646,-0.000901647,-0.00171593,2.54576e-05,-0.00187758,-0.000314694,-0.00148301,-0.000901647,0.0263817,-0.000143931,0.000952454,0.000469544,-0.000502281,-8.48319e-05,-0.00171593,-0.000143931,0.0251502,-0.00021714,0.000152729,7.10147e-05,6.93037e-05,2.54576e-05,0.000952454,-0.00021714,0.0466726,
0.00362267,0.000705339,-0.000745673,-0.00038603,-0.00187961,0.000463532,0.000152806,0.000705339,0.00142781,0.000490378,0.00100974,-0.000312909,-0.000501852,7.07042e-05,-0.000745673,0.000490378,0.00210026,0.000655974,-0.00148497,-8.59616e-05,6.95581e-05,-0.00038603,0.00100974,0.000655974,0.00280813,-0.000897812,-0.0017201,2.5337e-05,-0.00187961,-0.000312909,-0.00148497,-0.000897812,0.0263922,-0.000137466,0.000949484,0.000463532,-0.000501852,-8.59616e-05,-0.0017201,-0.000137466,0.0251511,-0.000216168,0.000152806,7.07042e-05,6.95581e-05,2.5337e-05,0.000949484,-0.000216168,0.0466723,
0.00362704,0.000703449,-0.000750771,-0.000382268,-0.0018816,0.00045755,0.00015288,0.000703449,0.00142556,0.000488443,0.00101205,-0.000311128,-0.000501396,7.03944e-05,-0.000750771,0.000488443,0.00210245,0.000655381,-0.00148691,-8.70976e-05,6.98112e-05,-0.000382268,0.00101205,0.000655381,0.0028098,-0.000893991,-0.00172424,2.52133e-05,-0.0018816,-0.000311128,-0.00148691,-0.000893991,0.0264026,-0.000130998,0.000946518,0.000457549,-0.000501396,-8.70976e-05,-0.00172424,-0.000130998,0.025152,-0.000215197,0.00015288,7.03944e-05,6.98112e-05,2.52133e-05,0.000946518,-0.000215197,0.0466721,
0.00363135,0.000701553,-0.000755858,-0.000378515,-0.00188355,0.000451597,0.000152949,0.000701553,0.00142333,0.000486522,0.00101434,-0.000309351,-0.000500912,7.00852e-05,-0.000755858,0.000486522,0.00210466,0.000654774,-0.00148882,-8.82397e-05,7.00631e-05,-0.000378515,0.00101434,0.000654774,0.00281148,-0.000890183,-0.00172834,2.50868e-05,-0.00188355,-0.000309351,-0.00148882,-0.000890183,0.0264131,-0.000124529,0.000943556,0.000451597,-0.000500912,-8.82397e-05,-0.00172834,-0.000124529,0.025153,-0.000214227,0.000152949,7.00852e-05,7.00632e-05,2.50868e-05,0.000943556,-0.000214227,0.0466719,
0.00363559,0.00069965,-0.000760935,-0.000374772,-0.00188546,0.000445674,0.000153014,0.00069965,0.00142111,0.000484614,0.00101661,-0.000307578,-0.000500401,6.97768e-05,-0.000760935,0.000484614,0.00210687,0.000654155,-0.0014907,-8.93881e-05,7.03139e-05,-0.000374772,0.00101661,0.000654155,0.00281317,-0.00088639,-0.0017324,2.49575e-05,-0.00188546,-0.000307578,-0.0014907,-0.00088639,0.0264236,-0.000118059,0.000940598,0.000445674,-0.000500401,-8.93882e-05,-0.0017324,-0.000118059,0.025154,-0.000213257,0.000153014,6.97768e-05,7.03139e-05,2.49575e-05,0.000940598,-0.000213257,0.0466717,
0.00363977,0.000697742,-0.000766,-0.000371037,-0.00188734,0.000439781,0.000153075,0.000697742,0.00141891,0.000482719,0.00101887,-0.00030581,-0.000499864,6.94692e-05,-0.000766,0.000482719,0.00210909,0.000653523,-0.00149255,-9.05427e-05,7.05634e-05,-0.000371037,0.00101887,0.000653523,0.00281486,-0.00088261,-0.00173642,2.48254e-05,-0.00188734,-0.00030581,-0.00149255,-0.00088261,0.0264341,-0.000111587,0.000937644,0.000439781,-0.000499864,-9.05427e-05,-0.00173642,-0.000111588,0.0251551,-0.000212288,0.000153075,6.94692e-05,7.05634e-05,2.48254e-05,0.000937645,-0.000212288,0.0466714,
0.00364389,0.000695828,-0.000771054,-0.000367313,-0.00188918,0.000433918,0.000153132,0.000695828,0.00141672,0.000480838,0.00102111,-0.000304045,-0.0004993,6.91623e-05,-0.000771054,0.000480838,0.00211133,0.000652878,-0.00149438,-9.17035e-05,7.08117e-05,-0.000367313,0.00102111,0.000652878,0.00281656,-0.000878845,-0.00174041,2.46905e-05,-0.00188918,-0.000304046,-0.00149438,-0.000878845,0.0264446,-0.000105116,0.000934695,0.000433918,-0.0004993,-9.17035e-05,-0.00174041,-0.000105116,0.0251562,-0.00021132,0.000153132,6.91622e-05,7.08117e-05,2.46905e-05,0.000934695,-0.00021132,0.0466712,
0.00364795,0.000693909,-0.000776097,-0.000363598,-0.00189098,0.000428085,0.000153185,0.000693909,0.00141455,0.00047897,0.00102333,-0.000302285,-0.00049871,6.88561e-05,-0.000776097,0.00047897,0.00211357,0.000652221,-0.00149619,-9.28704e-05,7.10588e-05,-0.000363598,0.00102333,0.000652221,0.00281826,-0.000875093,-0.00174436,2.45529e-05,-0.00189098,-0.000302285,-0.00149619,-0.000875093,0.0264551,-9.86439e-05,0.00093175,0.000428085,-0.00049871,-9.28704e-05,-0.00174436,-9.86439e-05,0.0251574,-0.000210352,0.000153185,6.88561e-05,7.10588e-05,2.45529e-05,0.00093175,-0.000210352,0.046671,
0.00365195,0.000691985,-0.000781127,-0.000359893,-0.00189275,0.000422282,0.000153234,0.000691985,0.00141239,0.000477115,0.00102553,-0.00030053,-0.000498095,6.85509e-05,-0.000781127,0.000477115,0.00211582,0.000651552,-0.00149797,-9.40434e-05,7.13048e-05,-0.000359893,0.00102553,0.000651552,0.00281996,-0.000871355,-0.00174828,2.44126e-05,-0.00189275,-0.00030053,-0.00149797,-0.000871355,0.0264657,-9.21725e-05,0.000928809,0.000422282,-0.000498095,-9.40434e-05,-0.00174828,-9.21725e-05,0.0251585,-0.000209385,0.000153234,6.85509e-05,7.13048e-05,2.44126e-05,0.000928809,-0.000209385,0.0466708,
0.00365589,0.000690056,-0.000786145,-0.000356198,-0.00189447,0.00041651,0.000153279,0.000690056,0.00141025,0.000475273,0.00102772,-0.000298779,-0.000497454,6.82464e-05,-0.000786145,0.000475273,0.00211808,0.00065087,-0.00149973,-9.52225e-05,7.15495e-05,-0.000356198,0.00102772,0.00065087,0.00282167,-0.00086763,-0.00175215,2.42696e-05,-0.00189447,-0.000298779,-0.00149973,-0.00086763,0.0264762,-8.57017e-05,0.000925872,0.00041651,-0.000497454,-9.52225e-05,-0.00175215,-8.57017e-05,0.0251598,-0.000208419,0.000153279,6.82464e-05,7.15495e-05,2.42696e-05,0.000925872,-0.000208419,0.0466705,
0.00365976,0.000688122,-0.000791151,-0.000352514,-0.00189617,0.000410767,0.000153321,0.000688122,0.00140812,0.000473444,0.00102989,-0.000297032,-0.000496789,6.79428e-05,-0.000791151,0.000473444,0.00212036,0.000650177,-0.00150146,-9.64077e-05,7.17931e-05,-0.000352514,0.00102989,0.000650177,0.00282338,-0.00086392,-0.001756,2.41241e-05,-0.00189617,-0.000297032,-0.00150146,-0.00086392,0.0264868,-7.92322e-05,0.00092294,0.000410767,-0.000496789,-9.64077e-05,-0.001756,-7.92322e-05,0.025161,-0.000207454,0.000153321,6.79428e-05,7.17931e-05,2.41241e-05,0.00092294,-0.000207454,0.0466703,
