0.00191831,-0.000121619,-0.00154611,0.000780187,0.000544507,0.000763973,2.0108e-05,-0.000121619,0.00145253,-0.00084607,-0.000984496,0.000559147,2.50135e-05,-2.12768e-05,-0.00154611,-0.00084607,0.00338057,-0.000146692,-0.000567003,0.0016751,-1.97437e-06,0.000780187,-0.000984496,-0.000146692,0.00257361,-0.0013532,-0.00105921,0.000127049,0.000544507,0.000559147,-0.000567003,-0.0013532,0.0307526,0.00161093,-0.000966757,0.000763973,2.50135e-05,0.0016751,-0.00105921,0.00161093,0.0293982,0.000338064,2.0108e-05,-2.12768e-05,-1.97438e-06,0.000127049,-0.000966757,0.000338064,0.0466419,
0.0019182,0,-0.0015479,0,0.000544118,0.000761606,2.02491e-05,-0.000121014,0,-0.000844245,0,0.00055605,2.64497e-05,-2.14631e-05,-0.0015479,0,0.00338072,0,-0.000570124,0.00167145,-1.30995e-06,0.000778407,0,-0.000145931,0,-0.00135751,-0.00106522,0.000127393,0.000544118,0,-0.000570124,0,0.0307278,0.00160857,-0.000960994,0.000761606,0,0.00167145,0,0.00160857,0.0293893,0.000338932,2.02491e-05,0,-1.30995e-06,0,-0.000960994,0.000338932,0.0466416,
0.00191865,0,-0.00154988,0,0.000543084,0.000758364,2.04636e-05,-0.000120793,0,-0.000842295,0,0.00055264,2.91066e-05,-2.17084e-05,-0.00154988,0,0.00338124,0,-0.000574616,0.00166704,-4.75175e-07,0.000776726,0,-0.000144905,0,-0.00136442,-0.00107096,0.000127774,0.000543084,0,-0.000574616,0,0.0306884,0.00160329,-0.000952212,0.000758364,0,0.00166704,0,0.00160329,0.0293753,0.000340346,2.04636e-05,0,-4.7512e-07,0,-0.000952212,0.000340346,0.0466411,
0.00191955,0,-0.00155184,0,0.000541699,0.000756256,2.06574e-05,-0.000120933,0,-0.000840427,0,0.000549346,3.08684e-05,-2.19352e-05,-0.00155184,0,0.00338202,0,-0.000578988,0.00166195,3.17246e-07,0.000775178,0,-0.000143817,0,-0.0013703,-0.00107835,0.000128116,0.000541699,0,-0.000578988,0,0.0306567,0.00159894,-0.000945164,0.000756256,0,0.00166195,0,0.00159894,0.0293639,0.000341638,2.06574e-05,0,3.17246e-07,0,-0.000945164,0.000341638,0.0466406,
0.00192074,0,-0.00155384,0,0.000539977,0.000753773,2.0893e-05,-0.000121342,0,-0.000838498,0,0.00054591,3.34151e-05,-2.21888e-05,-0.00155384,0,0.00338318,0,-0.000584111,0.00165654,1.18083e-06,0.000773758,0,-0.000142529,0,-0.00137753,-0.00108516,0.000128474,0.000539977,0,-0.000584111,0,0.0306168,0.00159294,-0.000936415,0.000753773,0,0.00165654,0,0.00159294,0.0293498,0.000343268,2.0893e-05,0,1.18078e-06,0,-0.000936415,0.000343268,0.0466401,
0.0019221,0,-0.00155593,0.000772315,0.000538133,0.000751931,2.11202e-05,-0.000121936,0,-0.000836428,-0.000991481,0.000542279,3.56858e-05,-2.2435e-05,-0.00155593,0,0.00338471,-0.000141068,-0.000589306,0.00165062,2.02238e-06,0.000772315,0,-0.000141068,0.00258573,-0.00138429,-0.00109278,0.000128812,0.000538133,0,-0.000589306,-0.00138429,0.0305799,0.00158714,-0.000928388,0.000751931,0,0.00165062,-0.00109278,0.00158714,0.0293368,0.000344872,2.11202e-05,0,2.02244e-06,0.000128812,-0.000928388,0.000344872,0.0466396,
0.00192384,0,-0.00155826,0.000770745,0.000536176,0.000750158,2.13544e-05,-0.000122635,0,-0.000834169,-0.000993251,0.000538531,3.81437e-05,-2.2688e-05,-0.00155826,0,0.00338631,-0.000139435,-0.000594375,0.00164463,2.86865e-06,0.000770745,0,-0.000139435,0.00258851,-0.00139136,-0.00109992,0.000129144,0.000536176,0,-0.000594375,-0.00139136,0.0305409,0.00158099,-0.000919924,0.000750158,0,0.00164463,-0.00109992,0.00158099,0.0293232,0.000346583,2.13544e-05,0,2.86865e-06,0.000129144,-0.000919924,0.000346583,0.0466391,
0.00192584,0,-0.00156074,0.000769078,0.000534148,0.000748697,2.15827e-05,-0.000123413,0,-0.000831792,-0.000995076,0.000534742,4.04498e-05,-2.29365e-05,-0.00156074,0,0.00338796,-0.000137699,-0.000599169,0.00163857,3.69332e-06,0.000769078,0,-0.000137699,0.00259122,-0.00139818,-0.00110702,0.00012946,0.000534148,0,-0.000599169,-0.00139818,0.0305031,0.00157506,-0.000911762,0.000748697,0,0.00163857,-0.00110702,0.00157506,0.02931,0.000348289,2.15827e-05,0,3.69327e-06,0.00012946,-0.000911762,0.000348289,0.0466385,
0.00192792,-0.000124242,-0.00156323,0.00076743,0.000532058,0.000747294,2.18136e-05,-0.000124242,0.00144049,-0.000829403,-0.000996912,0.000530962,4.27867e-05,-2.3184e-05,-0.00156323,-0.000829403,0.00338965,-0.000135921,-0.000603925,0.00163251,4.5095e-06,0.00076743,-0.000996912,-0.000135921,0.00259393,-0.00140498,-0.00111393,0.000129766,0.000532058,0.000530962,-0.000603925,-0.00140498,0.0304651,0.00156904,-0.000903552,0.000747294,4.27867e-05,0.00163251,-0.00111393,0.00156904,0.0292968,0.00035003,2.18137e-05,-2.3184e-05,4.5095e-06,0.000129766,-0.000903552,0.00035003,0.046638,
0.00193005,-0.000125097,-0.00156572,0.000765787,0.000529919,0.000745973,2.20441e-05,-0.000125097,0.00143882,-0.000827012,-0.000998744,0.000527198,4.50641e-05,-2.34288e-05,-0.00156572,-0.000827012,0.00339135,-0.000134126,-0.000608606,0.00162644,5.31475e-06,0.000765787,-0.000998744,-0.000134126,0.00259664,-0.00141163,-0.0011208,0.000130061,0.000529919,0.000527198,-0.000608606,-0.00141163,0.0304276,0.00156307,-0.000895462,0.000745973,4.5064e-05,0.00162644,-0.0011208,0.00156307,0.0292837,0.000351773,2.20441e-05,-2.34289e-05,5.31475e-06,0.000130061,-0.000895462,0.000351773,0.0466374,
0.00193221,-0.000125965,-0.00156819,0.000764155,0.000527744,0.00074468,2.22752e-05,-0.000125965,0.00143716,-0.000824626,-0.00100056,0.000523451,4.73228e-05,-2.36719e-05,-0.00156819,-0.000824626,0.00339303,-0.00013232,-0.000613225,0.00162039,6.11089e-06,0.000764155,-0.00100056,-0.00013232,0.00259932,-0.00141818,-0.00112756,0.000130345,0.000527744,0.000523451,-0.000613225,-0.00141818,0.0303903,0.0015571,-0.000887413,0.00074468,4.73228e-05,0.00162039,-0.00112756,0.0015571,0.0292706,0.000353524,2.22752e-05,-2.36718e-05,6.11089e-06,0.000130345,-0.000887413,0.000353524,0.0466369,
0.00193438,-0.000126839,-0.00157064,0.00076253,0.000525538,0.000743416,2.25062e-05,-0.000126839,0.00143551,-0.000822246,-0.00100237,0.000519723,4.95461e-05,-2.39129e-05,-0.00157064,-0.000822246,0.00339471,-0.000130511,-0.000617779,0.00161436,6.89798e-06,0.00076253,-0.00100237,-0.000130511,0.002602,-0.00142459,-0.00113424,0.000130619,0.000525538,0.000519723,-0.000617779,-0.00142459,0.0303534,0.00155116,-0.000879434,0.000743416,4.95461e-05,0.00161436,-0.00113424,0.00155116,0.0292576,0.000355276,2.25062e-05,-2.39129e-05,6.89804e-06,0.000130619,-0.000879434,0.000355276,0.0466364,
0.00193655,-0.000127714,-0.00157308,0.000760913,0.000523302,0.000742164,2.27375e-05,-0.000127714,0.00143389,-0.000819875,-0.00100416,0.000516011,5.17441e-05,-2.41522e-05,-0.00157308,-0.000819875,0.00339636,-0.000128701,-0.000622274,0.00160836,7.67691e-06,0.000760913,-0.00100416,-0.000128701,0.00260466,-0.00143089,-0.00114085,0.000130883,0.000523302,0.000516011,-0.000622274,-0.00143089,0.0303167,0.00154524,-0.000871505,0.000742164,5.17441e-05,0.00160836,-0.00114085,0.00154524,0.0292446,0.000357029,2.27375e-05,-2.41522e-05,7.67691e-06,0.000130883,-0.000871505,0.000357029,0.0466359,
0.00193872,-0.000128589,-0.00157549,0.000759304,0.000521039,0.000740923,2.29689e-05,-0.000128589,0.00143227,-0.000817513,-0.00100594,0.000512317,5.39146e-05,-2.43898e-05,-0.00157549,-0.000817513,0.00339799,-0.00012689,-0.000626714,0.00160238,8.44802e-06,0.000759304,-0.00100594,-0.00012689,0.00260732,-0.00143708,-0.00114738,0.000131137,0.000521039,0.000512317,-0.000626714,-0.00143708,0.0302803,0.00153933,-0.000863629,0.000740923,5.39145e-05,0.00160238,-0.00114738,0.00153933,0.0292315,0.000358782,2.2969e-05,-2.43898e-05,8.44802e-06,0.000131137,-0.000863629,0.000358782,0.0466353,
0.00194089,-0.000129461,-0.00157789,0.000757703,0.000518749,0.000739687,2.32006e-05,-0.000129461,0.00143067,-0.000815159,-0.0010077,0.000508638,5.60608e-05,-2.46258e-05,-0.00157789,-0.000815159,0.0033996,-0.000125081,-0.0006311,0.00159643,9.2118e-06,0.000757703,-0.0010077,-0.000125081,0.00260996,-0.00144316,-0.00115383,0.000131382,0.000518749,0.000508638,-0.0006311,-0.00144316,0.0302442,0.00153343,-0.000855798,0.000739687,5.60607e-05,0.00159643,-0.00115383,0.00153343,0.0292185,0.000360535,2.32006e-05,-2.46259e-05,9.2118e-06,0.000131382,-0.000855798,0.000360535,0.0466348,
0.00194306,-0.000130331,-0.00158027,0.000756109,0.000516433,0.000738455,2.34325e-05,-0.000130331,0.00142909,-0.000812815,-0.00100945,0.000504975,5.81832e-05,-2.48604e-05,-0.00158027,-0.000812815,0.00340118,-0.000123273,-0.000635436,0.0015905,9.96853e-06,0.000756109,-0.00100945,-0.000123273,0.0026126,-0.00144913,-0.00116022,0.000131618,0.000516434,0.000504975,-0.000635436,-0.00144913,0.0302083,0.00152755,-0.000848011,0.000738455,5.81831e-05,0.0015905,-0.00116022,0.00152755,0.0292055,0.000362287,2.34325e-05,-2.48604e-05,9.96858e-06,0.000131618,-0.000848011,0.000362287,0.0466343,
0.00194523,-0.000131197,-0.00158262,0.000754523,0.000514092,0.000737224,2.36647e-05,-0.000131197,0.00142752,-0.00081048,-0.00101118,0.000501327,6.02831e-05,-2.50936e-05,-0.00158262,-0.00081048,0.00340275,-0.000121467,-0.000639723,0.0015846,1.07186e-05,0.000754523,-0.00101118,-0.000121467,0.00261522,-0.001455,-0.00116654,0.000131844,0.000514092,0.000501327,-0.000639723,-0.001455,0.0301726,0.00152168,-0.000840265,0.000737224,6.02832e-05,0.0015846,-0.00116654,0.00152168,0.0291925,0.000364037,2.36647e-05,-2.50936e-05,1.07186e-05,0.000131844,-0.000840265,0.000364037,0.0466338,
0.00194739,-0.000132061,-0.00158496,0.000752943,0.000511725,0.000735994,2.38971e-05,-0.000132061,0.00142596,-0.000808154,-0.00101289,0.000497693,6.23615e-05,-2.53254e-05,-0.00158496,-0.000808154,0.00340429,-0.000119662,-0.000643964,0.00157872,1.14622e-05,0.000752943,-0.00101289,-0.000119662,0.00261784,-0.00146076,-0.00117279,0.000132061,0.000511725,0.000497693,-0.000643964,-0.00146076,0.0301371,0.00151581,-0.000832558,0.000735994,6.23614e-05,0.00157872,-0.00117279,0.00151581,0.0291795,0.000365786,2.38972e-05,-2.53254e-05,1.14622e-05,0.000132061,-0.000832558,0.000365786,0.0466333,
0.00194955,-0.000132921,-0.00158728,0.000751371,0.000509333,0.000734763,2.41298e-05,-0.000132921,0.00142442,-0.000805837,-0.00101459,0.000494073,6.4419e-05,-2.55559e-05,-0.00158728,-0.000805837,0.00340581,-0.00011786,-0.000648158,0.00157286,1.21994e-05,0.000751371,-0.00101459,-0.00011786,0.00262045,-0.00146643,-0.00117899,0.00013227,0.000509333,0.000494073,-0.000648158,-0.00146643,0.0301019,0.00150996,-0.000824889,0.000734763,6.4419e-05,0.00157286,-0.00117899,0.00150996,0.0291664,0.000367533,2.41298e-05,-2.55558e-05,1.21994e-05,0.00013227,-0.000824889,0.000367533,0.0466328,
0.0019517,-0.000133777,-0.00158958,0.000749805,0.000506916,0.000733532,2.43627e-05,-0.000133777,0.00142289,-0.000803529,-0.00101628,0.000490466,6.64563e-05,-2.57852e-05,-0.00158958,-0.000803529,0.0034073,-0.00011606,-0.000652309,0.00156702,1.29304e-05,0.000749805,-0.00101628,-0.00011606,0.00262305,-0.001472,-0.00118511,0.00013247,0.000506916,0.000490466,-0.000652309,-0.001472,0.0300668,0.00150411,-0.000817256,0.000733532,6.64563e-05,0.00156702,-0.00118511,0.00150411,0.0291534,0.000369277,2.43627e-05,-2.57852e-05,1.29304e-05,0.00013247,-0.000817256,0.000369277,0.0466323,
0.00195385,-0.00013463,-0.00159185,0.000748247,0.000504474,0.000732298,2.45959e-05,-0.00013463,0.00142137,-0.00080123,-0.00101795,0.000486874,6.8474e-05,-2.60132e-05,-0.00159185,-0.00080123,0.00340878,-0.000114262,-0.000656415,0.00156121,1.36555e-05,0.000748247,-0.00101795,-0.000114262,0.00262564,-0.00147747,-0.00119118,0.000132662,0.000504474,0.000486874,-0.000656415,-0.00147747,0.030032,0.00149826,-0.000809657,0.000732298,6.84739e-05,0.00156121,-0.00119118,0.00149826,0.0291403,0.000371019,2.45959e-05,-2.60132e-05,1.36555e-05,0.000132662,-0.000809657,0.000371019,0.0466318,
0.00195599,-0.00013548,-0.00159411,0.000746695,0.000502008,0.000731063,2.48292e-05,-0.00013548,0.00141987,-0.00079894,-0.0010196,0.000483294,7.04725e-05,-2.624e-05,-0.00159411,-0.00079894,0.00341023,-0.000112467,-0.00066048,0.00155541,1.43746e-05,0.000746695,-0.0010196,-0.000112467,0.00262823,-0.00148285,-0.00119719,0.000132845,0.000502008,0.000483294,-0.00066048,-0.00148285,0.0299974,0.00149243,-0.000802093,0.000731063,7.04725e-05,0.00155541,-0.00119719,0.00149243,0.0291273,0.000372758,2.48292e-05,-2.624e-05,1.43746e-05,0.000132845,-0.000802093,0.000372758,0.0466313,
0.00195813,-0.000136325,-0.00159636,0.000745151,0.000499519,0.000729826,2.50627e-05,-0.000136325,0.00141838,-0.000796658,-0.00102125,0.000479728,7.24522e-05,-2.64657e-05,-0.00159636,-0.000796658,0.00341167,-0.000110674,-0.000664502,0.00154964,1.50879e-05,0.000745151,-0.00102125,-0.000110674,0.00263081,-0.00148814,-0.00120313,0.000133021,0.000499519,0.000479728,-0.000664502,-0.00148814,0.0299629,0.0014866,-0.000794563,0.000729826,7.24522e-05,0.00154964,-0.00120313,0.0014866,0.0291142,0.000374494,2.50627e-05,-2.64657e-05,1.50879e-05,0.000133021,-0.000794562,0.000374494,0.0466308,
0.00196027,-0.000137167,-0.00159858,0.000743613,0.000497005,0.000728586,2.52964e-05,-0.000137167,0.0014169,-0.000794386,-0.00102287,0.000476176,7.44136e-05,-2.66902e-05,-0.00159858,-0.000794386,0.00341308,-0.000108884,-0.000668483,0.00154389,1.57955e-05,0.000743613,-0.00102287,-0.000108884,0.00263338,-0.00149334,-0.00120902,0.000133188,0.000497005,0.000476176,-0.000668483,-0.00149334,0.0299287,0.00148077,-0.000787065,0.000728586,7.44136e-05,0.00154389,-0.00120902,0.00148077,0.0291011,0.000376227,2.52964e-05,-2.66902e-05,1.57955e-05,0.000133188,-0.000787065,0.000376227,0.0466303,
0.0019624,-0.000138005,-0.00160078,0.000742082,0.000494469,0.000727345,2.55302e-05,-0.000138005,0.00141544,-0.000792122,-0.00102449,0.000472637,7.63569e-05,-2.69136e-05,-0.00160078,-0.000792122,0.00341447,-0.000107097,-0.000672423,0.00153816,1.64974e-05,0.000742082,-0.00102449,-0.000107097,0.00263594,-0.00149844,-0.00121485,0.000133347,0.000494469,0.000472637,-0.000672423,-0.00149844,0.0298946,0.00147496,-0.0007796,0.000727345,7.63569e-05,0.00153816,-0.00121485,0.00147496,0.029088,0.000377956,2.55302e-05,-2.69136e-05,1.64974e-05,0.000133347,-0.0007796,0.000377956,0.0466298,
0.00196453,-0.000138839,-0.00160297,0.000740558,0.00049191,0.0007261,2.57642e-05,-0.000138839,0.00141399,-0.000789867,-0.00102609,0.000469111,7.82825e-05,-2.71358e-05,-0.00160297,-0.000789867,0.00341584,-0.000105312,-0.000676323,0.00153245,1.71937e-05,0.000740558,-0.00102609,-0.000105312,0.0026385,-0.00150346,-0.00122062,0.000133498,0.00049191,0.000469111,-0.000676323,-0.00150346,0.0298608,0.00146915,-0.000772166,0.0007261,7.82825e-05,0.00153245,-0.00122062,0.00146915,0.0290749,0.000379681,2.57642e-05,-2.71358e-05,1.71936e-05,0.000133498,-0.000772166,0.000379681,0.0466294,
0.00196665,-0.00013967,-0.00160514,0.00073904,0.000489329,0.000724853,2.59982e-05,-0.00013967,0.00141255,-0.000787621,-0.00102767,0.000465599,8.01908e-05,-2.7357e-05,-0.00160514,-0.000787621,0.0034172,-0.00010353,-0.000680184,0.00152676,1.78844e-05,0.00073904,-0.00102767,-0.00010353,0.00264104,-0.0015084,-0.00122633,0.000133642,0.000489329,0.000465599,-0.000680184,-0.0015084,0.0298271,0.00146334,-0.000764765,0.000724853,8.01908e-05,0.00152676,-0.00122633,0.00146334,0.0290618,0.000381402,2.59982e-05,-2.7357e-05,1.78844e-05,0.000133642,-0.000764765,0.000381402,0.0466289,
0.00196877,-0.000140497,-0.00160729,0.00073753,0.000486726,0.000723604,2.62323e-05,-0.000140497,0.00141112,-0.000785383,-0.00102925,0.0004621,8.20818e-05,-2.75771e-05,-0.00160729,-0.000785383,0.00341853,-0.000101752,-0.000684005,0.00152109,1.85696e-05,0.00073753,-0.00102925,-0.000101752,0.00264359,-0.00151324,-0.00123199,0.000133778,0.000486726,0.0004621,-0.000684005,-0.00151324,0.0297937,0.00145755,-0.000757396,0.000723604,8.20818e-05,0.00152109,-0.00123199,0.00145755,0.0290487,0.000383118,2.62323e-05,-2.75771e-05,1.85696e-05,0.000133778,-0.000757396,0.000383118,0.0466284,
0.00197089,-0.00014132,-0.00160942,0.000736026,0.000484101,0.000722352,2.64664e-05,-0.00014132,0.00140971,-0.000783155,-0.00103081,0.000458614,8.3956e-05,-2.7796e-05,-0.00160942,-0.000783155,0.00341984,-9.99761e-05,-0.000687787,0.00151544,1.92494e-05,0.000736026,-0.00103081,-9.99761e-05,0.00264612,-0.001518,-0.00123758,0.000133907,0.000484101,0.000458614,-0.000687786,-0.001518,0.0297604,0.00145176,-0.000750057,0.000722352,8.3956e-05,0.00151544,-0.00123758,0.00145176,0.0290356,0.00038483,2.64664e-05,-2.7796e-05,1.92494e-05,0.000133907,-0.000750057,0.00038483,0.0466279,
0.001973,-0.000142139,-0.00161154,0.000734529,0.000481456,0.000721098,2.67006e-05,-0.000142139,0.0014083,-0.000780935,-0.00103235,0.000455142,8.58135e-05,-2.80139e-05,-0.00161154,-0.000780935,0.00342113,-9.82038e-05,-0.00069153,0.00150981,1.99238e-05,0.000734529,-0.00103235,-9.82038e-05,0.00264864,-0.00152268,-0.00124313,0.000134028,0.000481456,0.000455142,-0.00069153,-0.00152268,0.0297273,0.00144598,-0.00074275,0.000721098,8.58135e-05,0.00150981,-0.00124313,0.00144598,0.0290225,0.000386538,2.67005e-05,-2.80139e-05,1.99237e-05,0.000134028,-0.00074275,0.000386538,0.0466275,
0.00197511,-0.000142954,-0.00161364,0.000733038,0.000478789,0.000719841,2.69346e-05,-0.000142954,0.00140691,-0.000778724,-0.00103389,0.000451684,8.76546e-05,-2.82308e-05,-0.00161364,-0.000778724,0.0034224,-9.64348e-05,-0.000695235,0.00150421,2.05927e-05,0.000733038,-0.00103389,-9.64348e-05,0.00265116,-0.00152728,-0.00124861,0.000134143,0.000478789,0.000451684,-0.000695235,-0.00152728,0.0296944,0.00144022,-0.000735474,0.000719841,8.76546e-05,0.00150421,-0.00124861,0.00144022,0.0290093,0.00038824,2.69346e-05,-2.82308e-05,2.05927e-05,0.000134143,-0.000735474,0.00038824,0.046627,
0.00197721,-0.000143765,-0.00161572,0.000731555,0.000476103,0.000718582,2.71687e-05,-0.000143765,0.00140553,-0.000776522,-0.00103541,0.000448239,8.94795e-05,-2.84466e-05,-0.00161572,-0.000776522,0.00342366,-9.46692e-05,-0.000698902,0.00149863,2.12564e-05,0.000731555,-0.00103541,-9.46692e-05,0.00265367,-0.00153179,-0.00125405,0.00013425,0.000476103,0.000448239,-0.000698902,-0.00153179,0.0296618,0.00143446,-0.000728229,0.000718582,8.94795e-05,0.00149863,-0.00125405,0.00143446,0.0289962,0.000389937,2.71688e-05,-2.84466e-05,2.12564e-05,0.00013425,-0.000728229,0.000389937,0.0466266,
0.00197931,-0.000144572,-0.00161778,0.000730078,0.000473396,0.00071732,2.74027e-05,-0.000144572,0.00140416,-0.000774329,-0.00103691,0.000444808,9.12884e-05,-2.86613e-05,-0.00161778,-0.000774329,0.00342489,-9.29072e-05,-0.000702532,0.00149306,2.19148e-05,0.000730078,-0.00103691,-9.29072e-05,0.00265617,-0.00153622,-0.00125942,0.00013435,0.000473396,0.000444809,-0.000702532,-0.00153622,0.0296293,0.00142871,-0.000721014,0.00071732,9.12884e-05,0.00149306,-0.00125942,0.00142871,0.0289831,0.000391629,2.74027e-05,-2.86614e-05,2.19148e-05,0.00013435,-0.000721014,0.000391629,0.0466261,
0.00198141,-0.000145376,-0.00161983,0.000728607,0.00047067,0.000716056,2.76367e-05,-0.000145376,0.00140281,-0.000772145,-0.00103841,0.000441391,9.30815e-05,-2.8875e-05,-0.00161983,-0.000772145,0.00342611,-9.11488e-05,-0.000706125,0.00148752,2.2568e-05,0.000728607,-0.00103841,-9.11488e-05,0.00265866,-0.00154057,-0.00126475,0.000134443,0.00047067,0.000441391,-0.000706125,-0.00154057,0.029597,0.00142297,-0.00071383,0.000716056,9.30815e-05,0.00148752,-0.00126475,0.00142297,0.0289699,0.000393315,2.76366e-05,-2.88751e-05,2.25679e-05,0.000134443,-0.00071383,0.000393315,0.0466256,
0.0019835,-0.000146175,-0.00162185,0.000727144,0.000467925,0.000714789,2.78705e-05,-0.000146175,0.00140146,-0.000769969,-0.00103989,0.000437988,9.48591e-05,-2.90878e-05,-0.00162185,-0.000769969,0.00342731,-8.93941e-05,-0.000709681,0.001482,2.32159e-05,0.000727144,-0.00103989,-8.93941e-05,0.00266114,-0.00154485,-0.00127001,0.000134529,0.000467925,0.000437988,-0.000709681,-0.00154485,0.0295649,0.00141724,-0.000706677,0.000714789,9.48591e-05,0.001482,-0.00127001,0.00141724,0.0289568,0.000394996,2.78704e-05,-2.90878e-05,2.32159e-05,0.000134529,-0.000706677,0.000394996,0.0466252,
0.00198559,-0.00014697,-0.00162387,0.000725687,0.000465162,0.000713521,2.81041e-05,-0.00014697,0.00140013,-0.000767803,-0.00104136,0.000434598,9.66213e-05,-2.92995e-05,-0.00162387,-0.000767803,0.00342849,-8.76433e-05,-0.0007132,0.0014765,2.38586e-05,0.000725687,-0.00104136,-8.76433e-05,0.00266362,-0.00154904,-0.00127523,0.000134609,0.000465162,0.000434598,-0.0007132,-0.00154904,0.029533,0.00141152,-0.000699554,0.000713521,9.66213e-05,0.0014765,-0.00127523,0.00141152,0.0289437,0.00039667,2.81041e-05,-2.92995e-05,2.38586e-05,0.000134609,-0.000699554,0.00039667,0.0466248,
0.00198768,-0.000147762,-0.00162586,0.000724236,0.00046238,0.00071225,2.83376e-05,-0.000147762,0.00139881,-0.000765645,-0.00104282,0.000431223,9.83683e-05,-2.95101e-05,-0.00162586,-0.000765645,0.00342965,-8.58963e-05,-0.000716683,0.00147103,2.44963e-05,0.000724236,-0.00104282,-8.58963e-05,0.00266608,-0.00155316,-0.00128039,0.000134682,0.00046238,0.000431223,-0.000716683,-0.00155316,0.0295013,0.00140581,-0.000692462,0.00071225,9.83683e-05,0.00147103,-0.00128039,0.00140581,0.0289305,0.000398339,2.83376e-05,-2.95101e-05,2.44963e-05,0.000134682,-0.000692462,0.000398339,0.0466243,
0.00198976,-0.000148549,-0.00162784,0.000722793,0.00045958,0.000710977,2.8571e-05,-0.000148549,0.00139749,-0.000763496,-0.00104427,0.000427861,0.0001001,-2.97198e-05,-0.00162784,-0.000763496,0.00343079,-8.41533e-05,-0.00072013,0.00146557,2.51288e-05,0.000722793,-0.00104427,-8.41533e-05,0.00266854,-0.0015572,-0.0012855,0.000134749,0.00045958,0.000427861,-0.00072013,-0.0015572,0.0294698,0.00140012,-0.000685399,0.000710977,0.0001001,0.00146557,-0.0012855,0.00140012,0.0289174,0.000400002,2.85709e-05,-2.97198e-05,2.51287e-05,0.000134749,-0.000685399,0.000400002,0.0466239,
0.00199183,-0.000149332,-0.0016298,0.000721355,0.000456763,0.000709702,2.88041e-05,-0.000149332,0.00139619,-0.000761356,-0.0010457,0.000424513,0.000101818,-2.99285e-05,-0.0016298,-0.000761356,0.00343192,-8.24144e-05,-0.000723542,0.00146014,2.57562e-05,0.000721355,-0.0010457,-8.24144e-05,0.00267099,-0.00156117,-0.00129056,0.000134809,0.000456763,0.000424513,-0.000723542,-0.00156117,0.0294384,0.00139444,-0.000678367,0.000709702,0.000101817,0.00146014,-0.00129056,0.00139444,0.0289043,0.000401659,2.88041e-05,-2.99285e-05,2.57562e-05,0.000134809,-0.000678367,0.000401659,0.0466234,
0.00199391,-0.000150111,-0.00163175,0.000719925,0.000453928,0.000708425,2.90369e-05,-0.000150111,0.00139491,-0.000759224,-0.00104712,0.000421179,0.00010352,-3.01362e-05,-0.00163175,-0.000759224,0.00343302,-8.06796e-05,-0.000726919,0.00145473,2.63786e-05,0.000719925,-0.00104712,-8.06796e-05,0.00267343,-0.00156506,-0.00129556,0.000134863,0.000453928,0.000421179,-0.000726919,-0.00156506,0.0294073,0.00138877,-0.000671365,0.000708425,0.00010352,0.00145473,-0.00129556,0.00138877,0.0288912,0.00040331,2.90369e-05,-3.01362e-05,2.63786e-05,0.000134863,-0.000671365,0.00040331,0.046623,
0.00199598,-0.000150887,-0.00163368,0.000718501,0.000451077,0.000707146,2.92696e-05,-0.000150887,0.00139363,-0.000757102,-0.00104853,0.00041786,0.000105208,-3.03429e-05,-0.00163368,-0.000757102,0.00343411,-7.89491e-05,-0.00073026,0.00144934,2.6996e-05,0.000718501,-0.00104853,-7.89491e-05,0.00267586,-0.00156888,-0.00130051,0.000134911,0.000451077,0.00041786,-0.00073026,-0.00156888,0.0293764,0.00138312,-0.000664393,0.000707146,0.000105208,0.00144934,-0.00130051,0.00138312,0.0288781,0.000404954,2.92696e-05,-3.03429e-05,2.6996e-05,0.000134911,-0.000664393,0.000404954,0.0466226,
0.00199804,-0.000151658,-0.00163559,0.000717083,0.00044821,0.000705866,2.9502e-05,-0.000151658,0.00139236,-0.000754988,-0.00104993,0.000414554,0.000106882,-3.05487e-05,-0.00163559,-0.000754988,0.00343519,-7.72229e-05,-0.000733568,0.00144398,2.76084e-05,0.000717083,-0.00104993,-7.72229e-05,0.00267829,-0.00157263,-0.00130541,0.000134952,0.00044821,0.000414554,-0.000733568,-0.00157263,0.0293457,0.00137748,-0.000657451,0.000705866,0.000106882,0.00144398,-0.00130541,0.00137748,0.028865,0.000406592,2.9502e-05,-3.05487e-05,2.76084e-05,0.000134952,-0.000657451,0.000406592,0.0466222,
0.00200011,-0.000152425,-0.00163749,0.000715672,0.000445326,0.000704583,2.9734e-05,-0.000152425,0.0013911,-0.000752884,-0.00105132,0.000411263,0.000108542,-3.07535e-05,-0.00163749,-0.000752884,0.00343624,-7.55012e-05,-0.000736841,0.00143863,2.82159e-05,0.000715672,-0.00105132,-7.55011e-05,0.0026807,-0.0015763,-0.00131026,0.000134988,0.000445326,0.000411263,-0.000736841,-0.0015763,0.0293151,0.00137185,-0.000650538,0.000704583,0.000108542,0.00143863,-0.00131026,0.00137185,0.0288519,0.000408223,2.9734e-05,-3.07535e-05,2.82159e-05,0.000134988,-0.000650538,0.000408223,0.0466217,
0.00200217,-0.000153188,-0.00163937,0.000714267,0.000442427,0.000703299,2.99658e-05,-0.000153188,0.00138985,-0.000750788,-0.00105269,0.000407986,0.000110188,-3.09573e-05,-0.00163937,-0.000750788,0.00343728,-7.37838e-05,-0.00074008,0.00143331,2.88185e-05,0.000714267,-0.00105269,-7.37838e-05,0.00268311,-0.0015799,-0.00131506,0.000135018,0.000442427,0.000407986,-0.00074008,-0.0015799,0.0292848,0.00136624,-0.000643655,0.000703299,0.000110188,0.00143331,-0.00131506,0.00136624,0.0288388,0.000409848,2.99658e-05,-3.09573e-05,2.88184e-05,0.000135018,-0.000643655,0.000409848,0.0466213,
0.00200422,-0.000153946,-0.00164124,0.000712869,0.000439512,0.000702013,3.01973e-05,-0.000153946,0.00138862,-0.000748701,-0.00105405,0.000404723,0.00011182,-3.11603e-05,-0.00164124,-0.000748701,0.0034383,-7.20711e-05,-0.000743285,0.00142801,2.94162e-05,0.000712869,-0.00105405,-7.20711e-05,0.00268551,-0.00158344,-0.00131981,0.000135042,0.000439512,0.000404723,-0.000743285,-0.00158344,0.0292546,0.00136064,-0.000636802,0.000702013,0.00011182,0.00142801,-0.00131981,0.00136064,0.0288257,0.000411466,3.01972e-05,-3.11603e-05,2.94161e-05,0.000135042,-0.000636802,0.000411466,0.0466209,
0.00200627,-0.000154701,-0.00164309,0.000711477,0.000436583,0.000700726,3.04283e-05,-0.000154701,0.00138739,-0.000746623,-0.00105541,0.000401475,0.000113439,-3.13622e-05,-0.00164309,-0.000746623,0.00343931,-7.03629e-05,-0.000746457,0.00142273,3.00091e-05,0.000711477,-0.00105541,-7.03629e-05,0.00268789,-0.0015869,-0.00132451,0.000135061,0.000436583,0.000401475,-0.000746457,-0.0015869,0.0292247,0.00135506,-0.000629979,0.000700726,0.000113439,0.00142273,-0.00132451,0.00135506,0.0288126,0.000413077,3.04283e-05,-3.13622e-05,3.0009e-05,0.000135061,-0.000629979,0.000413077,0.0466205,
0.00200832,-0.000155451,-0.00164492,0.000710092,0.000433639,0.000699437,3.06591e-05,-0.000155451,0.00138618,-0.000744553,-0.00105675,0.000398241,0.000115044,-3.15633e-05,-0.00164492,-0.000744553,0.0034403,-6.86595e-05,-0.000749597,0.00141747,3.05971e-05,0.000710092,-0.00105675,-6.86595e-05,0.00269027,-0.0015903,-0.00132916,0.000135074,0.000433639,0.000398241,-0.000749597,-0.0015903,0.0291949,0.00134949,-0.000623185,0.000699437,0.000115044,0.00141747,-0.00132916,0.00134949,0.0287996,0.000414682,3.06591e-05,-3.15633e-05,3.05971e-05,0.000135074,-0.000623185,0.000414682,0.0466201,
0.00201037,-0.000156198,-0.00164674,0.000708713,0.00043068,0.000698146,3.08895e-05,-0.000156198,0.00138497,-0.000742493,-0.00105808,0.000395021,0.000116636,-3.17634e-05,-0.00164674,-0.000742493,0.00344127,-6.69608e-05,-0.000752703,0.00141224,3.11804e-05,0.000708713,-0.00105808,-6.69608e-05,0.00269264,-0.00159363,-0.00133377,0.000135081,0.00043068,0.000395021,-0.000752703,-0.00159363,0.0291654,0.00134394,-0.00061642,0.000698146,0.000116636,0.00141224,-0.00133377,0.00134394,0.0287865,0.000416279,3.08895e-05,-3.17634e-05,3.11804e-05,0.000135081,-0.00061642,0.000416279,0.0466197,
0.00201241,-0.00015694,-0.00164855,0.00070734,0.000427708,0.000696855,3.11194e-05,-0.00015694,0.00138377,-0.000740441,-0.0010594,0.000391815,0.000118215,-3.19626e-05,-0.00164855,-0.000740441,0.00344223,-6.5267e-05,-0.000755778,0.00140702,3.17589e-05,0.00070734,-0.0010594,-6.5267e-05,0.002695,-0.00159689,-0.00133832,0.000135083,0.000427708,0.000391815,-0.000755778,-0.00159689,0.029136,0.00133841,-0.000609685,0.000696855,0.000118215,0.00140702,-0.00133832,0.00133841,0.0287735,0.00041787,3.11194e-05,-3.19626e-05,3.17589e-05,0.000135083,-0.000609685,0.00041787,0.0466193,
0.00201445,-0.000157678,-0.00165033,0.000705973,0.000424722,0.000695562,3.1349e-05,-0.000157678,0.00138259,-0.000738398,-0.00106071,0.000388624,0.00011978,-3.21609e-05,-0.00165033,-0.000738399,0.00344317,-6.3578e-05,-0.00075882,0.00140183,3.23328e-05,0.000705973,-0.00106071,-6.3578e-05,0.00269735,-0.00160009,-0.00134282,0.00013508,0.000424722,0.000388624,-0.00075882,-0.00160009,0.0291068,0.00133289,-0.000602979,0.000695562,0.00011978,0.00140183,-0.00134282,0.00133289,0.0287605,0.000419453,3.1349e-05,-3.21609e-05,3.23327e-05,0.00013508,-0.000602979,0.000419453,0.0466189,
0.00201649,-0.000158412,-0.00165211,0.000704613,0.000421723,0.000694268,3.15781e-05,-0.000158412,0.00138141,-0.000736364,-0.001062,0.000385447,0.000121334,-3.23583e-05,-0.00165211,-0.000736364,0.0034441,-6.1894e-05,-0.000761831,0.00139667,3.29019e-05,0.000704613,-0.001062,-6.1894e-05,0.00269969,-0.00160322,-0.00134728,0.000135071,0.000421723,0.000385447,-0.000761831,-0.00160322,0.0290778,0.00132739,-0.000596302,0.000694268,0.000121334,0.00139667,-0.00134728,0.00132739,0.0287475,0.00042103,3.15781e-05,-3.23583e-05,3.2902e-05,0.000135071,-0.000596302,0.00042103,0.0466185,
0.00201852,-0.000159142,-0.00165387,0.000703259,0.000418711,0.000692972,3.18068e-05,-0.000159142,0.00138024,-0.000734339,-0.00106329,0.000382285,0.000122874,-3.25548e-05,-0.00165387,-0.000734339,0.00344501,-6.0215e-05,-0.00076481,0.00139152,3.34665e-05,0.000703259,-0.00106329,-6.0215e-05,0.00270203,-0.00160629,-0.00135169,0.000135057,0.000418711,0.000382285,-0.00076481,-0.00160629,0.029049,0.00132191,-0.000589654,0.000692972,0.000122874,0.00139152,-0.00135169,0.00132191,0.0287345,0.000422599,3.18068e-05,-3.25548e-05,3.34665e-05,0.000135057,-0.000589654,0.000422599,0.0466181,
0.00202055,-0.000159868,-0.00165561,0.000701912,0.000415686,0.000691676,3.2035e-05,-0.000159868,0.00137909,-0.000732323,-0.00106457,0.000379137,0.000124402,-3.27504e-05,-0.00165561,-0.000732323,0.0034459,-5.8541e-05,-0.000767758,0.0013864,3.40264e-05,0.000701912,-0.00106457,-5.8541e-05,0.00270435,-0.00160929,-0.00135605,0.000135039,0.000415686,0.000379137,-0.000767758,-0.00160929,0.0290204,0.00131644,-0.000583035,0.000691676,0.000124402,0.0013864,-0.00135605,0.00131644,0.0287215,0.000424162,3.2035e-05,-3.27504e-05,3.40264e-05,0.000135039,-0.000583035,0.000424162,0.0466177,
0.00202257,-0.000160589,-0.00165734,0.00070057,0.000412649,0.000690378,3.22628e-05,-0.000160589,0.00137794,-0.000730315,-0.00106583,0.000376003,0.000125918,-3.29451e-05,-0.00165734,-0.000730315,0.00344678,-5.68722e-05,-0.000770676,0.0013813,3.45817e-05,0.00070057,-0.00106583,-5.68722e-05,0.00270666,-0.00161223,-0.00136037,0.000135015,0.000412649,0.000376003,-0.000770676,-0.00161223,0.028992,0.00131099,-0.000576445,0.000690378,0.000125918,0.0013813,-0.00136037,0.00131099,0.0287086,0.000425717,3.22628e-05,-3.29451e-05,3.45817e-05,0.000135015,-0.000576445,0.000425717,0.0466173,
0.00202459,-0.000161307,-0.00165906,0.000699235,0.0004096,0.00068908,3.24901e-05,-0.000161307,0.0013768,-0.000728316,-0.00106709,0.000372884,0.000127421,-3.3139e-05,-0.00165906,-0.000728316,0.00344764,-5.52086e-05,-0.000773563,0.00137622,3.51325e-05,0.000699235,-0.00106709,-5.52086e-05,0.00270897,-0.00161511,-0.00136464,0.000134986,0.0004096,0.000372884,-0.000773563,-0.00161511,0.0289638,0.00130556,-0.000569883,0.00068908,0.000127421,0.00137622,-0.00136464,0.00130556,0.0286956,0.000427265,3.24901e-05,-3.3139e-05,3.51325e-05,0.000134986,-0.000569883,0.000427265,0.046617,
0.00202661,-0.00016202,-0.00166076,0.000697906,0.00040654,0.000687781,3.27168e-05,-0.00016202,0.00137567,-0.000726326,-0.00106834,0.000369779,0.000128912,-3.3332e-05,-0.00166076,-0.000726326,0.00344849,-5.35502e-05,-0.00077642,0.00137116,3.56788e-05,0.000697906,-0.00106834,-5.35502e-05,0.00271126,-0.00161793,-0.00136886,0.000134953,0.00040654,0.000369779,-0.00077642,-0.00161793,0.0289358,0.00130015,-0.000563351,0.000687781,0.000128912,0.00137116,-0.00136886,0.00130015,0.0286827,0.000428806,3.27168e-05,-3.33319e-05,3.56788e-05,0.000134953,-0.000563351,0.000428806,0.0466166,
0.00202863,-0.000162729,-0.00166244,0.000696583,0.000403468,0.000686481,3.29431e-05,-0.000162729,0.00137455,-0.000724345,-0.00106957,0.000366689,0.000130392,-3.35241e-05,-0.00166244,-0.000724345,0.00344933,-5.18972e-05,-0.000779247,0.00136613,3.62206e-05,0.000696583,-0.00106957,-5.18972e-05,0.00271355,-0.00162069,-0.00137304,0.000134915,0.000403468,0.000366689,-0.000779247,-0.00162069,0.028908,0.00129476,-0.000556847,0.000686481,0.000130392,0.00136613,-0.00137304,0.00129476,0.0286698,0.000430339,3.29431e-05,-3.35241e-05,3.62206e-05,0.000134915,-0.000556847,0.000430339,0.0466162,
0.00203064,-0.000163434,-0.00166411,0.000695266,0.000400384,0.00068518,3.31688e-05,-0.000163434,0.00137344,-0.000722372,-0.0010708,0.000363613,0.00013186,-3.37153e-05,-0.00166411,-0.000722372,0.00345015,-5.02494e-05,-0.000782045,0.00136112,3.67579e-05,0.000695266,-0.0010708,-5.02494e-05,0.00271582,-0.00162338,-0.00137717,0.000134872,0.000400384,0.000363613,-0.000782045,-0.00162338,0.0288804,0.00128939,-0.000550371,0.00068518,0.00013186,0.00136112,-0.00137717,0.00128939,0.0286569,0.000431866,3.31688e-05,-3.37154e-05,3.67579e-05,0.000134872,-0.000550371,0.000431866,0.0466158,
0.00203265,-0.000164134,-0.00166577,0.000693955,0.000397291,0.000683878,3.3394e-05,-0.000164134,0.00137234,-0.000720408,-0.00107201,0.000360552,0.000133316,-3.39058e-05,-0.00166577,-0.000720408,0.00345095,-4.86071e-05,-0.000784813,0.00135613,3.72908e-05,0.000693955,-0.00107201,-4.86071e-05,0.00271809,-0.00162602,-0.00138126,0.000134825,0.000397291,0.000360552,-0.000784813,-0.00162602,0.0288529,0.00128404,-0.000543924,0.000683878,0.000133316,0.00135613,-0.00138126,0.00128404,0.0286441,0.000433385,3.3394e-05,-3.39058e-05,3.72908e-05,0.000134825,-0.000543924,0.000433385,0.0466155,
0.00203466,-0.000164831,-0.00166741,0.00069265,0.000394186,0.000682576,3.36186e-05,-0.000164831,0.00137125,-0.000718453,-0.00107322,0.000357505,0.000134761,-3.40954e-05,-0.00166741,-0.000718453,0.00345175,-4.69701e-05,-0.000787552,0.00135116,3.78193e-05,0.00069265,-0.00107322,-4.69701e-05,0.00272035,-0.0016286,-0.0013853,0.000134773,0.000394186,0.000357505,-0.000787552,-0.0016286,0.0288257,0.0012787,-0.000537505,0.000682576,0.000134761,0.00135116,-0.0013853,0.0012787,0.0286312,0.000434896,3.36186e-05,-3.40953e-05,3.78193e-05,0.000134773,-0.000537505,0.000434896,0.0466151,
0.00203666,-0.000165523,-0.00166904,0.000691352,0.000391072,0.000681274,3.38427e-05,-0.000165523,0.00137017,-0.000716506,-0.00107442,0.000354473,0.000136194,-3.42841e-05,-0.00166904,-0.000716506,0.00345252,-4.53387e-05,-0.000790263,0.00134622,3.83435e-05,0.000691352,-0.00107442,-4.53387e-05,0.00272259,-0.00163113,-0.0013893,0.000134717,0.000391071,0.000354473,-0.000790263,-0.00163113,0.0287986,0.00127339,-0.000531114,0.000681274,0.000136194,0.00134622,-0.0013893,0.00127339,0.0286184,0.000436401,3.38427e-05,-3.42841e-05,3.83435e-05,0.000134717,-0.000531114,0.000436401,0.0466147,
0.00203867,-0.000166211,-0.00167066,0.000690059,0.000387947,0.00067997,3.40662e-05,-0.000166211,0.00136909,-0.000714569,-0.0010756,0.000351455,0.000137616,-3.4472e-05,-0.00167066,-0.000714569,0.00345328,-4.37128e-05,-0.000792946,0.00134129,3.88634e-05,0.000690059,-0.0010756,-4.37128e-05,0.00272483,-0.0016336,-0.00139326,0.000134657,0.000387947,0.000351455,-0.000792946,-0.0016336,0.0287717,0.00126809,-0.000524752,0.00067997,0.000137616,0.00134129,-0.00139326,0.00126809,0.0286056,0.000437898,3.40662e-05,-3.4472e-05,3.88633e-05,0.000134657,-0.000524752,0.000437898,0.0466144,
0.00204066,-0.000166895,-0.00167226,0.000688772,0.000384813,0.000678667,3.42891e-05,-0.000166895,0.00136803,-0.000712639,-0.00107678,0.000348452,0.000139027,-3.4659e-05,-0.00167226,-0.000712639,0.00345403,-4.20924e-05,-0.000795601,0.00133639,3.93789e-05,0.000688772,-0.00107678,-4.20924e-05,0.00272706,-0.00163601,-0.00139717,0.000134592,0.000384813,0.000348452,-0.000795601,-0.00163601,0.028745,0.00126282,-0.000518417,0.000678667,0.000139027,0.00133639,-0.00139717,0.00126282,0.0285928,0.000439387,3.42892e-05,-3.4659e-05,3.93789e-05,0.000134592,-0.000518417,0.000439387,0.046614,
0.00204266,-0.000167575,-0.00167385,0.000687491,0.000381669,0.000677363,3.45114e-05,-0.000167575,0.00136697,-0.000710719,-0.00107795,0.000345463,0.000140427,-3.48453e-05,-0.00167385,-0.000710719,0.00345477,-4.04777e-05,-0.000798228,0.00133152,3.98902e-05,0.000687491,-0.00107795,-4.04777e-05,0.00272928,-0.00163836,-0.00140104,0.000134523,0.000381669,0.000345463,-0.000798228,-0.00163836,0.0287186,0.00125757,-0.00051211,0.000677363,0.000140427,0.00133152,-0.00140104,0.00125757,0.0285801,0.00044087,3.45114e-05,-3.48453e-05,3.98902e-05,0.000134523,-0.00051211,0.00044087,0.0466137,
0.00204465,-0.000168251,-0.00167543,0.000686216,0.000378516,0.000676059,3.47332e-05,-0.000168251,0.00136592,-0.000708807,-0.0010791,0.000342488,0.000141816,-3.50307e-05,-0.00167543,-0.000708807,0.00345549,-3.88686e-05,-0.000800827,0.00132666,4.03972e-05,0.000686216,-0.0010791,-3.88686e-05,0.00273149,-0.00164067,-0.00140486,0.00013445,0.000378516,0.000342488,-0.000800827,-0.00164067,0.0286922,0.00125233,-0.000505832,0.000676059,0.000141816,0.00132666,-0.00140486,0.00125233,0.0285674,0.000442345,3.47332e-05,-3.50307e-05,4.03972e-05,0.00013445,-0.000505832,0.000442345,0.0466133,
0.00204664,-0.000168923,-0.00167699,0.000684946,0.000375355,0.000674755,3.49543e-05,-0.000168923,0.00136488,-0.000706904,-0.00108025,0.000339528,0.000143195,-3.52153e-05,-0.00167699,-0.000706904,0.0034562,-3.72652e-05,-0.0008034,0.00132183,4.09001e-05,0.000684946,-0.00108025,-3.72652e-05,0.00273369,-0.00164291,-0.00140865,0.000134373,0.000375355,0.000339528,-0.0008034,-0.00164291,0.0286661,0.00124712,-0.00049958,0.000674754,0.000143195,0.00132183,-0.00140865,0.00124712,0.0285547,0.000443812,3.49543e-05,-3.52153e-05,4.09001e-05,0.000134373,-0.00049958,0.000443812,0.046613,
0.00204863,-0.00016959,-0.00167853,0.000683683,0.000372185,0.00067345,3.51747e-05,-0.00016959,0.00136385,-0.000705009,-0.00108139,0.000336582,0.000144563,-3.53992e-05,-0.00167853,-0.000705009,0.00345689,-3.56675e-05,-0.000805946,0.00131701,4.13988e-05,0.000683683,-0.00108139,-3.56675e-05,0.00273588,-0.00164511,-0.00141239,0.000134293,0.000372185,0.000336582,-0.000805946,-0.00164511,0.0286402,0.00124193,-0.000493357,0.00067345,0.000144563,0.00131701,-0.00141239,0.00124193,0.028542,0.000445272,3.51747e-05,-3.53992e-05,4.13988e-05,0.000134293,-0.000493357,0.000445272,0.0466126,
0.00205061,-0.000170254,-0.00168007,0.000682425,0.000369006,0.000672145,3.53945e-05,-0.000170254,0.00136283,-0.000703123,-0.00108252,0.000333651,0.00014592,-3.55822e-05,-0.00168007,-0.000703123,0.00345758,-3.40756e-05,-0.000808465,0.00131222,4.18933e-05,0.000682425,-0.00108252,-3.40755e-05,0.00273806,-0.00164725,-0.00141609,0.000134208,0.000369006,0.000333651,-0.000808465,-0.00164725,0.0286144,0.00123676,-0.000487161,0.000672145,0.00014592,0.00131222,-0.00141609,0.00123676,0.0285293,0.000446725,3.53945e-05,-3.55822e-05,4.18933e-05,0.000134208,-0.000487161,0.000446725,0.0466123,
0.00205259,-0.000170913,-0.00168159,0.000681173,0.00036582,0.000670841,3.56137e-05,-0.000170913,0.00136181,-0.000701245,-0.00108365,0.000330734,0.000147268,-3.57644e-05,-0.00168159,-0.000701245,0.00345824,-3.24894e-05,-0.000810958,0.00130746,4.23838e-05,0.000681173,-0.00108365,-3.24894e-05,0.00274023,-0.00164934,-0.00141975,0.000134119,0.00036582,0.000330734,-0.000810958,-0.00164934,0.0285889,0.00123161,-0.000480992,0.000670841,0.000147268,0.00130746,-0.00141975,0.00123161,0.0285167,0.00044817,3.56137e-05,-3.57644e-05,4.23838e-05,0.000134119,-0.000480992,0.00044817,0.046612,
0.00205457,-0.000171568,-0.0016831,0.000679927,0.000362626,0.000669536,3.58322e-05,-0.000171568,0.0013608,-0.000699376,-0.00108476,0.000327831,0.000148604,-3.59458e-05,-0.0016831,-0.000699376,0.0034589,-3.09091e-05,-0.000813425,0.00130271,4.28702e-05,0.000679927,-0.00108476,-3.09091e-05,0.00274239,-0.00165138,-0.00142337,0.000134027,0.000362626,0.000327831,-0.000813425,-0.00165138,0.0285635,0.00122649,-0.000474851,0.000669536,0.000148605,0.00130271,-0.00142337,0.00122649,0.0285041,0.000449608,3.58323e-05,-3.59458e-05,4.28702e-05,0.000134027,-0.000474851,0.000449608,0.0466116,
