0.00349237,0.000559045,-0.00137687,-0.000233816,-0.000828767,0.00135842,6.13213e-05,0.000559045,0.00133301,0.000242156,0.00103217,-0.000281234,0.000207703,3.59517e-05,-0.00137687,0.000242156,0.00208705,0.000361681,0.000291501,0.00136064,5.67395e-05,-0.000233816,0.00103217,0.000361681,0.00265688,-0.00140138,-0.00193582,0.000151059,-0.000828767,-0.000281234,0.000291501,-0.00140138,0.0304622,0.0015656,-0.000682027,0.00135842,0.000207703,0.00136064,-0.00193582,0.0015656,0.0291742,0.00034271,6.13213e-05,3.59517e-05,5.67395e-05,0.000151059,-0.000682027,0.00034271,0.0466302,
0.00349299,0,-0.00137914,0,-0.000831464,0.00135399,6.19458e-05,0.000558768,0,0.000242777,0,-0.00028073,0.000205949,3.6067e-05,-0.00137914,0,0.00208965,0,0.000285826,0.00135555,5.72028e-05,-0.000232458,0,0.000362416,0,-0.00140324,-0.00194034,0.000150863,-0.000831464,0,0.000285826,0,0.03045,0.00156222,-0.000677562,0.00135399,0,0.00135555,0,0.00156222,0.029161,0.000342389,6.19458e-05,0,5.72029e-05,0,-0.000677562,0.000342389,0.0466301,
0.00349386,0,-0.00138199,-0.000230585,-0.000834159,0.00135007,6.25721e-05,0.000557781,0,0.000242966,0.00103416,-0.00027945,0.000203059,3.61716e-05,-0.00138199,0,0.00209241,0.000362696,0.000280034,0.00135021,5.76339e-05,-0.000230585,0,0.000362696,0.00266117,-0.00140562,-0.0019438,0.000150666,-0.000834159,0,0.000280034,-0.00140562,0.0304309,0.00155756,-0.000671661,0.00135007,0,0.00135021,-0.0019438,0.00155756,0.0291464,0.000342163,6.25721e-05,0,5.76338e-05,0.000150666,-0.000671661,0.000342163,0.04663,
0.00349477,0,-0.00138554,-0.000228224,-0.000837288,0.00134533,6.33187e-05,0.000556193,0,0.000242775,0.00103553,-0.000277465,0.000199334,3.63001e-05,-0.00138554,0,0.00209528,0.0003626,0.000273286,0.00134343,5.81159e-05,-0.000228224,0,0.0003626,0.00266407,-0.00140826,-0.00194798,0.000150398,-0.000837288,0,0.000273286,-0.00140826,0.0304067,0.00155194,-0.000664603,0.00134533,0,0.00134343,-0.00194798,0.00155194,0.029129,0.000341965,6.33188e-05,0,5.8116e-05,0.000150398,-0.000664603,0.000341965,0.0466298,
0.00349567,0.000554293,-0.00138949,-0.000225635,-0.000839743,0.00134114,6.40055e-05,0.000554293,0.00132976,0.000242371,0.001037,-0.000275163,0.000195499,3.63972e-05,-0.00138949,0.000242371,0.00209835,0.000362243,0.000267095,0.00133701,5.85365e-05,-0.000225635,0.001037,0.000362243,0.00266698,-0.00141079,-0.00195133,0.00015016,-0.000839743,-0.000275163,0.000267095,-0.00141079,0.0303827,0.0015466,-0.000657663,0.00134114,0.0001955,0.00133701,-0.00195133,0.0015466,0.0291123,0.000341673,6.40056e-05,3.63972e-05,5.85365e-05,0.00015016,-0.000657663,0.000341673,0.0466297,
0.00349646,0.000552167,-0.00139392,-0.000222811,-0.00084195,0.00133673,6.4708e-05,0.000552167,0.00132831,0.00024183,0.00103853,-0.000272623,0.000191549,3.64939e-05,-0.00139392,0.00024183,0.00210169,0.000361733,0.00026076,0.00133016,5.8954e-05,-0.000222811,0.00103853,0.000361733,0.00266997,-0.00141327,-0.00195482,0.000149906,-0.00084195,-0.000272623,0.00026076,-0.00141327,0.0303582,0.00154131,-0.000650653,0.00133673,0.000191549,0.00133016,-0.00195482,0.00154131,0.0290953,0.00034137,6.4708e-05,3.64939e-05,5.8954e-05,0.000149906,-0.000650653,0.00034137,0.0466297,
0.00349715,0.000549915,-0.00139866,-0.000219851,-0.00084375,0.00133242,6.53879e-05,0.000549915,0.00132679,0.000241209,0.00104007,-0.000269967,0.000187622,3.65806e-05,-0.00139866,0.000241209,0.00210527,0.000361119,0.000254599,0.00132334,5.93477e-05,-0.000219851,0.00104007,0.000361119,0.00267293,-0.00141566,-0.00195808,0.000149661,-0.00084375,-0.000269967,0.000254599,-0.00141566,0.0303341,0.00153628,-0.000643775,0.00133242,0.000187622,0.00132334,-0.00195808,0.00153628,0.0290786,0.000341056,6.53879e-05,3.65806e-05,5.93477e-05,0.000149661,-0.000643775,0.000341056,0.0466296,
0.00349773,0.000547585,-0.00140362,-0.000216802,-0.000845337,0.00132807,6.60618e-05,0.000547585,0.00132525,0.000240541,0.00104161,-0.000267239,0.000183706,3.66648e-05,-0.00140362,0.000240541,0.00210899,0.000360441,0.000248458,0.00131642,5.97326e-05,-0.000216802,0.00104161,0.000360441,0.00267587,-0.00141798,-0.00196131,0.000149413,-0.000845337,-0.000267239,0.000248458,-0.00141798,0.0303102,0.00153138,-0.000636948,0.00132807,0.000183706,0.00131642,-0.00196131,0.00153138,0.0290619,0.000340754,6.60619e-05,3.66648e-05,5.97326e-05,0.000149413,-0.000636948,0.000340754,0.0466295,
0.00349823,0.000545206,-0.00140871,-0.000213701,-0.000846736,0.00132373,6.67244e-05,0.000545206,0.00132369,0.000239845,0.00104316,-0.000264469,0.000179818,3.67455e-05,-0.00140871,0.000239845,0.00211283,0.000359718,0.000242377,0.0013095,6.01074e-05,-0.000213701,0.00104316,0.000359718,0.00267878,-0.00142024,-0.00196445,0.000149166,-0.000846736,-0.000264469,0.000242377,-0.00142024,0.0302865,0.00152662,-0.000630184,0.00132373,0.000179818,0.0013095,-0.00196445,0.00152662,0.0290454,0.000340471,6.67245e-05,3.67455e-05,6.01074e-05,0.000149166,-0.000630184,0.000340471,0.0466294,
0.00349864,0.000542799,-0.00141388,-0.000210571,-0.000848016,0.00131936,6.7379e-05,0.000542799,0.00132214,0.000239134,0.00104469,-0.000261675,0.000175957,3.68245e-05,-0.00141388,0.000239134,0.00211674,0.000358966,0.000236321,0.00130258,6.0476e-05,-0.000210571,0.00104469,0.000358966,0.00268167,-0.00142242,-0.00196754,0.00014892,-0.000848016,-0.000261676,0.000236321,-0.00142242,0.030263,0.00152194,-0.000623462,0.00131936,0.000175957,0.00130258,-0.00196754,0.00152194,0.0290289,0.000340212,6.7379e-05,3.68244e-05,6.0476e-05,0.00014892,-0.000623462,0.000340212,0.0466293,
0.00349899,0.000540373,-0.00141907,-0.000207428,-0.000849205,0.00131498,6.80253e-05,0.000540373,0.00132058,0.000238416,0.00104622,-0.000258869,0.000172124,3.69019e-05,-0.00141907,0.000238416,0.0021207,0.000358192,0.00023029,0.00129568,6.08391e-05,-0.000207428,0.00104622,0.000358192,0.00268454,-0.00142453,-0.00197059,0.000148673,-0.000849205,-0.000258869,0.00023029,-0.00142453,0.0302397,0.00151734,-0.000616776,0.00131498,0.000172124,0.00129568,-0.00197059,0.00151734,0.0290124,0.000339978,6.80253e-05,3.69019e-05,6.08391e-05,0.000148673,-0.000616776,0.000339978,0.0466292,
0.00349926,0.000537939,-0.00142428,-0.000204281,-0.00085033,0.00131058,6.8664e-05,0.000537939,0.00131904,0.000237698,0.00104773,-0.000256056,0.000168319,3.69781e-05,-0.00142428,0.000237698,0.00212469,0.000357402,0.000224276,0.0012888,6.11979e-05,-0.000204281,0.00104773,0.000357402,0.0026874,-0.00142659,-0.00197359,0.000148425,-0.00085033,-0.000256056,0.000224276,-0.00142659,0.0302166,0.0015128,-0.00061012,0.00131058,0.000168319,0.0012888,-0.00197359,0.0015128,0.028996,0.000339771,6.8664e-05,3.69781e-05,6.1198e-05,0.000148425,-0.00061012,0.000339771,0.0466291,
0.00349948,0.000535501,-0.00142949,-0.000201137,-0.000851406,0.00130616,6.92953e-05,0.0005355,0.0013175,0.000236981,0.00104924,-0.000253242,0.000164542,3.70533e-05,-0.00142949,0.000236981,0.0021287,0.000356601,0.000218276,0.00128195,6.1553e-05,-0.000201137,0.00104924,0.000356601,0.00269025,-0.00142857,-0.00197655,0.000148176,-0.000851406,-0.000253242,0.000218276,-0.00142857,0.0301936,0.0015083,-0.00060349,0.00130616,0.000164542,0.00128195,-0.00197655,0.0015083,0.0289796,0.00033959,6.92953e-05,3.70533e-05,6.1553e-05,0.000148176,-0.00060349,0.00033959,0.046629,
0.00349964,0.000533062,-0.00143467,-0.000198002,-0.000852444,0.00130172,6.99195e-05,0.000533062,0.00131598,0.000236269,0.00105073,-0.00025043,0.000160793,3.71276e-05,-0.00143467,0.000236269,0.00213272,0.000355792,0.000212287,0.00127513,6.19047e-05,-0.000198002,0.00105073,0.000355792,0.00269309,-0.0014305,-0.00197948,0.000147926,-0.000852444,-0.000250431,0.000212287,-0.0014305,0.0301708,0.00150383,-0.000596883,0.00130172,0.000160793,0.00127513,-0.00197948,0.00150383,0.0289632,0.000339433,6.99195e-05,3.71275e-05,6.19047e-05,0.000147926,-0.000596883,0.000339433,0.0466288,
0.00349974,0.000530625,-0.00143982,-0.000194878,-0.00085345,0.00129726,7.05365e-05,0.000530625,0.00131446,0.000235563,0.00105221,-0.000247622,0.00015707,3.72009e-05,-0.00143982,0.000235563,0.00213676,0.000354975,0.000206309,0.00126835,6.22531e-05,-0.000194878,0.00105221,0.000354975,0.00269591,-0.00143236,-0.00198237,0.000147674,-0.00085345,-0.000247622,0.000206309,-0.00143236,0.0301481,0.0014994,-0.000590298,0.00129726,0.00015707,0.00126835,-0.00198237,0.00149941,0.0289469,0.000339299,7.05365e-05,3.72009e-05,6.22531e-05,0.000147674,-0.000590298,0.000339299,0.0466287,
0.00349979,0.000528192,-0.00144495,-0.000191766,-0.00085443,0.00129279,7.11465e-05,0.000528192,0.00131296,0.000234864,0.00105368,-0.00024482,0.000153375,3.72732e-05,-0.00144495,0.000234864,0.00214079,0.000354153,0.00020034,0.00126162,6.25984e-05,-0.000191766,0.00105368,0.000354153,0.00269872,-0.00143417,-0.00198522,0.000147421,-0.00085443,-0.00024482,0.00020034,-0.00143417,0.0301256,0.00149501,-0.000583735,0.00129279,0.000153375,0.00126162,-0.00198522,0.00149501,0.0289306,0.000339186,7.11465e-05,3.72732e-05,6.25985e-05,0.000147421,-0.000583735,0.000339186,0.0466286,
0.00349979,0.000525763,-0.00145004,-0.000188669,-0.000855387,0.0012883,7.17494e-05,0.000525763,0.00131147,0.000234172,0.00105514,-0.000242023,0.000149707,3.73446e-05,-0.00145004,0.000234172,0.00214483,0.000353325,0.000194382,0.00125492,6.29406e-05,-0.000188669,0.00105514,0.000353325,0.00270153,-0.00143591,-0.00198804,0.000147166,-0.000855387,-0.000242023,0.000194382,-0.00143591,0.0301032,0.00149063,-0.000577193,0.0012883,0.000149707,0.00125492,-0.00198804,0.00149063,0.0289143,0.000339091,7.17495e-05,3.73446e-05,6.29406e-05,0.000147166,-0.000577193,0.000339091,0.0466285,
0.00349974,0.000523339,-0.0014551,-0.000185587,-0.000856322,0.00128379,7.23455e-05,0.000523339,0.00131,0.000233487,0.00105658,-0.000239233,0.000146065,3.7415e-05,-0.0014551,0.000233487,0.00214888,0.000352493,0.000188433,0.00124826,6.32797e-05,-0.000185587,0.00105658,0.000352493,0.00270432,-0.00143759,-0.00199082,0.00014691,-0.000856322,-0.000239233,0.000188433,-0.00143759,0.0300809,0.00148628,-0.000570673,0.00128379,0.000146065,0.00124826,-0.00199082,0.00148628,0.0288981,0.000339013,7.23455e-05,3.7415e-05,6.32797e-05,0.00014691,-0.000570673,0.000339013,0.0466283,
0.00349964,0.000520922,-0.00146012,-0.000182521,-0.000857236,0.00127927,7.29345e-05,0.000520922,0.00130853,0.00023281,0.00105801,-0.000236451,0.00014245,3.74843e-05,-0.00146012,0.00023281,0.00215292,0.000351657,0.000182494,0.00124164,6.36155e-05,-0.000182521,0.00105801,0.000351657,0.0027071,-0.00143922,-0.00199357,0.000146652,-0.000857236,-0.000236451,0.000182494,-0.00143922,0.0300588,0.00148196,-0.000564174,0.00127927,0.00014245,0.00124164,-0.00199357,0.00148196,0.0288818,0.00033895,7.29344e-05,3.74843e-05,6.36156e-05,0.000146652,-0.000564174,0.00033895,0.0466282,
0.00349949,0.000518511,-0.0014651,-0.000179472,-0.000858131,0.00127474,7.35164e-05,0.000518511,0.00130708,0.000232141,0.00105943,-0.000233675,0.000138861,3.75524e-05,-0.0014651,0.000232141,0.00215696,0.000350818,0.000176565,0.00123507,6.39482e-05,-0.000179472,0.00105943,0.000350818,0.00270987,-0.00144079,-0.00199628,0.000146392,-0.000858131,-0.000233675,0.000176565,-0.00144079,0.0300368,0.00147766,-0.000557697,0.00127474,0.000138861,0.00123507,-0.00199628,0.00147766,0.0288656,0.0003389,7.35165e-05,3.75525e-05,6.39482e-05,0.000146392,-0.000557697,0.0003389,0.0466281,
0.0034993,0.000516106,-0.00147005,-0.000176438,-0.000859006,0.00127019,7.40914e-05,0.000516106,0.00130564,0.000231479,0.00106084,-0.000230908,0.000135299,3.76194e-05,-0.00147005,0.000231479,0.002161,0.000349974,0.000170646,0.00122854,6.42776e-05,-0.000176438,0.00106084,0.000349974,0.00271263,-0.00144231,-0.00199896,0.00014613,-0.000859006,-0.000230908,0.000170646,-0.00144231,0.030015,0.00147337,-0.000551242,0.00127019,0.000135299,0.00122854,-0.00199896,0.00147337,0.0288494,0.000338862,7.40914e-05,3.76194e-05,6.42776e-05,0.00014613,-0.000551242,0.000338862,0.0466279,
0.00349905,0.000513707,-0.00147496,-0.000173421,-0.000859863,0.00126563,7.46594e-05,0.000513707,0.00130421,0.000230824,0.00106224,-0.000228148,0.000131762,3.76851e-05,-0.00147496,0.000230824,0.00216504,0.000349127,0.000164738,0.00122205,6.46038e-05,-0.000173421,0.00106224,0.000349127,0.00271538,-0.00144377,-0.00200161,0.000145866,-0.000859863,-0.000228148,0.000164738,-0.00144377,0.0299933,0.00146911,-0.000544811,0.00126563,0.000131762,0.00122205,-0.00200161,0.00146911,0.0288333,0.000338833,7.46594e-05,3.76851e-05,6.46038e-05,0.000145866,-0.000544811,0.000338833,0.0466278,
0.00349876,0.000511316,-0.00147983,-0.000170421,-0.000860701,0.00126106,7.52203e-05,0.000511316,0.0013028,0.000230177,0.00106362,-0.000225396,0.000128252,3.77496e-05,-0.00147983,0.000230177,0.00216907,0.000348277,0.000158841,0.0012156,6.49266e-05,-0.000170421,0.00106362,0.000348277,0.00271812,-0.00144517,-0.00200422,0.0001456,-0.000860701,-0.000225396,0.000158841,-0.00144517,0.0299717,0.00146487,-0.000538402,0.00126106,0.000128252,0.0012156,-0.00200422,0.00146487,0.0288172,0.000338813,7.52203e-05,3.77496e-05,6.49266e-05,0.0001456,-0.000538402,0.000338813,0.0466276,
0.00349843,0.000508931,-0.00148466,-0.000167438,-0.000861521,0.00125648,7.57742e-05,0.000508931,0.0013014,0.000229538,0.001065,-0.000222652,0.000124767,3.78128e-05,-0.00148466,0.000229538,0.00217311,0.000347424,0.000152955,0.0012092,6.5246e-05,-0.000167438,0.001065,0.000347424,0.00272085,-0.00144652,-0.00200679,0.000145332,-0.000861521,-0.000222652,0.000152955,-0.00144652,0.0299503,0.00146065,-0.000532017,0.00125648,0.000124766,0.0012092,-0.00200679,0.00146065,0.0288011,0.0003388,7.57742e-05,3.78128e-05,6.5246e-05,0.000145332,-0.000532017,0.0003388,0.0466275,
0.00349805,0.000506553,-0.00148945,-0.000164472,-0.000862322,0.00125189,7.63211e-05,0.000506553,0.00130001,0.000228905,0.00106636,-0.000219916,0.000121307,3.78746e-05,-0.00148945,0.000228905,0.00217714,0.000346567,0.000147081,0.00120283,6.55621e-05,-0.000164472,0.00106636,0.000346567,0.00272357,-0.00144782,-0.00200934,0.000145062,-0.000862322,-0.000219916,0.000147081,-0.00144782,0.029929,0.00145645,-0.000525656,0.00125189,0.000121307,0.00120283,-0.00200934,0.00145645,0.028785,0.000338792,7.63211e-05,3.78746e-05,6.55621e-05,0.000145062,-0.000525656,0.000338792,0.0466274,
0.00349762,0.000504182,-0.00149421,-0.000161522,-0.000863105,0.0012473,7.6861e-05,0.000504182,0.00129863,0.00022828,0.00106771,-0.000217189,0.000117873,3.79351e-05,-0.00149421,0.00022828,0.00218117,0.000345707,0.000141219,0.00119651,6.58747e-05,-0.000161522,0.00106771,0.000345707,0.00272628,-0.00144907,-0.00201185,0.000144791,-0.000863105,-0.000217189,0.000141219,-0.00144907,0.0299078,0.00145227,-0.00051932,0.0012473,0.000117873,0.00119651,-0.00201185,0.00145227,0.028769,0.000338789,7.6861e-05,3.7935e-05,6.58747e-05,0.000144791,-0.00051932,0.000338789,0.0466272,
0.00349716,0.000501818,-0.00149893,-0.000158589,-0.00086387,0.00124269,7.73938e-05,0.000501818,0.00129726,0.000227661,0.00106905,-0.000214469,0.000114464,3.79941e-05,-0.00149893,0.000227661,0.0021852,0.000344844,0.000135368,0.00119023,6.61838e-05,-0.00015859,0.00106905,0.000344844,0.00272897,-0.00145026,-0.00201432,0.000144517,-0.00086387,-0.000214469,0.000135368,-0.00145026,0.0298868,0.00144811,-0.000513008,0.00124269,0.000114464,0.00119023,-0.00201432,0.00144811,0.028753,0.00033879,7.73938e-05,3.79942e-05,6.61838e-05,0.000144517,-0.000513008,0.00033879,0.0466271,
0.00349664,0.000499462,-0.00150361,-0.000155674,-0.000864617,0.00123808,7.79196e-05,0.000499462,0.00129591,0.00022705,0.00107038,-0.000211758,0.00011108,3.80518e-05,-0.00150361,0.00022705,0.00218922,0.000343978,0.00012953,0.00118399,6.64895e-05,-0.000155674,0.00107038,0.000343978,0.00273166,-0.0014514,-0.00201676,0.000144241,-0.000864617,-0.000211758,0.00012953,-0.0014514,0.0298659,0.00144396,-0.000506721,0.00123808,0.00011108,0.00118399,-0.00201676,0.00144396,0.0287371,0.000338793,7.79196e-05,3.80518e-05,6.64895e-05,0.000144241,-0.000506721,0.000338793,0.0466269,
0.00349609,0.000497113,-0.00150826,-0.000152776,-0.000865346,0.00123346,7.84385e-05,0.000497113,0.00129457,0.000226445,0.0010717,-0.000209055,0.000107721,3.8108e-05,-0.00150826,0.000226445,0.00219324,0.000343109,0.000123704,0.0011778,6.67917e-05,-0.000152776,0.0010717,0.000343109,0.00273433,-0.0014525,-0.00201917,0.000143963,-0.000865346,-0.000209055,0.000123704,-0.0014525,0.0298451,0.00143984,-0.00050046,0.00123346,0.000107721,0.0011778,-0.00201917,0.00143984,0.0287212,0.000338797,7.84385e-05,3.8108e-05,6.67917e-05,0.000143963,-0.00050046,0.000338797,0.0466268,
0.00349549,0.000494771,-0.00151287,-0.000149894,-0.000866058,0.00122884,7.89503e-05,0.000494771,0.00129324,0.000225846,0.00107301,-0.000206361,0.000104387,3.81628e-05,-0.00151287,0.000225846,0.00219726,0.000342238,0.000117891,0.00117164,6.70904e-05,-0.000149894,0.00107301,0.000342238,0.002737,-0.00145354,-0.00202155,0.000143683,-0.000866058,-0.000206361,0.000117891,-0.00145354,0.0298244,0.00143573,-0.000494224,0.00122884,0.000104387,0.00117164,-0.00202155,0.00143573,0.0287053,0.000338803,7.89503e-05,3.81628e-05,6.70904e-05,0.000143683,-0.000494224,0.000338803,0.0466267,
0.00349485,0.000492436,-0.00151744,-0.00014703,-0.000866752,0.00122421,7.94552e-05,0.000492436,0.00129192,0.000225254,0.0010743,-0.000203675,0.000101078,3.82162e-05,-0.00151744,0.000225254,0.00220128,0.000341363,0.00011209,0.00116553,6.73857e-05,-0.00014703,0.0010743,0.000341363,0.00273965,-0.00145454,-0.00202389,0.000143401,-0.000866752,-0.000203675,0.00011209,-0.00145454,0.0298039,0.00143164,-0.000488014,0.00122421,0.000101078,0.00116553,-0.00202389,0.00143164,0.0286895,0.000338808,7.94552e-05,3.82162e-05,6.73857e-05,0.000143401,-0.000488014,0.000338808,0.0466265,
0.00349418,0.00049011,-0.00152198,-0.000144183,-0.000867429,0.00121957,7.9953e-05,0.00049011,0.00129061,0.000224669,0.00107559,-0.000200998,9.77927e-05,3.8268e-05,-0.00152198,0.000224669,0.00220529,0.000340486,0.000106303,0.00115945,6.76774e-05,-0.000144183,0.00107559,0.000340486,0.00274229,-0.00145549,-0.00202621,0.000143117,-0.000867429,-0.000200998,0.000106303,-0.00145549,0.0297835,0.00142757,-0.00048183,0.00121957,9.77927e-05,0.00115945,-0.00202621,0.00142757,0.0286737,0.000338813,7.9953e-05,3.8268e-05,6.76774e-05,0.000143117,-0.000481831,0.000338813,0.0466264,
0.00349346,0.00048779,-0.00152648,-0.000141353,-0.000868088,0.00121493,8.0444e-05,0.00048779,0.00128932,0.000224089,0.00107686,-0.00019833,9.4532e-05,3.83185e-05,-0.00152648,0.000224089,0.0022093,0.000339607,0.000100528,0.00115342,6.79657e-05,-0.000141353,0.00107686,0.000339607,0.00274492,-0.00145639,-0.00202849,0.000142831,-0.000868088,-0.00019833,0.000100528,-0.00145639,0.0297633,0.00142352,-0.000475673,0.00121493,9.4532e-05,0.00115342,-0.00202849,0.00142352,0.0286579,0.000338816,8.0444e-05,3.83184e-05,6.79656e-05,0.000142831,-0.000475673,0.000338816,0.0466263,
0.0034927,0.000485479,-0.00153094,-0.000138541,-0.000868731,0.00121029,8.09281e-05,0.000485479,0.00128803,0.000223516,0.00107813,-0.00019567,9.12954e-05,3.83674e-05,-0.00153094,0.000223516,0.00221331,0.000338724,9.47674e-05,0.00114743,6.82504e-05,-0.000138541,0.00107813,0.000338724,0.00274754,-0.00145725,-0.00203074,0.000142543,-0.000868731,-0.00019567,9.47674e-05,-0.00145725,0.0297431,0.00141948,-0.000469542,0.00121029,9.12954e-05,0.00114743,-0.00203074,0.00141948,0.0286422,0.000338817,8.09281e-05,3.83674e-05,6.82504e-05,0.000142543,-0.000469542,0.000338817,0.0466261,
0.0034919,0.000483175,-0.00153537,-0.000135746,-0.000869358,0.00120564,8.14052e-05,0.000483175,0.00128676,0.000222949,0.00107938,-0.000193019,8.80829e-05,3.84149e-05,-0.00153537,0.000222949,0.00221731,0.00033784,8.90198e-05,0.00114148,6.85317e-05,-0.000135746,0.00107938,0.00033784,0.00275015,-0.00145806,-0.00203295,0.000142254,-0.000869358,-0.000193019,8.90197e-05,-0.00145806,0.0297231,0.00141546,-0.000463437,0.00120564,8.80829e-05,0.00114148,-0.00203295,0.00141546,0.0286266,0.000338816,8.14052e-05,3.84148e-05,6.85317e-05,0.000142254,-0.000463437,0.000338816,0.046626,
0.00349106,0.000480879,-0.00153976,-0.000132968,-0.000869967,0.001201,8.18756e-05,0.000480879,0.0012855,0.000222388,0.00108062,-0.000190377,8.48942e-05,3.84609e-05,-0.00153976,0.000222388,0.00222131,0.000336953,8.32857e-05,0.00113557,6.88096e-05,-0.000132968,0.00108062,0.000336953,0.00275275,-0.00145882,-0.00203514,0.000141962,-0.000869967,-0.000190377,8.32857e-05,-0.00145882,0.0297033,0.00141146,-0.000457359,0.001201,8.48943e-05,0.00113557,-0.00203514,0.00141146,0.0286109,0.000338812,8.18756e-05,3.84608e-05,6.88096e-05,0.000141962,-0.000457359,0.000338812,0.0466259,
0.00349019,0.000478591,-0.00154412,-0.000130208,-0.000870561,0.00119635,8.2339e-05,0.000478591,0.00128424,0.000221833,0.00108186,-0.000187744,8.17292e-05,3.85054e-05,-0.00154412,0.000221833,0.0022253,0.000336064,7.75653e-05,0.0011297,6.9084e-05,-0.000130208,0.00108186,0.000336064,0.00275534,-0.00145954,-0.0020373,0.000141668,-0.000870561,-0.000187744,7.75652e-05,-0.00145954,0.0296835,0.00140747,-0.000451308,0.00119635,8.17293e-05,0.0011297,-0.0020373,0.00140747,0.0285954,0.000338805,8.2339e-05,3.85054e-05,6.9084e-05,0.000141668,-0.000451308,0.000338805,0.0466257,
0.00348928,0.00047631,-0.00154844,-0.000127465,-0.000871139,0.0011917,8.27957e-05,0.00047631,0.001283,0.000221283,0.00108308,-0.00018512,7.85879e-05,3.85485e-05,-0.00154844,0.000221283,0.00222929,0.000335172,7.18586e-05,0.00112387,6.9355e-05,-0.000127465,0.00108308,0.000335172,0.00275791,-0.00146022,-0.00203942,0.000141373,-0.000871139,-0.00018512,7.18586e-05,-0.00146022,0.0296639,0.00140351,-0.000445284,0.0011917,7.85879e-05,0.00112387,-0.00203942,0.00140351,0.0285798,0.000338794,8.27957e-05,3.85485e-05,6.9355e-05,0.000141373,-0.000445284,0.000338794,0.0466256,
0.00348833,0.000474038,-0.00155273,-0.00012474,-0.0008717,0.00118704,8.32456e-05,0.000474038,0.00128177,0.00022074,0.00108429,-0.000182505,7.54699e-05,3.85901e-05,-0.00155273,0.00022074,0.00223327,0.000334278,6.61659e-05,0.00111808,6.96226e-05,-0.00012474,0.00108429,0.000334278,0.00276048,-0.00146085,-0.00204152,0.000141076,-0.0008717,-0.000182505,6.61659e-05,-0.00146085,0.0296444,0.00139956,-0.000439287,0.00118704,7.54699e-05,0.00111808,-0.00204152,0.00139956,0.0285643,0.000338778,8.32455e-05,3.85901e-05,6.96226e-05,0.000141076,-0.000439287,0.000338778,0.0466255,
0.00348734,0.000471774,-0.00155698,-0.000122032,-0.000872247,0.00118239,8.36887e-05,0.000471774,0.00128056,0.000220201,0.00108549,-0.000179899,7.23751e-05,3.86303e-05,-0.00155698,0.000220201,0.00223726,0.000333383,6.04872e-05,0.00111233,6.98868e-05,-0.000122032,0.00108549,0.000333383,0.00276303,-0.00146144,-0.00204359,0.000140777,-0.000872247,-0.000179899,6.04872e-05,-0.00146144,0.0296251,0.00139562,-0.000433317,0.00118239,7.23752e-05,0.00111233,-0.00204359,0.00139562,0.0285489,0.000338759,8.36887e-05,3.86303e-05,6.98868e-05,0.000140777,-0.000433317,0.000338759,0.0466254,
0.00348632,0.000469518,-0.00156119,-0.000119342,-0.000872778,0.00117774,8.41251e-05,0.000469518,0.00127935,0.000219669,0.00108668,-0.000177303,6.93035e-05,3.86691e-05,-0.00156119,0.000219669,0.00224123,0.000332485,5.48226e-05,0.00110662,7.01477e-05,-0.000119342,0.00108668,0.000332485,0.00276557,-0.00146199,-0.00204563,0.000140476,-0.000872778,-0.000177303,5.48225e-05,-0.00146199,0.0296058,0.00139171,-0.000427374,0.00117774,6.93035e-05,0.00110662,-0.00204563,0.00139171,0.0285335,0.000338734,8.41252e-05,3.86691e-05,7.01477e-05,0.000140476,-0.000427374,0.000338734,0.0466252,
0.00348527,0.000467271,-0.00156537,-0.000116669,-0.000873294,0.00117309,8.45549e-05,0.000467271,0.00127815,0.000219141,0.00108787,-0.000174716,6.62548e-05,3.87065e-05,-0.00156537,0.000219141,0.0022452,0.000331586,4.91722e-05,0.00110095,7.04053e-05,-0.000116669,0.00108787,0.000331586,0.00276811,-0.00146249,-0.00204763,0.000140173,-0.000873294,-0.000174716,4.91722e-05,-0.00146249,0.0295867,0.0013878,-0.000421459,0.00117309,6.62548e-05,0.00110095,-0.00204763,0.0013878,0.0285182,0.000338705,8.45549e-05,3.87065e-05,7.04052e-05,0.000140173,-0.000421459,0.000338705,0.0466251,
0.00348418,0.000465031,-0.00156952,-0.000114014,-0.000873795,0.00116844,8.4978e-05,0.000465031,0.00127696,0.000218619,0.00108904,-0.000172138,6.3229e-05,3.87424e-05,-0.00156952,0.000218619,0.00224917,0.000330685,4.35361e-05,0.00109532,7.06595e-05,-0.000114014,0.00108904,0.000330685,0.00277063,-0.00146296,-0.00204961,0.000139869,-0.000873795,-0.000172138,4.35361e-05,-0.00146296,0.0295677,0.00138392,-0.000415571,0.00116844,6.3229e-05,0.00109532,-0.00204961,0.00138392,0.0285029,0.00033867,8.4978e-05,3.87425e-05,7.06595e-05,0.000139869,-0.000415571,0.00033867,0.046625,
0.00348305,0.0004628,-0.00157363,-0.000111376,-0.000874282,0.00116379,8.53945e-05,0.0004628,0.00127579,0.000218102,0.0010902,-0.000169569,6.02258e-05,3.8777e-05,-0.00157363,0.000218102,0.00225313,0.000329782,3.79143e-05,0.00108972,7.09104e-05,-0.000111376,0.0010902,0.000329782,0.00277314,-0.00146338,-0.00205157,0.000139563,-0.000874282,-0.000169569,3.79143e-05,-0.00146338,0.0295489,0.00138005,-0.00040971,0.00116379,6.02258e-05,0.00108972,-0.00205157,0.00138005,0.0284876,0.00033863,8.53945e-05,3.8777e-05,7.09105e-05,0.000139563,-0.00040971,0.00033863,0.0466249,
0.00348189,0.000460578,-0.00157771,-0.000108756,-0.000874754,0.00115914,8.58044e-05,0.000460578,0.00127462,0.000217591,0.00109136,-0.00016701,5.72452e-05,3.88101e-05,-0.00157771,0.000217591,0.00225708,0.000328877,3.23071e-05,0.00108417,7.11582e-05,-0.000108756,0.00109136,0.000328877,0.00277563,-0.00146377,-0.00205349,0.000139255,-0.000874754,-0.00016701,3.23071e-05,-0.00146377,0.0295301,0.0013762,-0.000403876,0.00115914,5.72452e-05,0.00108417,-0.00205349,0.0013762,0.0284724,0.000338585,8.58045e-05,3.88101e-05,7.11582e-05,0.000139255,-0.000403876,0.000338584,0.0466248,
0.0034807,0.000458364,-0.00158175,-0.000106154,-0.000875212,0.00115449,8.62079e-05,0.000458364,0.00127347,0.000217084,0.0010925,-0.000164461,5.42869e-05,3.88419e-05,-0.00158175,0.000217084,0.00226103,0.000327971,2.67144e-05,0.00107865,7.14027e-05,-0.000106154,0.0010925,0.000327971,0.00277812,-0.00146412,-0.00205539,0.000138946,-0.000875212,-0.000164461,2.67144e-05,-0.00146412,0.0295115,0.00137237,-0.00039807,0.00115449,5.42869e-05,0.00107865,-0.00205539,0.00137237,0.0284573,0.000338533,8.62079e-05,3.88419e-05,7.14027e-05,0.000138946,-0.00039807,0.000338533,0.0466247,
0.00347948,0.000456158,-0.00158576,-0.000103569,-0.000875657,0.00114985,8.66048e-05,0.000456158,0.00127232,0.000216583,0.00109363,-0.000161921,5.13508e-05,3.88723e-05,-0.00158576,0.000216583,0.00226498,0.000327063,2.11364e-05,0.00107317,7.1644e-05,-0.000103569,0.00109363,0.000327063,0.0027806,-0.00146443,-0.00205726,0.000138635,-0.000875657,-0.000161921,2.11364e-05,-0.00146443,0.029493,0.00136855,-0.000392291,0.00114985,5.13508e-05,0.00107317,-0.00205726,0.00136855,0.0284422,0.000338476,8.66048e-05,3.88723e-05,7.1644e-05,0.000138635,-0.000392292,0.000338476,0.0466245,
0.00347822,0.000453961,-0.00158973,-0.000101002,-0.000876088,0.00114521,8.69954e-05,0.000453961,0.00127119,0.000216086,0.00109476,-0.000159391,4.84368e-05,3.89014e-05,-0.00158973,0.000216086,0.00226892,0.000326154,1.55731e-05,0.00106773,7.18822e-05,-0.000101002,0.00109476,0.000326154,0.00278306,-0.0014647,-0.0020591,0.000138323,-0.000876088,-0.000159391,1.55731e-05,-0.0014647,0.0294746,0.00136475,-0.00038654,0.00114521,4.84368e-05,0.00106773,-0.0020591,0.00136475,0.0284272,0.000338412,8.69954e-05,3.89014e-05,7.18822e-05,0.000138323,-0.00038654,0.000338412,0.0466244,
0.00347693,0.000451773,-0.00159368,-9.84532e-05,-0.000876505,0.00114058,8.73794e-05,0.000451773,0.00127006,0.000215594,0.00109587,-0.000156871,4.55447e-05,3.89292e-05,-0.00159368,0.000215594,0.00227285,0.000325244,1.00246e-05,0.00106233,7.21173e-05,-9.84532e-05,0.00109587,0.000325244,0.00278552,-0.00146493,-0.00206091,0.000138009,-0.000876505,-0.000156871,1.00245e-05,-0.00146493,0.0294564,0.00136097,-0.000380816,0.00114058,4.55448e-05,0.00106233,-0.00206091,0.00136097,0.0284122,0.000338343,8.73795e-05,3.89292e-05,7.21173e-05,0.000138009,-0.000380816,0.000338343,0.0466243,
0.00347562,0.000449593,-0.00159758,-9.59215e-05,-0.00087691,0.00113595,8.77572e-05,0.000449593,0.00126895,0.000215107,0.00109698,-0.00015436,4.26744e-05,3.89557e-05,-0.00159758,0.000215107,0.00227677,0.000324333,4.49091e-06,0.00105696,7.23492e-05,-9.59216e-05,0.00109698,0.000324333,0.00278796,-0.00146513,-0.0020627,0.000137693,-0.00087691,-0.000154361,4.49091e-06,-0.00146513,0.0294382,0.0013572,-0.000375119,0.00113595,4.26744e-05,0.00105696,-0.0020627,0.0013572,0.0283972,0.000338267,8.77572e-05,3.89557e-05,7.23492e-05,0.000137693,-0.000375119,0.000338267,0.0466242,
0.00347427,0.000447422,-0.00160146,-9.34076e-05,-0.000877302,0.00113132,8.81287e-05,0.000447422,0.00126784,0.000214624,0.00109808,-0.00015186,3.98258e-05,3.89808e-05,-0.00160146,0.000214624,0.00228069,0.00032342,-1.02779e-06,0.00105163,7.25781e-05,-9.34076e-05,0.00109808,0.00032342,0.00279039,-0.00146529,-0.00206447,0.000137377,-0.000877302,-0.00015186,-1.02779e-06,-0.00146529,0.0294202,0.00135345,-0.000369449,0.00113132,3.98258e-05,0.00105163,-0.00206447,0.00135345,0.0283823,0.000338185,8.81287e-05,3.89809e-05,7.25781e-05,0.000137377,-0.000369449,0.000338185,0.0466241,
0.00347289,0.00044526,-0.0016053,-9.09114e-05,-0.000877681,0.0011267,8.84939e-05,0.00044526,0.00126674,0.000214146,0.00109917,-0.000149369,3.69985e-05,3.90047e-05,-0.0016053,0.000214146,0.0022846,0.000322506,-6.53153e-06,0.00104634,7.2804e-05,-9.09114e-05,0.00109917,0.000322506,0.00279281,-0.00146541,-0.0020662,0.000137058,-0.000877681,-0.000149369,-6.53155e-06,-0.00146541,0.0294023,0.00134971,-0.000363807,0.0011267,3.69985e-05,0.00104634,-0.0020662,0.00134971,0.0283675,0.000338096,8.84938e-05,3.90047e-05,7.2804e-05,0.000137058,-0.000363807,0.000338096,0.046624,
0.00347148,0.000443107,-0.0016091,-8.84328e-05,-0.000878047,0.00112208,8.88528e-05,0.000443107,0.00126566,0.000213673,0.00110024,-0.000146888,3.41927e-05,3.90274e-05,-0.0016091,0.000213673,0.00228851,0.000321592,-1.20202e-05,0.00104109,7.30269e-05,-8.84328e-05,0.00110024,0.000321592,0.00279522,-0.0014655,-0.00206791,0.000136739,-0.000878047,-0.000146888,-1.20202e-05,-0.0014655,0.0293845,0.00134599,-0.000358192,0.00112208,3.41926e-05,0.00104109,-0.00206791,0.00134599,0.0283527,0.000338002,8.88528e-05,3.90274e-05,7.30269e-05,0.000136739,-0.000358192,0.000338002,0.0466239,
0.00347005,0.000440963,-0.00161288,-8.59719e-05,-0.000878402,0.00111747,8.92056e-05,0.000440963,0.00126458,0.000213204,0.00110131,-0.000144417,3.1408e-05,3.90488e-05,-0.00161288,0.000213204,0.00229241,0.000320676,-1.74937e-05,0.00103587,7.32469e-05,-8.59719e-05,0.00110131,0.000320676,0.00279762,-0.00146556,-0.0020696,0.000136418,-0.000878402,-0.000144417,-1.74937e-05,-0.00146556,0.0293669,0.00134229,-0.000352604,0.00111747,3.14079e-05,0.00103587,-0.0020696,0.00134229,0.028338,0.0003379,8.92056e-05,3.90488e-05,7.32469e-05,0.000136418,-0.000352604,0.0003379,0.0466238,
0.00346858,0.000438827,-0.00161662,-8.35286e-05,-0.000878744,0.00111286,8.95523e-05,0.000438827,0.00126352,0.000212739,0.00110238,-0.000141956,2.86443e-05,3.9069e-05,-0.00161662,0.000212739,0.0022963,0.00031976,-2.2952e-05,0.00103069,7.34639e-05,-8.35286e-05,0.00110238,0.00031976,0.00280001,-0.00146558,-0.00207126,0.000136096,-0.000878744,-0.000141956,-2.2952e-05,-0.00146558,0.0293493,0.0013386,-0.000347043,0.00111286,2.86443e-05,0.00103069,-0.00207126,0.0013386,0.0283233,0.000337792,8.95522e-05,3.9069e-05,7.34638e-05,0.000136096,-0.000347043,0.000337792,0.0466238,
0.00346709,0.000436701,-0.00162032,-8.1103e-05,-0.000879075,0.00110826,8.98928e-05,0.000436701,0.00126246,0.000212279,0.00110343,-0.000139505,2.59015e-05,3.9088e-05,-0.00162032,0.000212279,0.00230019,0.000318843,-2.83951e-05,0.00102555,7.3678e-05,-8.1103e-05,0.00110343,0.000318843,0.00280238,-0.00146556,-0.0020729,0.000135773,-0.000879075,-0.000139505,-2.83951e-05,-0.00146556,0.0293319,0.00133493,-0.000341509,0.00110826,2.59015e-05,0.00102555,-0.0020729,0.00133493,0.0283087,0.000337678,8.98928e-05,3.90879e-05,7.3678e-05,0.000135773,-0.000341509,0.000337678,0.0466237,
0.00346557,0.000434584,-0.001624,-7.8695e-05,-0.000879395,0.00110367,9.02274e-05,0.000434584,0.00126141,0.000211823,0.00110447,-0.000137065,2.31795e-05,3.91057e-05,-0.001624,0.000211823,0.00230407,0.000317925,-3.38229e-05,0.00102044,7.38893e-05,-7.8695e-05,0.00110447,0.000317925,0.00280475,-0.00146552,-0.00207451,0.000135448,-0.000879395,-0.000137065,-3.38228e-05,-0.00146552,0.0293146,0.00133127,-0.000336003,0.00110367,2.31795e-05,0.00102044,-0.00207451,0.00133127,0.0282941,0.000337557,9.02273e-05,3.91057e-05,7.38893e-05,0.000135448,-0.000336003,0.000337557,0.0466236,
0.00346402,0.000432475,-0.00162764,-7.63047e-05,-0.000879703,0.00109908,9.05559e-05,0.000432475,0.00126037,0.000211371,0.00110551,-0.000134634,2.0478e-05,3.91223e-05,-0.00162764,0.000211371,0.00230794,0.000317006,-3.92353e-05,0.00101536,7.40978e-05,-7.63047e-05,0.00110551,0.000317006,0.0028071,-0.00146544,-0.0020761,0.000135122,-0.000879703,-0.000134634,-3.92352e-05,-0.00146544,0.0292974,0.00132763,-0.000330523,0.00109908,2.0478e-05,0.00101536,-0.0020761,0.00132763,0.0282796,0.00033743,9.0556e-05,3.91224e-05,7.40978e-05,0.000135122,-0.000330523,0.00033743,0.0466235,
0.00346245,0.000430376,-0.00163125,-7.39319e-05,-0.000880001,0.0010945,9.08785e-05,0.000430376,0.00125934,0.000210923,0.00110653,-0.000132214,1.7797e-05,3.91378e-05,-0.00163125,0.000210923,0.0023118,0.000316087,-4.46322e-05,0.00101033,7.43035e-05,-7.39319e-05,0.00110653,0.000316087,0.00280945,-0.00146533,-0.00207767,0.000134795,-0.000880001,-0.000132214,-4.46322e-05,-0.00146533,0.0292803,0.00132401,-0.00032507,0.0010945,1.7797e-05,0.00101033,-0.00207767,0.00132401,0.0282651,0.000337296,9.08785e-05,3.91378e-05,7.43035e-05,0.000134795,-0.00032507,0.000337296,0.0466234,
0.00346085,0.000428286,-0.00163483,-7.15767e-05,-0.000880287,0.00108993,9.11952e-05,0.000428286,0.00125832,0.000210479,0.00110755,-0.000129803,1.51363e-05,3.91522e-05,-0.00163483,0.000210479,0.00231566,0.000315167,-5.00138e-05,0.00100532,7.45064e-05,-7.15767e-05,0.00110755,0.000315167,0.00281178,-0.00146519,-0.00207921,0.000134467,-0.000880287,-0.000129803,-5.00138e-05,-0.00146519,0.0292634,0.0013204,-0.000319643,0.00108993,1.51363e-05,0.00100532,-0.00207921,0.0013204,0.0282507,0.000337155,9.11952e-05,3.91521e-05,7.45064e-05,0.000134467,-0.000319644,0.000337155,0.0466233,
0.00345923,0.000426205,-0.00163838,-6.92391e-05,-0.000880563,0.00108536,9.15061e-05,0.000426205,0.00125731,0.000210039,0.00110856,-0.000127403,1.24957e-05,3.91654e-05,-0.00163838,0.000210039,0.0023195,0.000314247,-5.53798e-05,0.00100036,7.47066e-05,-6.92391e-05,0.00110856,0.000314247,0.0028141,-0.00146501,-0.00208073,0.000134138,-0.000880563,-0.000127403,-5.53798e-05,-0.00146501,0.0292465,0.00131681,-0.000314244,0.00108536,1.24957e-05,0.00100036,-0.00208073,0.00131681,0.0282364,0.000337008,9.15061e-05,3.91653e-05,7.47066e-05,0.000134138,-0.000314244,0.000337008,0.0466233,
0.00345758,0.000424133,-0.0016419,-6.6919e-05,-0.000880829,0.00108081,9.18112e-05,0.000424133,0.00125631,0.000209603,0.00110956,-0.000125014,9.87513e-06,3.91775e-05,-0.0016419,0.000209603,0.00232334,0.000313327,-6.07302e-05,0.000995424,7.49042e-05,-6.6919e-05,0.00110956,0.000313327,0.00281641,-0.00146481,-0.00208222,0.000133808,-0.000880829,-0.000125014,-6.07301e-05,-0.00146481,0.0292298,0.00131324,-0.000308871,0.00108081,9.8751e-06,0.000995424,-0.00208222,0.00131324,0.0282221,0.000336854,9.18112e-05,3.91774e-05,7.49041e-05,0.000133808,-0.000308871,0.000336854,0.0466232,
0.0034559,0.00042207,-0.00164538,-6.46164e-05,-0.000881084,0.00107626,9.21105e-05,0.00042207,0.00125532,0.00020917,0.00111056,-0.000122634,7.27443e-06,3.91885e-05,-0.00164538,0.00020917,0.00232718,0.000312407,-6.6065e-05,0.000990526,7.50991e-05,-6.46164e-05,0.00111056,0.000312407,0.00281871,-0.00146457,-0.00208369,0.000133477,-0.000881084,-0.000122634,-6.6065e-05,-0.00146457,0.0292132,0.00130968,-0.000303525,0.00107626,7.2744e-06,0.000990526,-0.00208369,0.00130968,0.0282079,0.000336694,9.21105e-05,3.91885e-05,7.50991e-05,0.000133477,-0.000303525,0.000336694,0.0466231,
0.00345421,0.000420016,-0.00164883,-6.23312e-05,-0.00088133,0.00107172,9.24042e-05,0.000420016,0.00125433,0.000208742,0.00111154,-0.000120265,4.69344e-06,3.91985e-05,-0.00164883,0.000208742,0.002331,0.000311486,-7.13841e-05,0.000985662,7.52914e-05,-6.23312e-05,0.00111154,0.000311486,0.002821,-0.00146431,-0.00208514,0.000133145,-0.00088133,-0.000120265,-7.13841e-05,-0.00146431,0.0291967,0.00130614,-0.000298205,0.00107172,4.69341e-06,0.000985662,-0.00208514,0.00130614,0.0281937,0.000336528,9.24041e-05,3.91984e-05,7.52913e-05,0.000133145,-0.000298205,0.000336528,0.046623,
0.00345249,0.000417972,-0.00165225,-6.00635e-05,-0.000881566,0.00106719,9.26922e-05,0.000417972,0.00125336,0.000208317,0.00111252,-0.000117907,2.13202e-06,3.92074e-05,-0.00165225,0.000208317,0.00233482,0.000310565,-7.66875e-05,0.000980833,7.54811e-05,-6.00635e-05,0.00111252,0.000310565,0.00282328,-0.00146402,-0.00208657,0.000132812,-0.000881566,-0.000117907,-7.66875e-05,-0.00146402,0.0291803,0.00130261,-0.000292912,0.00106719,2.13202e-06,0.000980833,-0.00208657,0.00130261,0.0281796,0.000336355,9.26922e-05,3.92074e-05,7.54811e-05,0.000132812,-0.000292912,0.000336355,0.046623,
0.00345074,0.000415937,-0.00165564,-5.78133e-05,-0.000881792,0.00106267,9.29746e-05,0.000415937,0.00125239,0.000207895,0.00111349,-0.000115558,-4.09978e-07,3.92153e-05,-0.00165564,0.000207895,0.00233862,0.000309644,-8.19753e-05,0.000976037,7.56682e-05,-5.78132e-05,0.00111349,0.000309644,0.00282554,-0.0014637,-0.00208798,0.000132478,-0.000881792,-0.000115558,-8.19753e-05,-0.0014637,0.029164,0.0012991,-0.000287645,0.00106267,-4.10005e-07,0.000976037,-0.00208798,0.0012991,0.0281655,0.000336176,9.29746e-05,3.92153e-05,7.56682e-05,0.000132478,-0.000287645,0.000336176,0.0466229,
0.00344898,0.000413911,-0.001659,-5.55803e-05,-0.000882009,0.00105816,9.32514e-05,0.000413911,0.00125143,0.000207477,0.00111445,-0.00011322,-2.93268e-06,3.92222e-05,-0.001659,0.000207477,0.00234242,0.000308723,-8.72471e-05,0.000971275,7.58529e-05,-5.55803e-05,0.00111445,0.000308723,0.0028278,-0.00146335,-0.00208936,0.000132143,-0.000882009,-0.00011322,-8.72472e-05,-0.00146335,0.0291478,0.0012956,-0.000282404,0.00105816,-2.93265e-06,0.000971275,-0.00208936,0.0012956,0.0281515,0.000335991,9.32515e-05,3.92222e-05,7.58529e-05,0.000132143,-0.000282404,0.000335991,0.0466228,
0.00344719,0.000411894,-0.00166233,-5.33647e-05,-0.000882217,0.00105365,9.35228e-05,0.000411894,0.00125048,0.000207063,0.0011154,-0.000110893,-5.43626e-06,3.92281e-05,-0.00166233,0.000207063,0.00234621,0.000307802,-9.25032e-05,0.000966547,7.60351e-05,-5.33647e-05,0.0011154,0.000307802,0.00283005,-0.00146297,-0.00209073,0.000131807,-0.000882217,-0.000110893,-9.25032e-05,-0.00146297,0.0291317,0.00129212,-0.000277189,0.00105365,-5.43626e-06,0.000966547,-0.00209073,0.00129212,0.0281375,0.000335799,9.35228e-05,3.92281e-05,7.60351e-05,0.000131807,-0.000277189,0.000335799,0.0466228,
0.00344538,0.000409887,-0.00166563,-5.11664e-05,-0.000882416,0.00104916,9.37887e-05,0.000409887,0.00124954,0.000206652,0.00111635,-0.000108576,-7.92086e-06,3.92331e-05,-0.00166563,0.000206652,0.00234999,0.000306881,-9.77434e-05,0.000961852,7.62148e-05,-5.11664e-05,0.00111635,0.000306881,0.00283228,-0.00146256,-0.00209207,0.000131471,-0.000882416,-0.000108576,-9.77434e-05,-0.00146256,0.0291158,0.00128866,-0.000272,0.00104916,-7.92089e-06,0.000961852,-0.00209207,0.00128866,0.0281236,0.000335601,9.37887e-05,3.92331e-05,7.62148e-05,0.000131471,-0.000272,0.000335601,0.0466227,
0.00344354,0.000407889,-0.0016689,-4.89853e-05,-0.000882607,0.00104468,9.40492e-05,0.000407889,0.00124861,0.000206244,0.00111729,-0.000106269,-1.03866e-05,3.9237e-05,-0.0016689,0.000206244,0.00235377,0.00030596,-0.000102968,0.000957189,7.63921e-05,-4.89853e-05,0.00111729,0.00030596,0.0028345,-0.00146213,-0.00209339,0.000131133,-0.000882607,-0.000106269,-0.000102968,-0.00146213,0.0290999,0.00128521,-0.000266837,0.00104468,-1.03866e-05,0.000957189,-0.00209339,0.00128521,0.0281098,0.000335397,9.40493e-05,3.92371e-05,7.63922e-05,0.000131133,-0.000266837,0.000335397,0.0466227,
