0.00367634,-0.000190157,0.000349662,-0.00083026,-0.00170674,-0.000259668,-8.43983e-05,-0.000190157,0.00104084,-0.000743665,-0.00093147,6.62456e-05,-0.000649949,6.25077e-05,0.000349662,-0.000743665,0.00371472,0.000556663,-0.000965383,0.000390151,-8.42353e-05,-0.00083026,-0.00093147,0.000556663,0.0029871,-0.000588247,-0.002361,3.87962e-05,-0.00170674,6.62456e-05,-0.000965383,-0.000588247,0.0343549,0.00209799,-0.00164558,-0.000259668,-0.000649949,0.000390151,-0.002361,0.00209799,0.0300915,0.000228727,-8.43983e-05,6.25077e-05,-8.42353e-05,3.87962e-05,-0.00164558,0.000228727,0.0467027,
0.00367645,-0.000191445,0.000347998,-0.000832169,-0.00170539,-0.000259542,-8.42495e-05,-0.000191445,0.00104046,-0.000745402,-0.000928863,6.63331e-05,-0.000651464,6.27526e-05,0.000347998,-0.000745402,0.00371548,0.000558131,-0.000968267,0.000385504,-8.36223e-05,-0.000832169,-0.000928863,0.000558131,0.00298417,-0.000587615,-0.00235987,3.83575e-05,-0.00170539,6.63331e-05,-0.000968267,-0.000587615,0.0343535,0.00210236,-0.00164406,-0.000259542,-0.000651464,0.000385503,-0.00235987,0.00210236,0.0300918,0.000229302,-8.42494e-05,6.27526e-05,-8.36223e-05,3.83575e-05,-0.00164406,0.000229303,0.0467025,
0.00367745,-0.000193682,0.000346302,-0.000833189,-0.00170372,-0.000258988,-8.40016e-05,-0.000193682,0.00104075,-0.000747522,-0.000926933,6.62424e-05,-0.000653046,6.29631e-05,0.000346302,-0.000747522,0.00371281,0.000560307,-0.000970798,0.000380854,-8.26369e-05,-0.000833189,-0.000926933,0.000560307,0.00298183,-0.000586768,-0.00235846,3.78285e-05,-0.00170372,6.62425e-05,-0.000970798,-0.000586768,0.0343494,0.00210617,-0.00164174,-0.000258988,-0.000653046,0.000380854,-0.00235846,0.00210617,0.0300914,0.000229971,-8.40016e-05,6.29631e-05,-8.26369e-05,3.78285e-05,-0.00164174,0.000229971,0.0467021,
0.00368014,-0.000196907,0.000343806,-0.000833369,-0.0017017,-0.00025801,-8.36605e-05,-0.000196907,0.00104148,-0.000750025,-0.000925208,6.60373e-05,-0.000654639,6.31651e-05,0.000343806,-0.000750025,0.00370781,0.000563268,-0.000973464,0.000376085,-8.12776e-05,-0.000833369,-0.000925207,0.000563268,0.00297938,-0.000585822,-0.00235695,3.71718e-05,-0.0017017,6.60373e-05,-0.000973464,-0.000585822,0.0343425,0.00210964,-0.00163844,-0.00025801,-0.000654639,0.000376085,-0.00235695,0.00210964,0.0300904,0.000230749,-8.36605e-05,6.31651e-05,-8.12777e-05,3.71718e-05,-0.00163844,0.000230749,0.0467017,
0.00368438,-0.000200808,0.000340459,-0.000832832,-0.00169946,-0.000256683,-8.3252e-05,-0.000200808,0.00104246,-0.000752695,-0.00092357,6.56313e-05,-0.000656242,6.33598e-05,0.000340459,-0.000752695,0.00370151,0.000566783,-0.000976554,0.000371146,-7.96501e-05,-0.000832832,-0.00092357,0.000566783,0.00297669,-0.000584748,-0.00235537,3.64039e-05,-0.00169946,6.56313e-05,-0.000976554,-0.000584748,0.0343334,0.00211277,-0.00163427,-0.000256683,-0.000656242,0.000371147,-0.00235537,0.00211277,0.0300887,0.000231604,-8.32521e-05,6.33598e-05,-7.96501e-05,3.64039e-05,-0.00163427,0.000231604,0.0467011,
0.00369013,-0.000205288,0.000336247,-0.000831635,-0.00169714,-0.000255071,-8.28179e-05,-0.000205288,0.00104362,-0.000755481,-0.000921965,6.53635e-05,-0.000657864,6.35525e-05,0.000336247,-0.000755481,0.00369434,0.000570746,-0.000979228,0.000366096,-7.79115e-05,-0.000831635,-0.000921965,0.000570746,0.0029737,-0.000583998,-0.0023538,3.55886e-05,-0.00169714,6.53635e-05,-0.000979228,-0.000583998,0.0343233,0.00211566,-0.00162991,-0.000255071,-0.000657864,0.000366096,-0.0023538,0.00211566,0.0300868,0.000232439,-8.28179e-05,6.35524e-05,-7.79115e-05,3.55886e-05,-0.00162991,0.000232439,0.0467005,
0.0036973,-0.000210177,0.000331154,-0.000829861,-0.0016949,-0.000253286,-8.24028e-05,-0.000210177,0.00104485,-0.000758289,-0.000920309,6.55441e-05,-0.000659432,6.37467e-05,0.000331154,-0.000758289,0.00368696,0.000574985,-0.000980775,0.000361173,-7.62308e-05,-0.000829861,-0.000920309,0.000574985,0.00297036,-0.000583993,-0.00235244,3.47955e-05,-0.0016949,6.55441e-05,-0.000980775,-0.000583993,0.0343136,0.00211833,-0.00162596,-0.000253286,-0.000659432,0.000361173,-0.00235244,0.00211833,0.0300849,0.000233159,-8.24027e-05,6.37468e-05,-7.62307e-05,3.47955e-05,-0.00162596,0.000233159,0.0467,
0.00370568,-0.000215343,0.000325229,-0.000827593,-0.00169268,-0.000251346,-8.19835e-05,-0.000215343,0.00104608,-0.000761044,-0.000918576,6.58276e-05,-0.000660966,6.39415e-05,0.000325229,-0.000761044,0.00367965,0.00057943,-0.000982102,0.000356251,-7.45378e-05,-0.000827593,-0.000918576,0.00057943,0.00296664,-0.000584298,-0.00235116,3.39795e-05,-0.00169268,6.58276e-05,-0.000982102,-0.000584298,0.0343035,0.0021208,-0.00162195,-0.000251346,-0.000660966,0.000356251,-0.00235116,0.0021208,0.0300828,0.000233831,-8.19835e-05,6.39415e-05,-7.45378e-05,3.39795e-05,-0.00162195,0.000233831,0.0466995,
0.00371511,-0.000220761,0.000318543,-0.000824864,-0.00169048,-0.00024928,-8.15646e-05,-0.000220761,0.00104732,-0.000763747,-0.000916777,6.62619e-05,-0.00066248,6.41374e-05,0.000318543,-0.000763747,0.00367243,0.000584052,-0.000983064,0.00035132,-7.28577e-05,-0.000824864,-0.000916777,0.000584052,0.00296258,-0.000584962,-0.00234998,3.31526e-05,-0.00169048,6.62619e-05,-0.000983064,-0.000584962,0.0342933,0.00212313,-0.00161803,-0.00024928,-0.00066248,0.00035132,-0.00234998,0.00212313,0.0300807,0.000234447,-8.15646e-05,6.41374e-05,-7.28577e-05,3.31526e-05,-0.00161803,0.000234447,0.0466991,
0.00372536,-0.000226396,0.000311222,-0.000821716,-0.00168828,-0.000247115,-8.11371e-05,-0.000226396,0.00104859,-0.000766398,-0.000914952,6.67884e-05,-0.000663974,6.43311e-05,0.000311222,-0.000766398,0.00366522,0.000588821,-0.000983786,0.000346374,-7.11738e-05,-0.000821716,-0.000914952,0.000588821,0.00295826,-0.000585878,-0.00234884,3.23115e-05,-0.00168828,6.67885e-05,-0.000983786,-0.000585878,0.0342828,0.00212531,-0.0016141,-0.000247115,-0.000663974,0.000346374,-0.00234884,0.00212531,0.0300785,0.000235027,-8.11371e-05,6.43311e-05,-7.11738e-05,3.23115e-05,-0.0016141,0.000235027,0.0466986,
0.00373605,-0.000232205,0.000303499,-0.000818222,-0.00168607,-0.000244888,-8.06917e-05,-0.000232205,0.00104994,-0.000769005,-0.000913187,6.7357e-05,-0.000665461,6.45178e-05,0.000303499,-0.000769005,0.00365783,0.000593698,-0.000984323,0.000341382,-6.94708e-05,-0.000818222,-0.000913187,0.000593698,0.00295385,-0.000586929,-0.0023477,3.14576e-05,-0.00168607,6.7357e-05,-0.000984323,-0.000586929,0.0342721,0.00212739,-0.00161015,-0.000244888,-0.000665461,0.000341382,-0.0023477,0.00212739,0.0300761,0.000235587,-8.06917e-05,6.45178e-05,-6.94708e-05,3.14576e-05,-0.00161015,0.000235587,0.0466981,
0.003747,-0.000238129,0.000295461,-0.000814464,-0.00168385,-0.000242651,-8.02297e-05,-0.000238129,0.00105133,-0.000771564,-0.000911469,6.79858e-05,-0.000666919,6.46964e-05,0.000295461,-0.000771564,0.00365034,0.000598634,-0.000984681,0.000336389,-6.77651e-05,-0.000814464,-0.000911469,0.000598634,0.00294937,-0.0005881,-0.00234657,3.06003e-05,-0.00168385,6.79858e-05,-0.000984681,-0.0005881,0.0342613,0.00212939,-0.00160623,-0.000242651,-0.000666919,0.000336389,-0.00234657,0.00212939,0.0300736,0.000236129,-8.02297e-05,6.46964e-05,-6.77651e-05,3.06003e-05,-0.00160623,0.000236129,0.0466976,
0.00375807,-0.000244126,0.000287182,-0.000810497,-0.00168164,-0.000240429,-7.97492e-05,-0.000244126,0.00105277,-0.000774072,-0.000909795,6.86413e-05,-0.000668353,6.48668e-05,0.000287182,-0.000774072,0.00364281,0.000603596,-0.000984958,0.000331366,-6.60563e-05,-0.000810497,-0.000909795,0.000603596,0.00294486,-0.000589328,-0.00234543,2.97383e-05,-0.00168164,6.86413e-05,-0.000984958,-0.000589328,0.0342504,0.00213132,-0.00160229,-0.000240429,-0.000668353,0.000331366,-0.00234543,0.00213132,0.030071,0.00023666,-7.97492e-05,6.48668e-05,-6.60563e-05,2.97383e-05,-0.00160229,0.00023666,0.0466972,
0.00376914,-0.000250166,0.000278711,-0.000806363,-0.00167943,-0.00023824,-7.925e-05,-0.000250166,0.00105424,-0.000776524,-0.000908163,6.93158e-05,-0.000669762,6.50286e-05,0.000278711,-0.000776524,0.00363527,0.000608563,-0.000985188,0.000326311,-6.43482e-05,-0.000806363,-0.000908163,0.000608563,0.00294031,-0.000590586,-0.00234427,2.88735e-05,-0.00167943,6.93158e-05,-0.000985188,-0.000590586,0.0342393,0.00213321,-0.00159835,-0.00023824,-0.000669762,0.000326311,-0.00234427,0.00213321,0.0300684,0.000237183,-7.92501e-05,6.50286e-05,-6.43482e-05,2.88735e-05,-0.00159835,0.000237183,0.0466967,
0.00378016,-0.000256229,0.000270086,-0.000802092,-0.00167721,-0.000236098,-7.87322e-05,-0.000256229,0.00105574,-0.000778919,-0.000906571,6.99998e-05,-0.000671146,6.51817e-05,0.000270086,-0.000778919,0.00362776,0.000613517,-0.000985405,0.000321222,-6.26426e-05,-0.000802092,-0.000906571,0.000613517,0.00293575,-0.000591851,-0.0023431,2.80066e-05,-0.00167721,6.99997e-05,-0.000985405,-0.000591851,0.0342282,0.00213505,-0.00159441,-0.000236098,-0.000671146,0.000321222,-0.0023431,0.00213505,0.0300656,0.000237702,-7.87322e-05,6.51817e-05,-6.26427e-05,2.80066e-05,-0.00159441,0.000237702,0.0466963,
0.00379107,-0.000262298,0.000261334,-0.000797705,-0.001675,-0.000234013,-7.81957e-05,-0.000262298,0.00105727,-0.000781256,-0.000905016,7.06884e-05,-0.000672504,6.5326e-05,0.000261334,-0.000781256,0.00362029,0.000618448,-0.000985627,0.000316096,-6.09414e-05,-0.000797705,-0.000905016,0.000618448,0.00293119,-0.000593109,-0.0023419,2.71385e-05,-0.001675,7.06883e-05,-0.000985627,-0.000593109,0.034217,0.00213686,-0.00159045,-0.000234013,-0.000672504,0.000316096,-0.0023419,0.00213686,0.0300628,0.000238218,-7.81957e-05,6.5326e-05,-6.09414e-05,2.71385e-05,-0.00159045,0.000238218,0.0466958,
0.00380185,-0.000268363,0.000252476,-0.000793219,-0.0016728,-0.000231992,-7.76409e-05,-0.000268363,0.00105882,-0.000783536,-0.000903499,7.13784e-05,-0.000673836,6.54613e-05,0.000252476,-0.000783536,0.00361288,0.000623347,-0.000985867,0.000310933,-5.92458e-05,-0.000793219,-0.000903499,0.000623346,0.00292663,-0.00059435,-0.00234068,2.62699e-05,-0.0016728,7.13784e-05,-0.000985867,-0.000594349,0.0342058,0.00213865,-0.00158649,-0.000231992,-0.000673836,0.000310933,-0.00234068,0.00213865,0.0300598,0.000238731,-7.76409e-05,6.54613e-05,-5.92458e-05,2.62699e-05,-0.00158649,0.000238731,0.0466953,
0.00381247,-0.000274415,0.000243527,-0.000788645,-0.00167059,-0.000230038,-7.70682e-05,-0.000274415,0.00106039,-0.000785758,-0.000902017,7.20681e-05,-0.00067514,6.55877e-05,0.000243527,-0.000785758,0.00360553,0.000628207,-0.000986135,0.000305735,-5.7557e-05,-0.000788645,-0.000902017,0.000628207,0.00292208,-0.000595566,-0.00233943,2.54013e-05,-0.00167059,7.20681e-05,-0.000986135,-0.000595566,0.0341945,0.00214041,-0.00158253,-0.000230038,-0.00067514,0.000305734,-0.00233943,0.00214041,0.0300568,0.000239244,-7.70682e-05,6.55876e-05,-5.7557e-05,2.54012e-05,-0.00158253,0.000239244,0.0466949,
0.00382291,-0.000280449,0.000234498,-0.000783993,-0.0016684,-0.000228154,-7.64781e-05,-0.000280449,0.00106198,-0.000787922,-0.00090057,7.27564e-05,-0.000676417,6.57051e-05,0.000234498,-0.000787922,0.00359826,0.000633025,-0.000986435,0.000300502,-5.58758e-05,-0.000783993,-0.00090057,0.000633025,0.00291753,-0.000596755,-0.00233816,2.45332e-05,-0.0016684,7.27564e-05,-0.000986435,-0.000596755,0.0341831,0.00214215,-0.00157855,-0.000228154,-0.000676417,0.000300502,-0.00233816,0.00214215,0.0300537,0.000239755,-7.64781e-05,6.57051e-05,-5.58759e-05,2.45332e-05,-0.00157855,0.000239755,0.0466944,
0.00383316,-0.00028646,0.000225399,-0.000779269,-0.00166621,-0.000226344,-7.5871e-05,-0.00028646,0.00106358,-0.000790028,-0.000899158,7.34431e-05,-0.000677666,6.58137e-05,0.000225399,-0.000790028,0.00359106,0.000637797,-0.000986769,0.000295236,-5.42031e-05,-0.000779269,-0.000899158,0.000637797,0.002913,-0.000597913,-0.00233687,2.36661e-05,-0.00166621,7.34431e-05,-0.000986769,-0.000597913,0.0341717,0.00214387,-0.00157458,-0.000226344,-0.000677666,0.000295236,-0.00233687,0.00214387,0.0300505,0.000240265,-7.5871e-05,6.58137e-05,-5.42031e-05,2.36661e-05,-0.00157458,0.000240265,0.046694,
0.00384322,-0.000292444,0.000216237,-0.000774479,-0.00166403,-0.000224608,-7.52473e-05,-0.000292444,0.0010652,-0.000792078,-0.00089778,7.41281e-05,-0.000678886,6.59134e-05,0.000216237,-0.000792078,0.00358394,0.000642522,-0.000987139,0.000289939,-5.25395e-05,-0.000774479,-0.00089778,0.000642522,0.00290848,-0.00059904,-0.00233555,2.28005e-05,-0.00166403,7.41281e-05,-0.000987139,-0.00059904,0.0341603,0.00214557,-0.00157059,-0.000224608,-0.000678886,0.000289939,-0.00233555,0.00214557,0.0300472,0.000240774,-7.52474e-05,6.59134e-05,-5.25395e-05,2.28005e-05,-0.00157059,0.000240774,0.0466935,
0.00385309,-0.0002984,0.000207018,-0.000769627,-0.00166186,-0.000222946,-7.46077e-05,-0.0002984,0.00106684,-0.000794072,-0.000896436,7.48116e-05,-0.000680077,6.60043e-05,0.000207018,-0.000794072,0.00357691,0.000647197,-0.000987545,0.000284614,-5.08855e-05,-0.000769627,-0.000896436,0.000647197,0.00290398,-0.000600134,-0.00233421,2.19367e-05,-0.00166186,7.48116e-05,-0.000987545,-0.000600134,0.0341489,0.00214725,-0.00156661,-0.000222946,-0.000680077,0.000284614,-0.00233421,0.00214725,0.0300439,0.000241282,-7.46077e-05,6.60043e-05,-5.08855e-05,2.19367e-05,-0.00156661,0.000241282,0.0466931,
0.00386275,-0.000304325,0.000197747,-0.000764717,-0.0016597,-0.000221359,-7.39526e-05,-0.000304325,0.00106849,-0.000796009,-0.000895125,7.54941e-05,-0.000681239,6.60864e-05,0.000197747,-0.000796009,0.00356996,0.00065182,-0.000987986,0.00027926,-4.92417e-05,-0.000764717,-0.000895125,0.00065182,0.0028995,-0.000601195,-0.00233284,2.1075e-05,-0.0016597,7.54941e-05,-0.000987986,-0.000601195,0.0341374,0.00214891,-0.00156262,-0.000221359,-0.000681239,0.00027926,-0.00233284,0.00214891,0.0300404,0.000241789,-7.39526e-05,6.60864e-05,-4.92417e-05,2.1075e-05,-0.00156262,0.000241789,0.0466926,
0.00387222,-0.000310218,0.000188427,-0.000759751,-0.00165755,-0.000219847,-7.32824e-05,-0.000310218,0.00107015,-0.000797892,-0.000893848,7.61759e-05,-0.000682371,6.61599e-05,0.000188427,-0.000797892,0.00356309,0.000656392,-0.000988461,0.000273882,-4.76084e-05,-0.000759751,-0.000893848,0.000656392,0.00289503,-0.000602225,-0.00233146,2.02158e-05,-0.00165755,7.61759e-05,-0.000988461,-0.000602225,0.0341259,0.00215055,-0.00155863,-0.000219847,-0.000682371,0.000273882,-0.00233146,0.00215055,0.0300369,0.000242294,-7.32824e-05,6.61599e-05,-4.76084e-05,2.02158e-05,-0.00155863,0.000242294,0.0466922,
0.00388148,-0.000316078,0.000179062,-0.000754731,-0.00165542,-0.00021841,-7.25978e-05,-0.000316078,0.00107182,-0.000799721,-0.000892603,7.68575e-05,-0.000683473,6.62247e-05,0.000179062,-0.000799721,0.00355631,0.00066091,-0.00098897,0.000268479,-4.5986e-05,-0.000754731,-0.000892603,0.00066091,0.00289059,-0.000603222,-0.00233005,1.93593e-05,-0.00165542,7.68575e-05,-0.00098897,-0.000603222,0.0341144,0.00215217,-0.00155464,-0.00021841,-0.000683473,0.000268479,-0.00233005,0.00215217,0.0300333,0.000242798,-7.25978e-05,6.62247e-05,-4.5986e-05,1.93593e-05,-0.00155464,0.000242798,0.0466918,
0.00389055,-0.000321902,0.000169656,-0.000749661,-0.00165329,-0.000217048,-7.18991e-05,-0.000321902,0.00107351,-0.000801496,-0.00089139,7.75392e-05,-0.000684545,6.6281e-05,0.000169656,-0.000801496,0.00354962,0.000665375,-0.000989511,0.000263055,-4.43749e-05,-0.000749661,-0.00089139,0.000665375,0.00288616,-0.000604188,-0.00232862,1.85058e-05,-0.00165329,7.75392e-05,-0.000989511,-0.000604188,0.0341029,0.00215378,-0.00155065,-0.000217048,-0.000684545,0.000263055,-0.00232862,0.00215378,0.0300297,0.0002433,-7.18991e-05,6.6281e-05,-4.43748e-05,1.85058e-05,-0.00155065,0.0002433,0.0466913,
0.00389942,-0.000327691,0.000160211,-0.000744543,-0.00165118,-0.000215759,-7.11869e-05,-0.000327691,0.0010752,-0.000803218,-0.00089021,7.82216e-05,-0.000685586,6.63289e-05,0.000160211,-0.000803218,0.00354302,0.000669786,-0.000990082,0.00025761,-4.27753e-05,-0.000744543,-0.00089021,0.000669786,0.00288176,-0.000605123,-0.00232718,1.76554e-05,-0.00165118,7.82216e-05,-0.000990082,-0.000605123,0.0340913,0.00215537,-0.00154666,-0.000215759,-0.000685586,0.00025761,-0.00232718,0.00215537,0.0300259,0.0002438,-7.11868e-05,6.63289e-05,-4.27752e-05,1.76554e-05,-0.00154666,0.0002438,0.0466909,
0.00390809,-0.000333443,0.000150731,-0.000739377,-0.00164908,-0.000214545,-7.04615e-05,-0.000333443,0.00107691,-0.000804888,-0.000889061,7.89049e-05,-0.000686597,6.63684e-05,0.000150731,-0.000804888,0.0035365,0.000674143,-0.000990682,0.000252147,-4.11874e-05,-0.000739377,-0.000889061,0.000674143,0.00287738,-0.000606028,-0.00232572,1.68086e-05,-0.00164908,7.89049e-05,-0.000990682,-0.000606028,0.0340797,0.00215694,-0.00154268,-0.000214545,-0.000686597,0.000252147,-0.00232572,0.00215694,0.0300221,0.000244297,-7.04615e-05,6.63684e-05,-4.11874e-05,1.68086e-05,-0.00154268,0.000244297,0.0466905,
0.00391656,-0.000339158,0.000141218,-0.000734166,-0.00164699,-0.000213403,-6.97236e-05,-0.000339158,0.00107863,-0.000806506,-0.000887945,7.95894e-05,-0.000687577,6.63996e-05,0.000141218,-0.000806506,0.00353007,0.000678444,-0.000991311,0.000246667,-3.96117e-05,-0.000734166,-0.000887945,0.000678444,0.00287302,-0.000606903,-0.00232424,1.59653e-05,-0.00164699,7.95894e-05,-0.000991311,-0.000606903,0.0340682,0.00215849,-0.00153869,-0.000213403,-0.000687577,0.000246667,-0.00232424,0.00215849,0.0300183,0.000244792,-6.97236e-05,6.63996e-05,-3.96116e-05,1.59653e-05,-0.00153869,0.000244792,0.04669,
0.00392484,-0.000344835,0.000131675,-0.000728913,-0.00164492,-0.000212333,-6.89735e-05,-0.000344835,0.00108035,-0.000808073,-0.000886859,8.02755e-05,-0.000688526,6.64226e-05,0.000131675,-0.000808073,0.00352373,0.000682691,-0.000991967,0.000241171,-3.80481e-05,-0.000728913,-0.000886859,0.000682691,0.00286868,-0.00060775,-0.00232274,1.51258e-05,-0.00164492,8.02756e-05,-0.000991967,-0.00060775,0.0340566,0.00216003,-0.00153471,-0.000212333,-0.000688526,0.000241171,-0.00232274,0.00216003,0.0300143,0.000245285,-6.89734e-05,6.64226e-05,-3.80481e-05,1.51259e-05,-0.00153471,0.000245285,0.0466896,
0.00393292,-0.000350473,0.000122103,-0.000723617,-0.00164286,-0.000211335,-6.82117e-05,-0.000350473,0.00108209,-0.00080959,-0.000885805,8.09635e-05,-0.000689445,6.64375e-05,0.000122103,-0.00080959,0.00351748,0.000686882,-0.000992649,0.000235662,-3.6497e-05,-0.000723617,-0.000885805,0.000686882,0.00286436,-0.000608568,-0.00232123,1.42905e-05,-0.00164286,8.09635e-05,-0.000992649,-0.000608568,0.034045,0.00216155,-0.00153073,-0.000211335,-0.000689445,0.000235662,-0.00232123,0.00216155,0.0300103,0.000245774,-6.82117e-05,6.64375e-05,-3.6497e-05,1.42905e-05,-0.00153073,0.000245774,0.0466892,
0.00394081,-0.000356072,0.000112506,-0.000718282,-0.00164081,-0.000210407,-6.74386e-05,-0.000356072,0.00108384,-0.000811058,-0.000884782,8.16535e-05,-0.000690332,6.64444e-05,0.000112506,-0.000811058,0.00351131,0.000691017,-0.000993355,0.000230139,-3.49584e-05,-0.000718282,-0.000884782,0.000691017,0.00286007,-0.000609359,-0.00231971,1.34592e-05,-0.00164081,8.16535e-05,-0.000993355,-0.000609359,0.0340334,0.00216305,-0.00152676,-0.000210407,-0.000690332,0.000230139,-0.00231971,0.00216305,0.0300063,0.000246261,-6.74386e-05,6.64444e-05,-3.49584e-05,1.34592e-05,-0.00152676,0.000246261,0.0466888,
0.00394851,-0.000361631,0.000102886,-0.000712909,-0.00163878,-0.00020955,-6.66547e-05,-0.000361631,0.00108559,-0.000812476,-0.000883789,8.23458e-05,-0.000691189,6.64434e-05,0.000102886,-0.000812476,0.00350524,0.000695097,-0.000994086,0.000224605,-3.34326e-05,-0.000712909,-0.000883789,0.000695097,0.00285581,-0.000610123,-0.00231817,1.26322e-05,-0.00163878,8.23459e-05,-0.000994086,-0.000610123,0.0340217,0.00216454,-0.00152279,-0.00020955,-0.000691189,0.000224605,-0.00231817,0.00216454,0.0300021,0.000246744,-6.66547e-05,6.64434e-05,-3.34326e-05,1.26322e-05,-0.00152279,0.000246744,0.0466883,
0.00395602,-0.000367149,9.32447e-05,-0.000707498,-0.00163676,-0.000208762,-6.58603e-05,-0.000367149,0.00108735,-0.000813847,-0.000882826,8.30405e-05,-0.000692015,6.64346e-05,9.32448e-05,-0.000813847,0.00349925,0.000699121,-0.000994839,0.000219061,-3.19196e-05,-0.000707498,-0.000882826,0.000699121,0.00285156,-0.00061086,-0.00231662,1.18098e-05,-0.00163676,8.30405e-05,-0.000994839,-0.00061086,0.0340101,0.00216601,-0.00151882,-0.000208762,-0.000692015,0.000219061,-0.00231662,0.00216601,0.0299979,0.000247224,-6.58603e-05,6.64346e-05,-3.19196e-05,1.18098e-05,-0.00151882,0.000247224,0.0466879,
0.00396335,-0.000372626,8.35848e-05,-0.000702053,-0.00163475,-0.000208043,-6.5056e-05,-0.000372626,0.00108912,-0.00081517,-0.000881893,8.37378e-05,-0.000692809,6.64181e-05,8.35848e-05,-0.00081517,0.00349334,0.000703088,-0.000995615,0.000213508,-3.04196e-05,-0.000702053,-0.000881893,0.000703088,0.00284735,-0.000611572,-0.00231505,1.09919e-05,-0.00163475,8.37378e-05,-0.000995615,-0.000611572,0.0339985,0.00216746,-0.00151486,-0.000208043,-0.000692809,0.000213508,-0.00231505,0.00216746,0.0299937,0.0002477,-6.5056e-05,6.6418e-05,-3.04196e-05,1.09919e-05,-0.00151486,0.0002477,0.0466875,
0.00397049,-0.000378062,7.39082e-05,-0.000696574,-0.00163276,-0.000207392,-6.42421e-05,-0.000378062,0.0010909,-0.000816446,-0.00088099,8.44378e-05,-0.000693573,6.63939e-05,7.39082e-05,-0.000816446,0.00348753,0.000707,-0.000996411,0.000207948,-2.89327e-05,-0.000696574,-0.00088099,0.000707,0.00284316,-0.000612257,-0.00231348,1.01787e-05,-0.00163276,8.44378e-05,-0.000996411,-0.000612257,0.0339868,0.00216889,-0.00151091,-0.000207392,-0.000693573,0.000207948,-0.00231348,0.00216889,0.0299894,0.000248173,-6.42421e-05,6.63939e-05,-2.89327e-05,1.01787e-05,-0.00151091,0.000248173,0.0466871,
0.00397745,-0.000383456,6.42173e-05,-0.000691064,-0.00163079,-0.000206807,-6.3419e-05,-0.000383456,0.00109268,-0.000817676,-0.000880116,8.51405e-05,-0.000694306,6.63623e-05,6.42173e-05,-0.000817676,0.0034818,0.000710855,-0.000997229,0.000202381,-2.7459e-05,-0.000691063,-0.000880116,0.000710855,0.00283899,-0.000612918,-0.00231189,9.37045e-06,-0.00163079,8.51406e-05,-0.000997229,-0.000612918,0.0339752,0.00217031,-0.00150696,-0.000206807,-0.000694306,0.000202381,-0.00231189,0.00217031,0.029985,0.000248642,-6.3419e-05,6.63623e-05,-2.7459e-05,9.37045e-06,-0.00150696,0.000248642,0.0466867,
0.00398422,-0.000388807,5.45141e-05,-0.000685522,-0.00162882,-0.000206288,-6.25872e-05,-0.000388807,0.00109447,-0.000818861,-0.00087927,8.58462e-05,-0.000695008,6.63233e-05,5.45141e-05,-0.000818861,0.00347616,0.000714654,-0.000998066,0.000196808,-2.59985e-05,-0.000685522,-0.00087927,0.000714654,0.00283485,-0.000613554,-0.00231029,8.56709e-06,-0.00162882,8.58462e-05,-0.000998066,-0.000613554,0.0339635,0.00217172,-0.00150302,-0.000206288,-0.000695008,0.000196808,-0.00231029,0.00217172,0.0299806,0.000249106,-6.25872e-05,6.63233e-05,-2.59985e-05,8.56704e-06,-0.00150302,0.000249106,0.0466863,
0.00399082,-0.000394116,4.48006e-05,-0.000679952,-0.00162687,-0.000205835,-6.1747e-05,-0.000394116,0.00109626,-0.000820001,-0.000878454,8.65548e-05,-0.00069568,6.6277e-05,4.48006e-05,-0.000820001,0.00347061,0.000718397,-0.000998922,0.000191231,-2.45514e-05,-0.000679952,-0.000878454,0.000718397,0.00283073,-0.000614166,-0.00230868,7.76873e-06,-0.00162687,8.65548e-05,-0.000998922,-0.000614166,0.0339519,0.00217311,-0.00149908,-0.000205835,-0.00069568,0.000191231,-0.00230868,0.00217311,0.0299761,0.000249567,-6.1747e-05,6.6277e-05,-2.45514e-05,7.76873e-06,-0.00149908,0.000249567,0.0466859,
0.00399724,-0.000399381,3.50791e-05,-0.000674354,-0.00162494,-0.000205446,-6.08988e-05,-0.000399381,0.00109806,-0.000821098,-0.000877665,8.72663e-05,-0.000696321,6.62235e-05,3.5079e-05,-0.000821098,0.00346514,0.000722084,-0.000999797,0.000185651,-2.31177e-05,-0.000674354,-0.000877665,0.000722084,0.00282665,-0.000614754,-0.00230706,6.97559e-06,-0.00162494,8.72664e-05,-0.000999797,-0.000614754,0.0339402,0.00217448,-0.00149515,-0.000205446,-0.000696321,0.000185651,-0.00230706,0.00217448,0.0299716,0.000250023,-6.08988e-05,6.62235e-05,-2.31177e-05,6.97559e-06,-0.00149515,0.000250023,0.0466855,
0.00400348,-0.000404602,2.53512e-05,-0.00066873,-0.00162302,-0.000205121,-6.0043e-05,-0.000404602,0.00109987,-0.000822151,-0.000876905,8.7981e-05,-0.000696931,6.61629e-05,2.53512e-05,-0.000822151,0.00345976,0.000725714,-0.00100069,0.000180069,-2.16974e-05,-0.00066873,-0.000876905,0.000725714,0.00282259,-0.000615319,-0.00230544,6.18766e-06,-0.00162302,8.7981e-05,-0.00100069,-0.000615319,0.0339286,0.00217584,-0.00149123,-0.000205121,-0.000696931,0.000180069,-0.00230544,0.00217584,0.029967,0.000250475,-6.0043e-05,6.6163e-05,-2.16974e-05,6.18766e-06,-0.00149123,0.000250475,0.0466851,
0.00400955,-0.00040978,1.56193e-05,-0.000663082,-0.00162111,-0.000204859,-5.918e-05,-0.00040978,0.00110168,-0.000823162,-0.000876172,8.86987e-05,-0.000697511,6.60954e-05,1.56193e-05,-0.000823162,0.00345446,0.000729288,-0.0010016,0.000174485,-2.02907e-05,-0.000663082,-0.000876172,0.000729288,0.00281855,-0.000615861,-0.0023038,5.40501e-06,-0.00162111,8.86987e-05,-0.0010016,-0.000615861,0.0339169,0.00217718,-0.00148731,-0.000204859,-0.000697511,0.000174485,-0.0023038,0.00217718,0.0299623,0.000250922,-5.918e-05,6.60954e-05,-2.02907e-05,5.40507e-06,-0.00148731,0.000250923,0.0466847,
0.00401545,-0.000414913,5.88499e-06,-0.00065741,-0.00161922,-0.000204658,-5.83101e-05,-0.000414913,0.00110349,-0.000824131,-0.000875466,8.94195e-05,-0.000698061,6.6021e-05,5.88496e-06,-0.000824131,0.00344925,0.000732806,-0.00100253,0.0001689,-1.88974e-05,-0.00065741,-0.000875466,0.000732806,0.00281455,-0.00061638,-0.00230216,4.62785e-06,-0.00161922,8.94195e-05,-0.00100253,-0.00061638,0.0339053,0.0021785,-0.0014834,-0.000204658,-0.000698061,0.000168901,-0.00230216,0.0021785,0.0299577,0.000251365,-5.83101e-05,6.6021e-05,-1.88974e-05,4.62785e-06,-0.0014834,0.000251365,0.0466843,
0.00402092,-0.000419936,-4.3523e-06,-0.000651543,-0.00161876,-0.000204749,-5.628e-05,-0.000420096,0.00110533,-0.000825243,-0.000874723,8.96194e-05,-0.000698665,6.63643e-05,-4.59766e-06,-0.000824866,0.00344265,0.00073678,-0.00100765,0.000162641,-1.41293e-05,-0.000651339,-0.000874884,0.000737013,0.00281031,-0.000614765,-0.00230017,2.14606e-06,-0.00161951,9.07029e-05,-0.00100776,-0.00061539,0.0338815,0.00217785,-0.00146965,-0.000204295,-0.000698638,0.000163757,-0.00230067,0.00218106,0.0299531,0.000250791,-5.73215e-05,6.5911e-05,-1.72963e-05,3.77931e-06,-0.00147887,0.000251904,0.0466834,
0.00402647,-0.000424979,-1.40886e-05,-0.000645826,-0.00161692,-0.000204664,-5.53812e-05,-0.000425138,0.00110715,-0.000826125,-0.000874072,9.03568e-05,-0.000699151,6.62665e-05,-1.43325e-05,-0.000825754,0.00343762,0.000740186,-0.00100862,0.000157083,-1.27728e-05,-0.000645624,-0.000874232,0.000740413,0.00280636,-0.000615225,-0.00229853,1.38098e-06,-0.00161766,9.14331e-05,-0.00100868,-0.000615857,0.0338697,0.00217923,-0.00146575,-0.000204205,-0.000699131,0.000158191,-0.00229902,0.00218244,0.0299484,0.00025123,-5.64386e-05,6.5823e-05,-1.59311e-05,3.0142e-06,-0.00147497,0.000252379,0.0466831,
0.00403186,-0.000429977,-2.38213e-05,-0.00064009,-0.0016151,-0.000204638,-5.44769e-05,-0.000430135,0.00110898,-0.000826968,-0.000873447,9.10978e-05,-0.000699608,6.6162e-05,-2.40639e-05,-0.000826602,0.00343268,0.000743536,-0.00100961,0.000151527,-1.14289e-05,-0.000639889,-0.000873606,0.000743758,0.00280244,-0.000615662,-0.00229688,6.22336e-07,-0.00161582,9.21667e-05,-0.00100963,-0.000616302,0.033858,0.00218061,-0.00146185,-0.000204172,-0.000699594,0.000152626,-0.00229736,0.00218382,0.0299435,0.000251696,-5.555e-05,6.57283e-05,-1.45784e-05,2.25542e-06,-0.00147108,0.00025288,0.0466827,
0.00403698,-0.000434901,-3.37563e-05,-0.000634262,-0.00161391,-0.000204758,-5.30785e-05,-0.000435122,0.00111081,-0.000827839,-0.000872823,9.16403e-05,-0.000700066,6.62119e-05,-3.4096e-05,-0.000827333,0.00342724,0.000747038,-0.00101232,0.000145727,-8.73299e-06,-0.00063398,-0.000873045,0.000747342,0.00279843,-0.000615203,-0.00229509,-8.25479e-07,-0.0016149,9.31334e-05,-0.00101229,-0.000616112,0.0338412,0.00218126,-0.00145394,-0.000204095,-0.000700055,0.000147258,-0.00229577,0.00218578,0.0299388,0.000251722,-5.46098e-05,6.56153e-05,-1.31512e-05,1.47138e-06,-0.00146694,0.000253436,0.0466821,
0.00404203,-0.000439807,-4.34777e-05,-0.000628491,-0.00161212,-0.000204843,-5.21579e-05,-0.000440027,0.00111264,-0.000828602,-0.00087225,9.23925e-05,-0.000700464,6.60907e-05,-4.3816e-05,-0.000828105,0.00342247,0.000750277,-0.00101334,0.000140189,-7.41904e-06,-0.000628211,-0.00087247,0.000750573,0.00279457,-0.00061559,-0.00229343,-1.57102e-06,-0.00161309,9.3875e-05,-0.00101325,-0.000616509,0.0338294,0.00218268,-0.00145005,-0.000204173,-0.000700462,0.000141706,-0.00229411,0.00218719,0.0299339,0.000252224,-5.37102e-05,6.55076e-05,-1.18242e-05,7.25253e-07,-0.00146307,0.000253987,0.0466817,
0.00404693,-0.000444667,-5.31903e-05,-0.000622705,-0.00161035,-0.000204983,-5.12329e-05,-0.000444886,0.00111447,-0.000829328,-0.000871701,9.31484e-05,-0.000700833,6.59631e-05,-5.35272e-05,-0.000828838,0.00341779,0.00075346,-0.00101437,0.000134655,-6.11766e-06,-0.000622426,-0.00087192,0.000753749,0.00279073,-0.000615956,-0.00229177,-2.30996e-06,-0.0016113,9.462e-05,-0.00101423,-0.000616884,0.0338177,0.00218409,-0.00144618,-0.000204306,-0.000700841,0.000136158,-0.00229244,0.00218861,0.0299289,0.000252753,-5.28058e-05,6.53935e-05,-1.05096e-05,-1.46549e-08,-0.0014592,0.000254565,0.0466813,
0.00405168,-0.000449481,-6.28922e-05,-0.000616905,-0.0016086,-0.000205179,-5.03038e-05,-0.000449699,0.0011163,-0.000830017,-0.000871178,9.39071e-05,-0.000701176,6.58294e-05,-6.3228e-05,-0.000829535,0.00341318,0.000756589,-0.00101541,0.000129125,-4.829e-06,-0.000616627,-0.000871395,0.00075687,0.00278692,-0.000616299,-0.0022901,-3.04265e-06,-0.00160953,9.53677e-05,-0.00101522,-0.000617237,0.0338059,0.00218551,-0.00144231,-0.000204495,-0.000701192,0.000130613,-0.00229076,0.00219003,0.0299239,0.000253303,-5.18968e-05,6.52731e-05,-9.20741e-06,-7.48512e-07,-0.00145535,0.000255163,0.0466809,
0.00405626,-0.000454249,-7.25821e-05,-0.000611092,-0.00160686,-0.000205428,-4.93707e-05,-0.000454466,0.00111814,-0.00083067,-0.000870679,9.46697e-05,-0.000701489,6.56895e-05,-7.29171e-05,-0.000830195,0.00340866,0.000759663,-0.00101647,0.000123603,-3.55316e-06,-0.000610815,-0.000870894,0.000759936,0.00278314,-0.000616621,-0.00228843,-3.76882e-06,-0.00160776,9.61191e-05,-0.00101622,-0.000617569,0.0337941,0.00218693,-0.00143845,-0.000204737,-0.000701513,0.000125077,-0.00228908,0.00219144,0.0299189,0.000253868,-5.09835e-05,6.51465e-05,-7.91778e-06,-1.4761e-06,-0.0014515,0.000255777,0.0466805,
0.00406069,-0.00045897,-8.22586e-05,-0.000605268,-0.00160513,-0.00020573,-4.84342e-05,-0.000459186,0.00111997,-0.000831287,-0.000870204,9.54356e-05,-0.000701775,6.55438e-05,-8.25927e-05,-0.00083082,0.00340421,0.000762682,-0.00101754,0.000118088,-2.29028e-06,-0.000604993,-0.000870417,0.000762947,0.00277939,-0.000616923,-0.00228675,-4.48874e-06,-0.00160601,9.68736e-05,-0.00101723,-0.00061788,0.0337824,0.00218834,-0.0014346,-0.000205033,-0.000701807,0.000119546,-0.0022874,0.00219286,0.0299138,0.000254446,-5.00662e-05,6.50139e-05,-6.64074e-06,-2.19763e-06,-0.00144765,0.000256402,0.0466801,
0.00406497,-0.000463645,-9.192e-05,-0.000599434,-0.00160341,-0.000206084,-4.74943e-05,-0.00046386,0.00112181,-0.00083187,-0.000869752,9.62056e-05,-0.000702031,6.53921e-05,-9.22535e-05,-0.000831411,0.00339985,0.000765646,-0.00101861,0.000112584,-1.04039e-06,-0.00059916,-0.000869964,0.000765903,0.00277566,-0.000617206,-0.00228508,-5.20214e-06,-0.00160428,9.76321e-05,-0.00101826,-0.000618172,0.0337706,0.00218975,-0.00143075,-0.000205381,-0.000702071,0.000114026,-0.00228572,0.00219426,0.0299087,0.000255033,-4.9145e-05,6.48754e-05,-5.37642e-06,-2.91289e-06,-0.00144382,0.000257036,0.0466797,
0.0040691,-0.000468274,-0.000101565,-0.000593591,-0.00160171,-0.000206491,-4.65517e-05,-0.000468487,0.00112364,-0.000832419,-0.000869323,9.69785e-05,-0.00070226,6.52349e-05,-0.000101898,-0.000831967,0.00339556,0.000768556,-0.0010197,0.000107085,1.96371e-07,-0.000593318,-0.000869533,0.000768806,0.00277197,-0.000617469,-0.0022834,-5.9095e-06,-0.00160255,9.83933e-05,-0.00101929,-0.000618444,0.0337589,0.00219115,-0.00142692,-0.000205782,-0.000702308,0.000108511,-0.00228403,0.00219567,0.0299036,0.000255625,-4.82206e-05,6.47311e-05,-4.12503e-06,-3.62244e-06,-0.00143999,0.000257676,0.0466793,
0.00407309,-0.000472856,-0.000111192,-0.00058774,-0.00160002,-0.000206948,-4.56062e-05,-0.000473068,0.00112548,-0.000832934,-0.000868917,9.77536e-05,-0.000702463,6.50721e-05,-0.000111525,-0.00083249,0.00339136,0.000771413,-0.00102081,0.000101592,1.42025e-06,-0.000587469,-0.000869125,0.000771655,0.0027683,-0.000617712,-0.00228171,-6.61096e-06,-0.00160085,9.91567e-05,-0.00102034,-0.000618695,0.0337472,0.00219255,-0.00142309,-0.000206234,-0.000702518,0.000103002,-0.00228234,0.00219706,0.0298984,0.000256223,-4.72928e-05,6.45811e-05,-2.88614e-06,-4.32621e-06,-0.00143617,0.00025832,0.0466789,
0.00407692,-0.000477392,-0.000120799,-0.000581883,-0.00159834,-0.000207454,-4.46583e-05,-0.000477603,0.00112732,-0.000833417,-0.000868534,9.85335e-05,-0.000702635,6.49037e-05,-0.000121132,-0.00083298,0.00338723,0.000774215,-0.00102192,9.6116e-05,2.6309e-06,-0.000581612,-0.00086874,0.00077445,0.00276467,-0.000617938,-0.00228003,-7.30571e-06,-0.00159915,9.99247e-05,-0.0010214,-0.00061893,0.0337355,0.00219393,-0.00141927,-0.000206735,-0.000702698,9.75091e-05,-0.00228065,0.00219844,0.0298932,0.000256821,-4.63622e-05,6.44255e-05,-1.66028e-06,-5.02354e-06,-0.00143236,0.000258965,0.0466785,
0.00408062,-0.000481881,-0.000130386,-0.00057602,-0.00159668,-0.000208011,-4.37084e-05,-0.00048209,0.00112915,-0.000833869,-0.000868172,9.93158e-05,-0.000702782,6.47301e-05,-0.000130719,-0.000833439,0.00338318,0.000776965,-0.00102304,9.06445e-05,3.82844e-06,-0.000575751,-0.000868376,0.000777192,0.00276106,-0.000618144,-0.00227834,-7.99469e-06,-0.00159747,0.000100695,-0.00102247,-0.000619145,0.0337237,0.00219531,-0.00141546,-0.000207286,-0.000702852,9.20207e-05,-0.00227896,0.00219982,0.0298879,0.000257421,-4.54291e-05,6.42645e-05,-4.47253e-07,-5.71526e-06,-0.00142856,0.00025961,0.0466781,
0.00408417,-0.000486324,-0.000139951,-0.000570152,-0.00159503,-0.000208615,-4.27565e-05,-0.000486531,0.00113098,-0.000834289,-0.000867831,0.000100101,-0.000702901,6.45512e-05,-0.000140284,-0.000833866,0.0033792,0.000779661,-0.00102417,8.51843e-05,5.0131e-06,-0.000569885,-0.000868034,0.000779881,0.00275748,-0.000618332,-0.00227666,-8.6775e-06,-0.0015958,0.000101468,-0.00102355,-0.000619341,0.033712,0.00219668,-0.00141166,-0.000207886,-0.000702978,8.65431e-05,-0.00227727,0.00220119,0.0298826,0.00025802,-4.44936e-05,6.40982e-05,7.53064e-07,-6.4011e-06,-0.00142476,0.000260255,0.0466777,
0.00408758,-0.000490719,-0.000149493,-0.000564282,-0.00159339,-0.000209267,-4.1803e-05,-0.000490926,0.00113282,-0.000834678,-0.000867512,0.000100889,-0.000702993,6.43672e-05,-0.000149826,-0.000834262,0.0033753,0.000782305,-0.00102531,7.97366e-05,6.18461e-06,-0.000564016,-0.000867713,0.000782517,0.00275393,-0.000618503,-0.00227497,-9.35413e-06,-0.00159414,0.000102244,-0.00102464,-0.00061952,0.0337004,0.00219804,-0.00140787,-0.000208534,-0.000703077,8.10779e-05,-0.00227557,0.00220254,0.0298773,0.000258617,-4.3556e-05,6.39265e-05,1.94045e-06,-7.08089e-06,-0.00142098,0.000260898,0.0466773,
0.00409085,-0.000495068,-0.00015901,-0.000558409,-0.00159176,-0.000209965,-4.08482e-05,-0.000495273,0.00113465,-0.000835038,-0.000867214,0.000101681,-0.000703058,6.41782e-05,-0.000159343,-0.000834629,0.00337148,0.000784896,-0.00102646,7.42995e-05,7.34318e-06,-0.000558144,-0.000867413,0.000785101,0.00275041,-0.000618655,-0.00227328,-1.00248e-05,-0.00159249,0.000103023,-0.00102573,-0.000619681,0.0336887,0.00219938,-0.00140409,-0.000209228,-0.000703149,7.56231e-05,-0.00227388,0.00220389,0.029872,0.000259212,-4.26166e-05,6.37498e-05,3.11517e-06,-7.75485e-06,-0.0014172,0.000261537,0.0466769,
0.00409399,-0.000499371,-0.000168501,-0.000552534,-0.00159015,-0.000210709,-3.98921e-05,-0.000499574,0.00113648,-0.000835368,-0.000866936,0.000102475,-0.000703097,6.39842e-05,-0.000168835,-0.000834966,0.00336773,0.000787436,-0.00102762,6.8875e-05,8.48879e-06,-0.000552271,-0.000867133,0.000787633,0.00274692,-0.000618791,-0.00227159,-1.06893e-05,-0.00159086,0.000103804,-0.00102684,-0.000619824,0.033677,0.00220072,-0.00140031,-0.000209969,-0.000703194,7.01806e-05,-0.00227218,0.00220522,0.0298666,0.000259804,-4.16757e-05,6.35681e-05,4.27708e-06,-8.42287e-06,-0.00141343,0.000262174,0.0466766,
0.004097,-0.000503627,-0.000177965,-0.00054666,-0.00158855,-0.000211499,-3.89353e-05,-0.000503829,0.00113831,-0.00083567,-0.000866678,0.000103271,-0.000703109,6.37855e-05,-0.0001783,-0.000835274,0.00336405,0.000789923,-0.00102879,6.34623e-05,9.6215e-06,-0.000546398,-0.000866873,0.000790114,0.00274346,-0.000618908,-0.0022699,-1.13478e-05,-0.00158924,0.000104589,-0.00102796,-0.000619949,0.0336654,0.00220205,-0.00139655,-0.000210755,-0.000703213,6.47496e-05,-0.00227049,0.00220655,0.0298612,0.000260393,-4.07335e-05,6.33814e-05,5.42622e-06,-9.08507e-06,-0.00140966,0.000262806,0.0466762,
0.00409987,-0.000507836,-0.000187401,-0.000540786,-0.00158697,-0.000212332,-3.79779e-05,-0.000508037,0.00114014,-0.000835944,-0.00086644,0.000104072,-0.000703094,6.35821e-05,-0.000187736,-0.000835555,0.00336045,0.000792359,-0.00102996,5.80656e-05,1.07413e-05,-0.000540526,-0.000866633,0.000792543,0.00274003,-0.000619011,-0.00226821,-1.2e-05,-0.00158764,0.000105376,-0.00102909,-0.000620059,0.0336537,0.00220336,-0.00139279,-0.000211584,-0.000703204,5.93345e-05,-0.00226879,0.00220786,0.0298558,0.000260976,-3.97902e-05,6.319e-05,6.56269e-06,-9.74121e-06,-0.00140591,0.000263434,0.0466758,
0.00410261,-0.000511999,-0.000196808,-0.000534914,-0.00158539,-0.000213208,-3.70199e-05,-0.000512198,0.00114196,-0.000836191,-0.000866221,0.000104874,-0.000703054,6.33741e-05,-0.000197144,-0.000835808,0.00335692,0.000794745,-0.00103115,5.26799e-05,1.18485e-05,-0.000534655,-0.000866413,0.000794921,0.00273663,-0.000619095,-0.00226653,-1.26465e-05,-0.00158605,0.000106166,-0.00103022,-0.000620151,0.0336421,0.00220467,-0.00138904,-0.000212458,-0.00070317,5.39301e-05,-0.0022671,0.00220916,0.0298503,0.000261556,-3.8846e-05,6.29938e-05,7.68668e-06,-1.03916e-05,-0.00140216,0.000264057,0.0466754,
0.00410523,-0.000516116,-0.000206185,-0.000529045,-0.00158383,-0.000214127,-3.60619e-05,-0.000516313,0.00114378,-0.00083641,-0.000866021,0.000105679,-0.000702988,6.31617e-05,-0.000206522,-0.000836034,0.00335346,0.000797079,-0.00103234,4.73095e-05,1.29428e-05,-0.000528787,-0.000866211,0.000797248,0.00273326,-0.000619163,-0.00226484,-1.32868e-05,-0.00158446,0.000106958,-0.00103137,-0.000620226,0.0336305,0.00220596,-0.0013853,-0.000213374,-0.00070311,4.85409e-05,-0.00226541,0.00221046,0.0298448,0.000262131,-3.79013e-05,6.2793e-05,8.79796e-06,-1.10361e-05,-0.00139842,0.000264675,0.0466751,
0.00410772,-0.000520186,-0.00021553,-0.000523179,-0.00158228,-0.000215087,-3.51039e-05,-0.000520382,0.0011456,-0.000836604,-0.00086584,0.000106487,-0.000702897,6.29449e-05,-0.000215868,-0.000836234,0.00335008,0.000799364,-0.00103354,4.19543e-05,1.40245e-05,-0.000522922,-0.000866027,0.000799526,0.00272991,-0.000619216,-0.00226316,-1.3921e-05,-0.0015829,0.000107753,-0.00103252,-0.000620286,0.0336189,0.00220724,-0.00138157,-0.000214332,-0.000703024,4.31667e-05,-0.00226371,0.00221174,0.0298393,0.000262701,-3.69562e-05,6.25879e-05,9.89675e-06,-1.16747e-05,-0.00139469,0.000265288,0.0466747,
0.00411009,-0.000524211,-0.000224843,-0.000517317,-0.00158074,-0.000216089,-3.41461e-05,-0.000524405,0.00114742,-0.000836772,-0.000865676,0.000107297,-0.00070278,6.27238e-05,-0.000225182,-0.000836408,0.00334676,0.000801599,-0.00103474,3.66136e-05,1.50937e-05,-0.000517061,-0.000865862,0.000801754,0.0027266,-0.000619252,-0.00226147,-1.45493e-05,-0.00158134,0.00010855,-0.00103368,-0.000620329,0.0336073,0.00220852,-0.00137785,-0.00021533,-0.000702913,3.78067e-05,-0.00226203,0.00221301,0.0298337,0.000263266,-3.60109e-05,6.23783e-05,1.09832e-05,-1.23074e-05,-0.00139097,0.000265895,0.0466743,
