-3.30945,-21.762,4.50645,9.65206,2.9733,2.29518,-6.32711,
-3.34664,-21.7964,4.50695,9.64129,2.97786,2.29195,-6.35553,
-2.94967,-21.8459,4.07616,9.6509,2.83621,2.15544,-5.35127,
-2.5324,-21.886,3.6317,9.67047,2.66509,2.01164,-4.34984,
-2.16944,-21.9128,3.24173,9.69524,2.47814,1.89125,-3.5342,
-1.8639,-21.928,2.90762,9.72314,2.27989,1.79887,-2.90121,
-1.60659,-21.934,2.6206,9.75296,2.07653,1.7316,-2.41423,
-0.00640932,-21.974,0.628705,9.82223,0.188315,1.60375,-0.0106757,
0.00611752,-21.9604,0.629626,9.85098,0.185807,1.59304,0.00235986,
0.0104258,-21.9459,0.628923,9.8768,0.184631,1.58274,0.00649663,
0.0128914,-21.9308,0.62799,9.90318,0.183752,1.57206,0.00834883,
0.0144236,-21.9155,0.627071,9.93004,0.183138,1.56091,0.00903295,
0.0152985,-21.9003,0.626262,9.95715,0.1828,1.54935,0.00890179,
0.0156577,-21.8852,0.625602,9.98434,0.182729,1.53742,0.00813673,
0.0155988,-21.8705,0.625096,10.0115,0.182905,1.52518,0.00686159,
0.0151968,-21.856,0.624743,10.0387,0.183306,1.51268,0.00517103,
0.0145118,-21.8418,0.624537,10.0658,0.183909,1.49995,0.00313991,
0.0135915,-21.8279,0.62447,10.0927,0.184696,1.48703,0.000827765,
0.0124742,-21.8143,0.624535,10.1196,0.185652,1.47393,-0.00171804,
0.0111905,-21.801,0.624727,10.1463,0.186763,1.46068,-0.00445989,
0.0097647,-21.7879,0.625039,10.1729,0.188018,1.44729,-0.00736794,
-1.171,-21.6529,2.08359,10.1863,1.50513,1.81744,-1.87294,
-1.16692,-21.6265,2.07522,10.2151,1.49547,1.85444,-1.87056,
0.0103844,-21.7485,0.625688,10.2533,0.190194,1.40664,-0.00908623,
0.0171821,-21.7346,0.625981,10.282,0.188942,1.3939,-0.00240362,
0.0180775,-21.7223,0.626258,10.3075,0.189549,1.38142,-0.0023334,
0.0177601,-21.7105,0.626735,10.3327,0.190646,1.36862,-0.00377355,
0.0169046,-21.6988,0.627372,10.3579,0.192026,1.3555,-0.00588818,
0.0156953,-21.6874,0.628162,10.3832,0.193636,1.34208,-0.00844125,
0.0142131,-21.6763,0.629101,10.4084,0.195451,1.32841,-0.0113286,
0.0125087,-21.6654,0.630184,10.4335,0.197454,1.31453,-0.0144856,
0.0106199,-21.6548,0.631402,10.4586,0.199628,1.30047,-0.017865,
-0.849338,-21.3796,1.68688,10.5076,1.14405,2.20951,-1.37839,
-0.841934,-21.347,1.67381,10.5368,1.1285,2.27823,-1.37212,
0.00934366,-21.6201,0.633108,10.5361,0.203322,1.25956,-0.0216489,
0.0156156,-21.6038,0.632081,10.565,0.200746,1.24849,-0.0158708,
0.0160347,-21.592,0.632077,10.5896,0.201155,1.23674,-0.0163769,
0.0151669,-21.5816,0.632756,10.6134,0.202536,1.22422,-0.0184339,
0.0137499,-21.5718,0.633825,10.6371,0.204419,1.21111,-0.0211646,
-0.622488,-21.2413,1.4122,10.7022,0.902053,2.33936,-1.0147,
-0.614536,-21.2065,1.39841,10.731,0.884433,2.42093,-1.00895,
-0.54689,-21.2073,1.32191,10.7571,0.831143,2.35747,-0.880638,
0.0174578,-21.5221,0.632905,10.7399,0.20463,1.16265,-0.0199367,
0.0234992,-21.5043,0.630422,10.7682,0.200763,1.15402,-0.0144121,
0.0240907,-21.4925,0.629781,10.7917,0.200496,1.14378,-0.0146896,
0.0232882,-21.4827,0.630184,10.8143,0.201566,1.13226,-0.0166185,
0.02184,-21.4737,0.631186,10.8368,0.203362,1.11981,-0.0193271,
-0.394951,-21.1288,1.13717,10.9104,0.654533,2.31687,-0.66007,
-0.386545,-21.0912,1.12284,10.9389,0.635788,2.41316,-0.65373,
-0.341977,-21.0906,1.07143,10.9639,0.597104,2.35674,-0.573854,
0.0231243,-21.4275,0.630746,10.9356,0.204424,1.07283,-0.0212867,
0.0275419,-21.4101,0.627964,10.9631,0.200863,1.06452,-0.0175006,
0.0273811,-21.3993,0.62752,10.9858,0.20095,1.05427,-0.0186648,
0.0259695,-21.3907,0.628257,11.0075,0.202456,1.04259,-0.0212949,
-0.245358,-21.0406,0.952812,11.0857,0.48653,2.27016,-0.432613,
-0.236541,-21.0013,0.937995,11.1137,0.467457,2.37658,-0.424862,
-0.206848,-20.999,0.902841,11.1379,0.438958,2.32863,-0.375093,
0.0252393,-21.3478,0.628244,11.1024,0.204271,0.996913,-0.0258131,
0.0284332,-21.331,0.625412,11.1292,0.201085,0.988765,-0.0233509,
0.0276768,-21.3212,0.62521,11.1511,0.201529,0.978431,-0.025213,
0.0257809,-21.3136,0.626268,11.1721,0.203434,0.96658,-0.0283963,
-0.139748,-20.9398,0.81711,11.2575,0.36016,2.29162,-0.276883,
-0.129496,-20.8974,0.800423,11.2855,0.339623,2.41358,-0.26576,
-0.110025,-20.8948,0.776543,11.3091,0.318746,2.36884,-0.235919,
-0.095471,-20.9102,0.760297,11.3297,0.307572,2.24875,-0.212261,
0.0250866,-21.258,0.624307,11.2902,0.203612,0.91309,-0.0340964,
0.0274132,-21.2416,0.621087,11.316,0.200359,0.90593,-0.0325701,
0.0262744,-21.2324,0.620843,11.3369,0.200833,0.896147,-0.0348698,
0.0240563,-21.2259,0.622003,11.3569,0.202885,0.884599,-0.0384027,
-0.0579512,-20.8548,0.710092,11.4435,0.269743,2.20875,-0.149069,
-0.0465235,-20.8097,0.691974,11.4713,0.248513,2.34515,-0.134547,
-0.0346137,-20.8039,0.676046,11.4945,0.231963,2.31589,-0.120415,
-0.0284723,-20.8165,0.668807,11.5147,0.226696,2.20973,-0.113098,
0.0204646,-21.1759,0.621652,11.4702,0.205187,0.830972,-0.0475474,
0.0219404,-21.1605,0.618702,11.4953,0.202439,0.823678,-0.0469612,
0.0202877,-21.1526,0.618864,11.5154,0.203398,0.813635,-0.0498508,
-0.0125792,-20.7934,0.647279,11.6004,0.220365,2.09896,-0.0775074,
-0.00105288,-20.7484,0.629397,11.6274,0.201094,2.23774,-0.0601808,
0.00645427,-20.74,0.61814,11.6501,0.187536,2.22145,-0.0544274,
0.00814483,-20.749,0.615451,11.6701,0.184844,2.13222,-0.0559203,
0.0151941,-21.1065,0.618907,11.6241,0.206344,0.761807,-0.0607154,
0.0160613,-21.0923,0.616323,11.6482,0.204101,0.75434,-0.0607941,
0.0140451,-21.0855,0.616867,11.6676,0.205489,0.74406,-0.0640884,
0.0197137,-20.7134,0.597793,11.7556,0.1815,2.08376,-0.0259317,
0.0329495,-20.6655,0.577836,11.7826,0.16078,2.23726,-0.00465511,
0.0377087,-20.6559,0.569406,11.8051,0.148428,2.2287,-0.00490135,
0.0358485,-20.6646,0.570589,11.8247,0.148238,2.1426,-0.0133929,
0.0307486,-20.6806,0.576817,11.8426,0.156543,2.02702,-0.0225093,
0.00786009,-21.0304,0.615994,11.7964,0.208045,0.684513,-0.0772712,
0.00830292,-21.0172,0.613524,11.8195,0.206012,0.677429,-0.0778021,
0.00604121,-21.0114,0.614256,11.8379,0.207613,0.667329,-0.0813557,
0.0377299,-20.6397,0.565136,11.9257,0.164169,2.01169,0.0090931,
0.0525685,-20.5891,0.543321,11.9526,0.142495,2.17929,0.0344875,
0.056067,-20.5767,0.535854,11.9749,0.129488,2.18484,0.0305972,
0.0525369,-20.5832,0.538437,11.9943,0.128824,2.11121,0.0174249,
0.0458118,-20.5972,0.546118,12.0121,0.137031,2.00582,0.00407377,
0.0383627,-20.6126,0.555317,12.0291,0.149506,1.89552,-0.00652083,
-0.00175958,-20.9503,0.613171,11.9838,0.210526,0.600509,-0.0973162,
-0.00174775,-20.9386,0.61113,12.0056,0.208978,0.593389,-0.0983002,
-0.00428655,-20.9342,0.612252,12.023,0.210992,0.583169,-0.102139,
0.0483361,-20.5572,0.539428,12.1115,0.154038,1.95433,0.0333997,
0.0652959,-20.5032,0.515122,12.1384,0.130644,2.13911,0.0635654,
0.0683761,-20.4882,0.507686,12.1607,0.116148,2.1585,0.0573996,
0.0638777,-20.4929,0.510939,12.1799,0.114403,2.09533,0.0407061,
0.0560611,-20.5059,0.519552,12.1973,0.122123,1.9974,0.0240229,
0.0474889,-20.5207,0.529853,12.2139,0.134711,1.89204,0.010584,
0.0395883,-20.534,0.539588,12.2304,0.148377,1.79411,0.00071008,
-0.0140084,-20.8699,0.61187,12.1842,0.215124,0.508682,-0.121124,
-0.0143149,-20.8597,0.610252,12.2049,0.214022,0.501492,-0.122432,
-0.0170969,-20.8566,0.611788,12.2212,0.216462,0.491119,-0.126514,
0.0549114,-20.4646,0.516812,12.3122,0.146664,1.92539,0.0516713,
0.074313,-20.407,0.489645,12.3391,0.1212,2.12893,0.0871559,
0.077238,-20.3902,0.482028,12.3611,0.105117,2.15909,0.0791858,
0.0718694,-20.3942,0.485979,12.3799,0.102518,2.10139,0.0592538,
0.0629663,-20.4075,0.495678,12.3968,0.110149,2.00549,0.0394426,
0.0532534,-20.4231,0.507255,12.4128,0.12327,1.90002,0.0233487,
0.044229,-20.4374,0.518337,12.4285,0.137889,1.80074,0.0113067,
0.0366387,-20.4485,0.527632,12.4444,0.151325,1.71544,0.00264282,
-0.0285009,-20.7905,0.612191,12.3961,0.221748,0.409897,-0.148148,
-0.0290085,-20.7816,0.610926,12.4156,0.22099,0.402722,-0.149644,
0.0394795,-20.4208,0.522423,12.5001,0.162408,1.72016,0.0265101,
0.0582063,-20.3666,0.497124,12.5253,0.142367,1.91301,0.065627,
0.0626898,-20.3461,0.487862,12.5468,0.126452,1.96188,0.0630747,
0.0600493,-20.3433,0.488196,12.5657,0.120304,1.93604,0.0482438,
0.0542487,-20.3488,0.493549,12.5831,0.122495,1.87565,0.0325384,
0.0475122,-20.3572,0.500866,12.5996,0.129731,1.80396,0.0195411,
0.0410596,-20.3653,0.508245,12.6158,0.138967,1.734,0.00977862,
0.0355111,-20.3714,0.514609,12.632,0.148029,1.67248,0.00278174,
0.0311217,-20.375,0.519449,12.6485,0.155639,1.62216,-0.00210285,
0.0279236,-20.3758,0.522632,12.6653,0.161229,1.58346,-0.00544101,
-0.043096,-20.7112,0.61217,12.6171,0.227896,0.308662,-0.175705,
-0.0440243,-20.7046,0.611773,12.6353,0.228022,0.300713,-0.177631,
0.0409317,-20.3273,0.50371,12.7227,0.154835,1.68797,0.0308524,
0.0629069,-20.2682,0.474517,12.7482,0.13132,1.90508,0.0760521,
0.0682946,-20.2452,0.463982,12.7696,0.113297,1.96822,0.0741481,
0.0656427,-20.2416,0.464227,12.7882,0.106303,1.9497,0.0585292,
0.059368,-20.2474,0.470172,12.805,0.108696,1.89191,0.0417373,
0.0518991,-20.2566,0.478492,12.8208,0.116886,1.81981,0.0276705,
0.044579,-20.2661,0.487097,12.8362,0.127531,1.74765,0.0169241,
0.0381141,-20.2738,0.494775,12.8516,0.138214,1.68302,0.00902689,
0.0328193,-20.2789,0.500922,12.8672,0.147477,1.62931,0.00330982,
0.0287677,-20.2814,0.50534,12.8831,0.154631,1.58734,-0.000805775,
0.0258869,-20.2813,0.50809,12.8993,0.159524,1.5564,-0.00374935,
0.0240253,-20.279,0.509376,12.9158,0.162335,1.53503,-0.0058197,
0.0229964,-20.2749,0.509469,12.9326,0.163418,1.52145,-0.00722246,
0.0226088,-20.2694,0.508652,12.9496,0.163184,1.51386,-0.0081034,
0.0226842,-20.263,0.507193,12.9667,0.162037,1.51062,-0.00857204,
0.0230675,-20.256,0.505321,12.984,0.160328,1.51034,-0.00871634,
0.0236318,-20.2486,0.503224,13.0013,0.158345,1.5119,-0.00861075,
0.0242779,-20.2411,0.501042,13.0186,0.1563,1.51444,-0.00832001,
0.0249327,-20.2336,0.49888,13.0359,0.154344,1.51736,-0.00790029,
0.025546,-20.2261,0.496805,13.0531,0.15257,1.52023,-0.00740021,
0.0260859,-20.2188,0.494858,13.0703,0.151028,1.5228,-0.00686043,
0.0265349,-20.2116,0.493059,13.0874,0.149735,1.52493,-0.00631369,
0.0268868,-20.2047,0.491411,13.1044,0.148684,1.52657,-0.00578519,
0.0271425,-20.1979,0.48991,13.1214,0.147856,1.52774,-0.00529323,
0.0273082,-20.1912,0.488542,13.1383,0.147222,1.52846,-0.00485003,
0.0273928,-20.1848,0.487292,13.1551,0.146754,1.52882,-0.00446274,
0.0274065,-20.1784,0.486145,13.1718,0.146419,1.52886,-0.00413439,
0.02736,-20.1722,0.485083,13.1885,0.14619,1.52867,-0.0038649,
0.0272631,-20.1661,0.484093,13.2051,0.146043,1.5283,-0.0036519,
0.0271248,-20.16,0.483161,13.2216,0.145958,1.52781,-0.00349153,
0.0269532,-20.1541,0.482278,13.2381,0.145918,1.52723,-0.00337904,
0.0267549,-20.1482,0.481433,13.2545,0.14591,1.5266,-0.00330925,
0.0265353,-20.1424,0.48062,13.2708,0.145926,1.52595,-0.00327696,
0.0262991,-20.1366,0.479833,13.2871,0.145958,1.52528,-0.00327718,
0.0260497,-20.1309,0.479068,13.3033,0.146001,1.52463,-0.00330529,
0.0257898,-20.1253,0.478322,13.3195,0.146052,1.52398,-0.00335714,
0.0255218,-20.1197,0.477593,13.3356,0.14611,1.52334,-0.00342906,
0.0252472,-20.1141,0.476879,13.3517,0.146173,1.52272,-0.00351792,
0.0249673,-20.1086,0.476178,13.3677,0.14624,1.52212,-0.00362104,
0.0246832,-20.1032,0.475491,13.3836,0.146312,1.52153,-0.00373615,
0.0243955,-20.0978,0.474815,13.3995,0.146388,1.52095,-0.0038614,
0.024105,-20.0925,0.47415,13.4154,0.146467,1.52038,-0.00399523,
0.0238121,-20.0872,0.473497,13.4311,0.146551,1.51982,-0.00413639,
0.0235173,-20.082,0.472855,13.4469,0.146639,1.51926,-0.00428383,
0.023221,-20.0769,0.472222,13.4625,0.146731,1.51871,-0.0044366,
0.0229234,-20.0718,0.4716,13.4782,0.146826,1.51816,-0.00459399,
0.0226249,-20.0667,0.470987,13.4937,0.146925,1.51762,-0.00475541,
0.0223258,-20.0617,0.470384,13.5092,0.147028,1.51707,-0.00492037,
0.0220263,-20.0568,0.46979,13.5247,0.147134,1.51653,-0.00508842,
0.0217266,-20.0519,0.469204,13.5401,0.147243,1.51599,-0.00525921,
0.021427,-20.047,0.468628,13.5554,0.147355,1.51545,-0.00543241,
0.0211276,-20.0422,0.468059,13.5707,0.147469,1.51491,-0.00560772,
0.0208287,-20.0375,0.467498,13.586,0.147586,1.51438,-0.00578489,
0.0205303,-20.0328,0.466946,13.6012,0.147705,1.51384,-0.00596373,
0.0202327,-20.0282,0.466401,13.6163,0.147826,1.51331,-0.00614398,
0.0199359,-20.0237,0.465863,13.6314,0.147949,1.51278,-0.00632547,
0.0196401,-20.0191,0.465333,13.6464,0.148074,1.51225,-0.00650803,
0.0193453,-20.0147,0.464811,13.6614,0.1482,1.51172,-0.00669154,
0.0190517,-20.0103,0.464295,13.6763,0.148328,1.51119,-0.00687586,
0.0187594,-20.0059,0.463786,13.6912,0.148457,1.51066,-0.00706089,
0.0184683,-20.0016,0.463284,13.706,0.148587,1.51013,-0.00724656,
0.0181786,-19.9973,0.462789,13.7208,0.148719,1.50961,-0.00743273,
0.0178903,-19.9931,0.4623,13.7355,0.148852,1.50909,-0.00761931,
0.0176035,-19.989,0.461818,13.7502,0.148986,1.50857,-0.00780623,
0.0173182,-19.9849,0.461343,13.7648,0.149121,1.50805,-0.00799345,
0.0170344,-19.9808,0.460874,13.7794,0.149257,1.50753,-0.0081809,
0.0167521,-19.9768,0.460412,13.7939,0.149394,1.50701,-0.00836855,
0.0164714,-19.9729,0.459955,13.8084,0.149532,1.5065,-0.00855635,
0.0161924,-19.969,0.459506,13.8228,0.149671,1.50599,-0.0087443,
0.0159149,-19.9651,0.459062,13.8372,0.149811,1.50547,-0.0089323,
0.0156391,-19.9613,0.458625,13.8515,0.149952,1.50496,-0.00912033,
0.015365,-19.9575,0.458194,13.8658,0.150093,1.50446,-0.00930835,
0.0150925,-19.9538,0.457769,13.88,0.150235,1.50395,-0.00949636,
0.0148216,-19.9502,0.45735,13.8942,0.150378,1.50344,-0.00968434,
0.0145525,-19.9466,0.456937,13.9083,0.150522,1.50294,-0.00987227,
0.014285,-19.943,0.45653,13.9224,0.150667,1.50244,-0.0100601,
0.0140192,-19.9395,0.456129,13.9365,0.150812,1.50194,-0.0102479,
0.0137552,-19.936,0.455734,13.9505,0.150959,1.50144,-0.0104356,
0.0134928,-19.9326,0.455345,13.9644,0.151105,1.50094,-0.0106232,
0.0132321,-19.9292,0.454962,13.9783,0.151253,1.50044,-0.0108107,
0.0129732,-19.9259,0.454585,13.9921,0.151401,1.49995,-0.010998,
0.0127159,-19.9226,0.454213,14.0059,0.15155,1.49945,-0.0111852,
0.0124604,-19.9194,0.453847,14.0197,0.1517,1.49896,-0.0113722,
0.0122065,-19.9162,0.453488,14.0334,0.15185,1.49847,-0.011559,
0.0119544,-19.9131,0.453133,14.0471,0.152001,1.49798,-0.0117457,
0.011704,-19.91,0.452785,14.0607,0.152153,1.49749,-0.0119322,
0.0114552,-19.907,0.452442,14.0742,0.152305,1.49701,-0.0121186,
0.0112082,-19.904,0.452105,14.0878,0.152458,1.49652,-0.0123048,
0.0109629,-19.901,0.451774,14.1012,0.152612,1.49604,-0.0124907,
0.0107193,-19.8981,0.451448,14.1147,0.152766,1.49556,-0.0126765,
0.0104775,-19.8952,0.451127,14.128,0.152921,1.49508,-0.0128621,
0.0102373,-19.8924,0.450813,14.1414,0.153076,1.4946,-0.0130474,
0.00999877,-19.8896,0.450504,14.1547,0.153232,1.49412,-0.0132325,
0.00976198,-19.8869,0.4502,14.1679,0.153389,1.49365,-0.0134174,
0.00952688,-19.8842,0.449902,14.1811,0.153546,1.49317,-0.0136021,
0.00929348,-19.8816,0.449609,14.1943,0.153703,1.4927,-0.0137866,
0.00906176,-19.879,0.449322,14.2074,0.153862,1.49223,-0.0139709,
0.00883173,-19.8764,0.44904,14.2205,0.154021,1.49176,-0.0141549,
0.00860339,-19.8739,0.448763,14.2335,0.15418,1.49129,-0.0143388,
0.00837673,-19.8715,0.448492,14.2465,0.15434,1.49082,-0.0145223,
0.00815175,-19.869,0.448226,14.2595,0.1545,1.49035,-0.0147057,
0.00792844,-19.8666,0.447966,14.2724,0.154661,1.48989,-0.0148887,
0.0077068,-19.8643,0.44771,14.2852,0.154823,1.48943,-0.0150716,
0.00748684,-19.862,0.44746,14.2981,0.154985,1.48896,-0.0152541,
0.00726854,-19.8598,0.447216,14.3108,0.155148,1.4885,-0.0154364,
0.0070519,-19.8575,0.446976,14.3236,0.155311,1.48804,-0.0156185,
0.00683692,-19.8554,0.446742,14.3363,0.155475,1.48759,-0.0158003,
0.0066236,-19.8533,0.446512,14.3489,0.155639,1.48713,-0.0159819,
0.00641193,-19.8512,0.446288,14.3615,0.155804,1.48667,-0.0161632,
0.00620191,-19.8491,0.446069,14.3741,0.155969,1.48622,-0.0163442,
0.00599353,-19.8471,0.445856,14.3866,0.156134,1.48577,-0.016525,
0.0057868,-19.8452,0.445647,14.3991,0.1563,1.48532,-0.0167055,
0.00558171,-19.8432,0.445443,14.4115,0.156467,1.48487,-0.0168858,
0.00537825,-19.8413,0.445244,14.4239,0.156634,1.48442,-0.0170658,
0.00517642,-19.8395,0.445051,14.4363,0.156802,1.48397,-0.0172454,
0.00497622,-19.8377,0.444862,14.4486,0.15697,1.48353,-0.0174248,
0.00477764,-19.8359,0.444678,14.4609,0.157138,1.48308,-0.0176039,
0.00458068,-19.8342,0.444499,14.4731,0.157307,1.48264,-0.0177827,
0.00438534,-19.8325,0.444325,14.4853,0.157476,1.4822,-0.0179612,
0.00419161,-19.8309,0.444156,14.4975,0.157646,1.48176,-0.0181395,
0.00399949,-19.8293,0.443992,14.5096,0.157816,1.48132,-0.0183175,
0.00380898,-19.8277,0.443833,14.5217,0.157987,1.48088,-0.0184951,
0.00362006,-19.8262,0.443679,14.5337,0.158158,1.48044,-0.0186725,
0.00343274,-19.8247,0.443529,14.5457,0.15833,1.48001,-0.0188496,
0.00324702,-19.8233,0.443384,14.5577,0.158502,1.47957,-0.0190264,
0.00306288,-19.8219,0.443244,14.5696,0.158674,1.47914,-0.0192029,
0.00288033,-19.8205,0.443108,14.5815,0.158847,1.47871,-0.0193791,
0.00269936,-19.8192,0.442978,14.5933,0.15902,1.47828,-0.019555,
0.00251997,-19.8179,0.442852,14.6051,0.159193,1.47785,-0.0197306,
0.00234215,-19.8166,0.44273,14.6169,0.159367,1.47742,-0.0199059,
0.0021659,-19.8154,0.442614,14.6286,0.159542,1.477,-0.0200808,
0.00199121,-19.8142,0.442502,14.6403,0.159716,1.47657,-0.0202554,
0.00181809,-19.8131,0.442394,14.652,0.159891,1.47615,-0.0204297,
0.00164652,-19.812,0.442291,14.6636,0.160067,1.47573,-0.0206037,
0.00147651,-19.8109,0.442193,14.6752,0.160243,1.4753,-0.0207774,
0.00130804,-19.8099,0.442099,14.6867,0.160419,1.47488,-0.0209508,
0.00114112,-19.8089,0.44201,14.6982,0.160595,1.47447,-0.0211239,
0.000975732,-19.8079,0.441925,14.7097,0.160772,1.47405,-0.0212966,
0.000811885,-19.807,0.441845,14.7212,0.160949,1.47363,-0.021469,
0.00064957,-19.8061,0.441769,14.7325,0.161127,1.47322,-0.0216411,
0.000488782,-19.8052,0.441698,14.7439,0.161305,1.4728,-0.0218129,
0.000329517,-19.8044,0.441631,14.7552,0.161483,1.47239,-0.0219843,
0.000171771,-19.8036,0.441568,14.7665,0.161662,1.47198,-0.0221554,
1.55396e-05,-19.8029,0.44151,14.7778,0.161841,1.47157,-0.0223262,
-0.000139183,-19.8022,0.441456,14.789,0.16202,1.47116,-0.0224966,
-0.000292398,-19.8015,0.441407,14.8002,0.162199,1.47075,-0.0226668,
-0.000444111,-19.8009,0.441362,14.8113,0.162379,1.47035,-0.0228365,
-0.000594326,-19.8003,0.441321,14.8224,0.16256,1.46994,-0.023006,
-0.000743048,-19.7997,0.441284,14.8335,0.16274,1.46954,-0.023175,
-0.000890281,-19.7992,0.441252,14.8445,0.162921,1.46913,-0.0233437,
-0.00103603,-19.7987,0.441224,14.8555,0.163102,1.46873,-0.0235121,
-0.0011803,-19.7982,0.4412,14.8665,0.163283,1.46833,-0.0236801,
-0.00132309,-19.7977,0.44118,14.8774,0.163465,1.46793,-0.0238478,
-0.00146441,-19.7973,0.441164,14.8883,0.163647,1.46753,-0.0240152,
-0.00160427,-19.797,0.441153,14.8992,0.163829,1.46714,-0.0241822,
-0.00174266,-19.7966,0.441145,14.91,0.164012,1.46674,-0.0243488,
-0.0018796,-19.7963,0.441142,14.9208,0.164194,1.46635,-0.0245152,
-0.00201508,-19.7961,0.441143,14.9316,0.164378,1.46595,-0.0246811,
-0.00214911,-19.7958,0.441148,14.9423,0.164561,1.46556,-0.0248467,
-0.0022817,-19.7956,0.441157,14.953,0.164744,1.46517,-0.025012,
-0.00241284,-19.7955,0.44117,14.9637,0.164928,1.46478,-0.0251769,
-0.00254256,-19.7953,0.441187,14.9743,0.165112,1.46439,-0.0253414,
-0.00267083,-19.7952,0.441208,14.9849,0.165297,1.464,-0.0255056,
-0.00279768,-19.7952,0.441233,14.9955,0.165481,1.46362,-0.0256693,
-0.00292311,-19.7951,0.441262,15.006,0.165666,1.46323,-0.0258325,
-0.00304712,-19.7951,0.441295,15.0165,0.165851,1.46285,-0.0259954,
-0.00316971,-19.7951,0.441332,15.027,0.166037,1.46246,-0.0261579,
-0.0032909,-19.7952,0.441372,15.0374,0.166223,1.46208,-0.02632,
-0.00341069,-19.7953,0.441417,15.0478,0.166408,1.4617,-0.0264819,
-0.00352908,-19.7954,0.441465,15.0582,0.166594,1.46132,-0.0266434,
-0.00364608,-19.7956,0.441517,15.0685,0.166781,1.46094,-0.0268046,
-0.00376169,-19.7957,0.441573,15.0788,0.166967,1.46056,-0.0269655,
-0.00387591,-19.796,0.441633,15.0891,0.167154,1.46019,-0.027126,
-0.00398876,-19.7962,0.441697,15.0993,0.16734,1.45981,-0.0272862,
-0.00410023,-19.7965,0.441764,15.1096,0.167527,1.45944,-0.0274461,
-0.00421034,-19.7968,0.441835,15.1197,0.167714,1.45907,-0.0276056,
-0.00431907,-19.7971,0.44191,15.1299,0.167902,1.45869,-0.0277647,
-0.00442645,-19.7975,0.441989,15.14,0.168089,1.45832,-0.0279235,
-0.00453246,-19.7979,0.442071,15.1501,0.168277,1.45795,-0.0280818,
-0.00463713,-19.7983,0.442157,15.1601,0.168465,1.45758,-0.0282398,
-0.00474044,-19.7988,0.442247,15.1702,0.168653,1.45722,-0.0283975,
-0.00484241,-19.7992,0.44234,15.1802,0.168842,1.45685,-0.0285547,
-0.00494304,-19.7998,0.442437,15.1901,0.16903,1.45649,-0.0287115,
-0.00504234,-19.8003,0.442537,15.2001,0.169219,1.45612,-0.028868,
-0.0051403,-19.8009,0.442641,15.21,0.169408,1.45576,-0.0290241,
-0.00523693,-19.8015,0.442749,15.2198,0.169597,1.4554,-0.0291798,
-0.00533225,-19.8021,0.44286,15.2297,0.169786,1.45503,-0.0293351,
-0.00542624,-19.8028,0.442975,15.2395,0.169975,1.45467,-0.02949,
-0.00551892,-19.8035,0.443093,15.2493,0.170165,1.45431,-0.0296445,
-0.00561029,-19.8042,0.443215,15.259,0.170355,1.45396,-0.0297986,
-0.00570035,-19.8049,0.44334,15.2687,0.170545,1.4536,-0.0299524,
-0.00578912,-19.8057,0.443469,15.2784,0.170735,1.45324,-0.0301057,
-0.00587659,-19.8065,0.443601,15.2881,0.170925,1.45289,-0.0302587,
-0.00596277,-19.8073,0.443736,15.2977,0.171115,1.45253,-0.0304113,
-0.00604767,-19.8082,0.443875,15.3073,0.171306,1.45218,-0.0305634,
-0.00613128,-19.8091,0.444017,15.3169,0.171496,1.45183,-0.0307152,
-0.00621362,-19.81,0.444163,15.3265,0.171687,1.45148,-0.0308666,
-0.00629468,-19.8109,0.444312,15.336,0.171878,1.45113,-0.0310176,
-0.00637448,-19.8119,0.444464,15.3455,0.172069,1.45078,-0.0311682,
-0.00645302,-19.8129,0.44462,15.355,0.17226,1.45043,-0.0313184,
-0.0065303,-19.8139,0.444779,15.3644,0.172451,1.45009,-0.0314683,
-0.00660633,-19.815,0.444941,15.3738,0.172643,1.44974,-0.0316177,
-0.00668111,-19.816,0.445107,15.3832,0.172834,1.4494,-0.0317667,
-0.00675464,-19.8171,0.445275,15.3925,0.173026,1.44905,-0.0319154,
-0.00682694,-19.8183,0.445447,15.4019,0.173217,1.44871,-0.0320636,
-0.006898,-19.8194,0.445623,15.4112,0.173409,1.44837,-0.0322115,
-0.00696784,-19.8206,0.445801,15.4204,0.173601,1.44803,-0.0323589,
-0.00703645,-19.8218,0.445983,15.4297,0.173793,1.44769,-0.032506,
-0.00710384,-19.8231,0.446167,15.4389,0.173985,1.44735,-0.0326527,
-0.00717001,-19.8243,0.446355,15.4481,0.174178,1.44701,-0.0327989,
-0.00723498,-19.8256,0.446546,15.4572,0.17437,1.44667,-0.0329448,
-0.00729874,-19.8269,0.446741,15.4664,0.174562,1.44634,-0.0330903,
-0.0073613,-19.8283,0.446938,15.4755,0.174755,1.446,-0.0332354,
-0.00742266,-19.8296,0.447138,15.4845,0.174947,1.44567,-0.0333801,
-0.00748283,-19.831,0.447342,15.4936,0.17514,1.44534,-0.0335243,
-0.00754181,-19.8325,0.447548,15.5026,0.175333,1.44501,-0.0336682,
-0.00759961,-19.8339,0.447758,15.5116,0.175526,1.44468,-0.0338117,
-0.00765623,-19.8354,0.44797,15.5206,0.175719,1.44435,-0.0339548,
-0.00771168,-19.8369,0.448186,15.5296,0.175912,1.44402,-0.0340975,
-0.00776596,-19.8384,0.448404,15.5385,0.176105,1.44369,-0.0342398,
-0.00781908,-19.8399,0.448626,15.5474,0.176298,1.44336,-0.0343817,
-0.00787103,-19.8415,0.44885,15.5562,0.176491,1.44304,-0.0345232,
-0.00792183,-19.8431,0.449078,15.5651,0.176685,1.44271,-0.0346643,
-0.00797149,-19.8447,0.449308,15.5739,0.176878,1.44239,-0.034805,
-0.00801999,-19.8463,0.449541,15.5827,0.177071,1.44206,-0.0349453,
-0.00806736,-19.848,0.449778,15.5915,0.177265,1.44174,-0.0350852,
-0.00811358,-19.8497,0.450017,15.6002,0.177458,1.44142,-0.0352247,
-0.00815868,-19.8514,0.450259,15.6089,0.177652,1.4411,-0.0353637,
-0.00820265,-19.8531,0.450503,15.6176,0.177846,1.44078,-0.0355024,
-0.00824549,-19.8549,0.450751,15.6263,0.178039,1.44046,-0.0356407,
-0.00828722,-19.8567,0.451002,15.6349,0.178233,1.44014,-0.0357786,
-0.00832784,-19.8585,0.451255,15.6436,0.178427,1.43983,-0.0359161,
-0.00836734,-19.8603,0.451511,15.6522,0.178621,1.43951,-0.0360532,
-0.00840574,-19.8622,0.45177,15.6607,0.178814,1.4392,-0.0361898,
-0.00844304,-19.864,0.452031,15.6693,0.179008,1.43888,-0.0363261,
-0.00847925,-19.8659,0.452296,15.6778,0.179202,1.43857,-0.036462,
-0.00851436,-19.8679,0.452563,15.6863,0.179396,1.43826,-0.0365975,
-0.00854839,-19.8698,0.452833,15.6948,0.17959,1.43795,-0.0367325,
-0.00858134,-19.8718,0.453105,15.7032,0.179784,1.43764,-0.0368672,
-0.00861321,-19.8738,0.45338,15.7116,0.179978,1.43733,-0.0370015,
-0.008644,-19.8758,0.453658,15.72,0.180172,1.43702,-0.0371353,
-0.00867373,-19.8778,0.453939,15.7284,0.180367,1.43671,-0.0372688,
-0.00870239,-19.8799,0.454222,15.7368,0.180561,1.4364,-0.0374018,
-0.00873,-19.882,0.454508,15.7451,0.180755,1.4361,-0.0375345,
-0.00875655,-19.8841,0.454796,15.7534,0.180949,1.43579,-0.0376668,
-0.00878205,-19.8862,0.455088,15.7617,0.181143,1.43549,-0.0377986,
-0.00880651,-19.8883,0.455381,15.77,0.181338,1.43518,-0.03793,
-0.00882992,-19.8905,0.455677,15.7782,0.181532,1.43488,-0.0380611,
-0.0088523,-19.8927,0.455976,15.7864,0.181726,1.43458,-0.0381917,
-0.00887364,-19.8949,0.456278,15.7946,0.18192,1.43428,-0.038322,
-0.00889396,-19.8971,0.456581,15.8028,0.182115,1.43398,-0.0384518,
-0.00891325,-19.8994,0.456888,15.8109,0.182309,1.43368,-0.0385812,
-0.00893153,-19.9017,0.457197,15.819,0.182503,1.43338,-0.0387103,
-0.00894879,-19.904,0.457508,15.8271,0.182697,1.43309,-0.0388389,
-0.00896504,-19.9063,0.457822,15.8352,0.182892,1.43279,-0.0389671,
-0.00898028,-19.9086,0.458139,15.8433,0.183086,1.4325,-0.039095,
-0.00899452,-19.911,0.458457,15.8513,0.18328,1.4322,-0.0392224,
-0.00900777,-19.9134,0.458779,15.8593,0.183474,1.43191,-0.0393494,
-0.00902002,-19.9158,0.459102,15.8673,0.183669,1.43161,-0.039476,
-0.00903129,-19.9182,0.459428,15.8753,0.183863,1.43132,-0.0396023,
-0.00904157,-19.9206,0.459757,15.8832,0.184057,1.43103,-0.0397281,
-0.00905088,-19.9231,0.460088,15.8912,0.184251,1.43074,-0.0398535,
-0.00905921,-19.9256,0.460421,15.8991,0.184446,1.43045,-0.0399785,
-0.00906656,-19.9281,0.460757,15.907,0.18464,1.43016,-0.0401031,
-0.00907296,-19.9306,0.461095,15.9148,0.184834,1.42987,-0.0402274,
-0.00907839,-19.9332,0.461435,15.9227,0.185028,1.42959,-0.0403512,
-0.00908286,-19.9357,0.461778,15.9305,0.185222,1.4293,-0.0404746,
-0.00908638,-19.9383,0.462123,15.9383,0.185417,1.42902,-0.0405976,
-0.00908895,-19.9409,0.46247,15.946,0.185611,1.42873,-0.0407202,
-0.00909058,-19.9435,0.46282,15.9538,0.185805,1.42845,-0.0408425,
-0.00909126,-19.9462,0.463172,15.9615,0.185999,1.42816,-0.0409643,
-0.00909101,-19.9488,0.463526,15.9692,0.186193,1.42788,-0.0410857,
-0.00908983,-19.9515,0.463882,15.9769,0.186387,1.4276,-0.0412067,
-0.00908773,-19.9542,0.464241,15.9846,0.186581,1.42732,-0.0413274,
-0.0090847,-19.9569,0.464601,15.9923,0.186775,1.42704,-0.0414476,
-0.00908075,-19.9597,0.464964,15.9999,0.186969,1.42676,-0.0415674,
-0.00907588,-19.9624,0.46533,16.0075,0.187163,1.42648,-0.0416869,
-0.00907011,-19.9652,0.465697,16.0151,0.187356,1.42621,-0.0418059,
-0.00906343,-19.968,0.466066,16.0227,0.18755,1.42593,-0.0419245,
-0.00905585,-19.9708,0.466438,16.0302,0.187744,1.42565,-0.0420428,
-0.00904737,-19.9737,0.466812,16.0377,0.187938,1.42538,-0.0421606,
-0.00903799,-19.9765,0.467188,16.0453,0.188131,1.42511,-0.0422781,
-0.00902773,-19.9794,0.467566,16.0527,0.188325,1.42483,-0.0423951,
-0.00901659,-19.9823,0.467946,16.0602,0.188519,1.42456,-0.0425118,
-0.00900456,-19.9852,0.468329,16.0677,0.188712,1.42429,-0.0426281,
-0.00899166,-19.9881,0.468713,16.0751,0.188906,1.42402,-0.042744,
-0.00897788,-19.9911,0.4691,16.0825,0.189099,1.42375,-0.0428594,
-0.00896324,-19.994,0.469488,16.0899,0.189293,1.42348,-0.0429745,
-0.00894773,-19.997,0.469879,16.0973,0.189486,1.42321,-0.0430892,
-0.00893136,-20,0.470272,16.1046,0.189679,1.42294,-0.0432035,
-0.00891414,-20.003,0.470666,16.112,0.189872,1.42267,-0.0433175,
-0.00889606,-20.0061,0.471063,16.1193,0.190066,1.42241,-0.043431,
-0.00887714,-20.0091,0.471462,16.1266,0.190259,1.42214,-0.0435441,
-0.00885737,-20.0122,0.471863,16.1338,0.190452,1.42188,-0.0436568,
-0.00883677,-20.0153,0.472265,16.1411,0.190645,1.42161,-0.0437692,
-0.00881533,-20.0184,0.47267,16.1483,0.190838,1.42135,-0.0438812,
-0.00879306,-20.0215,0.473077,16.1556,0.191031,1.42109,-0.0439927,
-0.00876996,-20.0246,0.473485,16.1628,0.191224,1.42083,-0.0441039,
-0.00874604,-20.0278,0.473896,16.17,0.191417,1.42056,-0.0442147,
-0.00872129,-20.031,0.474308,16.1771,0.191609,1.4203,-0.0443251,
-0.00869574,-20.0341,0.474723,16.1843,0.191802,1.42004,-0.0444351,
-0.00866937,-20.0374,0.475139,16.1914,0.191995,1.41979,-0.0445448,
-0.0086422,-20.0406,0.475557,16.1985,0.192187,1.41953,-0.044654,
-0.00861422,-20.0438,0.475977,16.2056,0.19238,1.41927,-0.0447629,
-0.00858545,-20.0471,0.476399,16.2127,0.192572,1.41901,-0.0448714,
-0.00855587,-20.0503,0.476823,16.2197,0.192764,1.41876,-0.0449794,
-0.00852551,-20.0536,0.477249,16.2268,0.192957,1.4185,-0.0450872,
-0.00849436,-20.0569,0.477676,16.2338,0.193149,1.41825,-0.0451945,
-0.00846243,-20.0603,0.478106,16.2408,0.193341,1.41799,-0.0453014,
-0.00842972,-20.0636,0.478537,16.2478,0.193533,1.41774,-0.045408,
-0.00839623,-20.067,0.47897,16.2547,0.193725,1.41749,-0.0455141,
-0.00836198,-20.0703,0.479405,16.2617,0.193917,1.41724,-0.0456199,
-0.00832695,-20.0737,0.479841,16.2686,0.194109,1.41699,-0.0457253,
-0.00829116,-20.0771,0.48028,16.2755,0.1943,1.41674,-0.0458304,
-0.00825461,-20.0805,0.48072,16.2824,0.194492,1.41649,-0.045935,
-0.00821731,-20.084,0.481162,16.2893,0.194684,1.41624,-0.0460393,
-0.00817925,-20.0874,0.481605,16.2962,0.194875,1.41599,-0.0461432,
-0.00814045,-20.0909,0.482051,16.303,0.195066,1.41574,-0.0462467,
-0.0081009,-20.0944,0.482498,16.3099,0.195258,1.41549,-0.0463499,
-0.00806061,-20.0979,0.482947,16.3167,0.195449,1.41525,-0.0464526,
-0.00801959,-20.1014,0.483397,16.3235,0.19564,1.415,-0.046555,
-0.00797783,-20.1049,0.483849,16.3302,0.195831,1.41476,-0.046657,
-0.00793534,-20.1085,0.484303,16.337,0.196022,1.41452,-0.0467586,
-0.00789213,-20.112,0.484759,16.3437,0.196213,1.41427,-0.0468599,
-0.00784819,-20.1156,0.485216,16.3505,0.196404,1.41403,-0.0469608,
-0.00780354,-20.1192,0.485675,16.3572,0.196595,1.41379,-0.0470613,
-0.00775818,-20.1228,0.486136,16.3639,0.196786,1.41355,-0.0471614,
-0.0077121,-20.1264,0.486598,16.3706,0.196976,1.41331,-0.0472612,
-0.00766532,-20.13,0.487062,16.3772,0.197167,1.41307,-0.0473606,
-0.00761784,-20.1337,0.487527,16.3839,0.197357,1.41283,-0.0474596,
-0.00756965,-20.1374,0.487994,16.3905,0.197547,1.41259,-0.0475583,
-0.00752077,-20.141,0.488463,16.3971,0.197737,1.41235,-0.0476565,
-0.0074712,-20.1447,0.488933,16.4037,0.197928,1.41211,-0.0477545,
-0.00742095,-20.1484,0.489405,16.4103,0.198118,1.41188,-0.047852,
-0.00737,-20.1522,0.489878,16.4169,0.198308,1.41164,-0.0479492,
-0.00731838,-20.1559,0.490353,16.4234,0.198497,1.41141,-0.048046,
-0.00726608,-20.1596,0.49083,16.43,0.198687,1.41117,-0.0481424,
-0.00721311,-20.1634,0.491308,16.4365,0.198877,1.41094,-0.0482385,
-0.00715946,-20.1672,0.491787,16.443,0.199066,1.4107,-0.0483342,
-0.00710515,-20.171,0.492268,16.4495,0.199256,1.41047,-0.0484296,
-0.00705018,-20.1748,0.492751,16.4559,0.199445,1.41024,-0.0485246,
-0.00699455,-20.1786,0.493235,16.4624,0.199634,1.41001,-0.0486192,
-0.00693826,-20.1824,0.493721,16.4688,0.199823,1.40978,-0.0487135,
-0.00688133,-20.1863,0.494208,16.4753,0.200013,1.40955,-0.0488074,
-0.00682374,-20.1902,0.494696,16.4817,0.200201,1.40932,-0.0489009,
-0.00676551,-20.194,0.495186,16.4881,0.20039,1.40909,-0.0489941,
-0.00670664,-20.1979,0.495678,16.4945,0.200579,1.40886,-0.0490869,
-0.00664713,-20.2018,0.496171,16.5008,0.200768,1.40864,-0.0491794,
-0.00658698,-20.2057,0.496665,16.5072,0.200956,1.40841,-0.0492715,
-0.00652621,-20.2097,0.497161,16.5135,0.201145,1.40818,-0.0493632,
-0.00646481,-20.2136,0.497658,16.5198,0.201333,1.40796,-0.0494546,
-0.00640278,-20.2176,0.498157,16.5261,0.201521,1.40773,-0.0495456,
-0.00634014,-20.2215,0.498657,16.5324,0.201709,1.40751,-0.0496363,
-0.00627687,-20.2255,0.499159,16.5387,0.201897,1.40728,-0.0497266,
-0.006213,-20.2295,0.499662,16.545,0.202085,1.40706,-0.0498166,
-0.00614851,-20.2335,0.500166,16.5512,0.202273,1.40684,-0.0499062,
-0.00608342,-20.2376,0.500671,16.5575,0.202461,1.40662,-0.0499955,
-0.00601773,-20.2416,0.501178,16.5637,0.202648,1.4064,-0.0500844,
-0.00595143,-20.2456,0.501687,16.5699,0.202836,1.40618,-0.0501729,
-0.00588454,-20.2497,0.502197,16.5761,0.203023,1.40596,-0.0502611,
-0.00581705,-20.2538,0.502708,16.5823,0.203211,1.40574,-0.050349,
-0.00574898,-20.2579,0.50322,16.5884,0.203398,1.40552,-0.0504365,
-0.00568032,-20.262,0.503734,16.5946,0.203585,1.4053,-0.0505237,
-0.00561108,-20.2661,0.504249,16.6007,0.203772,1.40508,-0.0506105,
-0.00554126,-20.2702,0.504765,16.6068,0.203958,1.40487,-0.050697,
-0.00547086,-20.2743,0.505283,16.6129,0.204145,1.40465,-0.0507831,
-0.00539988,-20.2785,0.505802,16.619,0.204332,1.40443,-0.0508689,
-0.00532834,-20.2826,0.506322,16.6251,0.204518,1.40422,-0.0509543,
-0.00525623,-20.2868,0.506843,16.6312,0.204705,1.404,-0.0510394,
-0.00518356,-20.291,0.507366,16.6372,0.204891,1.40379,-0.0511242,
-0.00511033,-20.2952,0.50789,16.6433,0.205077,1.40358,-0.0512086,
-0.00503654,-20.2994,0.508415,16.6493,0.205263,1.40337,-0.0512926,
-0.0049622,-20.3036,0.508942,16.6553,0.205449,1.40315,-0.0513764,
-0.00488731,-20.3079,0.50947,16.6613,0.205635,1.40294,-0.0514598,
-0.00481187,-20.3121,0.509999,16.6673,0.20582,1.40273,-0.0515428,
-0.00473589,-20.3164,0.510529,16.6732,0.206006,1.40252,-0.0516255,
-0.00465937,-20.3206,0.51106,16.6792,0.206192,1.40231,-0.0517079,
-0.00458231,-20.3249,0.511593,16.6852,0.206377,1.4021,-0.0517899,
-0.00450471,-20.3292,0.512127,16.6911,0.206562,1.40189,-0.0518716,
-0.00442659,-20.3335,0.512662,16.697,0.206747,1.40168,-0.051953,
-0.00434793,-20.3378,0.513198,16.7029,0.206932,1.40148,-0.052034,
-0.00426875,-20.3422,0.513735,16.7088,0.207117,1.40127,-0.0521147,
-0.00418905,-20.3465,0.514274,16.7147,0.207302,1.40106,-0.0521951,
-0.00410883,-20.3509,0.514813,16.7205,0.207486,1.40086,-0.0522751,
-0.0040281,-20.3552,0.515354,16.7264,0.207671,1.40065,-0.0523548,
-0.00394685,-20.3596,0.515896,16.7322,0.207855,1.40045,-0.0524342,
-0.00386509,-20.364,0.516439,16.7381,0.20804,1.40024,-0.0525133,
-0.00378283,-20.3684,0.516984,16.7439,0.208224,1.40004,-0.052592,
-0.00370007,-20.3728,0.517529,16.7497,0.208408,1.39984,-0.0526704,
-0.0036168,-20.3772,0.518075,16.7555,0.208592,1.39964,-0.0527484,
-0.00353303,-20.3816,0.518623,16.7613,0.208776,1.39943,-0.0528262,
-0.00344878,-20.3861,0.519172,16.767,0.208959,1.39923,-0.0529036,
-0.00336403,-20.3905,0.519722,16.7728,0.209143,1.39903,-0.0529807,
-0.00327879,-20.395,0.520272,16.7785,0.209326,1.39883,-0.0530574,
-0.00319307,-20.3994,0.520824,16.7843,0.20951,1.39863,-0.0531339,
-0.00310686,-20.4039,0.521378,16.79,0.209693,1.39843,-0.05321,
-0.00302018,-20.4084,0.521932,16.7957,0.209876,1.39824,-0.0532858,
-0.00293302,-20.4129,0.522487,16.8014,0.210059,1.39804,-0.0533613,
-0.00284538,-20.4174,0.523043,16.807,0.210242,1.39784,-0.0534364,
-0.00275728,-20.422,0.5236,16.8127,0.210424,1.39764,-0.0535113,
-0.0026687,-20.4265,0.524159,16.8184,0.210607,1.39745,-0.0535858,
-0.00257967,-20.4311,0.524718,16.824,0.210789,1.39725,-0.05366,
-0.00249017,-20.4356,0.525278,16.8297,0.210972,1.39706,-0.0537339,
-0.00240021,-20.4402,0.52584,16.8353,0.211154,1.39686,-0.0538074,
-0.00230979,-20.4448,0.526402,16.8409,0.211336,1.39667,-0.0538807,
-0.00221893,-20.4493,0.526966,16.8465,0.211518,1.39647,-0.0539536,
-0.00212761,-20.4539,0.52753,16.8521,0.2117,1.39628,-0.0540263,
-0.00203584,-20.4585,0.528095,16.8576,0.211882,1.39609,-0.0540986,
-0.00194363,-20.4632,0.528662,16.8632,0.212063,1.39589,-0.0541706,
-0.00185098,-20.4678,0.529229,16.8688,0.212245,1.3957,-0.0542423,
-0.00175789,-20.4724,0.529797,16.8743,0.212426,1.39551,-0.0543137,
-0.00166436,-20.4771,0.530367,16.8798,0.212607,1.39532,-0.0543847,
-0.0015704,-20.4817,0.530937,16.8853,0.212788,1.39513,-0.0544555,
-0.00147601,-20.4864,0.531508,16.8909,0.212969,1.39494,-0.054526,
-0.00138119,-20.4911,0.53208,16.8963,0.21315,1.39475,-0.0545961,
-0.00128594,-20.4958,0.532654,16.9018,0.213331,1.39456,-0.054666,
-0.00119027,-20.5005,0.533228,16.9073,0.213512,1.39438,-0.0547355,
-0.00109418,-20.5052,0.533803,16.9128,0.213692,1.39419,-0.0548048,
-0.000997678,-20.5099,0.534379,16.9182,0.213872,1.394,-0.0548737,
-0.000900758,-20.5146,0.534955,16.9237,0.214053,1.39382,-0.0549423,
-0.000803426,-20.5194,0.535533,16.9291,0.214233,1.39363,-0.0550107,
-0.000705685,-20.5241,0.536112,16.9345,0.214413,1.39344,-0.0550787,
-0.000607538,-20.5289,0.536691,16.9399,0.214593,1.39326,-0.0551464,
-0.000508987,-20.5336,0.537272,16.9453,0.214772,1.39307,-0.0552139,
-0.000410035,-20.5384,0.537853,16.9507,0.214952,1.39289,-0.055281,
-0.000310684,-20.5432,0.538435,16.9561,0.215131,1.39271,-0.0553478,
-0.000210937,-20.548,0.539018,16.9614,0.215311,1.39252,-0.0554144,
-0.000110797,-20.5528,0.539602,16.9668,0.21549,1.39234,-0.0554806,
-1.02663e-05,-20.5576,0.540187,16.9721,0.215669,1.39216,-0.0555466,
9.06526e-05,-20.5624,0.540773,16.9775,0.215848,1.39198,-0.0556122,
0.000191957,-20.5672,0.541359,16.9828,0.216027,1.3918,-0.0556776,
0.000293644,-20.5721,0.541947,16.9881,0.216206,1.39162,-0.0557427,
0.000395712,-20.5769,0.542535,16.9934,0.216384,1.39144,-0.0558074,
0.000498158,-20.5818,0.543124,16.9987,0.216563,1.39126,-0.0558719,
0.000600979,-20.5866,0.543714,17.004,0.216741,1.39108,-0.0559361,
0.000704173,-20.5915,0.544304,17.0092,0.216919,1.3909,-0.056,
0.000807737,-20.5964,0.544896,17.0145,0.217097,1.39072,-0.0560637,
0.000911669,-20.6013,0.545488,17.0197,0.217275,1.39054,-0.056127,
0.00101597,-20.6062,0.546081,17.025,0.217453,1.39037,-0.0561901,
0.00112063,-20.6111,0.546675,17.0302,0.217631,1.39019,-0.0562528,
0.00122565,-20.616,0.54727,17.0354,0.217809,1.39001,-0.0563153,
0.00133102,-20.6209,0.547865,17.0406,0.217986,1.38984,-0.0563775,
0.00143676,-20.6258,0.548462,17.0458,0.218163,1.38966,-0.0564394,
0.00154285,-20.6308,0.549059,17.051,0.218341,1.38949,-0.056501,
0.00164928,-20.6357,0.549657,17.0562,0.218518,1.38931,-0.0565624,
0.00175607,-20.6407,0.550255,17.0614,0.218695,1.38914,-0.0566234,
0.0018632,-20.6457,0.550855,17.0665,0.218871,1.38897,-0.0566842,
0.00197067,-20.6506,0.551455,17.0717,0.219048,1.38879,-0.0567447,
0.00207849,-20.6556,0.552056,17.0768,0.219225,1.38862,-0.056805,
0.00218664,-20.6606,0.552657,17.082,0.219401,1.38845,-0.0568649,
0.00229513,-20.6656,0.55326,17.0871,0.219578,1.38828,-0.0569246,
0.00240396,-20.6706,0.553863,17.0922,0.219754,1.38811,-0.056984,
0.00251311,-20.6756,0.554467,17.0973,0.21993,1.38793,-0.0570431,
0.0026226,-20.6807,0.555071,17.1024,0.220106,1.38776,-0.057102,
0.00273241,-20.6857,0.555676,17.1075,0.220282,1.38759,-0.0571605,
0.00284255,-20.6907,0.556282,17.1126,0.220457,1.38742,-0.0572188,
0.00295301,-20.6958,0.556889,17.1176,0.220633,1.38726,-0.0572769,
0.00306379,-20.7008,0.557497,17.1227,0.220808,1.38709,-0.0573346,
0.00317488,-20.7059,0.558105,17.1277,0.220984,1.38692,-0.0573921,
0.0032863,-20.711,0.558713,17.1328,0.221159,1.38675,-0.0574494,
0.00339802,-20.7161,0.559323,17.1378,0.221334,1.38658,-0.0575063,
0.00351006,-20.7211,0.559933,17.1428,0.221509,1.38642,-0.057563,
0.0036224,-20.7262,0.560544,17.1478,0.221684,1.38625,-0.0576194,
0.00373505,-20.7313,0.561156,17.1528,0.221858,1.38609,-0.0576756,
0.00384801,-20.7365,0.561768,17.1578,0.222033,1.38592,-0.0577315,
0.00396127,-20.7416,0.562381,17.1628,0.222207,1.38576,-0.0577871,
0.00407482,-20.7467,0.562994,17.1678,0.222382,1.38559,-0.0578425,
0.00418868,-20.7518,0.563608,17.1727,0.222556,1.38543,-0.0578976,
0.00430283,-20.757,0.564223,17.1777,0.22273,1.38526,-0.0579524,
0.00441727,-20.7621,0.564839,17.1826,0.222904,1.3851,-0.058007,
0.00453201,-20.7673,0.565455,17.1876,0.223078,1.38494,-0.0580613,
0.00464703,-20.7724,0.566072,17.1925,0.223251,1.38477,-0.0581154,
0.00476234,-20.7776,0.566689,17.1974,0.223425,1.38461,-0.0581692,
0.00487794,-20.7828,0.567307,17.2023,0.223598,1.38445,-0.0582227,
0.00499381,-20.788,0.567926,17.2072,0.223772,1.38429,-0.058276,
0.00510997,-20.7932,0.568545,17.2121,0.223945,1.38413,-0.058329,
0.00522641,-20.7984,0.569165,17.217,0.224118,1.38397,-0.0583818,
0.00534312,-20.8036,0.569786,17.2219,0.224291,1.38381,-0.0584343,
0.00546011,-20.8088,0.570407,17.2268,0.224464,1.38365,-0.0584866,
0.00557737,-20.814,0.571028,17.2316,0.224636,1.38349,-0.0585386,
0.0056949,-20.8192,0.571651,17.2365,0.224809,1.38333,-0.0585904,
0.0058127,-20.8245,0.572274,17.2413,0.224981,1.38317,-0.0586419,
0.00593076,-20.8297,0.572897,17.2462,0.225154,1.38302,-0.0586931,
0.00604909,-20.835,0.573521,17.251,0.225326,1.38286,-0.0587441,
0.00616768,-20.8402,0.574146,17.2558,0.225498,1.3827,-0.0587949,
0.00628652,-20.8455,0.574771,17.2606,0.22567,1.38254,-0.0588454,
0.00640563,-20.8508,0.575397,17.2654,0.225842,1.38239,-0.0588957,
0.00652499,-20.856,0.576023,17.2702,0.226013,1.38223,-0.0589457,
0.00664461,-20.8613,0.57665,17.275,0.226185,1.38208,-0.0589955,
0.00676448,-20.8666,0.577278,17.2798,0.226357,1.38192,-0.059045,
0.0068846,-20.8719,0.577906,17.2845,0.226528,1.38177,-0.0590943,
0.00700497,-20.8772,0.578535,17.2893,0.226699,1.38161,-0.0591434,
0.00712558,-20.8825,0.579164,17.2941,0.22687,1.38146,-0.0591922,
0.00724644,-20.8878,0.579793,17.2988,0.227041,1.38131,-0.0592407,
0.00736753,-20.8932,0.580424,17.3035,0.227212,1.38115,-0.059289,
0.00748887,-20.8985,0.581054,17.3083,0.227383,1.381,-0.0593371,
0.00761045,-20.9038,0.581686,17.313,0.227553,1.38085,-0.059385,
0.00773227,-20.9092,0.582318,17.3177,0.227724,1.3807,-0.0594326,
0.00785431,-20.9145,0.58295,17.3224,0.227894,1.38055,-0.0594799,
0.0079766,-20.9199,0.583583,17.3271,0.228064,1.38039,-0.0595271,
0.00809911,-20.9252,0.584216,17.3318,0.228235,1.38024,-0.059574,
0.00822185,-20.9306,0.58485,17.3365,0.228405,1.38009,-0.0596206,
0.00834482,-20.936,0.585484,17.3412,0.228574,1.37994,-0.0596671,
0.00846801,-20.9414,0.586119,17.3458,0.228744,1.37979,-0.0597132,
0.00859143,-20.9467,0.586755,17.3505,0.228914,1.37965,-0.0597592,
0.00871507,-20.9521,0.587391,17.3552,0.229083,1.3795,-0.0598049,
0.00883893,-20.9575,0.588027,17.3598,0.229253,1.37935,-0.0598504,
0.008963,-20.9629,0.588664,17.3644,0.229422,1.3792,-0.0598957,
0.00908729,-20.9684,0.589301,17.3691,0.229591,1.37905,-0.0599407,
0.0092118,-20.9738,0.589939,17.3737,0.22976,1.37891,-0.0599855,
0.00933652,-20.9792,0.590577,17.3783,0.229929,1.37876,-0.0600301,
0.00946145,-20.9846,0.591216,17.3829,0.230098,1.37861,-0.0600745,
0.00958659,-20.9901,0.591856,17.3875,0.230267,1.37847,-0.0601186,
0.00971194,-20.9955,0.592495,17.3921,0.230435,1.37832,-0.0601625,
0.00983749,-21.001,0.593135,17.3967,0.230604,1.37817,-0.0602062,
0.00996325,-21.0064,0.593776,17.4013,0.230772,1.37803,-0.0602496,
0.0100892,-21.0119,0.594417,17.4059,0.23094,1.37788,-0.0602929,
0.0102154,-21.0173,0.595059,17.4104,0.231108,1.37774,-0.0603359,
0.0103417,-21.0228,0.595701,17.415,0.231276,1.3776,-0.0603786,
0.0104683,-21.0283,0.596343,17.4195,0.231444,1.37745,-0.0604212,
0.010595,-21.0338,0.596986,17.4241,0.231612,1.37731,-0.0604635,
0.010722,-21.0393,0.597629,17.4286,0.231779,1.37717,-0.0605057,
0.0108491,-21.0448,0.598273,17.4331,0.231947,1.37702,-0.0605476,
0.0109764,-21.0503,0.598917,17.4377,0.232114,1.37688,-0.0605893,
0.0111039,-21.0558,0.599562,17.4422,0.232282,1.37674,-0.0606307,
0.0112316,-21.0613,0.600207,17.4467,0.232449,1.3766,-0.060672,
0.0113595,-21.0668,0.600852,17.4512,0.232616,1.37646,-0.060713,
0.0114876,-21.0723,0.601498,17.4557,0.232783,1.37632,-0.0607538,
0.0116158,-21.0778,0.602144,17.4602,0.232949,1.37618,-0.0607944,
0.0117443,-21.0834,0.602791,17.4647,0.233116,1.37604,-0.0608348,
0.0118729,-21.0889,0.603438,17.4691,0.233283,1.3759,-0.060875,
0.0120017,-21.0945,0.604086,17.4736,0.233449,1.37576,-0.060915,
0.0121306,-21.1,0.604733,17.4781,0.233615,1.37562,-0.0609548,
0.0122598,-21.1056,0.605382,17.4825,0.233782,1.37548,-0.0609943,
0.0123891,-21.1111,0.60603,17.487,0.233948,1.37534,-0.0610336,
0.0125186,-21.1167,0.606679,17.4914,0.234114,1.3752,-0.0610728,
0.0126482,-21.1223,0.607329,17.4959,0.23428,1.37507,-0.0611117,
0.012778,-21.1278,0.607979,17.5003,0.234445,1.37493,-0.0611504,
0.012908,-21.1334,0.608629,17.5047,0.234611,1.37479,-0.0611889,
0.0130382,-21.139,0.609279,17.5091,0.234777,1.37466,-0.0612272,
0.0131685,-21.1446,0.60993,17.5135,0.234942,1.37452,-0.0612653,
0.0132989,-21.1502,0.610582,17.5179,0.235107,1.37438,-0.0613032,
0.0134296,-21.1558,0.611233,17.5223,0.235273,1.37425,-0.0613409,
0.0135604,-21.1614,0.611885,17.5267,0.235438,1.37411,-0.0613784,
0.0136913,-21.167,0.612538,17.5311,0.235603,1.37398,-0.0614157,
0.0138224,-21.1727,0.613191,17.5355,0.235768,1.37384,-0.0614527,
0.0139537,-21.1783,0.613844,17.5399,0.235932,1.37371,-0.0614896,
0.0140851,-21.1839,0.614497,17.5442,0.236097,1.37358,-0.0615263,
0.0142166,-21.1895,0.615151,17.5486,0.236261,1.37344,-0.0615628,
0.0143484,-21.1952,0.615805,17.5529,0.236426,1.37331,-0.0615991,
0.0144802,-21.2008,0.61646,17.5573,0.23659,1.37318,-0.0616351,
0.0146122,-21.2065,0.617115,17.5616,0.236754,1.37304,-0.061671,
0.0147444,-21.2121,0.61777,17.566,0.236918,1.37291,-0.0617067,
0.0148767,-21.2178,0.618425,17.5703,0.237082,1.37278,-0.0617422,
0.0150091,-21.2234,0.619081,17.5746,0.237246,1.37265,-0.0617775,
0.0151417,-21.2291,0.619737,17.5789,0.23741,1.37252,-0.0618126,
0.0152744,-21.2348,0.620394,17.5832,0.237574,1.37239,-0.0618475,
0.0154073,-21.2405,0.621051,17.5875,0.237737,1.37225,-0.0618823,
0.0155403,-21.2461,0.621708,17.5918,0.237901,1.37212,-0.0619168,
0.0156734,-21.2518,0.622365,17.5961,0.238064,1.37199,-0.0619511,
0.0158067,-21.2575,0.623023,17.6004,0.238227,1.37186,-0.0619853,
0.01594,-21.2632,0.623681,17.6047,0.23839,1.37173,-0.0620192,
0.0160736,-21.2689,0.62434,17.609,0.238553,1.37161,-0.062053,
0.0162072,-21.2746,0.624998,17.6132,0.238716,1.37148,-0.0620866,
0.016341,-21.2803,0.625657,17.6175,0.238879,1.37135,-0.0621199,
0.0164749,-21.2861,0.626317,17.6218,0.239042,1.37122,-0.0621531,
0.016609,-21.2918,0.626976,17.626,0.239204,1.37109,-0.0621862,
0.0167431,-21.2975,0.627636,17.6303,0.239367,1.37097,-0.062219,
0.0168774,-21.3032,0.628296,17.6345,0.239529,1.37084,-0.0622516,
0.0170118,-21.309,0.628957,17.6387,0.239691,1.37071,-0.0622841,
0.0171464,-21.3147,0.629618,17.643,0.239853,1.37058,-0.0623164,
0.017281,-21.3204,0.630279,17.6472,0.240015,1.37046,-0.0623485,
0.0174158,-21.3262,0.63094,17.6514,0.240177,1.37033,-0.0623804,
0.0175507,-21.3319,0.631602,17.6556,0.240339,1.37021,-0.0624121,
0.0176857,-21.3377,0.632263,17.6598,0.240501,1.37008,-0.0624436,
0.0178208,-21.3435,0.632926,17.664,0.240662,1.36996,-0.062475,
0.017956,-21.3492,0.633588,17.6682,0.240824,1.36983,-0.0625062,
0.0180914,-21.355,0.634251,17.6724,0.240985,1.36971,-0.0625372,
0.0182268,-21.3608,0.634914,17.6766,0.241147,1.36958,-0.062568,
0.0183624,-21.3665,0.635577,17.6808,0.241308,1.36946,-0.0625987,
0.0184981,-21.3723,0.636241,17.6849,0.241469,1.36933,-0.0626291,
0.0186338,-21.3781,0.636904,17.6891,0.24163,1.36921,-0.0626594,
0.0187697,-21.3839,0.637568,17.6933,0.241791,1.36909,-0.0626896,
0.0189057,-21.3897,0.638233,17.6974,0.241951,1.36897,-0.0627195,
0.0190418,-21.3955,0.638897,17.7016,0.242112,1.36884,-0.0627493,
0.019178,-21.4013,0.639562,17.7057,0.242273,1.36872,-0.0627789,
0.0193143,-21.4071,0.640227,17.7099,0.242433,1.3686,-0.0628083,
0.0194507,-21.4129,0.640892,17.714,0.242594,1.36848,-0.0628376,
0.0195872,-21.4187,0.641558,17.7181,0.242754,1.36836,-0.0628667,
0.0197238,-21.4245,0.642223,17.7223,0.242914,1.36824,-0.0628956,
0.0198604,-21.4303,0.642889,17.7264,0.243074,1.36811,-0.0629243,
0.0199972,-21.4362,0.643556,17.7305,0.243234,1.36799,-0.0629529,
0.0201341,-21.442,0.644222,17.7346,0.243394,1.36787,-0.0629813,
0.0202711,-21.4478,0.644889,17.7387,0.243554,1.36775,-0.0630095,
0.0204081,-21.4537,0.645556,17.7428,0.243713,1.36763,-0.0630376,
0.0205453,-21.4595,0.646223,17.7469,0.243873,1.36752,-0.0630655,
0.0206825,-21.4654,0.64689,17.751,0.244032,1.3674,-0.0630932,
0.0208198,-21.4712,0.647558,17.7551,0.244192,1.36728,-0.0631208,
0.0209573,-21.4771,0.648226,17.7592,0.244351,1.36716,-0.0631482,
0.0210948,-21.4829,0.648894,17.7633,0.24451,1.36704,-0.0631754,
0.0212323,-21.4888,0.649562,17.7673,0.244669,1.36692,-0.0632025,
0.02137,-21.4946,0.65023,17.7714,0.244828,1.36681,-0.0632294,
0.0215078,-21.5005,0.650899,17.7755,0.244987,1.36669,-0.0632561,
0.0216456,-21.5064,0.651568,17.7795,0.245146,1.36657,-0.0632827,
0.0217835,-21.5123,0.652237,17.7836,0.245304,1.36645,-0.0633091,
0.0219215,-21.5181,0.652906,17.7876,0.245463,1.36634,-0.0633354,
0.0220596,-21.524,0.653576,17.7917,0.245621,1.36622,-0.0633615,
0.0221977,-21.5299,0.654246,17.7957,0.24578,1.3661,-0.0633875,
0.022336,-21.5358,0.654915,17.7997,0.245938,1.36599,-0.0634132,
0.0224743,-21.5417,0.655586,17.8038,0.246096,1.36587,-0.0634389,
0.0226127,-21.5476,0.656256,17.8078,0.246254,1.36576,-0.0634643,
0.0227511,-21.5535,0.656926,17.8118,0.246412,1.36564,-0.0634896,
0.0228896,-21.5594,0.657597,17.8158,0.24657,1.36553,-0.0635148,
0.0230282,-21.5653,0.658268,17.8198,0.246728,1.36541,-0.0635398,
0.0231669,-21.5712,0.658939,17.8238,0.246886,1.3653,-0.0635646,
0.0233056,-21.5771,0.65961,17.8278,0.247043,1.36519,-0.0635893,
0.0234444,-21.5831,0.660282,17.8318,0.247201,1.36507,-0.0636139,
0.0235833,-21.589,0.660953,17.8358,0.247358,1.36496,-0.0636383,
0.0237222,-21.5949,0.661625,17.8398,0.247516,1.36485,-0.0636625,
0.0238613,-21.6008,0.662297,17.8438,0.247673,1.36473,-0.0636866,
0.0240003,-21.6068,0.662969,17.8477,0.24783,1.36462,-0.0637105,
0.0241395,-21.6127,0.663641,17.8517,0.247987,1.36451,-0.0637343,
0.0242786,-21.6187,0.664314,17.8557,0.248144,1.3644,-0.0637579,
0.0244179,-21.6246,0.664986,17.8597,0.248301,1.36428,-0.0637814,
0.0245572,-21.6305,0.665659,17.8636,0.248458,1.36417,-0.0638047,
0.0246966,-21.6365,0.666332,17.8676,0.248614,1.36406,-0.0638279,
0.024836,-21.6424,0.667005,17.8715,0.248771,1.36395,-0.0638509,
0.0249755,-21.6484,0.667678,17.8755,0.248928,1.36384,-0.0638738,
0.0251151,-21.6544,0.668352,17.8794,0.249084,1.36373,-0.0638965,
0.0252547,-21.6603,0.669026,17.8833,0.24924,1.36362,-0.0639191,
0.0253943,-21.6663,0.669699,17.8873,0.249396,1.36351,-0.0639416,
0.0255341,-21.6723,0.670373,17.8912,0.249553,1.3634,-0.0639639,
0.0256738,-21.6782,0.671047,17.8951,0.249709,1.36329,-0.063986,
0.0258136,-21.6842,0.671722,17.8991,0.249865,1.36318,-0.064008,
0.0259535,-21.6902,0.672396,17.903,0.25002,1.36307,-0.0640299,
0.0260934,-21.6962,0.67307,17.9069,0.250176,1.36296,-0.0640516,
0.0262334,-21.7022,0.673745,17.9108,0.250332,1.36285,-0.0640732,
0.0263734,-21.7081,0.67442,17.9147,0.250488,1.36274,-0.0640946,
0.0265135,-21.7141,0.675095,17.9186,0.250643,1.36264,-0.0641159,
0.0266536,-21.7201,0.67577,17.9225,0.250798,1.36253,-0.0641371,
0.0267938,-21.7261,0.676445,17.9264,0.250954,1.36242,-0.0641581,
0.026934,-21.7321,0.677121,17.9303,0.251109,1.36231,-0.064179,
0.0270742,-21.7381,0.677796,17.9341,0.251264,1.36221,-0.0641997,
0.0272145,-21.7441,0.678472,17.938,0.251419,1.3621,-0.0642204,
0.0273549,-21.7502,0.679147,17.9419,0.251574,1.36199,-0.0642408,
0.0274952,-21.7562,0.679823,17.9458,0.251729,1.36189,-0.0642611,
0.0276357,-21.7622,0.680499,17.9496,0.251884,1.36178,-0.0642813,
0.0277761,-21.7682,0.681175,17.9535,0.252039,1.36167,-0.0643014,
0.0279166,-21.7742,0.681852,17.9574,0.252193,1.36157,-0.0643213,
0.0280572,-21.7802,0.682528,17.9612,0.252348,1.36146,-0.0643411,
0.0281977,-21.7863,0.683205,17.9651,0.252502,1.36136,-0.0643608,
0.0283384,-21.7923,0.683881,17.9689,0.252657,1.36125,-0.0643803,
0.028479,-21.7983,0.684558,17.9728,0.252811,1.36115,-0.0643997,
0.0286197,-21.8044,0.685235,17.9766,0.252965,1.36104,-0.0644189,
0.0287604,-21.8104,0.685912,17.9804,0.253119,1.36094,-0.0644381,
0.0289012,-21.8165,0.686589,17.9843,0.253273,1.36083,-0.064457,
0.029042,-21.8225,0.687266,17.9881,0.253427,1.36073,-0.0644759,
0.0291828,-21.8286,0.687944,17.9919,0.253581,1.36063,-0.0644946,
0.0293236,-21.8346,0.688621,17.9957,0.253735,1.36052,-0.0645132,
0.0294645,-21.8407,0.689299,17.9996,0.253889,1.36042,-0.0645317,
0.0296054,-21.8467,0.689976,18.0034,0.254042,1.36032,-0.0645501,
0.0297464,-21.8528,0.690654,18.0072,0.254196,1.36021,-0.0645683,
0.0298874,-21.8588,0.691332,18.011,0.254349,1.36011,-0.0645864,
0.0300284,-21.8649,0.69201,18.0148,0.254503,1.36001,-0.0646043,
0.0301694,-21.871,0.692688,18.0186,0.254656,1.35991,-0.0646222,
0.0303104,-21.877,0.693366,18.0224,0.254809,1.3598,-0.0646399,
0.0304515,-21.8831,0.694044,18.0262,0.254962,1.3597,-0.0646574,
0.0305926,-21.8892,0.694723,18.03,0.255116,1.3596,-0.0646749,
0.0307337,-21.8953,0.695401,18.0337,0.255269,1.3595,-0.0646922,
0.0308749,-21.9013,0.69608,18.0375,0.255421,1.3594,-0.0647094,
0.0310161,-21.9074,0.696758,18.0413,0.255574,1.3593,-0.0647265,
0.0311573,-21.9135,0.697437,18.0451,0.255727,1.3592,-0.0647435,
0.0312985,-21.9196,0.698116,18.0488,0.25588,1.3591,-0.0647603,
0.0314397,-21.9257,0.698795,18.0526,0.256032,1.359,-0.064777,
0.031581,-21.9318,0.699474,18.0564,0.256185,1.3589,-0.0647936,
0.0317223,-21.9379,0.700153,18.0601,0.256337,1.3588,-0.0648101,
0.0318636,-21.944,0.700832,18.0639,0.256489,1.3587,-0.0648265,
0.0320049,-21.9501,0.701511,18.0676,0.256642,1.3586,-0.0648427,
0.0321462,-21.9562,0.702191,18.0714,0.256794,1.3585,-0.0648588,
0.0322876,-21.9623,0.70287,18.0751,0.256946,1.3584,-0.0648748,
0.0324289,-21.9684,0.70355,18.0789,0.257098,1.3583,-0.0648907,
0.0325703,-21.9745,0.704229,18.0826,0.25725,1.3582,-0.0649065,
0.0327117,-21.9806,0.704909,18.0864,0.257402,1.3581,-0.0649221,
0.0328531,-21.9867,0.705589,18.0901,0.257554,1.35801,-0.0649376,
0.0329945,-21.9928,0.706269,18.0938,0.257705,1.35791,-0.064953,
0.033136,-21.999,0.706948,18.0975,0.257857,1.35781,-0.0649683,
0.0332774,-22.0051,0.707628,18.1013,0.258009,1.35771,-0.0649835,
0.0334189,-22.0112,0.708308,18.105,0.25816,1.35762,-0.0649986,
0.0335604,-22.0173,0.708988,18.1087,0.258312,1.35752,-0.0650135,
0.0337018,-22.0235,0.709669,18.1124,0.258463,1.35742,-0.0650284,
0.0338433,-22.0296,0.710349,18.1161,0.258614,1.35733,-0.0650431,
0.0339848,-22.0357,0.711029,18.1198,0.258765,1.35723,-0.0650577,
0.0341263,-22.0419,0.711709,18.1235,0.258916,1.35713,-0.0650722,
0.0342678,-22.048,0.71239,18.1272,0.259067,1.35704,-0.0650866,
0.0344094,-22.0542,0.71307,18.1309,0.259218,1.35694,-0.0651009,
0.0345509,-22.0603,0.713751,18.1346,0.259369,1.35685,-0.065115,
0.0346924,-22.0664,0.714432,18.1383,0.25952,1.35675,-0.0651291,
0.034834,-22.0726,0.715112,18.142,0.259671,1.35665,-0.065143,
0.0349755,-22.0787,0.715793,18.1457,0.259822,1.35656,-0.0651569,
0.0351171,-22.0849,0.716474,18.1494,0.259972,1.35646,-0.0651706,
0.0352586,-22.0911,0.717155,18.153,0.260123,1.35637,-0.0651842,
0.0354002,-22.0972,0.717835,18.1567,0.260273,1.35628,-0.0651977,
0.0355417,-22.1034,0.718516,18.1604,0.260424,1.35618,-0.0652111,
0.0356833,-22.1095,0.719197,18.164,0.260574,1.35609,-0.0652244,
0.0358249,-22.1157,0.719878,18.1677,0.260724,1.35599,-0.0652376,
0.0359664,-22.1219,0.720559,18.1714,0.260874,1.3559,-0.0652507,
0.036108,-22.128,0.721241,18.175,0.261024,1.35581,-0.0652636,
0.0362496,-22.1342,0.721922,18.1787,0.261174,1.35571,-0.0652765,
0.0363911,-22.1404,0.722603,18.1823,0.261324,1.35562,-0.0652893,
0.0365327,-22.1465,0.723284,18.186,0.261474,1.35553,-0.0653019,
0.0366742,-22.1527,0.723966,18.1896,0.261624,1.35543,-0.0653145,
0.0368158,-22.1589,0.724647,18.1933,0.261774,1.35534,-0.0653269,
0.0369574,-22.1651,0.725328,18.1969,0.261924,1.35525,-0.0653393,
0.0370989,-22.1713,0.72601,18.2006,0.262073,1.35516,-0.0653515,
0.0372405,-22.1774,0.726691,18.2042,0.262223,1.35506,-0.0653637,
0.037382,-22.1836,0.727373,18.2078,0.262372,1.35497,-0.0653757,
0.0375235,-22.1898,0.728054,18.2115,0.262522,1.35488,-0.0653876,
0.0376651,-22.196,0.728736,18.2151,0.262671,1.35479,-0.0653995,
0.0378066,-22.2022,0.729418,18.2187,0.26282,1.3547,-0.0654112,
0.0379481,-22.2084,0.730099,18.2223,0.262969,1.35461,-0.0654229,
0.0380896,-22.2146,0.730781,18.2259,0.263119,1.35452,-0.0654344,
0.0382311,-22.2208,0.731463,18.2296,0.263268,1.35442,-0.0654458,
0.0383726,-22.227,0.732144,18.2332,0.263417,1.35433,-0.0654572,
0.0385141,-22.2332,0.732826,18.2368,0.263566,1.35424,-0.0654684,
0.0386556,-22.2394,0.733508,18.2404,0.263714,1.35415,-0.0654796,
0.0387971,-22.2456,0.73419,18.244,0.263863,1.35406,-0.0654906,
0.0389385,-22.2518,0.734872,18.2476,0.264012,1.35397,-0.0655016,
0.03908,-22.258,0.735554,18.2512,0.264161,1.35388,-0.0655124,
0.0392214,-22.2642,0.736236,18.2548,0.264309,1.35379,-0.0655232,
0.0393629,-22.2704,0.736918,18.2584,0.264458,1.3537,-0.0655338,
0.0395043,-22.2767,0.7376,18.262,0.264606,1.35362,-0.0655444,
0.0396457,-22.2829,0.738282,18.2656,0.264755,1.35353,-0.0655549,
0.0397871,-22.2891,0.738964,18.2692,0.264903,1.35344,-0.0655653,
0.0399285,-22.2953,0.739646,18.2727,0.265051,1.35335,-0.0655755,
0.0400698,-22.3015,0.740328,18.2763,0.265199,1.35326,-0.0655857,
0.0402112,-22.3078,0.74101,18.2799,0.265348,1.35317,-0.0655958,
0.0403525,-22.314,0.741692,18.2835,0.265496,1.35308,-0.0656058,
0.0404938,-22.3202,0.742374,18.287,0.265644,1.353,-0.0656158,
0.0406352,-22.3264,0.743056,18.2906,0.265792,1.35291,-0.0656256,
0.0407764,-22.3327,0.743739,18.2942,0.26594,1.35282,-0.0656353,
0.0409177,-22.3389,0.744421,18.2977,0.266087,1.35273,-0.0656449,
0.041059,-22.3451,0.745103,18.3013,0.266235,1.35265,-0.0656545,
0.0412002,-22.3514,0.745785,18.3049,0.266383,1.35256,-0.0656639,
0.0413414,-22.3576,0.746467,18.3084,0.266531,1.35247,-0.0656733,
0.0414826,-22.3639,0.74715,18.312,0.266678,1.35238,-0.0656826,
0.0416238,-22.3701,0.747832,18.3155,0.266826,1.3523,-0.0656918,
0.041765,-22.3763,0.748514,18.3191,0.266973,1.35221,-0.0657009,
0.0419062,-22.3826,0.749196,18.3226,0.267121,1.35212,-0.0657099,
0.0420473,-22.3888,0.749879,18.3262,0.267268,1.35204,-0.0657188,
0.0421884,-22.3951,0.750561,18.3297,0.267415,1.35195,-0.0657276,
0.0423295,-22.4013,0.751243,18.3333,0.267562,1.35187,-0.0657364,
0.0424706,-22.4076,0.751926,18.3368,0.26771,1.35178,-0.0657451,
0.0426116,-22.4138,0.752608,18.3403,0.267857,1.3517,-0.0657536,
0.0427526,-22.4201,0.75329,18.3439,0.268004,1.35161,-0.0657621,
0.0428936,-22.4264,0.753973,18.3474,0.268151,1.35153,-0.0657705,
0.0430346,-22.4326,0.754655,18.3509,0.268298,1.35144,-0.0657788,
0.0431756,-22.4389,0.755337,18.3544,0.268444,1.35136,-0.0657871,
0.0433165,-22.4451,0.75602,18.358,0.268591,1.35127,-0.0657952,
0.0434574,-22.4514,0.756702,18.3615,0.268738,1.35119,-0.0658033,
0.0435983,-22.4577,0.757384,18.365,0.268885,1.3511,-0.0658113,
0.0437392,-22.4639,0.758067,18.3685,0.269031,1.35102,-0.0658192,
0.0438801,-22.4702,0.758749,18.372,0.269178,1.35093,-0.065827,
0.0440209,-22.4765,0.759431,18.3756,0.269324,1.35085,-0.0658347,
0.0441617,-22.4827,0.760113,18.3791,0.269471,1.35077,-0.0658424,
0.0443024,-22.489,0.760796,18.3826,0.269617,1.35068,-0.0658499,
0.0444432,-22.4953,0.761478,18.3861,0.269764,1.3506,-0.0658574,
0.0445839,-22.5016,0.76216,18.3896,0.26991,1.35051,-0.0658648,
0.0447246,-22.5078,0.762843,18.3931,0.270056,1.35043,-0.0658722,
0.0448652,-22.5141,0.763525,18.3966,0.270202,1.35035,-0.0658794,
0.0450059,-22.5204,0.764207,18.4001,0.270348,1.35027,-0.0658866,
0.0451465,-22.5267,0.76489,18.4036,0.270494,1.35018,-0.0658937,
0.0452871,-22.533,0.765572,18.4071,0.27064,1.3501,-0.0659007,
0.0454276,-22.5392,0.766254,18.4105,0.270786,1.35002,-0.0659076,
0.0455681,-22.5455,0.766936,18.414,0.270932,1.34994,-0.0659145,
0.0457086,-22.5518,0.767619,18.4175,0.271078,1.34985,-0.0659212,
0.0458491,-22.5581,0.768301,18.421,0.271224,1.34977,-0.0659279,
0.0459895,-22.5644,0.768983,18.4245,0.27137,1.34969,-0.0659346,
0.0461299,-22.5707,0.769665,18.428,0.271515,1.34961,-0.0659411,
0.0462703,-22.577,0.770348,18.4314,0.271661,1.34953,-0.0659476,
0.0464107,-22.5833,0.77103,18.4349,0.271806,1.34945,-0.0659539,
0.046551,-22.5896,0.771712,18.4384,0.271952,1.34936,-0.0659603,
0.0466913,-22.5959,0.772394,18.4419,0.272097,1.34928,-0.0659665,
0.0468315,-22.6022,0.773076,18.4453,0.272243,1.3492,-0.0659727,
0.0469717,-22.6085,0.773758,18.4488,0.272388,1.34912,-0.0659787,
0.0471119,-22.6148,0.774441,18.4523,0.272534,1.34904,-0.0659848,
0.0472521,-22.6211,0.775123,18.4557,0.272679,1.34896,-0.0659907,
0.0473922,-22.6274,0.775805,18.4592,0.272824,1.34888,-0.0659966,
0.0475323,-22.6337,0.776487,18.4626,0.272969,1.3488,-0.0660023,
0.0476724,-22.64,0.777169,18.4661,0.273114,1.34872,-0.0660081,
0.0478124,-22.6463,0.777851,18.4696,0.273259,1.34864,-0.0660137,
0.0479524,-22.6526,0.778533,18.473,0.273404,1.34856,-0.0660193,
0.0480923,-22.6589,0.779215,18.4765,0.273549,1.34848,-0.0660248,
0.0482323,-22.6652,0.779897,18.4799,0.273694,1.3484,-0.0660302,
0.0483722,-22.6715,0.780579,18.4833,0.273839,1.34832,-0.0660356,
0.048512,-22.6778,0.781261,18.4868,0.273984,1.34824,-0.0660409,
0.0486518,-22.6841,0.781943,18.4902,0.274128,1.34816,-0.0660461,
0.0487916,-22.6905,0.782625,18.4937,0.274273,1.34808,-0.0660512,
0.0489314,-22.6968,0.783306,18.4971,0.274418,1.348,-0.0660563,
0.0490711,-22.7031,0.783988,18.5006,0.274562,1.34793,-0.0660613,
0.0492108,-22.7094,0.78467,18.504,0.274707,1.34785,-0.0660662,
0.0493504,-22.7157,0.785352,18.5074,0.274851,1.34777,-0.0660711,
0.04949,-22.7221,0.786034,18.5109,0.274996,1.34769,-0.0660759,
0.0496296,-22.7284,0.786715,18.5143,0.27514,1.34761,-0.0660806,
0.0497691,-22.7347,0.787397,18.5177,0.275284,1.34753,-0.0660853,
0.0499086,-22.741,0.788079,18.5211,0.275429,1.34746,-0.0660899,
0.0500481,-22.7474,0.78876,18.5246,0.275573,1.34738,-0.0660944,
0.0501875,-22.7537,0.789442,18.528,0.275717,1.3473,-0.0660989,
0.0503269,-22.76,0.790123,18.5314,0.275861,1.34722,-0.0661032,
0.0504662,-22.7663,0.790805,18.5348,0.276005,1.34715,-0.0661076,
0.0506055,-22.7727,0.791487,18.5382,0.276149,1.34707,-0.0661118,
0.0507448,-22.779,0.792168,18.5416,0.276293,1.34699,-0.066116,
0.050884,-22.7853,0.79285,18.5451,0.276437,1.34691,-0.0661202,
0.0510232,-22.7917,0.793531,18.5485,0.276581,1.34684,-0.0661242,
0.0511623,-22.798,0.794212,18.5519,0.276725,1.34676,-0.0661282,
0.0513014,-22.8043,0.794894,18.5553,0.276869,1.34668,-0.0661321,
0.0514405,-22.8107,0.795575,18.5587,0.277013,1.34661,-0.066136,
0.0515795,-22.817,0.796256,18.5621,0.277156,1.34653,-0.0661398,
0.0517185,-22.8234,0.796938,18.5655,0.2773,1.34646,-0.0661436,
0.0518575,-22.8297,0.797619,18.5689,0.277444,1.34638,-0.0661472,
0.0519964,-22.836,0.7983,18.5723,0.277587,1.3463,-0.0661508,
0.0521353,-22.8424,0.798981,18.5757,0.277731,1.34623,-0.0661544,
0.0522741,-22.8487,0.799662,18.5791,0.277874,1.34615,-0.0661579,
0.0524129,-22.8551,0.800343,18.5825,0.278018,1.34608,-0.0661613,
0.0525516,-22.8614,0.801024,18.5859,0.278161,1.346,-0.0661647,
0.0526903,-22.8678,0.801705,18.5893,0.278305,1.34592,-0.066168,
0.052829,-22.8741,0.802386,18.5927,0.278448,1.34585,-0.0661712,
0.0529676,-22.8805,0.803067,18.596,0.278591,1.34577,-0.0661744,
0.0531062,-22.8868,0.803748,18.5994,0.278734,1.3457,-0.0661775,
0.0532447,-22.8932,0.804429,18.6028,0.278877,1.34562,-0.0661806,
0.0533832,-22.8995,0.80511,18.6062,0.279021,1.34555,-0.0661836,
0.0535216,-22.9059,0.805791,18.6096,0.279164,1.34548,-0.0661865,
0.05366,-22.9122,0.806472,18.613,0.279307,1.3454,-0.0661894,
0.0537984,-22.9186,0.807152,18.6163,0.27945,1.34533,-0.0661922,
0.0539367,-22.9249,0.807833,18.6197,0.279593,1.34525,-0.066195,
0.054075,-22.9313,0.808513,18.6231,0.279736,1.34518,-0.0661977,
0.0542132,-22.9377,0.809194,18.6265,0.279879,1.3451,-0.0662003,
0.0543514,-22.944,0.809875,18.6298,0.280021,1.34503,-0.0662029,
0.0544895,-22.9504,0.810555,18.6332,0.280164,1.34496,-0.0662054,
0.0546276,-22.9567,0.811236,18.6366,0.280307,1.34488,-0.0662079,
0.0547657,-22.9631,0.811916,18.6399,0.28045,1.34481,-0.0662103,
0.0549037,-22.9695,0.812596,18.6433,0.280592,1.34474,-0.0662126,
0.0550417,-22.9758,0.813277,18.6467,0.280735,1.34466,-0.0662149,
0.0551796,-22.9822,0.813957,18.65,0.280877,1.34459,-0.0662172,
0.0553174,-22.9886,0.814637,18.6534,0.28102,1.34452,-0.0662194,
0.0554553,-22.9949,0.815317,18.6567,0.281162,1.34444,-0.0662215,
0.0555931,-23.0013,0.815997,18.6601,0.281305,1.34437,-0.0662236,
0.0557308,-23.0077,0.816678,18.6635,0.281447,1.3443,-0.0662256,
0.0558685,-23.014,0.817358,18.6668,0.28159,1.34422,-0.0662276,
0.0560061,-23.0204,0.818038,18.6702,0.281732,1.34415,-0.0662295,
0.0561437,-23.0268,0.818717,18.6735,0.281874,1.34408,-0.0662313,
0.0562813,-23.0331,0.819397,18.6769,0.282017,1.34401,-0.0662331,
0.0564188,-23.0395,0.820077,18.6802,0.282159,1.34393,-0.0662349,
0.0565563,-23.0459,0.820757,18.6836,0.282301,1.34386,-0.0662366,
0.0566937,-23.0523,0.821437,18.6869,0.282443,1.34379,-0.0662382,
0.056831,-23.0586,0.822117,18.6903,0.282585,1.34372,-0.0662398,
0.0569684,-23.065,0.822796,18.6936,0.282727,1.34365,-0.0662413,
0.0571056,-23.0714,0.823476,18.6969,0.282869,1.34358,-0.0662428,
0.0572428,-23.0778,0.824155,18.7003,0.283011,1.3435,-0.0662442,
0.05738,-23.0841,0.824835,18.7036,0.283153,1.34343,-0.0662456,
0.0575172,-23.0905,0.825514,18.707,0.283295,1.34336,-0.0662469,
0.0576542,-23.0969,0.826194,18.7103,0.283437,1.34329,-0.0662482,
0.0577913,-23.1033,0.826873,18.7136,0.283579,1.34322,-0.0662494,
0.0579283,-23.1097,0.827552,18.717,0.283721,1.34315,-0.0662506,
0.0580652,-23.1161,0.828232,18.7203,0.283862,1.34308,-0.0662517,
0.0582021,-23.1224,0.828911,18.7236,0.284004,1.34301,-0.0662528,
0.0583389,-23.1288,0.82959,18.727,0.284146,1.34294,-0.0662538,
0.0584757,-23.1352,0.830269,18.7303,0.284287,1.34286,-0.0662547,
0.0586125,-23.1416,0.830948,18.7336,0.284429,1.34279,-0.0662557,
0.0587492,-23.148,0.831627,18.7369,0.284571,1.34272,-0.0662565,
0.0588858,-23.1544,0.832306,18.7403,0.284712,1.34265,-0.0662573,
0.0590224,-23.1608,0.832985,18.7436,0.284854,1.34258,-0.0662581,
0.059159,-23.1671,0.833664,18.7469,0.284995,1.34251,-0.0662588,
0.0592955,-23.1735,0.834342,18.7502,0.285137,1.34244,-0.0662595,
0.0594319,-23.1799,0.835021,18.7536,0.285278,1.34237,-0.0662601,
0.0595683,-23.1863,0.8357,18.7569,0.285419,1.3423,-0.0662607,
0.0597047,-23.1927,0.836378,18.7602,0.285561,1.34223,-0.0662612,
0.059841,-23.1991,0.837057,18.7635,0.285702,1.34216,-0.0662617,
0.0599772,-23.2055,0.837735,18.7668,0.285843,1.34209,-0.0662621,
0.0601135,-23.2119,0.838414,18.7701,0.285984,1.34203,-0.0662625,
0.0602496,-23.2183,0.839092,18.7734,0.286125,1.34196,-0.0662629,
0.0603857,-23.2247,0.839771,18.7768,0.286267,1.34189,-0.0662631,
0.0605218,-23.2311,0.840449,18.7801,0.286408,1.34182,-0.0662634,
0.0606578,-23.2375,0.841127,18.7834,0.286549,1.34175,-0.0662636,
0.0607937,-23.2439,0.841805,18.7867,0.28669,1.34168,-0.0662637,
0.0609296,-23.2503,0.842483,18.79,0.286831,1.34161,-0.0662638,
0.0610655,-23.2567,0.843161,18.7933,0.286972,1.34154,-0.0662639,
0.0612013,-23.2631,0.843839,18.7966,0.287113,1.34147,-0.0662639,
0.061337,-23.2695,0.844517,18.7999,0.287254,1.34141,-0.0662639,
0.0614727,-23.2759,0.845195,18.8032,0.287395,1.34134,-0.0662638,
0.0616084,-23.2823,0.845873,18.8065,0.287535,1.34127,-0.0662637,
0.061744,-23.2887,0.846551,18.8098,0.287676,1.3412,-0.0662635,
0.0618796,-23.2951,0.847228,18.8131,0.287817,1.34113,-0.0662633,
0.062015,-23.3015,0.847906,18.8164,0.287958,1.34106,-0.0662631,
0.0621505,-23.3079,0.848583,18.8197,0.288098,1.341,-0.0662628,
0.0622859,-23.3143,0.849261,18.823,0.288239,1.34093,-0.0662624,
0.0624212,-23.3207,0.849938,18.8263,0.28838,1.34086,-0.066262,
0.0625565,-23.3271,0.850616,18.8296,0.28852,1.34079,-0.0662616,
0.0626918,-23.3335,0.851293,18.8329,0.288661,1.34073,-0.0662612,
0.062827,-23.3399,0.85197,18.8361,0.288801,1.34066,-0.0662606,
0.0629621,-23.3463,0.852647,18.8394,0.288942,1.34059,-0.0662601,
0.0630972,-23.3527,0.853324,18.8427,0.289082,1.34052,-0.0662595,
0.0632322,-23.3591,0.854002,18.846,0.289223,1.34046,-0.0662589,
0.0633672,-23.3655,0.854679,18.8493,0.289363,1.34039,-0.0662582,
0.0635022,-23.3719,0.855355,18.8526,0.289504,1.34032,-0.0662575,
0.063637,-23.3783,0.856032,18.8559,0.289644,1.34026,-0.0662567,
0.0637719,-23.3847,0.856709,18.8591,0.289784,1.34019,-0.0662559,
0.0639066,-23.3912,0.857386,18.8624,0.289925,1.34012,-0.066255,
0.0640414,-23.3976,0.858063,18.8657,0.290065,1.34006,-0.0662542,
0.064176,-23.404,0.858739,18.869,0.290205,1.33999,-0.0662532,
0.0643107,-23.4104,0.859416,18.8723,0.290345,1.33992,-0.0662523,
0.0644452,-23.4168,0.860092,18.8755,0.290485,1.33986,-0.0662513,
0.0645797,-23.4232,0.860769,18.8788,0.290626,1.33979,-0.0662502,
0.0647142,-23.4296,0.861445,18.8821,0.290766,1.33972,-0.0662491,
0.0648486,-23.4361,0.862121,18.8854,0.290906,1.33966,-0.066248,
0.064983,-23.4425,0.862798,18.8886,0.291046,1.33959,-0.0662468,
0.0651173,-23.4489,0.863474,18.8919,0.291186,1.33953,-0.0662456,
0.0652515,-23.4553,0.86415,18.8952,0.291326,1.33946,-0.0662444,
0.0653857,-23.4617,0.864826,18.8985,0.291466,1.33939,-0.0662431,
0.0655199,-23.4681,0.865502,18.9017,0.291606,1.33933,-0.0662418,
0.065654,-23.4746,0.866178,18.905,0.291746,1.33926,-0.0662404,
0.065788,-23.481,0.866854,18.9083,0.291886,1.3392,-0.066239,
0.065922,-23.4874,0.867529,18.9115,0.292025,1.33913,-0.0662376,
0.0660559,-23.4938,0.868205,18.9148,0.292165,1.33907,-0.0662361,
0.0661898,-23.5002,0.868881,18.9181,0.292305,1.339,-0.0662346,
0.0663237,-23.5066,0.869556,18.9213,0.292445,1.33894,-0.0662331,
0.0664574,-23.5131,0.870232,18.9246,0.292585,1.33887,-0.0662315,
0.0665912,-23.5195,0.870907,18.9278,0.292724,1.33881,-0.0662299,
0.0667248,-23.5259,0.871583,18.9311,0.292864,1.33874,-0.0662282,
0.0668585,-23.5323,0.872258,18.9344,0.293004,1.33868,-0.0662265,
0.066992,-23.5388,0.872933,18.9376,0.293143,1.33861,-0.0662248,
0.0671255,-23.5452,0.873608,18.9409,0.293283,1.33855,-0.0662231,
0.067259,-23.5516,0.874283,18.9441,0.293422,1.33848,-0.0662213,
0.0673924,-23.558,0.874958,18.9474,0.293562,1.33842,-0.0662194,
0.0675257,-23.5645,0.875633,18.9506,0.293701,1.33835,-0.0662175,
0.067659,-23.5709,0.876308,18.9539,0.293841,1.33829,-0.0662156,
0.0677923,-23.5773,0.876983,18.9572,0.29398,1.33822,-0.0662137,
0.0679255,-23.5837,0.877658,18.9604,0.29412,1.33816,-0.0662117,
0.0680586,-23.5902,0.878332,18.9637,0.294259,1.3381,-0.0662097,
0.0681917,-23.5966,0.879007,18.9669,0.294399,1.33803,-0.0662077,
0.0683247,-23.603,0.879682,18.9702,0.294538,1.33797,-0.0662056,
0.0684577,-23.6094,0.880356,18.9734,0.294677,1.3379,-0.0662035,
0.0685906,-23.6159,0.88103,18.9767,0.294817,1.33784,-0.0662013,
0.0687235,-23.6223,0.881705,18.9799,0.294956,1.33778,-0.0661992,
0.0688563,-23.6287,0.882379,18.9832,0.295095,1.33771,-0.0661969,
0.0689891,-23.6351,0.883053,18.9864,0.295234,1.33765,-0.0661947,
0.0691218,-23.6416,0.883727,18.9896,0.295374,1.33759,-0.0661924,
0.0692545,-23.648,0.884401,18.9929,0.295513,1.33752,-0.0661901,
0.0693871,-23.6544,0.885075,18.9961,0.295652,1.33746,-0.0661878,
0.0695196,-23.6609,0.885749,18.9994,0.295791,1.3374,-0.0661854,
0.0696521,-23.6673,0.886423,19.0026,0.29593,1.33733,-0.066183,
0.0697845,-23.6737,0.887097,19.0059,0.296069,1.33727,-0.0661805,
0.0699169,-23.6802,0.887771,19.0091,0.296208,1.33721,-0.066178,
0.0700493,-23.6866,0.888444,19.0123,0.296348,1.33714,-0.0661755,
0.0701815,-23.693,0.889118,19.0156,0.296487,1.33708,-0.066173,
0.0703138,-23.6995,0.889791,19.0188,0.296626,1.33702,-0.0661704,
0.0704459,-23.7059,0.890465,19.0221,0.296764,1.33695,-0.0661678,
0.0705781,-23.7123,0.891138,19.0253,0.296903,1.33689,-0.0661652,
0.0707101,-23.7188,0.891811,19.0285,0.297042,1.33683,-0.0661625,
0.0708421,-23.7252,0.892485,19.0318,0.297181,1.33677,-0.0661598,
0.0709741,-23.7316,0.893158,19.035,0.29732,1.3367,-0.0661571,
0.071106,-23.7381,0.893831,19.0382,0.297459,1.33664,-0.0661543,
0.0712379,-23.7445,0.894504,19.0415,0.297598,1.33658,-0.0661516,
0.0713697,-23.7509,0.895177,19.0447,0.297737,1.33652,-0.0661487,
0.0715014,-23.7574,0.895849,19.0479,0.297875,1.33646,-0.0661459,
0.0716331,-23.7638,0.896522,19.0512,0.298014,1.33639,-0.066143,
0.0717647,-23.7702,0.897195,19.0544,0.298153,1.33633,-0.0661401,
0.0718963,-23.7767,0.897868,19.0576,0.298292,1.33627,-0.0661372,
0.0720278,-23.7831,0.89854,19.0608,0.29843,1.33621,-0.0661342,
0.0721593,-23.7895,0.899213,19.0641,0.298569,1.33615,-0.0661312,
0.0722907,-23.796,0.899885,19.0673,0.298708,1.33608,-0.0661282,
0.0724221,-23.8024,0.900557,19.0705,0.298846,1.33602,-0.0661251,
0.0725534,-23.8089,0.90123,19.0737,0.298985,1.33596,-0.066122,
0.0726847,-23.8153,0.901902,19.077,0.299123,1.3359,-0.0661189,
0.0728159,-23.8217,0.902574,19.0802,0.299262,1.33584,-0.0661158,
0.072947,-23.8282,0.903246,19.0834,0.299401,1.33578,-0.0661126,
0.0730781,-23.8346,0.903918,19.0866,0.299539,1.33571,-0.0661094,
0.0732091,-23.8411,0.90459,19.0899,0.299678,1.33565,-0.0661062,
0.0733401,-23.8475,0.905262,19.0931,0.299816,1.33559,-0.066103,
0.0734711,-23.8539,0.905933,19.0963,0.299955,1.33553,-0.0660997,
0.0736019,-23.8604,0.906605,19.0995,0.300093,1.33547,-0.0660964,
0.0737328,-23.8668,0.907277,19.1027,0.300231,1.33541,-0.066093,
0.0738635,-23.8733,0.907948,19.106,0.30037,1.33535,-0.0660897,
0.0739943,-23.8797,0.90862,19.1092,0.300508,1.33529,-0.0660863,
0.0741249,-23.8861,0.909291,19.1124,0.300646,1.33523,-0.0660829,
0.0742555,-23.8926,0.909962,19.1156,0.300785,1.33517,-0.0660794,
0.0743861,-23.899,0.910633,19.1188,0.300923,1.3351,-0.066076,
0.0745166,-23.9055,0.911305,19.1221,0.301061,1.33504,-0.0660725,
0.0746471,-23.9119,0.911976,19.1253,0.3012,1.33498,-0.0660689,
0.0747775,-23.9184,0.912647,19.1285,0.301338,1.33492,-0.0660654,
0.0749078,-23.9248,0.913318,19.1317,0.301476,1.33486,-0.0660618,
0.0750381,-23.9312,0.913988,19.1349,0.301614,1.3348,-0.0660582,
0.0751683,-23.9377,0.914659,19.1381,0.301753,1.33474,-0.0660546,
0.0752985,-23.9441,0.91533,19.1413,0.301891,1.33468,-0.066051,
0.0754286,-23.9506,0.916,19.1446,0.302029,1.33462,-0.0660473,
0.0755587,-23.957,0.916671,19.1478,0.302167,1.33456,-0.0660436,
0.0756887,-23.9635,0.917341,19.151,0.302305,1.3345,-0.0660399,
0.0758187,-23.9699,0.918012,19.1542,0.302443,1.33444,-0.0660361,
0.0759486,-23.9764,0.918682,19.1574,0.302581,1.33438,-0.0660323,
0.0760785,-23.9828,0.919352,19.1606,0.302719,1.33432,-0.0660285,
0.0762083,-23.9892,0.920023,19.1638,0.302858,1.33426,-0.0660247,
0.076338,-23.9957,0.920693,19.167,0.302996,1.3342,-0.0660209,
0.0764677,-24.0021,0.921363,19.1702,0.303134,1.33414,-0.066017,
0.0765974,-24.0086,0.922033,19.1734,0.303272,1.33408,-0.0660131,
0.076727,-24.015,0.922702,19.1766,0.30341,1.33402,-0.0660092,
0.0768565,-24.0215,0.923372,19.1798,0.303547,1.33396,-0.0660052,
0.076986,-24.0279,0.924042,19.183,0.303685,1.3339,-0.0660013,
0.0771155,-24.0344,0.924712,19.1863,0.303823,1.33384,-0.0659973,
0.0772448,-24.0408,0.925381,19.1895,0.303961,1.33378,-0.0659933,
0.0773742,-24.0473,0.926051,19.1927,0.304099,1.33373,-0.0659892,
0.0775034,-24.0537,0.92672,19.1959,0.304237,1.33367,-0.0659852,
0.0776327,-24.0602,0.927389,19.1991,0.304375,1.33361,-0.0659811,
0.0777618,-24.0666,0.928059,19.2023,0.304513,1.33355,-0.065977,
0.0778909,-24.073,0.928728,19.2055,0.304651,1.33349,-0.0659728,
0.07802,-24.0795,0.929397,19.2087,0.304788,1.33343,-0.0659687,
0.078149,-24.0859,0.930066,19.2119,0.304926,1.33337,-0.0659645,
0.078278,-24.0924,0.930735,19.2151,0.305064,1.33331,-0.0659603,
0.0784069,-24.0988,0.931404,19.2183,0.305202,1.33325,-0.0659561,
0.0785357,-24.1053,0.932072,19.2215,0.305339,1.33319,-0.0659519,
0.0786645,-24.1117,0.932741,19.2247,0.305477,1.33314,-0.0659476,
0.0787933,-24.1182,0.93341,19.2279,0.305615,1.33308,-0.0659433,
0.078922,-24.1246,0.934078,19.2311,0.305752,1.33302,-0.065939,
0.0790506,-24.1311,0.934747,19.2343,0.30589,1.33296,-0.0659347,
0.0791792,-24.1375,0.935415,19.2375,0.306028,1.3329,-0.0659303,
0.0793077,-24.144,0.936084,19.2407,0.306165,1.33284,-0.065926,
0.0794362,-24.1504,0.936752,19.2439,0.306303,1.33278,-0.0659216,
0.0795646,-24.1569,0.93742,19.2471,0.306441,1.33273,-0.0659172,
0.079693,-24.1633,0.938088,19.2502,0.306578,1.33267,-0.0659127,
0.0798213,-24.1698,0.938756,19.2534,0.306716,1.33261,-0.0659083,
0.0799496,-24.1762,0.939424,19.2566,0.306853,1.33255,-0.0659038,
0.0800778,-24.1827,0.940092,19.2598,0.306991,1.33249,-0.0658993,
0.080206,-24.1891,0.94076,19.263,0.307128,1.33243,-0.0658948,
0.0803341,-24.1956,0.941427,19.2662,0.307266,1.33238,-0.0658903,
0.0804622,-24.202,0.942095,19.2694,0.307404,1.33232,-0.0658857,
0.0805902,-24.2085,0.942763,19.2726,0.307541,1.33226,-0.0658812,
0.0807181,-24.2149,0.94343,19.2758,0.307678,1.3322,-0.0658766,
0.080846,-24.2214,0.944097,19.279,0.307816,1.33215,-0.0658719,
0.0809739,-24.2278,0.944765,19.2822,0.307953,1.33209,-0.0658673,
0.0811017,-24.2343,0.945432,19.2854,0.308091,1.33203,-0.0658627,
0.0812294,-24.2407,0.946099,19.2886,0.308228,1.33197,-0.065858,
0.0813571,-24.2472,0.946766,19.2917,0.308366,1.33191,-0.0658533,
0.0814848,-24.2536,0.947433,19.2949,0.308503,1.33186,-0.0658486,
0.0816124,-24.2601,0.9481,19.2981,0.30864,1.3318,-0.0658439,
0.0817399,-24.2665,0.948767,19.3013,0.308778,1.33174,-0.0658391,
0.0818674,-24.273,0.949434,19.3045,0.308915,1.33168,-0.0658343,
0.0819948,-24.2794,0.9501,19.3077,0.309052,1.33163,-0.0658296,
0.0821222,-24.2859,0.950767,19.3109,0.30919,1.33157,-0.0658248,
0.0822495,-24.2924,0.951434,19.3141,0.309327,1.33151,-0.0658199,
0.0823768,-24.2988,0.9521,19.3172,0.309464,1.33145,-0.0658151,
0.082504,-24.3053,0.952766,19.3204,0.309602,1.3314,-0.0658102,
0.0826312,-24.3117,0.953433,19.3236,0.309739,1.33134,-0.0658054,
0.0827583,-24.3182,0.954099,19.3268,0.309876,1.33128,-0.0658005,
0.0828854,-24.3246,0.954765,19.33,0.310013,1.33123,-0.0657956,
0.0830124,-24.3311,0.955431,19.3332,0.310151,1.33117,-0.0657906,
0.0831394,-24.3375,0.956097,19.3364,0.310288,1.33111,-0.0657857,
0.0832663,-24.344,0.956763,19.3395,0.310425,1.33106,-0.0657807,
0.0833932,-24.3504,0.957429,19.3427,0.310562,1.331,-0.0657757,
0.08352,-24.3569,0.958095,19.3459,0.310699,1.33094,-0.0657707,
0.0836468,-24.3633,0.95876,19.3491,0.310837,1.33089,-0.0657657,
0.0837735,-24.3698,0.959426,19.3523,0.310974,1.33083,-0.0657607,
0.0839002,-24.3762,0.960091,19.3555,0.311111,1.33077,-0.0657556,
0.0840268,-24.3827,0.960757,19.3586,0.311248,1.33072,-0.0657506,
0.0841534,-24.3891,0.961422,19.3618,0.311385,1.33066,-0.0657455,
0.0842799,-24.3956,0.962088,19.365,0.311522,1.3306,-0.0657404,
0.0844063,-24.402,0.962753,19.3682,0.311659,1.33055,-0.0657353,
0.0845327,-24.4085,0.963418,19.3714,0.311796,1.33049,-0.0657301,
0.0846591,-24.415,0.964083,19.3745,0.311933,1.33043,-0.065725,
0.0847854,-24.4214,0.964748,19.3777,0.31207,1.33038,-0.0657198,
0.0849117,-24.4279,0.965413,19.3809,0.312207,1.33032,-0.0657147,
0.0850379,-24.4343,0.966078,19.3841,0.312344,1.33026,-0.0657095,
0.085164,-24.4408,0.966742,19.3873,0.312482,1.33021,-0.0657042,
0.0852901,-24.4472,0.967407,19.3904,0.312619,1.33015,-0.065699,
0.0854162,-24.4537,0.968072,19.3936,0.312756,1.3301,-0.0656938,
0.0855422,-24.4601,0.968736,19.3968,0.312892,1.33004,-0.0656885,
0.0856682,-24.4666,0.9694,19.4,0.313029,1.32998,-0.0656832,
0.0857941,-24.473,0.970065,19.4032,0.313166,1.32993,-0.0656779,
0.0859199,-24.4795,0.970729,19.4063,0.313303,1.32987,-0.0656726,
0.0860457,-24.4859,0.971393,19.4095,0.31344,1.32982,-0.0656673,
0.0861715,-24.4924,0.972057,19.4127,0.313577,1.32976,-0.065662,
0.0862972,-24.4988,0.972721,19.4159,0.313714,1.3297,-0.0656566,
0.0864228,-24.5053,0.973385,19.419,0.313851,1.32965,-0.0656513,
0.0865485,-24.5118,0.974049,19.4222,0.313988,1.32959,-0.0656459,
0.086674,-24.5182,0.974713,19.4254,0.314125,1.32954,-0.0656405,
0.0867995,-24.5247,0.975377,19.4286,0.314262,1.32948,-0.0656351,
0.086925,-24.5311,0.97604,19.4318,0.314399,1.32942,-0.0656297,
0.0870504,-24.5376,0.976704,19.4349,0.314535,1.32937,-0.0656242,
0.0871757,-24.544,0.977367,19.4381,0.314672,1.32931,-0.0656188,
0.0873011,-24.5505,0.978031,19.4413,0.314809,1.32926,-0.0656133,
0.0874263,-24.5569,0.978694,19.4445,0.314946,1.3292,-0.0656078,
0.0875515,-24.5634,0.979357,19.4476,0.315083,1.32915,-0.0656023,
0.0876767,-24.5698,0.98002,19.4508,0.31522,1.32909,-0.0655968,
0.0878018,-24.5763,0.980684,19.454,0.315356,1.32904,-0.0655913,
0.0879269,-24.5827,0.981347,19.4571,0.315493,1.32898,-0.0655858,
0.0880519,-24.5892,0.982009,19.4603,0.31563,1.32893,-0.0655802,
0.0881768,-24.5957,0.982672,19.4635,0.315767,1.32887,-0.0655747,
0.0883018,-24.6021,0.983335,19.4667,0.315904,1.32882,-0.0655691,
0.0884266,-24.6086,0.983998,19.4698,0.31604,1.32876,-0.0655635,
0.0885514,-24.615,0.98466,19.473,0.316177,1.32871,-0.0655579,
0.0886762,-24.6215,0.985323,19.4762,0.316314,1.32865,-0.0655523,
0.0888009,-24.6279,0.985985,19.4794,0.316451,1.3286,-0.0655467,
0.0889256,-24.6344,0.986648,19.4825,0.316587,1.32854,-0.065541,
0.0890502,-24.6408,0.98731,19.4857,0.316724,1.32849,-0.0655354,
0.0891748,-24.6473,0.987972,19.4889,0.316861,1.32843,-0.0655297,
0.0892993,-24.6537,0.988634,19.492,0.316997,1.32838,-0.065524,
0.0894238,-24.6602,0.989296,19.4952,0.317134,1.32832,-0.0655184,
0.0895482,-24.6666,0.989958,19.4984,0.317271,1.32827,-0.0655127,
0.0896726,-24.6731,0.99062,19.5016,0.317407,1.32821,-0.0655069,
0.089797,-24.6795,0.991282,19.5047,0.317544,1.32816,-0.0655012,
0.0899213,-24.686,0.991944,19.5079,0.317681,1.3281,-0.0654955,
0.0900455,-24.6924,0.992605,19.5111,0.317817,1.32805,-0.0654897,
0.0901697,-24.6989,0.993267,19.5142,0.317954,1.32799,-0.065484,
0.0902938,-24.7054,0.993928,19.5174,0.318091,1.32794,-0.0654782,
0.0904179,-24.7118,0.99459,19.5206,0.318227,1.32788,-0.0654724,
0.090542,-24.7183,0.995251,19.5238,0.318364,1.32783,-0.0654666,
0.090666,-24.7247,0.995913,19.5269,0.3185,1.32777,-0.0654608,
0.0907899,-24.7312,0.996574,19.5301,0.318637,1.32772,-0.065455,
0.0909138,-24.7376,0.997235,19.5333,0.318774,1.32766,-0.0654491,
0.0910377,-24.7441,0.997896,19.5364,0.31891,1.32761,-0.0654433,
0.0911615,-24.7505,0.998557,19.5396,0.319047,1.32756,-0.0654374,
0.0912853,-24.757,0.999218,19.5428,0.319183,1.3275,-0.0654316,
0.091409,-24.7634,0.999878,19.5459,0.31932,1.32745,-0.0654257,
0.0915326,-24.7699,1.00054,19.5491,0.319456,1.32739,-0.0654198,
0.0916563,-24.7763,1.0012,19.5523,0.319593,1.32734,-0.0654139,
0.0917798,-24.7828,1.00186,19.5554,0.319729,1.32728,-0.065408,
0.0919034,-24.7892,1.00252,19.5586,0.319866,1.32723,-0.0654021,
0.0920269,-24.7957,1.00318,19.5618,0.320003,1.32718,-0.0653961,
0.0921503,-24.8021,1.00384,19.565,0.320139,1.32712,-0.0653902,
0.0922737,-24.8086,1.0045,19.5681,0.320276,1.32707,-0.0653843,
0.092397,-24.815,1.00516,19.5713,0.320412,1.32701,-0.0653783,
0.0925203,-24.8215,1.00582,19.5745,0.320549,1.32696,-0.0653723,
0.0926436,-24.8279,1.00648,19.5776,0.320685,1.32691,-0.0653663,
0.0927668,-24.8344,1.00714,19.5808,0.320822,1.32685,-0.0653603,
0.0928899,-24.8409,1.0078,19.584,0.320958,1.3268,-0.0653543,
0.093013,-24.8473,1.00846,19.5871,0.321094,1.32674,-0.0653483,
0.0931361,-24.8538,1.00912,19.5903,0.321231,1.32669,-0.0653423,
0.0932591,-24.8602,1.00978,19.5935,0.321367,1.32664,-0.0653363,
0.0933821,-24.8667,1.01044,19.5966,0.321504,1.32658,-0.0653302,
0.093505,-24.8731,1.0111,19.5998,0.32164,1.32653,-0.0653242,
0.0936279,-24.8796,1.01176,19.603,0.321777,1.32648,-0.0653181,
0.0937507,-24.886,1.01242,19.6061,0.321913,1.32642,-0.065312,
0.0938735,-24.8925,1.01308,19.6093,0.32205,1.32637,-0.065306,
0.0939963,-24.8989,1.01374,19.6125,0.322186,1.32631,-0.0652999,
0.094119,-24.9054,1.0144,19.6156,0.322322,1.32626,-0.0652938,
0.0942416,-24.9118,1.01505,19.6188,0.322459,1.32621,-0.0652877,
0.0943642,-24.9183,1.01571,19.622,0.322595,1.32615,-0.0652815,
0.0944868,-24.9247,1.01637,19.6251,0.322732,1.3261,-0.0652754,
0.0946093,-24.9312,1.01703,19.6283,0.322868,1.32605,-0.0652693,
0.0947318,-24.9376,1.01769,19.6315,0.323004,1.32599,-0.0652631,
0.0948542,-24.9441,1.01835,19.6346,0.323141,1.32594,-0.065257,
0.0949766,-24.9505,1.01901,19.6378,0.323277,1.32589,-0.0652508,
0.0950989,-24.957,1.01967,19.641,0.323413,1.32583,-0.0652446,
0.0952212,-24.9634,1.02032,19.6441,0.32355,1.32578,-0.0652385,
0.0953435,-24.9699,1.02098,19.6473,0.323686,1.32573,-0.0652323,
0.0954657,-24.9763,1.02164,19.6505,0.323823,1.32567,-0.0652261,
0.0955878,-24.9828,1.0223,19.6536,0.323959,1.32562,-0.0652199,
0.0957099,-24.9892,1.02296,19.6568,0.324095,1.32557,-0.0652137,
0.095832,-24.9957,1.02361,19.66,0.324232,1.32551,-0.0652074,
0.095954,-25.0021,1.02427,19.6631,0.324368,1.32546,-0.0652012,
0.096076,-25.0086,1.02493,19.6663,0.324504,1.32541,-0.065195,
0.096198,-25.015,1.02559,19.6695,0.324641,1.32535,-0.0651887,
0.0963198,-25.0215,1.02625,19.6726,0.324777,1.3253,-0.0651825,
0.0964417,-25.0279,1.0269,19.6758,0.324913,1.32525,-0.0651762,
0.0965635,-25.0344,1.02756,19.679,0.32505,1.32519,-0.0651699,
0.0966853,-25.0408,1.02822,19.6821,0.325186,1.32514,-0.0651636,
0.096807,-25.0472,1.02888,19.6853,0.325322,1.32509,-0.0651574,
0.0969287,-25.0537,1.02953,19.6884,0.325458,1.32504,-0.0651511,
0.0970503,-25.0601,1.03019,19.6916,0.325595,1.32498,-0.0651448,
0.0971719,-25.0666,1.03085,19.6948,0.325731,1.32493,-0.0651385,
0.0972934,-25.073,1.0315,19.6979,0.325867,1.32488,-0.0651321,
0.0974149,-25.0795,1.03216,19.7011,0.326004,1.32482,-0.0651258,
0.0975364,-25.0859,1.03282,19.7043,0.32614,1.32477,-0.0651195,
0.0976578,-25.0924,1.03347,19.7074,0.326276,1.32472,-0.0651131,
0.0977792,-25.0988,1.03413,19.7106,0.326412,1.32467,-0.0651068,
0.0979005,-25.1053,1.03479,19.7138,0.326549,1.32461,-0.0651004,
0.0980218,-25.1117,1.03544,19.7169,0.326685,1.32456,-0.0650941,
0.098143,-25.1182,1.0361,19.7201,0.326821,1.32451,-0.0650877,
0.0982642,-25.1246,1.03676,19.7233,0.326958,1.32445,-0.0650813,
0.0983854,-25.1311,1.03741,19.7264,0.327094,1.3244,-0.065075,
0.0985065,-25.1375,1.03807,19.7296,0.32723,1.32435,-0.0650686,
0.0986276,-25.144,1.03873,19.7328,0.327366,1.3243,-0.0650622,
0.0987486,-25.1504,1.03938,19.7359,0.327503,1.32424,-0.0650558,
0.0988696,-25.1568,1.04004,19.7391,0.327639,1.32419,-0.0650494,
0.0989905,-25.1633,1.04069,19.7423,0.327775,1.32414,-0.065043,
0.0991114,-25.1697,1.04135,19.7454,0.327911,1.32409,-0.0650365,
0.0992323,-25.1762,1.04201,19.7486,0.328047,1.32403,-0.0650301,
0.0993531,-25.1826,1.04266,19.7518,0.328184,1.32398,-0.0650237,
0.0994739,-25.1891,1.04332,19.7549,0.32832,1.32393,-0.0650172,
0.0995946,-25.1955,1.04397,19.7581,0.328456,1.32388,-0.0650108,
0.0997153,-25.202,1.04463,19.7613,0.328592,1.32382,-0.0650043,
0.0998359,-25.2084,1.04528,19.7644,0.328729,1.32377,-0.0649979,
0.0999566,-25.2149,1.04594,19.7676,0.328865,1.32372,-0.0649914,
0.100077,-25.2213,1.04659,19.7708,0.329001,1.32367,-0.064985,
0.100198,-25.2277,1.04725,19.7739,0.329137,1.32361,-0.0649785,
0.100318,-25.2342,1.0479,19.7771,0.329273,1.32356,-0.064972,
0.100439,-25.2406,1.04856,19.7802,0.32941,1.32351,-0.0649655,
0.100559,-25.2471,1.04921,19.7834,0.329546,1.32346,-0.064959,
0.100679,-25.2535,1.04987,19.7866,0.329682,1.32341,-0.0649525,
0.1008,-25.26,1.05052,19.7897,0.329818,1.32335,-0.064946,
0.10092,-25.2664,1.05118,19.7929,0.329954,1.3233,-0.0649395,
0.10104,-25.2728,1.05183,19.7961,0.330091,1.32325,-0.064933,
0.10116,-25.2793,1.05249,19.7992,0.330227,1.3232,-0.0649265,
0.101281,-25.2857,1.05314,19.8024,0.330363,1.32314,-0.0649199,
0.101401,-25.2922,1.0538,19.8056,0.330499,1.32309,-0.0649134,
0.101521,-25.2986,1.05445,19.8087,0.330635,1.32304,-0.0649069,
0.101641,-25.3051,1.0551,19.8119,0.330772,1.32299,-0.0649003,
0.101761,-25.3115,1.05576,19.8151,0.330908,1.32294,-0.0648938,
0.101881,-25.3179,1.05641,19.8182,0.331044,1.32288,-0.0648872,
0.102001,-25.3244,1.05707,19.8214,0.33118,1.32283,-0.0648807,
0.102121,-25.3308,1.05772,19.8246,0.331316,1.32278,-0.0648741,
0.10224,-25.3373,1.05837,19.8277,0.331452,1.32273,-0.0648675,
0.10236,-25.3437,1.05903,19.8309,0.331589,1.32268,-0.064861,
0.10248,-25.3501,1.05968,19.8341,0.331725,1.32262,-0.0648544,
0.1026,-25.3566,1.06033,19.8372,0.331861,1.32257,-0.0648478,
0.102719,-25.363,1.06099,19.8404,0.331997,1.32252,-0.0648412,
0.102839,-25.3695,1.06164,19.8436,0.332133,1.32247,-0.0648346,
0.102959,-25.3759,1.0623,19.8467,0.332269,1.32242,-0.064828,
0.103078,-25.3823,1.06295,19.8499,0.332406,1.32236,-0.0648214,
0.103198,-25.3888,1.0636,19.8531,0.332542,1.32231,-0.0648148,
0.103317,-25.3952,1.06425,19.8562,0.332678,1.32226,-0.0648082,
0.103437,-25.4017,1.06491,19.8594,0.332814,1.32221,-0.0648016,
0.103556,-25.4081,1.06556,19.8626,0.33295,1.32216,-0.064795,
0.103675,-25.4145,1.06621,19.8657,0.333086,1.32211,-0.0647884,
0.103795,-25.421,1.06687,19.8689,0.333223,1.32205,-0.0647817,
0.103914,-25.4274,1.06752,19.8721,0.333359,1.322,-0.0647751,
0.104033,-25.4339,1.06817,19.8753,0.333495,1.32195,-0.0647685,
0.104152,-25.4403,1.06882,19.8784,0.333631,1.3219,-0.0647618,
0.104271,-25.4467,1.06948,19.8816,0.333767,1.32185,-0.0647552,
0.104391,-25.4532,1.07013,19.8848,0.333903,1.3218,-0.0647486,
0.10451,-25.4596,1.07078,19.8879,0.334039,1.32174,-0.0647419,
0.104629,-25.466,1.07143,19.8911,0.334176,1.32169,-0.0647352,
0.104748,-25.4725,1.07209,19.8943,0.334312,1.32164,-0.0647286,
0.104867,-25.4789,1.07274,19.8974,0.334448,1.32159,-0.0647219,
0.104986,-25.4854,1.07339,19.9006,0.334584,1.32154,-0.0647153,
0.105105,-25.4918,1.07404,19.9038,0.33472,1.32149,-0.0647086,
0.105223,-25.4982,1.07469,19.9069,0.334856,1.32143,-0.0647019,
0.105342,-25.5047,1.07535,19.9101,0.334992,1.32138,-0.0646952,
0.105461,-25.5111,1.076,19.9133,0.335129,1.32133,-0.0646886,
0.10558,-25.5175,1.07665,19.9164,0.335265,1.32128,-0.0646819,
0.105699,-25.524,1.0773,19.9196,0.335401,1.32123,-0.0646752,
0.105817,-25.5304,1.07795,19.9228,0.335537,1.32118,-0.0646685,
0.105936,-25.5368,1.0786,19.926,0.335673,1.32112,-0.0646618,
0.106054,-25.5433,1.07925,19.9291,0.335809,1.32107,-0.0646551,
0.106173,-25.5497,1.07991,19.9323,0.335946,1.32102,-0.0646484,
0.106292,-25.5561,1.08056,19.9355,0.336082,1.32097,-0.0646417,
0.10641,-25.5626,1.08121,19.9386,0.336218,1.32092,-0.064635,
0.106528,-25.569,1.08186,19.9418,0.336354,1.32087,-0.0646283,
0.106647,-25.5754,1.08251,19.945,0.33649,1.32082,-0.0646216,
0.106765,-25.5819,1.08316,19.9481,0.336626,1.32076,-0.0646149,
0.106884,-25.5883,1.08381,19.9513,0.336762,1.32071,-0.0646082,
0.107002,-25.5947,1.08446,19.9545,0.336899,1.32066,-0.0646014,
0.10712,-25.6012,1.08511,19.9577,0.337035,1.32061,-0.0645947,
0.107238,-25.6076,1.08576,19.9608,0.337171,1.32056,-0.064588,
0.107357,-25.614,1.08641,19.964,0.337307,1.32051,-0.0645813,
0.107475,-25.6205,1.08706,19.9672,0.337443,1.32046,-0.0645745,
0.107593,-25.6269,1.08772,19.9703,0.337579,1.32041,-0.0645678,
0.107711,-25.6333,1.08837,19.9735,0.337715,1.32035,-0.064561,
0.107829,-25.6398,1.08902,19.9767,0.337852,1.3203,-0.0645543,
0.107947,-25.6462,1.08967,19.9799,0.337988,1.32025,-0.0645476,
0.108065,-25.6526,1.09032,19.983,0.338124,1.3202,-0.0645408,
0.108183,-25.6591,1.09097,19.9862,0.33826,1.32015,-0.0645341,
0.108301,-25.6655,1.09162,19.9894,0.338396,1.3201,-0.0645273,
0.108419,-25.6719,1.09227,19.9925,0.338532,1.32005,-0.0645206,
0.108537,-25.6784,1.09292,19.9957,0.338669,1.32,-0.0645138,
0.108654,-25.6848,1.09356,19.9989,0.338805,1.31994,-0.0645071,
0.108772,-25.6912,1.09421,20.0021,0.338941,1.31989,-0.0645003,
0.10889,-25.6976,1.09486,20.0052,0.339077,1.31984,-0.0644935,
0.109008,-25.7041,1.09551,20.0084,0.339213,1.31979,-0.0644868,
0.109125,-25.7105,1.09616,20.0116,0.339349,1.31974,-0.06448,
0.109243,-25.7169,1.09681,20.0148,0.339486,1.31969,-0.0644732,
0.10936,-25.7234,1.09746,20.0179,0.339622,1.31964,-0.0644665,
0.109478,-25.7298,1.09811,20.0211,0.339758,1.31959,-0.0644597,
0.109596,-25.7362,1.09876,20.0243,0.339894,1.31954,-0.0644529,
0.109713,-25.7426,1.09941,20.0275,0.34003,1.31949,-0.0644462,
0.10983,-25.7491,1.10006,20.0306,0.340166,1.31943,-0.0644394,
0.109948,-25.7555,1.10071,20.0338,0.340303,1.31938,-0.0644326,
0.110065,-25.7619,1.10135,20.037,0.340439,1.31933,-0.0644258,
0.110183,-25.7683,1.102,20.0402,0.340575,1.31928,-0.064419,
0.1103,-25.7748,1.10265,20.0433,0.340711,1.31923,-0.0644123,
0.110417,-25.7812,1.1033,20.0465,0.340847,1.31918,-0.0644055,
0.110534,-25.7876,1.10395,20.0497,0.340983,1.31913,-0.0643987,
0.110652,-25.794,1.1046,20.0529,0.34112,1.31908,-0.0643919,
0.110769,-25.8005,1.10525,20.056,0.341256,1.31903,-0.0643851,
0.110886,-25.8069,1.10589,20.0592,0.341392,1.31898,-0.0643783,
0.111003,-25.8133,1.10654,20.0624,0.341528,1.31892,-0.0643715,
0.11112,-25.8197,1.10719,20.0656,0.341664,1.31887,-0.0643647,
0.111237,-25.8262,1.10784,20.0687,0.341801,1.31882,-0.0643579,
0.111354,-25.8326,1.10849,20.0719,0.341937,1.31877,-0.0643511,
0.111471,-25.839,1.10913,20.0751,0.342073,1.31872,-0.0643443,
0.111588,-25.8454,1.10978,20.0783,0.342209,1.31867,-0.0643375,
0.111705,-25.8519,1.11043,20.0815,0.342345,1.31862,-0.0643307,
0.111822,-25.8583,1.11108,20.0846,0.342481,1.31857,-0.0643239,
0.111939,-25.8647,1.11172,20.0878,0.342618,1.31852,-0.0643171,
0.112056,-25.8711,1.11237,20.091,0.342754,1.31847,-0.0643103,
0.112172,-25.8776,1.11302,20.0942,0.34289,1.31842,-0.0643035,
0.112289,-25.884,1.11367,20.0974,0.343026,1.31836,-0.0642967,
0.112406,-25.8904,1.11431,20.1005,0.343163,1.31831,-0.0642899,
0.112523,-25.8968,1.11496,20.1037,0.343299,1.31826,-0.0642831,
0.112639,-25.9032,1.11561,20.1069,0.343435,1.31821,-0.0642763,
0.112756,-25.9097,1.11625,20.1101,0.343571,1.31816,-0.0642695,
0.112872,-25.9161,1.1169,20.1133,0.343707,1.31811,-0.0642627,
0.112989,-25.9225,1.11755,20.1164,0.343844,1.31806,-0.0642559,
0.113105,-25.9289,1.11819,20.1196,0.34398,1.31801,-0.064249,
0.113222,-25.9353,1.11884,20.1228,0.344116,1.31796,-0.0642422,
0.113338,-25.9418,1.11949,20.126,0.344252,1.31791,-0.0642354,
0.113455,-25.9482,1.12013,20.1292,0.344389,1.31786,-0.0642286,
0.113571,-25.9546,1.12078,20.1323,0.344525,1.31781,-0.0642218,
0.113688,-25.961,1.12143,20.1355,0.344661,1.31776,-0.064215,
0.113804,-25.9674,1.12207,20.1387,0.344797,1.3177,-0.0642081,
0.11392,-25.9739,1.12272,20.1419,0.344934,1.31765,-0.0642013,
0.114036,-25.9803,1.12337,20.1451,0.34507,1.3176,-0.0641945,
0.114153,-25.9867,1.12401,20.1483,0.345206,1.31755,-0.0641877,
0.114269,-25.9931,1.12466,20.1514,0.345342,1.3175,-0.0641809,
0.114385,-25.9995,1.1253,20.1546,0.345479,1.31745,-0.0641741,
0.114501,-26.0059,1.12595,20.1578,0.345615,1.3174,-0.0641672,
0.114617,-26.0124,1.1266,20.161,0.345751,1.31735,-0.0641604,
0.114733,-26.0188,1.12724,20.1642,0.345887,1.3173,-0.0641536,
0.114849,-26.0252,1.12789,20.1674,0.346024,1.31725,-0.0641468,
0.114965,-26.0316,1.12853,20.1705,0.34616,1.3172,-0.06414,
0.115081,-26.038,1.12918,20.1737,0.346296,1.31715,-0.0641331,
0.115197,-26.0444,1.12982,20.1769,0.346432,1.3171,-0.0641263,
0.115313,-26.0509,1.13047,20.1801,0.346569,1.31705,-0.0641195,
0.115429,-26.0573,1.13111,20.1833,0.346705,1.31699,-0.0641127,
0.115545,-26.0637,1.13176,20.1865,0.346841,1.31694,-0.0641059,
0.115661,-26.0701,1.1324,20.1897,0.346978,1.31689,-0.064099,
0.115777,-26.0765,1.13305,20.1928,0.347114,1.31684,-0.0640922,
0.115893,-26.0829,1.13369,20.196,0.34725,1.31679,-0.0640854,
0.116008,-26.0893,1.13434,20.1992,0.347386,1.31674,-0.0640786,
0.116124,-26.0958,1.13498,20.2024,0.347523,1.31669,-0.0640718,
0.11624,-26.1022,1.13563,20.2056,0.347659,1.31664,-0.0640649,
0.116355,-26.1086,1.13627,20.2088,0.347795,1.31659,-0.0640581,
0.116471,-26.115,1.13692,20.212,0.347932,1.31654,-0.0640513,
0.116587,-26.1214,1.13756,20.2151,0.348068,1.31649,-0.0640445,
0.116702,-26.1278,1.13821,20.2183,0.348204,1.31644,-0.0640377,
0.116818,-26.1342,1.13885,20.2215,0.348341,1.31639,-0.0640309,
0.116933,-26.1406,1.13949,20.2247,0.348477,1.31634,-0.064024,
0.117049,-26.147,1.14014,20.2279,0.348613,1.31629,-0.0640172,
0.117164,-26.1535,1.14078,20.2311,0.34875,1.31624,-0.0640104,
0.117279,-26.1599,1.14143,20.2343,0.348886,1.31619,-0.0640036,
0.117395,-26.1663,1.14207,20.2375,0.349022,1.31613,-0.0639968,
0.11751,-26.1727,1.14271,20.2407,0.349159,1.31608,-0.06399,
0.117626,-26.1791,1.14336,20.2439,0.349295,1.31603,-0.0639831,
0.117741,-26.1855,1.144,20.247,0.349431,1.31598,-0.0639763,
0.117856,-26.1919,1.14465,20.2502,0.349568,1.31593,-0.0639695,
0.117971,-26.1983,1.14529,20.2534,0.349704,1.31588,-0.0639627,
0.118087,-26.2047,1.14593,20.2566,0.349841,1.31583,-0.0639559,
0.118202,-26.2111,1.14658,20.2598,0.349977,1.31578,-0.0639491,
0.118317,-26.2175,1.14722,20.263,0.350113,1.31573,-0.0639423,
0.118432,-26.224,1.14786,20.2662,0.35025,1.31568,-0.0639354,
0.118547,-26.2304,1.14851,20.2694,0.350386,1.31563,-0.0639286,
0.118662,-26.2368,1.14915,20.2726,0.350522,1.31558,-0.0639218,
0.118777,-26.2432,1.14979,20.2758,0.350659,1.31553,-0.063915,
0.118892,-26.2496,1.15044,20.279,0.350795,1.31548,-0.0639082,
0.119007,-26.256,1.15108,20.2822,0.350932,1.31543,-0.0639014,
0.119122,-26.2624,1.15172,20.2854,0.351068,1.31538,-0.0638946,
0.119237,-26.2688,1.15236,20.2886,0.351204,1.31533,-0.0638878,
0.119352,-26.2752,1.15301,20.2917,0.351341,1.31528,-0.063881,
0.119467,-26.2816,1.15365,20.2949,0.351477,1.31522,-0.0638742,
0.119582,-26.288,1.15429,20.2981,0.351614,1.31517,-0.0638674,
0.119697,-26.2944,1.15493,20.3013,0.35175,1.31512,-0.0638606,
0.119812,-26.3008,1.15558,20.3045,0.351887,1.31507,-0.0638538,
0.119926,-26.3072,1.15622,20.3077,0.352023,1.31502,-0.063847,
0.120041,-26.3136,1.15686,20.3109,0.352159,1.31497,-0.0638402,
0.120156,-26.32,1.1575,20.3141,0.352296,1.31492,-0.0638334,
0.12027,-26.3264,1.15815,20.3173,0.352432,1.31487,-0.0638266,
0.120385,-26.3328,1.15879,20.3205,0.352569,1.31482,-0.0638198,
0.1205,-26.3392,1.15943,20.3237,0.352705,1.31477,-0.063813,
0.120614,-26.3456,1.16007,20.3269,0.352842,1.31472,-0.0638062,
0.120729,-26.352,1.16071,20.3301,0.352978,1.31467,-0.0637994,
0.120844,-26.3584,1.16135,20.3333,0.353115,1.31462,-0.0637926,
0.120958,-26.3648,1.162,20.3365,0.353251,1.31457,-0.0637859,
0.121073,-26.3712,1.16264,20.3397,0.353388,1.31452,-0.0637791,
0.121187,-26.3776,1.16328,20.3429,0.353524,1.31447,-0.0637723,
0.121301,-26.384,1.16392,20.3461,0.353661,1.31442,-0.0637655,
0.121416,-26.3904,1.16456,20.3493,0.353797,1.31437,-0.0637587,
0.12153,-26.3968,1.1652,20.3525,0.353934,1.31432,-0.0637519,
0.121645,-26.4032,1.16584,20.3557,0.35407,1.31427,-0.0637452,
0.121759,-26.4096,1.16649,20.3589,0.354207,1.31421,-0.0637384,
0.121873,-26.416,1.16713,20.3621,0.354343,1.31416,-0.0637316,
0.121988,-26.4224,1.16777,20.3653,0.35448,1.31411,-0.0637248,
0.122102,-26.4288,1.16841,20.3685,0.354616,1.31406,-0.0637181,
0.122216,-26.4352,1.16905,20.3717,0.354753,1.31401,-0.0637113,
0.122348,-26.4416,1.1697,20.3749,0.354888,1.31395,-0.0637042,
0.122436,-26.447,1.17012,20.3785,0.35359,1.3182,-0.0652495,
0.122596,-26.4517,1.17033,20.3824,0.351613,1.32556,-0.0672372,
0.122842,-26.4561,1.1704,20.3864,0.349433,1.33472,-0.0691524,
0.123149,-26.4603,1.17043,20.3905,0.347343,1.3445,-0.0707701,
0.123488,-26.4646,1.17047,20.3947,0.345511,1.35404,-0.0720182,
0.123831,-26.4691,1.17057,20.3989,0.344015,1.36272,-0.0729044,
0.124158,-26.4738,1.17075,20.4031,0.342876,1.37018,-0.0734754,
0.124455,-26.4788,1.17101,20.4073,0.342078,1.37626,-0.0737935,
0.124713,-26.4841,1.17137,20.4114,0.341584,1.38094,-0.0739235,
0.124929,-26.4896,1.17182,20.4155,0.341345,1.38432,-0.0739248,
0.125105,-26.4954,1.17234,20.4196,0.34131,1.38655,-0.073848,
0.125244,-26.5013,1.17292,20.4236,0.341428,1.38782,-0.0737339,
0.12535,-26.5073,1.17355,20.4276,0.341655,1.38833,-0.073613,
0.12543,-26.5135,1.17423,20.4315,0.341949,1.38827,-0.0735071,
0.125489,-26.5198,1.17492,20.4354,0.342279,1.38782,-0.0734299,
0.125535,-26.526,1.17564,20.4393,0.342619,1.38714,-0.0733891,
0.125571,-26.5323,1.17636,20.4432,0.342949,1.38635,-0.0733874,
0.125604,-26.5386,1.17707,20.4471,0.343255,1.38556,-0.0734239,
0.125636,-26.5449,1.17779,20.451,0.343528,1.38484,-0.0734954,
0.125671,-26.5511,1.17849,20.4549,0.343763,1.38425,-0.0735971,
0.125713,-26.5573,1.17918,20.4588,0.343957,1.38383,-0.0737234,
0.125761,-26.5635,1.17985,20.4628,0.344111,1.38359,-0.0738689,
0.125818,-26.5696,1.18051,20.4667,0.344227,1.38354,-0.074028,
0.125884,-26.5757,1.18115,20.4706,0.344306,1.38368,-0.0741957,
0.12596,-26.5817,1.18178,20.4746,0.344354,1.38401,-0.0743679,
0.126045,-26.5877,1.18239,20.4785,0.344372,1.3845,-0.0745408,
0.12614,-26.5937,1.18299,20.4825,0.344365,1.38514,-0.0747116,
0.126243,-26.5997,1.18357,20.4865,0.344337,1.38591,-0.0748782,
0.126354,-26.6056,1.18415,20.4905,0.34429,1.3868,-0.075039,
0.126472,-26.6115,1.18471,20.4945,0.344227,1.38778,-0.0751931,
0.126598,-26.6174,1.18526,20.4985,0.344152,1.38885,-0.0753398,
0.126729,-26.6233,1.1858,20.5025,0.344067,1.38999,-0.075479,
0.126865,-26.6292,1.18633,20.5066,0.343972,1.39118,-0.0756108,
0.127006,-26.635,1.18686,20.5106,0.34387,1.39241,-0.0757356,
0.127151,-26.6409,1.18738,20.5147,0.343763,1.39368,-0.0758538,
0.127299,-26.6468,1.1879,20.5188,0.343651,1.39498,-0.075966,
0.127451,-26.6526,1.1884,20.5229,0.343535,1.39629,-0.0760729,
0.127604,-26.6585,1.18891,20.527,0.343416,1.39762,-0.0761751,
0.127759,-26.6644,1.18941,20.5311,0.343294,1.39896,-0.0762732,
0.127916,-26.6702,1.18991,20.5352,0.343171,1.4003,-0.076368,
0.128073,-26.6761,1.19041,20.5393,0.343046,1.40165,-0.0764599,
0.128232,-26.6819,1.1909,20.5435,0.34292,1.40299,-0.0765495,
0.12839,-26.6878,1.19139,20.5476,0.342794,1.40433,-0.0766374,
0.128549,-26.6937,1.19188,20.5518,0.342667,1.40567,-0.0767239,
0.128708,-26.6996,1.19237,20.5559,0.342541,1.407,-0.0768096,
0.128866,-26.7054,1.19285,20.5601,0.342415,1.40832,-0.0768947,
0.129023,-26.7113,1.19334,20.5643,0.34229,1.40963,-0.0769796,
0.129179,-26.7172,1.19383,20.5685,0.342166,1.41093,-0.0770646,
0.129335,-26.7231,1.19432,20.5727,0.342043,1.41222,-0.0771499,
0.129489,-26.729,1.1948,20.5769,0.341922,1.41349,-0.0772357,
0.129642,-26.7349,1.19529,20.5811,0.341802,1.41475,-0.0773223,
0.129794,-26.7408,1.19578,20.5853,0.341685,1.41599,-0.0774099,
0.129944,-26.7467,1.19627,20.5895,0.34157,1.41722,-0.0774985,
0.130092,-26.7526,1.19676,20.5938,0.341458,1.41843,-0.0775883,
0.130238,-26.7586,1.19725,20.598,0.341349,1.41962,-0.0776795,
0.130383,-26.7645,1.19775,20.6023,0.341242,1.42079,-0.0777721,
0.130525,-26.7704,1.19824,20.6065,0.341139,1.42195,-0.0778662,
0.130666,-26.7764,1.19874,20.6108,0.341038,1.42308,-0.0779619,
0.130805,-26.7823,1.19924,20.615,0.340942,1.4242,-0.0780593,
0.130942,-26.7883,1.19975,20.6193,0.340848,1.42529,-0.0781584,
0.131077,-26.7942,1.20025,20.6236,0.340759,1.42636,-0.0782593,
0.131209,-26.8002,1.20076,20.6279,0.340672,1.42741,-0.078362,
0.13134,-26.8062,1.20127,20.6322,0.34059,1.42844,-0.0784664,
0.131469,-26.8121,1.20178,20.6365,0.340511,1.42945,-0.0785728,
0.131596,-26.8181,1.2023,20.6408,0.340436,1.43044,-0.0786809,
0.131721,-26.8241,1.20282,20.6451,0.340365,1.43141,-0.0787909,
0.131843,-26.8301,1.20334,20.6494,0.340298,1.43235,-0.0789027,
0.131964,-26.8361,1.20386,20.6537,0.340235,1.43327,-0.0790164,
0.132084,-26.8421,1.20439,20.658,0.340175,1.43418,-0.0791319,
0.132201,-26.8481,1.20492,20.6623,0.340119,1.43506,-0.0792491,
0.132317,-26.8542,1.20545,20.6666,0.340067,1.43592,-0.0793682,
0.13243,-26.8602,1.20599,20.671,0.340019,1.43676,-0.0794889,
0.132543,-26.8662,1.20653,20.6753,0.339974,1.43758,-0.0796113,
0.132653,-26.8722,1.20707,20.6796,0.339933,1.43838,-0.0797354,
0.132744,-26.8783,1.20763,20.684,0.339891,1.43908,-0.0799185,
0.132808,-26.8844,1.20823,20.6883,0.339847,1.43963,-0.0801907,
0.132841,-26.8905,1.20887,20.6927,0.339803,1.44,-0.0805647,
0.132841,-26.8966,1.20955,20.697,0.339765,1.44018,-0.0810425,
0.132809,-26.9027,1.21028,20.7013,0.339737,1.44018,-0.08162,
0.132745,-26.9088,1.21107,20.7057,0.339726,1.43999,-0.0822894,
0.132654,-26.915,1.21191,20.71,0.339734,1.43964,-0.0830413,
0.132537,-26.9212,1.21279,20.7143,0.339765,1.43914,-0.0838655,
0.132397,-26.9273,1.21372,20.7186,0.33982,1.4385,-0.0847517,
0.13224,-26.9335,1.2147,20.7229,0.339899,1.43774,-0.0856903,
0.132067,-26.9397,1.21572,20.7272,0.340004,1.43688,-0.0866721,
0.131882,-26.9458,1.21678,20.7315,0.340133,1.43594,-0.0876888,
0.131689,-26.952,1.21787,20.7358,0.340284,1.43493,-0.0887328,
0.131492,-26.9581,1.21899,20.7401,0.340455,1.43387,-0.0897974,
0.131292,-26.9642,1.22014,20.7444,0.340646,1.43277,-0.0908765,
0.131094,-26.9703,1.22132,20.7486,0.340853,1.43166,-0.091957,
0.130901,-26.9764,1.22251,20.7529,0.341076,1.43054,-0.0930378,
0.130714,-26.9825,1.22373,20.7572,0.341311,1.42943,-0.094117,
0.130534,-26.9885,1.22496,20.7614,0.341555,1.42831,-0.0951926,
0.130362,-26.9945,1.2262,20.7657,0.341808,1.42721,-0.0962623,
0.130201,-27.0005,1.22745,20.7699,0.342068,1.42611,-0.0973243,
0.130051,-27.0065,1.22871,20.7742,0.342333,1.42504,-0.0983763,
0.129913,-27.0125,1.22999,20.7784,0.342602,1.42398,-0.0994169,
0.129788,-27.0184,1.23127,20.7827,0.342874,1.42294,-0.100444,
0.129677,-27.0243,1.23255,20.7869,0.343148,1.42193,-0.101457,
0.12958,-27.0302,1.23384,20.7911,0.343423,1.42093,-0.102455,
0.129497,-27.0361,1.23513,20.7954,0.343699,1.41996,-0.103436,
0.12943,-27.0419,1.23643,20.7996,0.343974,1.41902,-0.104401,
0.129378,-27.0478,1.23772,20.8038,0.344248,1.41809,-0.105348,
0.129341,-27.0536,1.23902,20.808,0.344521,1.4172,-0.106278,
0.12932,-27.0594,1.24032,20.8123,0.344792,1.41632,-0.10719,
0.129314,-27.0652,1.24161,20.8165,0.345061,1.41547,-0.108084,
0.129324,-27.0709,1.24291,20.8207,0.345328,1.41464,-0.10896,
0.129349,-27.0767,1.24421,20.8249,0.345592,1.41382,-0.109819,
0.129388,-27.0824,1.24551,20.8291,0.345853,1.41303,-0.110661,
0.129443,-27.0881,1.2468,20.8333,0.346111,1.41226,-0.111485,
0.129512,-27.0938,1.24809,20.8375,0.346366,1.41151,-0.112293,
0.129596,-27.0995,1.24939,20.8417,0.346617,1.41077,-0.113085,
0.129694,-27.1052,1.25068,20.8459,0.346866,1.41005,-0.113861,
0.129805,-27.1108,1.25197,20.8501,0.347111,1.40934,-0.114622,
0.12993,-27.1165,1.25326,20.8543,0.347352,1.40864,-0.115368,
0.130069,-27.1221,1.25455,20.8585,0.347591,1.40796,-0.116099,
0.13022,-27.1277,1.25583,20.8627,0.347826,1.40729,-0.116817,
0.130383,-27.1333,1.25712,20.8669,0.348058,1.40663,-0.117521,
0.130559,-27.1389,1.2584,20.8711,0.348288,1.40598,-0.118211,
0.130747,-27.1445,1.25969,20.8753,0.348514,1.40534,-0.118889,
0.130947,-27.1501,1.26097,20.8794,0.348738,1.40471,-0.119555,
0.131158,-27.1556,1.26225,20.8836,0.348958,1.40409,-0.120209,
0.13138,-27.1612,1.26353,20.8878,0.349177,1.40347,-0.120851,
0.131601,-27.1667,1.26481,20.8919,0.349395,1.40285,-0.121482,
0.133345,-27.1723,1.26533,20.8958,0.354756,1.40326,-0.111921,
0.135574,-27.1777,1.26552,20.8997,0.362536,1.40562,-0.0978455,
0.137924,-27.1828,1.26538,20.9038,0.370846,1.40995,-0.0823791,
0.140254,-27.1877,1.26488,20.9081,0.378538,1.41583,-0.0672741,
0.142497,-27.1924,1.26402,20.9125,0.385029,1.4227,-0.0534542,
0.144613,-27.197,1.26283,20.917,0.390125,1.42997,-0.0413325,
0.146572,-27.2018,1.26139,20.9216,0.39386,1.43711,-0.0310139,
0.148353,-27.2066,1.25979,20.9263,0.396396,1.44373,-0.0224262,
0.149944,-27.2116,1.2581,20.9309,0.397942,1.44953,-0.0154046,
0.151336,-27.2169,1.2564,20.9356,0.398718,1.45435,-0.00974581,
0.152532,-27.2223,1.25473,20.9402,0.398926,1.45814,-0.00523963,
0.153536,-27.228,1.25314,20.9449,0.398737,1.46092,-0.00168759,
0.154359,-27.2338,1.25166,20.9495,0.39829,1.46277,0.00108808,
0.155012,-27.2398,1.2503,20.954,0.397693,1.46382,0.00324095,
0.15551,-27.2459,1.24906,20.9585,0.397026,1.46422,0.00490038,
0.15587,-27.2521,1.24795,20.963,0.396344,1.4641,0.00617321,
0.156105,-27.2584,1.24697,20.9675,0.395686,1.46362,0.00714643,
0.156232,-27.2647,1.24609,20.972,0.395075,1.46291,0.00788995,
0.156265,-27.2711,1.24532,20.9764,0.394524,1.46206,0.0084594,
0.156217,-27.2774,1.24464,20.9808,0.39404,1.46119,0.0088986,
0.1561,-27.2838,1.24405,20.9852,0.393622,1.46035,0.00924177,
0.155924,-27.2901,1.24352,20.9896,0.39327,1.4596,0.00951531,
0.155699,-27.2964,1.24305,20.994,0.392979,1.45897,0.00973942,
0.155431,-27.3027,1.24264,20.9984,0.392744,1.45849,0.00992928,
0.155129,-27.3089,1.24227,21.0028,0.392561,1.45816,0.0100963,
0.154798,-27.3151,1.24194,21.0072,0.392423,1.45798,0.0102485,
0.154441,-27.3213,1.24165,21.0116,0.392326,1.45794,0.0103917,
0.154087,-27.3275,1.24141,21.016,0.39226,1.45803,0.0105295,
0.152598,-27.3341,1.24149,21.0204,0.38689,1.45635,0.00128419,
0.150998,-27.3404,1.24141,21.0248,0.378938,1.45543,-0.0114617,
0.149527,-27.3465,1.24128,21.0293,0.370409,1.45604,-0.0246957,
0.14822,-27.3523,1.24124,21.034,0.362484,1.45807,-0.0369166,
0.147061,-27.3579,1.24139,21.0386,0.355735,1.46111,-0.0474808,
0.14599,-27.3634,1.24172,21.0433,0.350351,1.46462,-0.0562287,
0.145974,-27.3696,1.24227,21.0475,0.351874,1.4655,-0.0543493,
0.146203,-27.3759,1.24316,21.0517,0.357144,1.46559,-0.0473851,
0.146445,-27.3821,1.24418,21.0559,0.363979,1.46571,-0.0383904,
0.146649,-27.3883,1.24514,21.0602,0.370984,1.4662,-0.0291063,
0.146812,-27.3944,1.24589,21.0645,0.377375,1.46709,-0.0204753,
0.146961,-27.4004,1.24644,21.0689,0.382784,1.46828,-0.012943,
0.145872,-27.407,1.2471,21.0732,0.381521,1.46676,-0.0166305,
0.144595,-27.4136,1.24735,21.0776,0.376517,1.46542,-0.0252688,
0.144441,-27.4202,1.24729,21.0819,0.375653,1.46379,-0.0262755,
0.144578,-27.4267,1.24736,21.0861,0.377391,1.4629,-0.0233976,
0.144785,-27.433,1.24757,21.0904,0.380463,1.46296,-0.0186826,
0.14378,-27.4395,1.24811,21.0947,0.378262,1.46175,-0.0233919,
0.142576,-27.4459,1.24836,21.0991,0.373144,1.4615,-0.0320441,
0.142511,-27.4523,1.24838,21.1034,0.372755,1.46107,-0.032303,
0.142743,-27.4585,1.24855,21.1076,0.375232,1.46144,-0.0283256,
0.14302,-27.4645,1.24882,21.1119,0.379119,1.46274,-0.0224053,
0.143299,-27.4704,1.2491,21.1163,0.383399,1.46481,-0.0158995,
0.142288,-27.4767,1.24964,21.1207,0.381544,1.4648,-0.0200733,
0.141059,-27.4829,1.24982,21.1252,0.376256,1.46525,-0.0288778,
0.141005,-27.4892,1.24973,21.1295,0.375619,1.46528,-0.0293135,
0.141252,-27.4954,1.24979,21.1338,0.377853,1.46589,-0.0255105,
0.141565,-27.5014,1.25,21.1382,0.381529,1.46723,-0.0197468,
0.140785,-27.5074,1.2504,21.1427,0.380588,1.4684,-0.0221331,
0.140817,-27.5135,1.25049,21.1471,0.382072,1.46935,-0.0196735,
0.140015,-27.5195,1.25072,21.1516,0.379911,1.47045,-0.0235788,
0.140056,-27.5257,1.25074,21.156,0.380867,1.47111,-0.0217693,
0.139272,-27.5317,1.25097,21.1605,0.378607,1.47198,-0.0257971,
0.139297,-27.5379,1.251,21.1648,0.379718,1.47235,-0.0238336,
0.13954,-27.5441,1.25114,21.1692,0.38273,1.47297,-0.0190446,
0.138472,-27.5505,1.25163,21.1736,0.380436,1.47186,-0.0239131,
0.138384,-27.557,1.25173,21.1779,0.381321,1.47078,-0.0225711,
0.138574,-27.5633,1.25189,21.1822,0.384101,1.4705,-0.0182378,
0.137501,-27.5699,1.25241,21.1865,0.381594,1.46904,-0.0234674,
0.136492,-27.576,1.25259,21.191,0.377451,1.46947,-0.0303813,
0.136485,-27.5822,1.25261,21.1953,0.377835,1.4695,-0.029476,
0.136729,-27.5883,1.25278,21.1997,0.380869,1.46998,-0.0247058,
0.137024,-27.5943,1.25306,21.2041,0.385127,1.47105,-0.0182656,
0.136163,-27.6004,1.25354,21.2085,0.384387,1.47171,-0.0205992,
0.136153,-27.6065,1.25366,21.2129,0.385999,1.47209,-0.0180848,
0.135016,-27.6129,1.25403,21.2173,0.382718,1.4712,-0.0242752,
0.134926,-27.6193,1.25406,21.2216,0.383099,1.47021,-0.0235415,
0.135132,-27.6256,1.25419,21.2259,0.385705,1.46994,-0.0193936,
0.134018,-27.6321,1.25468,21.2302,0.383133,1.46854,-0.0247418,
0.133923,-27.6386,1.2548,21.2345,0.383945,1.46745,-0.0235244,
0.134124,-27.6448,1.25497,21.2387,0.386782,1.46737,-0.0191041,
0.133029,-27.6512,1.25552,21.2431,0.384264,1.46627,-0.0243997,
0.131993,-27.6572,1.25572,21.2476,0.380053,1.46715,-0.0314578,
0.131997,-27.6633,1.25575,21.2519,0.380472,1.46762,-0.0304748,
0.132265,-27.6693,1.25593,21.2562,0.383607,1.46853,-0.0255138,
0.132561,-27.6751,1.25618,21.2606,0.388,1.46999,-0.0188354,
0.132847,-27.6809,1.25642,21.2651,0.392649,1.47188,-0.0117776,
0.131708,-27.6872,1.25697,21.2694,0.390606,1.47126,-0.0164325,
0.13031,-27.6934,1.25716,21.2739,0.384804,1.47093,-0.0262445,
0.130185,-27.6998,1.25705,21.2782,0.383882,1.47005,-0.0271957,
0.130388,-27.7061,1.2571,21.2825,0.386027,1.46969,-0.023614,
0.130664,-27.7122,1.25732,21.2868,0.389746,1.47008,-0.0178996,
0.129553,-27.7186,1.25793,21.2911,0.387624,1.46885,-0.0227488,
0.128184,-27.7248,1.25827,21.2956,0.382209,1.46844,-0.0321532,
0.128094,-27.7312,1.25831,21.2998,0.3819,1.46767,-0.0323859,
0.128338,-27.7374,1.2585,21.3041,0.384713,1.46758,-0.0279787,
0.128632,-27.7434,1.2588,21.3084,0.389068,1.46834,-0.0214481,
0.128926,-27.7492,1.25912,21.3128,0.393844,1.46983,-0.0142986,
0.127793,-27.7555,1.25973,21.3171,0.391965,1.46912,-0.0188087,
0.126402,-27.7617,1.25999,21.3215,0.386321,1.4689,-0.0284622,
0.126302,-27.768,1.25991,21.3258,0.385579,1.46826,-0.0291663,
0.126538,-27.7742,1.25999,21.3301,0.387901,1.46821,-0.0253142,
0.126849,-27.7802,1.26023,21.3344,0.391776,1.46894,-0.0193396,
0.125958,-27.7862,1.26071,21.3388,0.390683,1.4695,-0.0222156,
0.125963,-27.7923,1.26083,21.3431,0.392163,1.46989,-0.019867,
0.12481,-27.7986,1.26124,21.3475,0.388719,1.46923,-0.0263331,
0.124744,-27.8049,1.26128,21.3517,0.389089,1.46851,-0.0255892,
0.124987,-27.8111,1.26142,21.356,0.391768,1.46855,-0.0212927,
0.123873,-27.8175,1.26196,21.3603,0.389146,1.4675,-0.0267348,
0.123812,-27.8238,1.26208,21.3645,0.389989,1.46675,-0.0254281,
0.124054,-27.83,1.26226,21.3688,0.3929,1.46697,-0.020846,
0.122969,-27.8363,1.26284,21.373,0.39032,1.46617,-0.0262297,
0.12192,-27.8421,1.26307,21.3775,0.38592,1.46728,-0.0335928,
0.121955,-27.8482,1.26311,21.3818,0.386286,1.46796,-0.0326438,
0.122262,-27.8541,1.2633,21.3861,0.389449,1.46902,-0.0275938,
0.122598,-27.86,1.26357,21.3905,0.393908,1.4706,-0.0207786,
0.122923,-27.8657,1.26384,21.3949,0.39863,1.47258,-0.0135785,
0.121803,-27.872,1.2644,21.3992,0.396536,1.47208,-0.0183001,
0.12042,-27.8781,1.26462,21.4037,0.390628,1.47188,-0.0282615,
0.120332,-27.8845,1.26451,21.4079,0.389682,1.47112,-0.0292001,
0.120576,-27.8907,1.26458,21.4122,0.391844,1.47086,-0.0255475,
0.120891,-27.8968,1.26481,21.4164,0.395591,1.47131,-0.0197505,
0.119806,-27.9032,1.26544,21.4207,0.393405,1.47018,-0.0246707,
0.11846,-27.9094,1.26579,21.4251,0.387894,1.46985,-0.0341965,
0.118408,-27.9157,1.26584,21.4293,0.387563,1.46917,-0.0344176,
0.118691,-27.9219,1.26606,21.4335,0.390384,1.46916,-0.0299586,
0.119019,-27.9279,1.26638,21.4378,0.394753,1.46996,-0.0233751,
0.119346,-27.9337,1.26671,21.4422,0.399536,1.47145,-0.016188,
0.118244,-27.94,1.26734,21.4464,0.39759,1.47079,-0.0207665,
0.116884,-27.9462,1.26762,21.4509,0.391865,1.47063,-0.0305106,
0.116823,-27.9525,1.26756,21.4551,0.391103,1.47006,-0.0312046,
0.117095,-27.9587,1.26766,21.4593,0.393423,1.47007,-0.0273205,
0.117439,-27.9647,1.26792,21.4636,0.397297,1.47083,-0.0213219,
0.116563,-27.9707,1.26843,21.4679,0.396089,1.47131,-0.0243733,
0.116598,-27.9769,1.26857,21.4722,0.397515,1.47165,-0.0220843,
0.115483,-27.9832,1.269,21.4765,0.394011,1.47102,-0.0286066,
0.115456,-27.9895,1.26906,21.4807,0.394376,1.47036,-0.0278379,
0.115734,-27.9957,1.26924,21.485,0.397066,1.47044,-0.0235023,
0.114661,-28.0021,1.26979,21.4892,0.39442,1.46948,-0.0289448,
0.114638,-28.0084,1.26994,21.4934,0.395271,1.46882,-0.0275943,
0.114915,-28.0146,1.27015,21.4976,0.39819,1.46909,-0.0229758,
0.113836,-28.0209,1.27071,21.5018,0.395588,1.46837,-0.0283589,
0.113848,-28.0272,1.27088,21.506,0.396393,1.46801,-0.0270259,
0.112995,-28.0332,1.27125,21.5104,0.393746,1.46858,-0.0318831,
0.113072,-28.0393,1.27138,21.5146,0.394855,1.46918,-0.0299443,
0.113408,-28.0453,1.2716,21.5189,0.398091,1.47038,-0.0247768,
0.112366,-28.0515,1.27218,21.5231,0.395738,1.47021,-0.0297652,
0.11238,-28.0577,1.27234,21.5274,0.396769,1.47015,-0.028087,
0.112691,-28.0638,1.27254,21.5316,0.39979,1.47085,-0.0232452,
0.11167,-28.0701,1.27312,21.5359,0.397188,1.47035,-0.0285628,
0.110652,-28.076,1.27337,21.5403,0.392613,1.4715,-0.036148,
0.110734,-28.0821,1.27342,21.5446,0.392906,1.47214,-0.0352493,
0.111088,-28.0881,1.27363,21.5488,0.396044,1.47309,-0.0301956,
0.111462,-28.094,1.27393,21.5531,0.4005,1.47447,-0.02337,
0.111822,-28.0998,1.27424,21.5574,0.405222,1.47619,-0.0161718,
0.110748,-28.1061,1.27484,21.5617,0.403098,1.4755,-0.0209181,
0.109414,-28.1123,1.27508,21.5661,0.397179,1.47511,-0.0308811,
0.109368,-28.1187,1.27502,21.5703,0.396264,1.47419,-0.0317716,
0.109646,-28.125,1.27512,21.5745,0.398452,1.47377,-0.0280869,
0.109991,-28.1312,1.2754,21.5787,0.402208,1.47403,-0.0222923,
0.108947,-28.1376,1.27606,21.5829,0.400006,1.47276,-0.0272189,
0.107882,-28.1437,1.27636,21.5873,0.395541,1.473,-0.0348276,
0.107916,-28.1499,1.27645,21.5915,0.395755,1.47282,-0.034181,
0.108221,-28.1561,1.27667,21.5957,0.398715,1.47305,-0.0294979,
0.10855,-28.1621,1.27699,21.5999,0.402949,1.47383,-0.0230868,
0.108869,-28.168,1.27732,21.6042,0.407445,1.47507,-0.0162985,
0.107785,-28.1744,1.27792,21.6085,0.405195,1.4741,-0.0212598,
0.106453,-28.1807,1.27818,21.6128,0.399231,1.47356,-0.0313065,
0.106396,-28.1871,1.27814,21.617,0.398253,1.4726,-0.0323284,
0.10669,-28.1934,1.2783,21.6211,0.400353,1.47219,-0.0288019,
0.105871,-28.1996,1.27881,21.6254,0.398482,1.472,-0.0327369,
0.105927,-28.2059,1.27905,21.6295,0.399968,1.47181,-0.0304731,
0.106227,-28.212,1.27936,21.6337,0.403297,1.47221,-0.0253588,
0.105185,-28.2184,1.27999,21.6379,0.400982,1.4713,-0.0303888,
0.105209,-28.2248,1.28023,21.642,0.401923,1.4706,-0.0289424,
0.104364,-28.231,1.28066,21.6463,0.399281,1.47059,-0.0338788,
0.104443,-28.2372,1.28084,21.6504,0.400348,1.47064,-0.0320819,
0.104777,-28.2433,1.28111,21.6546,0.403502,1.47131,-0.0271126,
0.103958,-28.2494,1.28165,21.6589,0.401947,1.47181,-0.030603,
0.104026,-28.2555,1.28184,21.6631,0.403363,1.47222,-0.0283254,
0.104341,-28.2616,1.28207,21.6673,0.406426,1.47308,-0.0234344,
0.103351,-28.2679,1.28264,21.6715,0.403758,1.47247,-0.028799,
0.102339,-28.274,1.28289,21.6759,0.39897,1.4732,-0.036696,
0.102416,-28.2802,1.28295,21.6801,0.399001,1.4734,-0.0361943,
0.102756,-28.2863,1.28317,21.6842,0.401854,1.47389,-0.0315919,
0.103113,-28.2923,1.28351,21.6884,0.406023,1.47483,-0.0252333,
0.103456,-28.2983,1.28386,21.6927,0.41048,1.47613,-0.0184844,
0.102421,-28.3047,1.28448,21.6969,0.40826,1.47523,-0.023352,
0.101142,-28.311,1.28476,21.7012,0.402389,1.47472,-0.0332199,
0.101118,-28.3174,1.28474,21.7053,0.40149,1.4738,-0.0341194,
0.101404,-28.3238,1.2849,21.7094,0.403638,1.47338,-0.0305337,
0.101754,-28.33,1.28523,21.7136,0.407309,1.47366,-0.0248997,
0.100765,-28.3364,1.28592,21.7177,0.405112,1.4725,-0.029772,
0.0995342,-28.3427,1.28633,21.722,0.399703,1.47214,-0.0390817,
0.0995519,-28.3491,1.28646,21.7261,0.399438,1.47153,-0.0392007,
0.0998818,-28.3553,1.28675,21.7302,0.40224,1.47154,-0.0347855,
0.100247,-28.3614,1.28716,21.7343,0.406511,1.47229,-0.0283669,
0.100608,-28.3674,1.28758,21.7385,0.411147,1.47364,-0.0214252,
0.0996058,-28.3737,1.28826,21.7427,0.409155,1.47301,-0.0259877,
0.0983667,-28.38,1.28859,21.747,0.403521,1.47286,-0.0355141,
0.0983783,-28.3863,1.28861,21.7511,0.402827,1.47237,-0.0361004,
0.0986998,-28.3926,1.28879,21.7552,0.405136,1.47239,-0.0322487,
0.0990833,-28.3987,1.28914,21.7594,0.408925,1.47307,-0.0263993,
0.0982559,-28.4049,1.28972,21.7636,0.407525,1.47323,-0.029755,
0.0983401,-28.4111,1.28996,21.7677,0.408829,1.47333,-0.0276706,
0.0973331,-28.4175,1.29044,21.7719,0.405357,1.47263,-0.0340773,
0.0973745,-28.4239,1.29059,21.776,0.405769,1.47198,-0.0332435,
0.0977025,-28.4302,1.29085,21.7801,0.408461,1.47204,-0.0289347,
0.0968971,-28.4364,1.2914,21.7843,0.406608,1.47204,-0.0328526,
0.097006,-28.4426,1.29165,21.7884,0.407866,1.4721,-0.0308279,
0.0961946,-28.4488,1.29212,21.7926,0.405304,1.47237,-0.0356353,
0.0962978,-28.455,1.29232,21.7967,0.406362,1.47253,-0.0338366,
0.0966483,-28.4612,1.29263,21.8009,0.409444,1.47315,-0.0289691,
0.0958481,-28.4674,1.29319,21.8051,0.407762,1.47337,-0.0326515,
0.0959298,-28.4736,1.29341,21.8092,0.409077,1.47348,-0.0305442,
0.096253,-28.4798,1.29367,21.8133,0.412049,1.47402,-0.0258251,
0.0953089,-28.4862,1.29429,21.8175,0.40939,1.47318,-0.0311693,
0.094135,-28.4924,1.29464,21.8217,0.403737,1.47305,-0.0406714,
0.0941907,-28.4988,1.29475,21.8258,0.403345,1.47254,-0.0408882,
0.0945466,-28.5051,1.29505,21.8299,0.406078,1.47252,-0.036535,
0.0949305,-28.5112,1.29547,21.834,0.410308,1.47314,-0.0301692,
0.0953043,-28.5172,1.29592,21.8381,0.414918,1.47429,-0.0232812,
0.0943342,-28.5236,1.29662,21.8423,0.412961,1.47348,-0.0277868,
0.0931297,-28.5299,1.29698,21.8465,0.407419,1.47313,-0.0371893,
0.0931584,-28.5363,1.29704,21.8506,0.406785,1.47245,-0.0377195,
0.0934897,-28.5426,1.29725,21.8547,0.409114,1.47229,-0.0338727,
0.0938501,-28.5487,1.29759,21.8588,0.412896,1.47276,-0.0280737,
0.0942011,-28.5548,1.29797,21.8629,0.417079,1.47375,-0.0217366,
0.0932196,-28.5612,1.29862,21.867,0.414785,1.47287,-0.0266648,
0.0920069,-28.5675,1.29894,21.8713,0.408993,1.47249,-0.0363796,
0.092019,-28.5739,1.29897,21.8753,0.408153,1.47177,-0.0371949,
0.0923619,-28.5802,1.29921,21.8794,0.410307,1.47156,-0.0335999,
0.0915949,-28.5865,1.29979,21.8835,0.408384,1.47132,-0.0376254,
0.0916981,-28.5928,1.3001,21.8876,0.409829,1.47111,-0.0354295,
0.0920389,-28.599,1.30049,21.8916,0.413103,1.47148,-0.0304115,
0.0910956,-28.6055,1.30116,21.8957,0.410877,1.47064,-0.0352386,
0.0911466,-28.6119,1.30143,21.8997,0.411883,1.47002,-0.0337022,
0.0914732,-28.6181,1.30175,21.9038,0.414735,1.47017,-0.0292237,
0.0905666,-28.6245,1.30241,21.9079,0.412158,1.46935,-0.0344576,
0.0896036,-28.6306,1.30276,21.9121,0.407451,1.46995,-0.0423198,
0.0897269,-28.6368,1.30292,21.9162,0.407603,1.47022,-0.0417011,
0.0901092,-28.643,1.30324,21.9202,0.410555,1.47087,-0.0369955,
0.0905082,-28.649,1.30366,21.9243,0.414785,1.47198,-0.0305753,
0.0908937,-28.655,1.3041,21.9285,0.419268,1.47345,-0.0238071,
0.0899558,-28.6613,1.30477,21.9326,0.417194,1.47284,-0.0283901,
0.0887875,-28.6676,1.30511,21.9368,0.411577,1.47258,-0.0378234,
0.0888312,-28.674,1.30515,21.9408,0.410835,1.47192,-0.0384721,
0.0891681,-28.6803,1.30537,21.9449,0.413033,1.47169,-0.0347984,
0.0895609,-28.6866,1.30575,21.9489,0.416669,1.47204,-0.0291997,
0.0886612,-28.693,1.30647,21.953,0.414541,1.47099,-0.0338848,
0.0876823,-28.6992,1.30686,21.9572,0.410001,1.4711,-0.0416115,
0.0877849,-28.7055,1.30704,21.9612,0.410141,1.47088,-0.0410804,
0.0881447,-28.7118,1.30736,21.9653,0.412983,1.47104,-0.0365862,
0.0885214,-28.7179,1.30778,21.9693,0.417058,1.47171,-0.0304341,
0.0888855,-28.7239,1.30822,21.9734,0.421376,1.47276,-0.023947,
0.0879472,-28.7303,1.30889,21.9775,0.419217,1.47187,-0.0286654,
0.0867854,-28.7366,1.30924,21.9817,0.41358,1.4714,-0.0381405,
0.0868224,-28.7431,1.30929,21.9857,0.412789,1.47059,-0.0388894,
0.087149,-28.7494,1.30952,21.9897,0.414918,1.47026,-0.0353463,
0.0875317,-28.7557,1.30992,21.9937,0.418475,1.47053,-0.0298896,
0.0866418,-28.7621,1.31065,21.9978,0.416332,1.46948,-0.0345933,
0.0856683,-28.7683,1.31105,22.0019,0.411778,1.46959,-0.0423512,
0.085771,-28.7746,1.31124,22.006,0.411892,1.4694,-0.0418721,
0.0861297,-28.7809,1.31158,22.01,0.414696,1.46962,-0.0374458,
0.0865056,-28.787,1.31202,22.014,0.418726,1.47033,-0.0313697,
0.0868701,-28.793,1.31247,22.0181,0.422996,1.47145,-0.024959,
0.0859501,-28.7994,1.31316,22.0221,0.42085,1.47066,-0.0296418,
0.0848116,-28.8057,1.31351,22.0263,0.415267,1.47029,-0.0390185,
0.0848588,-28.8121,1.31358,22.0303,0.414502,1.46959,-0.0397292,
0.0852226,-28.8185,1.31386,22.0343,0.416622,1.46935,-0.0361915,
0.0844889,-28.8248,1.31447,22.0383,0.414629,1.46895,-0.0403112,
0.0846156,-28.8312,1.3148,22.0423,0.41598,1.46862,-0.0382531,
0.0849733,-28.8374,1.31522,22.0463,0.419138,1.46887,-0.0334087,
0.0842055,-28.8437,1.31587,22.0504,0.417453,1.46866,-0.0371828,
0.0843425,-28.85,1.3162,22.0544,0.418693,1.46853,-0.0352413,
0.083577,-28.8563,1.31673,22.0584,0.416034,1.46843,-0.0402215,
0.0837148,-28.8626,1.31699,22.0624,0.416955,1.46832,-0.0386468,
0.0840935,-28.8688,1.31736,22.0664,0.419864,1.46873,-0.0340552,
0.0833481,-28.8751,1.31798,22.0705,0.418047,1.46866,-0.0379412,
0.083472,-28.8814,1.31827,22.0745,0.419247,1.46861,-0.0360183,
0.0838312,-28.8876,1.31861,22.0785,0.422101,1.46906,-0.0314941,
0.082995,-28.894,1.31926,22.0825,0.419568,1.46835,-0.0365704,
0.082071,-28.9002,1.31963,22.0867,0.414795,1.46874,-0.044513,
0.0822158,-28.9065,1.31981,22.0907,0.414823,1.46877,-0.0440736,
0.0826096,-28.9127,1.32016,22.0947,0.417606,1.46912,-0.0396236,
0.0830155,-28.9188,1.32061,22.0987,0.421646,1.46991,-0.0335009,
0.0834061,-28.9248,1.32108,22.1027,0.42594,1.47103,-0.0270407,
0.0825304,-28.9312,1.32178,22.1068,0.423883,1.47026,-0.0315583,
0.081438,-28.9375,1.32215,22.1109,0.418436,1.46987,-0.0407133,
0.0815129,-28.944,1.32224,22.1149,0.417759,1.46914,-0.0412925,
0.0818657,-28.9503,1.3225,22.1188,0.419923,1.46885,-0.0376952,
0.0822696,-28.9566,1.32293,22.1228,0.42346,1.46911,-0.0322653,
0.0814351,-28.963,1.32367,22.1268,0.421382,1.46808,-0.0368215,
0.0804958,-28.9693,1.3241,22.1309,0.416841,1.46808,-0.0445596,
0.0806232,-28.9756,1.32431,22.1349,0.416941,1.4678,-0.0441005,
0.0810008,-28.9819,1.32468,22.1388,0.419701,1.46793,-0.0397383,
0.0813929,-28.988,1.32514,22.1428,0.423666,1.46853,-0.0337583,
0.0817722,-28.9941,1.32562,22.1468,0.427863,1.46952,-0.0274608,
0.0809035,-29.0005,1.32632,22.1509,0.425767,1.46871,-0.0320285,
0.0798238,-29.0068,1.32669,22.155,0.420326,1.46832,-0.0411665,
0.0798999,-29.0132,1.32679,22.1589,0.419624,1.46762,-0.0417872,
0.0802505,-29.0196,1.32706,22.1629,0.421741,1.46737,-0.0382651,
0.0806519,-29.0258,1.32749,22.1668,0.425218,1.46767,-0.0329264,
0.0798327,-29.0323,1.32824,22.1708,0.423133,1.4667,-0.0374751,
0.0787982,-29.0385,1.32871,22.1749,0.418094,1.46643,-0.0461072,
0.0789099,-29.0449,1.32894,22.1788,0.417939,1.46595,-0.04605,
0.0792938,-29.0512,1.32932,22.1827,0.420616,1.46597,-0.041823,
0.0796982,-29.0574,1.32981,22.1867,0.424604,1.46658,-0.0358294,
0.080092,-29.0634,1.33033,22.1907,0.428878,1.46765,-0.0294402,
0.0792514,-29.0698,1.33106,22.1947,0.426921,1.46701,-0.0338051,
0.0782023,-29.0761,1.33146,22.1988,0.421646,1.4668,-0.0426978,
0.0783005,-29.0825,1.33159,22.2027,0.421073,1.46633,-0.0431283,
0.0786704,-29.0888,1.33188,22.2066,0.423278,1.46628,-0.0394664,
0.0790901,-29.095,1.33232,22.2106,0.426808,1.46676,-0.0340301,
0.0782966,-29.1014,1.33307,22.2146,0.424786,1.46595,-0.0384523,
0.0773849,-29.1076,1.33352,22.2186,0.420264,1.46608,-0.0461431,
0.0775327,-29.114,1.33374,22.2226,0.420358,1.46593,-0.0456743,
0.0779267,-29.1202,1.33412,22.2265,0.423087,1.46614,-0.0413382,
0.0783332,-29.1263,1.33459,22.2305,0.427006,1.46682,-0.0354097,
0.0787259,-29.1324,1.33508,22.2345,0.431149,1.46784,-0.0291779,
0.0778954,-29.1388,1.33579,22.2385,0.429089,1.4671,-0.0336514,
0.0768587,-29.1451,1.33618,22.2425,0.423748,1.46675,-0.0426107,
0.0769561,-29.1515,1.33629,22.2465,0.423088,1.46611,-0.0431618,
0.07732,-29.1579,1.33658,22.2504,0.425198,1.46588,-0.0396457,
0.0777315,-29.1641,1.33702,22.2543,0.428634,1.46617,-0.0343618,
0.0769356,-29.1706,1.33778,22.2583,0.426585,1.46517,-0.0388512,
0.0760042,-29.1768,1.33826,22.2623,0.422045,1.465,-0.0466553,
0.0761371,-29.1832,1.33851,22.2662,0.422112,1.46462,-0.0462889,
0.0765205,-29.1894,1.33891,22.2701,0.424808,1.46468,-0.0420491,
0.07692,-29.1956,1.3394,22.2741,0.428688,1.46524,-0.03621,
0.0773072,-29.2017,1.33991,22.278,0.432793,1.46619,-0.030058,
0.0764394,-29.2081,1.34068,22.282,0.430775,1.46512,-0.0346277,
0.0753351,-29.2145,1.34119,22.2861,0.425531,1.46419,-0.0437268,
0.0753964,-29.2209,1.34139,22.2899,0.424925,1.4632,-0.0443699,
0.0757737,-29.2273,1.34175,22.2938,0.427048,1.46279,-0.0409191,
0.075013,-29.2337,1.34252,22.2977,0.425046,1.46161,-0.0453323,
0.0751432,-29.2401,1.34297,22.3016,0.426331,1.46083,-0.0435144,
0.0755209,-29.2464,1.34345,22.3055,0.429378,1.46084,-0.0388941,
0.0746553,-29.2528,1.34431,22.3094,0.42736,1.45944,-0.0435858,
0.0747871,-29.2592,1.34476,22.3132,0.428409,1.45862,-0.0421009,
0.0739764,-29.2656,1.34551,22.3171,0.425754,1.45746,-0.0474824,
0.0741291,-29.2719,1.34593,22.321,0.42673,1.45691,-0.0460252,
0.0745269,-29.2781,1.34637,22.3249,0.429699,1.4573,-0.0414173,
0.0749839,-29.2841,1.34684,22.3288,0.433471,1.4585,-0.0355935,
0.0741377,-29.2904,1.34771,22.3327,0.431525,1.45759,-0.0401424,
0.0730151,-29.2967,1.34839,22.3367,0.426565,1.45669,-0.0490854,
0.0731218,-29.303,1.34869,22.3406,0.4263,1.45609,-0.0492979,
0.0735512,-29.3091,1.34907,22.3445,0.428766,1.45631,-0.0452963,
0.0740571,-29.3152,1.34955,22.3484,0.432495,1.45733,-0.0394805,
0.0732022,-29.3215,1.35045,22.3523,0.430773,1.45617,-0.0437914,
0.0733697,-29.3278,1.35087,22.3561,0.431858,1.45566,-0.0421579,
0.0725351,-29.3341,1.35164,22.36,0.429088,1.45431,-0.0477739,
0.0727089,-29.3404,1.35202,22.3639,0.429896,1.4537,-0.0464876,
0.0731739,-29.3465,1.35242,22.3678,0.432685,1.45414,-0.041995,
0.0723811,-29.3528,1.35329,22.3717,0.430841,1.45306,-0.0463517,
0.0725616,-29.359,1.35369,22.3755,0.432015,1.45276,-0.0445527,
0.0730267,-29.3651,1.35407,22.3794,0.434831,1.45347,-0.0399724,
0.0721823,-29.3714,1.35495,22.3833,0.432555,1.45214,-0.045044,
0.0711044,-29.3776,1.35573,22.3873,0.427963,1.45094,-0.0535628,
0.0712617,-29.3837,1.35611,22.3911,0.428095,1.45036,-0.0532559,
0.0717569,-29.3898,1.35654,22.395,0.430909,1.45079,-0.0487235,
0.0723161,-29.3956,1.357,22.3989,0.434917,1.45214,-0.0424096,
0.072884,-29.4014,1.35741,22.4028,0.439132,1.45414,-0.0357011,
0.0720229,-29.4077,1.3583,22.4068,0.437284,1.45299,-0.0401883,
0.0708193,-29.4139,1.35906,22.4107,0.432229,1.45114,-0.0495473,
0.0709303,-29.4202,1.35934,22.4146,0.431737,1.44992,-0.05009,
0.071404,-29.4263,1.35965,22.4184,0.43393,1.44979,-0.046351,
0.071972,-29.4323,1.36003,22.4223,0.437384,1.45066,-0.0407313,
0.07109,-29.4387,1.36096,22.4261,0.435487,1.44885,-0.0454125,
0.0712819,-29.4449,1.36135,22.4299,0.436391,1.44802,-0.043991,
0.0703894,-29.4513,1.36221,22.4338,0.433492,1.44588,-0.0500263,
0.0705778,-29.4575,1.3626,22.4376,0.434177,1.44492,-0.048932,
0.0710915,-29.4635,1.36297,22.4414,0.436856,1.44534,-0.0444959,
0.0702623,-29.4697,1.36391,22.4453,0.434957,1.44377,-0.0491182,
0.0704732,-29.4758,1.36432,22.449,0.436072,1.44338,-0.0473854,
0.0709994,-29.4818,1.36466,22.4529,0.438827,1.44431,-0.0427581,
0.0701347,-29.488,1.36562,22.4568,0.436577,1.44276,-0.0479378,
0.068977,-29.4941,1.36655,22.4607,0.432007,1.44097,-0.0567689,
0.0691472,-29.5002,1.36698,22.4645,0.432135,1.44026,-0.0565252,
0.0697031,-29.5061,1.3674,22.4683,0.43493,1.44092,-0.0519199,
0.0703493,-29.5118,1.36781,22.4721,0.438903,1.44274,-0.0454572,
0.0710161,-29.5174,1.36815,22.4761,0.443071,1.44539,-0.0385594,
0.0701649,-29.5236,1.36907,22.48,0.441241,1.44434,-0.0430596,
0.0689138,-29.5297,1.36996,22.484,0.436243,1.44216,-0.0525865,
0.0690555,-29.5359,1.37026,22.4877,0.435762,1.44098,-0.0531134,
0.0696001,-29.5419,1.37055,22.4915,0.437935,1.44116,-0.0492635,
0.0702574,-29.5477,1.37086,22.4954,0.441348,1.44252,-0.0434832,
0.0693828,-29.5539,1.37184,22.4992,0.439466,1.44067,-0.0482042,
0.0696315,-29.5601,1.37221,22.503,0.44035,1.44008,-0.0467048,
0.0686648,-29.5664,1.37317,22.5068,0.437233,1.43748,-0.0533104,
0.06889,-29.5725,1.37356,22.5105,0.437782,1.43645,-0.0523727,
0.069482,-29.5784,1.37389,22.5143,0.440396,1.4371,-0.0478676,
0.06865,-29.5846,1.37491,22.5181,0.438505,1.43532,-0.0525922,
0.0689198,-29.5906,1.37532,22.5219,0.439643,1.43509,-0.0507498,
0.0695318,-29.5964,1.37562,22.5258,0.442424,1.43643,-0.0459069,
0.0686718,-29.6025,1.37664,22.5296,0.440252,1.43483,-0.0510605,
0.0674596,-29.6086,1.37771,22.5335,0.435742,1.4326,-0.0600857,
0.0676623,-29.6145,1.37817,22.5372,0.43591,1.43186,-0.059798,
0.0682934,-29.6203,1.37857,22.541,0.438725,1.43278,-0.0550288,
0.0690371,-29.6258,1.37892,22.5448,0.4427,1.43505,-0.0483438,
0.06981,-29.6313,1.37918,22.5488,0.446852,1.43829,-0.0411995,
0.0689791,-29.6373,1.38013,22.5527,0.445048,1.4373,-0.0456744,
0.0676924,-29.6434,1.38111,22.5566,0.440099,1.43475,-0.0553406,
0.0678709,-29.6495,1.38143,22.5603,0.43963,1.43355,-0.0558298,
0.0684884,-29.6553,1.38168,22.5641,0.44179,1.43393,-0.0518533,
0.0692346,-29.661,1.38193,22.568,0.44517,1.43567,-0.0459027,
0.0683715,-29.6672,1.38295,22.5718,0.443301,1.43372,-0.0506514,
0.0686758,-29.6732,1.38328,22.5756,0.444167,1.43326,-0.0490695,
0.0677417,-29.6794,1.38429,22.5793,0.441246,1.43052,-0.0554307,
0.0680188,-29.6855,1.38467,22.583,0.441874,1.4296,-0.0543061,
0.0686783,-29.6913,1.38495,22.5868,0.444478,1.43052,-0.0496534,
0.0678339,-29.6974,1.38601,22.5906,0.442552,1.42849,-0.0545237,
0.0681457,-29.7033,1.3864,22.5943,0.443615,1.42825,-0.0527096,
0.0688232,-29.709,1.38664,22.5982,0.446304,1.42977,-0.0478308,
0.0679572,-29.7151,1.3877,22.602,0.444105,1.42793,-0.0531025,
0.0666338,-29.7211,1.3889,22.6058,0.439386,1.42503,-0.0627885,
0.0668442,-29.7271,1.38939,22.6095,0.439419,1.424,-0.0627361,
0.0675332,-29.7327,1.38976,22.6133,0.442161,1.42494,-0.0579702,
0.0683579,-29.7382,1.39007,22.6171,0.446101,1.42749,-0.0511589,
0.069221,-29.7435,1.39027,22.621,0.450235,1.43118,-0.0438192,
0.0684054,-29.7494,1.39125,22.6249,0.448483,1.43022,-0.0482509,
0.0670835,-29.7555,1.39234,22.6288,0.443623,1.42735,-0.0580032,
0.0672935,-29.7615,1.39268,22.6325,0.443199,1.42616,-0.0584226,
0.0679759,-29.7672,1.39291,22.6362,0.445372,1.42679,-0.0543018,
0.0688022,-29.7728,1.3931,22.6401,0.44874,1.42894,-0.0481736,
0.0679509,-29.7788,1.39415,22.6438,0.446903,1.42696,-0.0529178,
0.0683074,-29.7848,1.39447,22.6476,0.447764,1.4267,-0.0512397,
0.0673209,-29.791,1.39555,22.6514,0.444704,1.42363,-0.0579957,
0.0676334,-29.7969,1.39593,22.655,0.44524,1.42268,-0.0569577,
0.0683619,-29.8027,1.39617,22.6588,0.447791,1.42381,-0.0522274,
0.0675185,-29.8087,1.39728,22.6625,0.445872,1.42161,-0.0571705,
0.0678816,-29.8145,1.39766,22.6662,0.446945,1.42149,-0.0552631,
0.068632,-29.8201,1.39786,22.6701,0.449643,1.42334,-0.0502101,
0.0677712,-29.8261,1.39896,22.6739,0.447502,1.42144,-0.0554602,
0.0664513,-29.8321,1.40024,22.6777,0.443021,1.41823,-0.0649451,
0.0666965,-29.838,1.40075,22.6814,0.443175,1.41721,-0.0647082,
0.0674445,-29.8435,1.4011,22.6851,0.445948,1.41838,-0.0597774,
0.0683434,-29.8488,1.40135,22.6889,0.449858,1.42128,-0.0528194,
0.0692869,-29.854,1.40147,22.6928,0.453923,1.42541,-0.0453472,
0.0684828,-29.8599,1.40246,22.6967,0.452144,1.42444,-0.0498217,
0.0671255,-29.8659,1.40362,22.7005,0.447287,1.42121,-0.059745,
0.0673587,-29.8719,1.40397,22.7042,0.446831,1.41993,-0.0601949,
0.0680938,-29.8775,1.40416,22.7079,0.448951,1.42066,-0.0560312,
0.0689857,-29.883,1.40429,22.7118,0.452255,1.42306,-0.0498206,
0.0681388,-29.889,1.40537,22.7155,0.450412,1.42095,-0.0546177,
0.068535,-29.8949,1.40566,22.7193,0.451242,1.42079,-0.0529025,
0.0675343,-29.901,1.40679,22.723,0.448198,1.41747,-0.0597457,
0.0678785,-29.9069,1.40716,22.7267,0.448717,1.41651,-0.0586876,
0.0686597,-29.9126,1.40736,22.7304,0.451231,1.41783,-0.0538835,
0.0678063,-29.9185,1.40851,22.7341,0.449299,1.41544,-0.0589296,
0.0682044,-29.9243,1.40889,22.7378,0.450341,1.41537,-0.057006,
0.0690096,-29.9298,1.40904,22.7416,0.452998,1.41744,-0.051876,
0.068145,-29.9358,1.41017,22.7454,0.450872,1.41543,-0.0571706,
0.0667742,-29.9418,1.41155,22.7492,0.446411,1.4118,-0.0668526,
0.067034,-29.9476,1.41208,22.7529,0.446561,1.41069,-0.0666399,
0.0678289,-29.953,1.41241,22.7565,0.449314,1.41197,-0.0616454,
0.0687914,-29.9582,1.41262,22.7603,0.453189,1.41517,-0.0545782,
0.069805,-29.9634,1.41267,22.7643,0.457211,1.4197,-0.0469743,
0.0690103,-29.9692,1.41367,22.7681,0.455443,1.41876,-0.0514495,
0.06762,-29.9751,1.41492,22.772,0.450632,1.41525,-0.0614798,
0.0678739,-29.981,1.41527,22.7756,0.450186,1.41395,-0.0619105,
0.0686573,-29.9866,1.41544,22.7793,0.452289,1.41485,-0.057667,
0.0696098,-29.992,1.41552,22.7832,0.455557,1.41754,-0.0513475,
0.0687682,-29.9979,1.41662,22.7869,0.453727,1.41538,-0.0561636,
0.0692018,-30.0037,1.41689,22.7906,0.454542,1.41535,-0.0543901,
0.0681896,-30.0098,1.41806,22.7943,0.451525,1.41185,-0.0612925,
0.0685638,-30.0157,1.41843,22.798,0.452036,1.41093,-0.0601991,
0.0693941,-30.0212,1.41859,22.8017,0.454521,1.41244,-0.0553147,
0.0685326,-30.0272,1.41978,22.8054,0.452583,1.40991,-0.0604442,
0.0689636,-30.0329,1.42014,22.8091,0.4536,1.4099,-0.0584967,
0.0698192,-30.0383,1.42025,22.8129,0.456219,1.41218,-0.05329,
0.0689514,-30.0443,1.42141,22.8167,0.454109,1.41007,-0.05862,
0.067534,-30.0502,1.42287,22.8204,0.449671,1.40607,-0.068477,
0.067807,-30.056,1.42342,22.8241,0.449819,1.40485,-0.0682817,
0.0686445,-30.0614,1.42373,22.8277,0.452552,1.40624,-0.063226,
0.0696642,-30.0665,1.42389,22.8315,0.456395,1.40969,-0.0560579,
0.0707409,-30.0715,1.42389,22.8354,0.460377,1.41458,-0.0483341,
0.0699537,-30.0773,1.4249,22.8393,0.458621,1.41366,-0.0528098,
0.0685321,-30.0832,1.42622,22.8431,0.453854,1.40989,-0.0629369,
0.0688044,-30.089,1.42658,22.8467,0.453416,1.40856,-0.0633489,
0.0696305,-30.0945,1.42672,22.8504,0.455504,1.4096,-0.0590318,
0.0706367,-30.0999,1.42675,22.8542,0.458739,1.41256,-0.0526133,
0.0698169,-30.1057,1.42787,22.858,0.456989,1.41039,-0.0573124,
0.0702853,-30.1115,1.42811,22.8617,0.457828,1.41052,-0.0554282,
0.0692791,-30.1175,1.42932,22.8654,0.454917,1.40689,-0.0622307,
0.0696794,-30.1233,1.42968,22.869,0.455453,1.40603,-0.0610568,
0.0705487,-30.1288,1.42979,22.8728,0.457904,1.40771,-0.0561099,
0.069674,-30.1347,1.43101,22.8765,0.455938,1.405,-0.0613492,
0.0701282,-30.1404,1.43135,22.8801,0.456897,1.405,-0.0594315,
0.0710229,-30.1458,1.43142,22.8839,0.459444,1.40742,-0.0542129,
0.0701332,-30.1516,1.43259,22.8876,0.457319,1.40514,-0.05962,
0.0705968,-30.1573,1.43287,22.8914,0.458064,1.40547,-0.0579131,
0.0695807,-30.1632,1.43415,22.895,0.455213,1.40218,-0.0647139,
0.0700027,-30.1689,1.43455,22.8986,0.4559,1.40183,-0.063324,
0.0709093,-30.1743,1.43469,22.9024,0.458534,1.40411,-0.0580647,
0.0700491,-30.1801,1.43594,22.9061,0.456727,1.40189,-0.0630862,
0.0705394,-30.1856,1.43629,22.9098,0.457837,1.4024,-0.0608929,
0.0714791,-30.1909,1.43635,22.9136,0.460515,1.40533,-0.0553898,
0.0706091,-30.1967,1.43753,22.9173,0.45848,1.40337,-0.0606419,
0.0711084,-30.2023,1.4378,22.9211,0.459299,1.40402,-0.0587491,
0.0701039,-30.2081,1.43908,22.9247,0.45649,1.40087,-0.0654793,
0.0705553,-30.2138,1.43946,22.9284,0.457213,1.40066,-0.0639718,
0.0714877,-30.219,1.43957,22.9321,0.45988,1.40305,-0.0585792,
0.0725773,-30.2241,1.43952,22.936,0.463309,1.40741,-0.0515889,
0.0717545,-30.2299,1.44061,22.9398,0.461445,1.40608,-0.0564067,
0.0702577,-30.2357,1.4421,22.9436,0.456824,1.40189,-0.0666893,
0.0705381,-30.2414,1.44255,22.9472,0.456629,1.40056,-0.0668708,
0.0714154,-30.2468,1.44273,22.9509,0.458978,1.4019,-0.0621469,
0.0724945,-30.252,1.44276,22.9547,0.462454,1.40537,-0.0552588,
0.0716732,-30.2578,1.44395,22.9584,0.460909,1.40334,-0.059766,
0.0721832,-30.2633,1.44419,22.9621,0.461907,1.40379,-0.0575746,
0.0731292,-30.2687,1.44413,22.966,0.464288,1.40647,-0.0523478,
0.0722358,-30.2746,1.44525,22.9698,0.46194,1.4039,-0.0580568,
0.070702,-30.2806,1.44681,22.9735,0.457267,1.3988,-0.0686113,
0.0709629,-30.2863,1.44733,22.9771,0.457155,1.39685,-0.0688262,
0.0718369,-30.2918,1.44756,22.9807,0.459637,1.39783,-0.0640123,
0.0729162,-30.2969,1.44763,22.9844,0.463249,1.40112,-0.056977,
0.0740607,-30.3018,1.44752,22.9883,0.467024,1.40608,-0.0493115,
0.0732376,-30.3076,1.44857,22.9922,0.465212,1.40469,-0.0540108,
0.0717082,-30.3135,1.45004,22.996,0.460491,1.40001,-0.0644949,
0.0719649,-30.3193,1.45045,22.9996,0.460034,1.39823,-0.0650446,
0.0728249,-30.3248,1.45056,23.0032,0.462054,1.39917,-0.0607554,
0.0738887,-30.33,1.45053,23.007,0.465193,1.40231,-0.0543062,
0.0730354,-30.3359,1.45172,23.0108,0.463408,1.3998,-0.0592481,
0.0715063,-30.3419,1.45335,23.0145,0.459106,1.3945,-0.0693813,
0.0717783,-30.3477,1.4539,23.018,0.459141,1.39252,-0.0694063,
0.0726702,-30.3531,1.45413,23.0216,0.46163,1.39357,-0.064543,
0.0737725,-30.3582,1.45417,23.0253,0.465167,1.39703,-0.0575381,
0.074942,-30.3631,1.45402,23.0292,0.468826,1.40222,-0.0499411,
0.074137,-30.3689,1.45506,23.0331,0.46698,1.40093,-0.0546533,
0.0726139,-30.3748,1.45655,23.0368,0.462279,1.39622,-0.0651321,
0.0728859,-30.3806,1.45695,23.0404,0.461793,1.39457,-0.0656921,
0.0737746,-30.3861,1.45705,23.0441,0.463754,1.39576,-0.0614228,
0.0728689,-30.392,1.4584,23.0477,0.46178,1.39219,-0.0669624,
0.0733772,-30.3976,1.45879,23.0512,0.462861,1.39182,-0.0648995,
0.0743678,-30.403,1.45886,23.055,0.465566,1.39429,-0.0593274,
0.0735051,-30.4088,1.46015,23.0586,0.463781,1.39163,-0.0644107,
0.0740434,-30.4143,1.46045,23.0622,0.464751,1.39206,-0.0622968,
0.0750526,-30.4195,1.46042,23.066,0.467207,1.3952,-0.0568838,
0.0742004,-30.4253,1.46162,23.0698,0.46512,1.393,-0.0622652,
0.072674,-30.4312,1.46331,23.0735,0.460754,1.3881,-0.0725456,
0.0729955,-30.4368,1.46387,23.077,0.460846,1.38675,-0.0724145,
0.0739591,-30.4421,1.46409,23.0806,0.463439,1.38857,-0.0672534,
0.0751429,-30.447,1.46411,23.0843,0.467092,1.39284,-0.059896,
0.0763969,-30.4518,1.46393,23.0883,0.470858,1.39884,-0.0519397,
0.0756451,-30.4575,1.46496,23.0921,0.469115,1.39807,-0.0564021,
0.0741522,-30.4633,1.46646,23.0959,0.464514,1.39362,-0.0667186,
0.0744784,-30.469,1.46684,23.0995,0.464101,1.39228,-0.0670646,
0.0754235,-30.4744,1.4669,23.1031,0.46611,1.39376,-0.0625742,
0.0765771,-30.4795,1.46679,23.1069,0.4692,1.39749,-0.0559395,
0.075769,-30.4854,1.46796,23.1107,0.467433,1.39519,-0.0607812,
0.0742381,-30.4914,1.46964,23.1144,0.46316,1.38975,-0.0709617,
0.0745535,-30.4971,1.47017,23.1179,0.463186,1.38781,-0.0709252,
0.0755093,-30.5025,1.47035,23.1215,0.465636,1.38905,-0.0659588,
0.0766896,-30.5076,1.47033,23.1253,0.469117,1.39281,-0.0588378,
0.0759063,-30.5133,1.47157,23.129,0.467698,1.39066,-0.0632125,
0.0765009,-30.5188,1.47179,23.1326,0.46871,1.39142,-0.0608401,
0.0775536,-30.524,1.47165,23.1364,0.471026,1.39471,-0.055426,
0.0767085,-30.5299,1.47279,23.1402,0.468775,1.3923,-0.0609785,
0.0751569,-30.5358,1.47446,23.1439,0.464247,1.3869,-0.071549,
0.0754743,-30.5415,1.47499,23.1474,0.46415,1.38513,-0.0716705,
0.0764428,-30.5469,1.47516,23.151,0.466556,1.3866,-0.0667296,
0.077635,-30.5518,1.47514,23.1547,0.470035,1.3906,-0.0595604,
0.078897,-30.5567,1.47491,23.1586,0.47365,1.3964,-0.0517601,
0.078159,-30.5623,1.476,23.1624,0.471849,1.39527,-0.0563573,
0.0776364,-30.5675,1.4763,23.1662,0.466787,1.3973,-0.064167,
0.078447,-30.5728,1.47598,23.17,0.466019,1.4005,-0.0632179,
0.0796248,-30.5779,1.4756,23.1738,0.467721,1.40497,-0.0581239,
0.0808911,-30.5829,1.47527,23.1777,0.470543,1.41036,-0.0513067,
0.0809902,-30.5882,1.47526,23.1817,0.46806,1.41479,-0.0540376,
0.0808409,-30.5934,1.47502,23.1857,0.462835,1.41971,-0.0607128,
0.081748,-30.5988,1.47449,23.1897,0.462207,1.42415,-0.0590864,
0.0828669,-30.6042,1.47411,23.1936,0.464187,1.4286,-0.0536457,
0.0839491,-30.6096,1.47385,23.1976,0.467343,1.43301,-0.0467384,
0.0849644,-30.615,1.47367,23.2016,0.470733,1.43726,-0.0396696,
0.0847287,-30.6209,1.47376,23.2056,0.468337,1.43951,-0.0429663,
0.0853453,-30.6268,1.47347,23.2096,0.468415,1.44134,-0.0411488,
0.0850134,-30.6329,1.47347,23.2136,0.46448,1.44241,-0.0467216,
0.0855391,-30.6391,1.47322,23.2175,0.464165,1.44326,-0.0456911,
0.0862303,-30.6452,1.47309,23.2214,0.465903,1.44436,-0.0416529,
0.0869216,-30.6513,1.47311,23.2253,0.468554,1.44572,-0.0364651,
0.0864637,-30.6576,1.47347,23.2293,0.46598,1.44586,-0.0407621,
0.0857706,-30.6638,1.47366,23.2333,0.46079,1.44645,-0.0488706,
0.086101,-30.6701,1.47361,23.2372,0.460154,1.4467,-0.048837,
0.086653,-30.6763,1.47372,23.2411,0.462112,1.4472,-0.0449968,
0.0871969,-30.6825,1.47396,23.245,0.465262,1.44803,-0.0396093,
0.08771,-30.6887,1.47425,23.2489,0.46868,1.44911,-0.0339288,
0.0871031,-30.695,1.47482,23.2529,0.466515,1.44881,-0.0381103,
0.0862876,-30.7013,1.47514,23.2569,0.461523,1.4489,-0.0463024,
0.0864945,-30.7077,1.4752,23.2608,0.460897,1.44873,-0.0465793,
0.0869324,-30.7141,1.47541,23.2647,0.462768,1.44887,-0.0431463,
0.0874047,-30.7204,1.47576,23.2686,0.465786,1.44938,-0.0381858,
0.086761,-30.7268,1.47638,23.2725,0.463806,1.44889,-0.0422528,
0.0869291,-30.7333,1.47664,23.2763,0.464528,1.44856,-0.0409126,
0.0873142,-30.7396,1.47694,23.2802,0.466704,1.44875,-0.0372207,
0.086652,-30.7461,1.47751,23.2841,0.464212,1.44828,-0.0419683,
0.0868406,-30.7525,1.47778,23.288,0.464643,1.44805,-0.0410125,
0.0861832,-30.7589,1.4783,23.2919,0.461461,1.44777,-0.0466645,
0.0863738,-30.7654,1.47856,23.2958,0.461877,1.44772,-0.0457195,
0.0867554,-30.7717,1.4789,23.2997,0.464251,1.44825,-0.0417905,
0.0871719,-30.7779,1.47933,23.3036,0.46743,1.44928,-0.0367368,
0.086533,-30.7843,1.48002,23.3075,0.465446,1.4493,-0.0408467,
0.0857035,-30.7905,1.48049,23.3116,0.46086,1.44985,-0.0486301,
0.0858747,-30.7969,1.4807,23.3155,0.460654,1.4502,-0.0485111,
0.0862755,-30.8032,1.48103,23.3194,0.462895,1.45083,-0.0447333,
0.0866847,-30.8094,1.48146,23.3233,0.466224,1.45178,-0.039492,
0.0870797,-30.8156,1.48193,23.3273,0.469756,1.45294,-0.033995,
0.0864179,-30.822,1.48261,23.3312,0.467792,1.45272,-0.0381028,
0.0855702,-30.8283,1.48303,23.3353,0.463063,1.45282,-0.0460927,
0.0857137,-30.8348,1.4832,23.3392,0.46261,1.45268,-0.0463391,
0.0860836,-30.8412,1.4835,23.3431,0.464574,1.45279,-0.0429783,
0.0864611,-30.8475,1.4839,23.347,0.467638,1.45323,-0.0381465,
0.0868245,-30.8537,1.48434,23.3509,0.470941,1.45391,-0.0330207,
0.0861471,-30.8602,1.48501,23.3549,0.468843,1.45332,-0.0373446,
0.085288,-30.8666,1.48543,23.3589,0.464051,1.45312,-0.0454524,
0.0854084,-30.8731,1.4856,23.3628,0.46353,1.45273,-0.0458459,
0.0857528,-30.8796,1.48591,23.3667,0.465427,1.45265,-0.0426378,
0.0861056,-30.8859,1.48632,23.3706,0.468428,1.45294,-0.0379513,
0.086446,-30.8922,1.48678,23.3745,0.471676,1.45352,-0.032956,
0.0857603,-30.8987,1.48745,23.3785,0.469578,1.45289,-0.0373068,
0.0848975,-30.9051,1.48789,23.3825,0.46482,1.45268,-0.0453871,
0.085005,-30.9116,1.48808,23.3864,0.46431,1.45231,-0.0458002,
0.0853346,-30.918,1.4884,23.3903,0.466199,1.45225,-0.0426374,
0.085703,-30.9244,1.48886,23.3942,0.469176,1.45258,-0.0380084,
0.0850639,-30.9309,1.48959,23.3981,0.467318,1.45197,-0.0420322,
0.0842426,-30.9373,1.49012,23.4022,0.463041,1.4519,-0.049484,
0.0843799,-30.9437,1.49041,23.4061,0.463066,1.45172,-0.0492154,
0.0847356,-30.9501,1.49083,23.4099,0.465451,1.45188,-0.045413,
0.0850994,-30.9564,1.49133,23.4138,0.468855,1.45243,-0.0402286,
0.085452,-30.9627,1.49185,23.4178,0.472418,1.45324,-0.0348354,
0.0847588,-30.9691,1.49253,23.4217,0.470606,1.4528,-0.0387952,
0.0848751,-30.9756,1.49285,23.4256,0.47112,1.45244,-0.0378815,
0.0841982,-30.9821,1.49335,23.4296,0.467882,1.45181,-0.0436484,
0.08433,-30.9886,1.49359,23.4335,0.468018,1.45135,-0.043184,
0.0846429,-30.995,1.49392,23.4374,0.470009,1.4514,-0.0398945,
0.0849894,-31.0013,1.49434,23.4413,0.472787,1.4519,-0.0355165,
0.0843422,-31.0078,1.49501,23.4453,0.470634,1.45148,-0.0398848,
0.0835189,-31.0141,1.49547,23.4493,0.466053,1.45159,-0.0476853,
0.0836459,-31.0206,1.4957,23.4532,0.465766,1.45158,-0.0477929,
0.0839881,-31.0269,1.49607,23.4571,0.467868,1.45185,-0.0443467,
0.0843368,-31.0332,1.49653,23.4611,0.47103,1.45246,-0.0394769,
0.0846732,-31.0394,1.49703,23.465,0.474399,1.45329,-0.0343488,
0.0840091,-31.0459,1.49773,23.469,0.472475,1.45287,-0.0384513,
0.0831725,-31.0522,1.49819,23.473,0.467918,1.45279,-0.0462446,
0.0832843,-31.0587,1.4984,23.477,0.467526,1.45252,-0.046512,
0.0836112,-31.0651,1.49874,23.4809,0.469468,1.45252,-0.0432987,
0.0839744,-31.0714,1.49921,23.4848,0.472454,1.45283,-0.0386807,
0.0833178,-31.0779,1.49992,23.4887,0.470668,1.45218,-0.0426,
0.0834181,-31.0844,1.50027,23.4926,0.471473,1.45169,-0.0413638,
0.0837219,-31.0908,1.50067,23.4965,0.473642,1.45165,-0.0379167,
0.0830957,-31.0973,1.50133,23.5005,0.471349,1.45098,-0.0424709,
0.0823018,-31.1036,1.50182,23.5045,0.466907,1.45095,-0.0500855,
0.0824435,-31.11,1.50211,23.5084,0.466836,1.45084,-0.0499358,
0.0827953,-31.1164,1.50252,23.5123,0.469159,1.45105,-0.0462288,
0.0831521,-31.1226,1.50303,23.5162,0.472517,1.45159,-0.0411276,
0.0834671,-31.1288,1.50354,23.5202,0.476051,1.45237,-0.0358092,
0.0837659,-31.135,1.504,23.5242,0.479277,1.45325,-0.0308846,
0.0830827,-31.1414,1.50462,23.5282,0.477025,1.45274,-0.0353982,
0.0822364,-31.1478,1.505,23.5322,0.472093,1.45247,-0.0436555,
0.0823264,-31.1543,1.50513,23.5362,0.471277,1.45198,-0.0444823,
0.0826578,-31.1607,1.50545,23.5401,0.472803,1.45172,-0.0418281,
0.0820429,-31.1672,1.50607,23.544,0.47051,1.45091,-0.0463431,
0.0821683,-31.1737,1.50645,23.5479,0.471306,1.45026,-0.0451256,
0.0824863,-31.1801,1.50692,23.5518,0.473714,1.45009,-0.0414142,
0.0818504,-31.1866,1.50763,23.5557,0.471825,1.44937,-0.0454748,
0.0819648,-31.193,1.50803,23.5596,0.472725,1.44893,-0.0441356,
0.0822798,-31.1994,1.50848,23.5635,0.475074,1.44902,-0.0404775,
0.081646,-31.2058,1.50915,23.5675,0.473054,1.44855,-0.0446716,
0.081765,-31.2122,1.50952,23.5714,0.473798,1.44835,-0.0434899,
0.0820857,-31.2185,1.50993,23.5753,0.475996,1.44865,-0.0399838,
0.0814583,-31.2249,1.51058,23.5792,0.473845,1.44836,-0.0443074,
0.081582,-31.2313,1.51091,23.5832,0.474484,1.4483,-0.0432315,
0.0819059,-31.2376,1.51131,23.5871,0.4766,1.44869,-0.0398089,
0.0812817,-31.2439,1.51194,23.5911,0.474391,1.44847,-0.0441902,
0.0814374,-31.2503,1.5123,23.595,0.474984,1.44843,-0.0431586,
0.0808211,-31.2566,1.51288,23.599,0.472181,1.44826,-0.0483165,
0.080981,-31.263,1.51322,23.6029,0.472767,1.44825,-0.0472764,
0.0813115,-31.2693,1.51364,23.6068,0.475149,1.44867,-0.0434974,
0.0816723,-31.2755,1.51413,23.6107,0.478238,1.44945,-0.0387331,
0.0810373,-31.2818,1.51482,23.6147,0.476461,1.44926,-0.0425811,
0.0811778,-31.2882,1.51518,23.6187,0.477139,1.44918,-0.0414553,
0.0805498,-31.2945,1.51574,23.6227,0.474252,1.44885,-0.0467311,
0.0806983,-31.3009,1.51604,23.6266,0.47466,1.44865,-0.045927,
0.081018,-31.3072,1.51642,23.6305,0.476837,1.44886,-0.0424222,
0.0813683,-31.3134,1.51688,23.6345,0.479727,1.44942,-0.0379271,
0.0807621,-31.3198,1.51758,23.6384,0.477798,1.44904,-0.0419709,
0.0799846,-31.326,1.51807,23.6425,0.473504,1.4491,-0.0493722,
0.0801211,-31.3324,1.51833,23.6465,0.473343,1.44901,-0.0493413,
0.0804624,-31.3387,1.51872,23.6504,0.475454,1.44916,-0.0459179,
0.0808077,-31.3449,1.51919,23.6543,0.478554,1.44955,-0.0411663,
0.0811403,-31.3511,1.5197,23.6583,0.481826,1.45013,-0.0362058,
0.0805148,-31.3575,1.52041,23.6623,0.479985,1.44953,-0.0401715,
0.0797234,-31.3638,1.52088,23.6663,0.475623,1.44926,-0.0476874,
0.0798411,-31.3702,1.52111,23.6703,0.475277,1.44883,-0.0479305,
0.0801897,-31.3765,1.52151,23.6742,0.477161,1.44864,-0.0448373,
0.0810427,-31.3826,1.52152,23.6782,0.481162,1.44958,-0.0374903,
0.0809138,-31.3886,1.52159,23.6824,0.480582,1.45008,-0.0381319,
0.080608,-31.3944,1.52123,23.6867,0.477647,1.4513,-0.0418319,
0.0814977,-31.4002,1.52035,23.6909,0.479379,1.45275,-0.0365444,
0.0814791,-31.406,1.51975,23.6952,0.47786,1.45381,-0.0375312,
0.0812089,-31.4116,1.51899,23.6995,0.474729,1.45534,-0.0409636,
0.0820432,-31.4174,1.51786,23.7038,0.476747,1.45671,-0.0350501,
0.0830666,-31.423,1.51678,23.708,0.481301,1.45835,-0.0252973,
0.0840397,-31.4286,1.51579,23.7123,0.486653,1.46027,-0.0145429,
0.0835862,-31.4344,1.51525,23.7167,0.485922,1.46046,-0.0150978,
0.0827383,-31.4401,1.51455,23.7211,0.481892,1.46073,-0.0207368,
0.0829961,-31.4459,1.51347,23.7254,0.482304,1.46095,-0.0180303,
0.0834574,-31.4516,1.51258,23.7297,0.485039,1.46157,-0.0119296,
0.0825162,-31.4574,1.5123,23.734,0.482786,1.46133,-0.0156969,
0.0824448,-31.4632,1.5117,23.7384,0.483757,1.46132,-0.0132415,
0.0825181,-31.4688,1.51126,23.7427,0.486324,1.46186,-0.00848239,
0.0811967,-31.4745,1.51143,23.7471,0.483529,1.46171,-0.0140909,
0.0807653,-31.4802,1.51127,23.7514,0.483806,1.46182,-0.0136738,
0.0804641,-31.4857,1.51127,23.7558,0.485686,1.46245,-0.0109595,
0.0801146,-31.4912,1.51151,23.7602,0.488121,1.46352,-0.00777959,
0.0783818,-31.4968,1.51232,23.7646,0.48467,1.46381,-0.0156656,
0.0775485,-31.5024,1.5128,23.769,0.48402,1.46414,-0.0179237,
0.0768734,-31.5079,1.51347,23.7734,0.484939,1.46481,-0.0179375,
0.0761831,-31.5133,1.51442,23.7778,0.486508,1.46574,-0.0173596,
0.0742195,-31.5188,1.5159,23.7822,0.482472,1.46623,-0.0272549,
0.0731541,-31.5244,1.51712,23.7866,0.48134,1.46662,-0.0314558,
0.0722714,-31.5299,1.51856,23.791,0.481889,1.46724,-0.0332624,
0.0714085,-31.5354,1.5203,23.7954,0.483201,1.46805,-0.0342934,
0.069414,-31.541,1.52252,23.8,0.479196,1.46875,-0.0451229,
0.0687355,-31.5457,1.52423,23.805,0.480174,1.46882,-0.0465083,
0.0683473,-31.5497,1.52609,23.8104,0.484976,1.46933,-0.0422173,
0.0680015,-31.5532,1.528,23.816,0.492009,1.46974,-0.0347739,
0.0677442,-31.5563,1.52986,23.8217,0.499957,1.46936,-0.0258918,
0.0650394,-31.5596,1.53243,23.8273,0.500216,1.46544,-0.0324737,
0.0642343,-31.5629,1.53359,23.8328,0.50368,1.46032,-0.0302414,
0.0639711,-31.5663,1.5346,23.8383,0.509212,1.45319,-0.0242481,
0.0612746,-31.5698,1.53656,23.8437,0.508248,1.44304,-0.0322593,
0.0604781,-31.5733,1.53727,23.849,0.510976,1.43156,-0.0309528,
0.0601732,-31.5768,1.53799,23.8542,0.516101,1.41826,-0.0256594,
0.0573912,-31.5804,1.53983,23.8593,0.515455,1.40268,-0.0335702,
0.0564635,-31.5839,1.54046,23.8642,0.518185,1.38636,-0.0326872,
0.0560025,-31.5873,1.54112,23.8691,0.523118,1.36893,-0.028108,
0.053229,-31.5907,1.54304,23.8738,0.522862,1.35025,-0.0357584,
0.0498852,-31.5936,1.54486,23.8785,0.519497,1.33224,-0.0485288,
0.0487401,-31.5964,1.54544,23.8831,0.52053,1.31473,-0.0504708,
0.0480831,-31.5991,1.54607,23.8876,0.524491,1.2972,-0.0476141,
0.0474625,-31.6016,1.54684,23.8919,0.529829,1.27966,-0.0429101,
0.0468483,-31.604,1.54765,23.896,0.53532,1.26254,-0.037983,
0.044257,-31.6061,1.54941,23.9001,0.535148,1.24708,-0.0449467,
0.043304,-31.608,1.54981,23.9041,0.536182,1.23377,-0.046136,
0.0428507,-31.6098,1.54982,23.908,0.537918,1.22258,-0.0450214,
0.0426126,-31.6114,1.54963,23.9117,0.539679,1.2135,-0.0431919,
0.0411323,-31.6128,1.55009,23.9155,0.537157,1.20729,-0.0497971,
0.0396702,-31.614,1.55027,23.9192,0.532278,1.20445,-0.0592054,
0.0395699,-31.6153,1.54956,23.9228,0.52958,1.20358,-0.0623835,
0.0398924,-31.6168,1.5487,23.9263,0.528181,1.20447,-0.0627997,
0.0403755,-31.6184,1.5478,23.9296,0.527261,1.20699,-0.0621312,
0.0409527,-31.6202,1.54685,23.9329,0.526258,1.21116,-0.0612471,
0.0416107,-31.6221,1.54581,23.9362,0.524876,1.21701,-0.0605632,
0.0423693,-31.6242,1.54469,23.9395,0.52298,1.22484,-0.0602149,
0.0428554,-31.6263,1.54362,23.9428,0.519012,1.23531,-0.0630939,
0.0437925,-31.6284,1.54225,23.9462,0.515375,1.24848,-0.0643191,
0.0449307,-31.6305,1.54081,23.9497,0.511888,1.26421,-0.0647824,
0.04597,-31.6328,1.53939,23.9533,0.507261,1.28215,-0.0668807,
0.047268,-31.6351,1.5379,23.9569,0.503295,1.3019,-0.0674591,
0.0486546,-31.6377,1.53647,23.9607,0.499735,1.32287,-0.067302,
0.0500702,-31.6405,1.53513,23.9646,0.496427,1.34451,-0.0667804,
0.0514768,-31.6437,1.5339,23.9685,0.493329,1.36611,-0.0660859,
0.0528396,-31.6473,1.53281,23.9726,0.490467,1.38692,-0.065315,
0.0541353,-31.6513,1.53189,23.9766,0.487875,1.40644,-0.0645128,
0.0553501,-31.6559,1.53114,23.9807,0.485576,1.42435,-0.0637015,
0.0564771,-31.6609,1.53058,23.9848,0.483577,1.44047,-0.0628926,
0.0575145,-31.6663,1.53019,23.989,0.481878,1.45474,-0.0620929,
0.0584638,-31.6722,1.52996,23.9931,0.480464,1.46718,-0.0613063,
0.0593288,-31.6785,1.52989,23.9972,0.479319,1.47787,-0.0605351,
0.0601152,-31.6851,1.52996,24.0013,0.478418,1.48695,-0.0597803,
0.0608291,-31.692,1.53015,24.0054,0.477738,1.49457,-0.0590418,
0.0614773,-31.6991,1.53044,24.0094,0.477253,1.50089,-0.0583186,
0.0620667,-31.7065,1.53083,24.0135,0.476938,1.50607,-0.0576091,
0.0626037,-31.7141,1.53129,24.0176,0.476771,1.51027,-0.0569112,
0.0630945,-31.7218,1.53182,24.0216,0.47673,1.51363,-0.056223,
0.0635445,-31.7296,1.53241,24.0257,0.476797,1.51627,-0.0555423,
0.0639586,-31.7375,1.53303,24.0298,0.476954,1.51831,-0.0548678,
0.064341,-31.7455,1.53368,24.0338,0.477188,1.51984,-0.0541984,
0.0646889,-31.7535,1.53437,24.0379,0.477505,1.5208,-0.0535334,
0.0649975,-31.7616,1.5351,24.0419,0.477917,1.52112,-0.0528717,
0.0652641,-31.7698,1.53586,24.046,0.47843,1.52075,-0.0522137,
0.065488,-31.778,1.53666,24.0501,0.479042,1.51969,-0.0515628,
0.0656697,-31.7863,1.5375,24.0541,0.479745,1.51794,-0.050925,
0.0658109,-31.7945,1.53836,24.0581,0.480527,1.51555,-0.050308,
0.0659137,-31.8028,1.53924,24.0621,0.481375,1.51255,-0.0497199,
0.0659804,-31.8112,1.54015,24.0661,0.482274,1.50899,-0.0491685,
0.066014,-31.8195,1.54107,24.07,0.483212,1.50493,-0.0486604,
0.0660173,-31.8278,1.542,24.074,0.484175,1.50043,-0.0482012,
0.0659934,-31.8361,1.54294,24.0778,0.48515,1.49557,-0.0477951,
0.0659504,-31.8443,1.54388,24.0817,0.486128,1.49041,-0.0474454,
0.0659814,-31.8522,1.5447,24.0857,0.487086,1.48664,-0.046785,
0.0660448,-31.8598,1.54543,24.0897,0.488033,1.48394,-0.0459279,
0.0661264,-31.8673,1.54607,24.0937,0.488949,1.48198,-0.0449564,
0.0662185,-31.8746,1.54665,24.0978,0.489818,1.48047,-0.0439273,
0.0663154,-31.8818,1.54717,24.1019,0.490635,1.47919,-0.0428787,
0.0664119,-31.8889,1.54763,24.106,0.491402,1.47799,-0.0418354,
0.0665153,-31.896,1.54806,24.1101,0.492119,1.47674,-0.0408135,
0.0663327,-31.903,1.5485,24.1143,0.491129,1.47562,-0.0426505,
0.0661217,-31.9099,1.54885,24.1185,0.489406,1.47473,-0.0454692,
0.0659344,-31.9167,1.54916,24.1227,0.48755,1.47403,-0.0483938,
0.0657722,-31.9235,1.54948,24.1269,0.485883,1.47346,-0.0510216,
0.0656277,-31.9303,1.54984,24.1311,0.484544,1.4729,-0.0531999,
0.0654944,-31.937,1.55025,24.1353,0.483566,1.47231,-0.0549066,
0.0653682,-31.9437,1.5507,24.1395,0.482921,1.47163,-0.0561837,
0.0652475,-31.9504,1.55119,24.1437,0.482559,1.47085,-0.0570984,
0.0651323,-31.9572,1.5517,24.1478,0.482418,1.46998,-0.0577226,
0.065023,-31.9639,1.55222,24.152,0.482443,1.46903,-0.0581222,
0.0649248,-31.9706,1.55276,24.1561,0.482584,1.46802,-0.0583527,
0.064881,-31.977,1.5532,24.1603,0.482618,1.46849,-0.0584652,
0.0648776,-31.9832,1.55357,24.1647,0.482597,1.47014,-0.0584431,
0.0649087,-31.9893,1.55387,24.169,0.482538,1.47267,-0.0582962,
0.0649686,-31.9952,1.55412,24.1735,0.482455,1.47578,-0.0580408,
0.0650514,-32.0012,1.55432,24.1779,0.482358,1.47924,-0.0576937,
0.0651508,-32.0071,1.55448,24.1824,0.482256,1.48286,-0.0572706,
0.0652612,-32.013,1.55461,24.1869,0.482157,1.48649,-0.0567858,
0.0653773,-32.0189,1.55472,24.1915,0.482066,1.49004,-0.0562523,
0.0654948,-32.0249,1.5548,24.196,0.481988,1.49343,-0.0556817,
0.06561,-32.0309,1.55487,24.2006,0.481924,1.49661,-0.0550848,
0.0657197,-32.0369,1.55492,24.2052,0.481875,1.49956,-0.0544711,
0.0658214,-32.0431,1.55497,24.2098,0.481841,1.50228,-0.0538491,
0.0659131,-32.0492,1.55501,24.2144,0.48182,1.50476,-0.0532259,
0.0659931,-32.0554,1.55505,24.219,0.481812,1.50701,-0.0526077,
0.0660602,-32.0617,1.55508,24.2236,0.481815,1.50905,-0.0519995,
0.0661132,-32.068,1.55512,24.2282,0.481829,1.51089,-0.0514055,
0.0661515,-32.0743,1.55516,24.2328,0.481852,1.51255,-0.0508286,
0.0661745,-32.0807,1.55519,24.2375,0.481883,1.51404,-0.0502712,
0.0661819,-32.087,1.55523,24.2421,0.481923,1.51539,-0.0497347,
0.0661732,-32.0935,1.55528,24.2467,0.48197,1.5166,-0.0492201,
0.0661485,-32.0999,1.55533,24.2514,0.482025,1.51769,-0.0487278,
0.0661078,-32.1063,1.55538,24.256,0.482088,1.51867,-0.0482576,
0.0660512,-32.1128,1.55544,24.2606,0.482159,1.51955,-0.0478091,
0.0659788,-32.1193,1.5555,24.2653,0.482238,1.52034,-0.0473817,
0.065891,-32.1257,1.55557,24.2699,0.482325,1.52105,-0.0469742,
0.0657882,-32.1322,1.55564,24.2746,0.482421,1.52168,-0.0465855,
0.0656708,-32.1387,1.55572,24.2793,0.482525,1.52225,-0.0462143,
0.0655393,-32.1452,1.5558,24.2839,0.482637,1.52275,-0.045859,
0.0653943,-32.1517,1.55588,24.2886,0.482758,1.52321,-0.045518,
0.0652365,-32.1582,1.55597,24.2933,0.482886,1.52362,-0.0451897,
0.0650666,-32.1647,1.55606,24.2979,0.483023,1.52399,-0.0448723,
0.0648851,-32.1711,1.55616,24.3026,0.483167,1.52433,-0.044564,
0.064693,-32.1776,1.55625,24.3073,0.483318,1.52464,-0.0442628,
0.0644909,-32.1841,1.55635,24.312,0.483475,1.52494,-0.043967,
0.0642796,-32.1905,1.55644,24.3167,0.483639,1.52523,-0.0436747,
0.06406,-32.197,1.55653,24.3214,0.483807,1.52551,-0.0433839,
0.0638327,-32.2034,1.55662,24.3261,0.48398,1.5258,-0.0430927,
0.0635985,-32.2098,1.5567,24.3308,0.484157,1.5261,-0.0427993,
0.0633582,-32.2162,1.55678,24.3356,0.484336,1.52642,-0.0425019,
0.0631125,-32.2226,1.55685,24.3403,0.484518,1.52677,-0.0421985,
0.062862,-32.2289,1.55691,24.3451,0.484702,1.52715,-0.0418876,
0.0626073,-32.2353,1.55696,24.3498,0.484886,1.52757,-0.0415674,
0.0623492,-32.2416,1.557,24.3546,0.48507,1.52803,-0.0412362,
0.062088,-32.2479,1.55703,24.3593,0.485254,1.52854,-0.0408926,
0.0618244,-32.2542,1.55705,24.3641,0.485436,1.52911,-0.040535,
0.0615587,-32.2605,1.55705,24.3689,0.485616,1.52974,-0.0401622,
0.0612913,-32.2667,1.55704,24.3737,0.485794,1.53043,-0.0397728,
0.0610226,-32.2729,1.55701,24.3785,0.485968,1.53119,-0.0393657,
0.0607527,-32.2792,1.55697,24.3834,0.486139,1.53202,-0.0389398,
0.060482,-32.2853,1.55691,24.3882,0.486306,1.53292,-0.0384941,
0.0602106,-32.2915,1.55682,24.3931,0.486468,1.5339,-0.0380278,
0.0599385,-32.2976,1.55672,24.398,0.486626,1.53495,-0.0375402,
0.0596658,-32.3038,1.5566,24.4028,0.486778,1.53609,-0.0370305,
0.0593925,-32.3099,1.55646,24.4078,0.486925,1.53731,-0.0364981,
0.0591186,-32.3159,1.5563,24.4127,0.487066,1.5386,-0.0359427,
0.0588438,-32.322,1.55611,24.4176,0.487201,1.53998,-0.035364,
0.0585681,-32.3281,1.55591,24.4226,0.48733,1.54144,-0.0347616,
0.0582912,-32.3341,1.55568,24.4275,0.487452,1.54298,-0.0341352,
0.0580147,-32.3401,1.55542,24.4325,0.487568,1.54461,-0.0334848,
0.0576986,-32.3461,1.55515,24.4376,0.487447,1.54635,-0.0332026,
0.0573769,-32.352,1.55485,24.4426,0.48722,1.54822,-0.0330353,
0.0570568,-32.358,1.55453,24.4477,0.486969,1.55024,-0.0328603,
0.0567389,-32.3639,1.55419,24.4528,0.486741,1.55237,-0.0326188,
0.056422,-32.3698,1.55383,24.4579,0.486557,1.5546,-0.0322867,
0.0561064,-32.3756,1.55346,24.463,0.486421,1.55692,-0.0318592,
0.0558021,-32.3815,1.55306,24.4682,0.486417,1.55909,-0.0311996,
0.0555003,-32.3874,1.55263,24.4733,0.486505,1.56114,-0.0303734,
0.0551979,-32.3934,1.55218,24.4785,0.48665,1.56313,-0.0294314,
0.0548935,-32.3993,1.55169,24.4837,0.486821,1.5651,-0.0284104,
0.054586,-32.4052,1.55117,24.4889,0.487,1.56707,-0.0273365,
0.0542747,-32.4111,1.55061,24.4941,0.487171,1.56909,-0.0262271,
0.0539585,-32.417,1.55001,24.4994,0.487328,1.57118,-0.0250936,
0.0536367,-32.4228,1.54937,24.5047,0.487464,1.57334,-0.0239429,
0.0533083,-32.4287,1.5487,24.51,0.487579,1.57561,-0.0227787,
0.0529725,-32.4345,1.54799,24.5153,0.487673,1.57799,-0.0216028,
0.0526284,-32.4403,1.54725,24.5206,0.487745,1.58047,-0.0204156,
0.0522753,-32.4461,1.54647,24.526,0.487799,1.58307,-0.0192168,
0.0519123,-32.4519,1.54566,24.5314,0.487835,1.58579,-0.0180057,
0.0515389,-32.4576,1.54482,24.5369,0.487856,1.58861,-0.0167814,
0.0511543,-32.4634,1.54394,24.5423,0.487864,1.59154,-0.0155432,
0.0507578,-32.4691,1.54304,24.5478,0.487861,1.59457,-0.0142901,
0.050349,-32.4748,1.5421,24.5534,0.487849,1.59769,-0.0130216,
0.0499272,-32.4805,1.54114,24.5589,0.487828,1.60089,-0.0117371,
0.0494916,-32.4862,1.54014,24.5645,0.487801,1.60418,-0.0104362,
0.0490331,-32.4918,1.53913,24.5701,0.487778,1.60745,-0.00913784,
0.0485543,-32.4975,1.5381,24.5758,0.487759,1.61071,-0.00783287,
0.0480573,-32.5032,1.53704,24.5814,0.487742,1.61399,-0.00651646,
0.0475431,-32.5088,1.53596,24.5871,0.487727,1.6173,-0.00518587,
0.0470125,-32.5145,1.53485,24.5929,0.48771,1.62065,-0.0038393,
0.0464659,-32.5201,1.53372,24.5986,0.487693,1.62406,-0.00247545,
0.0459037,-32.5258,1.53255,24.6044,0.487673,1.62753,-0.00109328,
0.0453259,-32.5314,1.53136,24.6102,0.487651,1.63106,0.000308057,
0.0447326,-32.537,1.53013,24.6161,0.487626,1.63466,0.00172925,
0.0441238,-32.5426,1.52887,24.622,0.487598,1.63833,0.00317089,
0.0434993,-32.5482,1.52759,24.6279,0.487567,1.64207,0.00463343,
0.042859,-32.5538,1.52627,24.6339,0.487533,1.64589,0.00611725,
0.0422026,-32.5594,1.52492,24.6398,0.487495,1.64977,0.00762261,
0.04153,-32.5649,1.52353,24.6459,0.487456,1.65372,0.00914969,
0.0408407,-32.5705,1.52212,24.6519,0.487413,1.65774,0.0106986,
0.0401345,-32.5761,1.52067,24.658,0.487368,1.66182,0.0122693,
0.039411,-32.5816,1.51918,24.6641,0.487321,1.66596,0.0138617,
0.0386698,-32.5871,1.51767,24.6703,0.487272,1.67015,0.0154757,
0.0379107,-32.5927,1.51612,24.6765,0.487222,1.6744,0.0171111,
0.0371332,-32.5982,1.51454,24.6827,0.48717,1.6787,0.0187677,
0.0363368,-32.6037,1.51293,24.689,0.487117,1.68305,0.0204451,
0.0355213,-32.6093,1.51128,24.6953,0.487063,1.68744,0.022143,
0.0346862,-32.6148,1.5096,24.7016,0.487008,1.69187,0.023861,
0.0338312,-32.6203,1.50789,24.708,0.486952,1.69634,0.0255987,
0.0329557,-32.6259,1.50614,24.7144,0.486896,1.70085,0.0273557,
0.0320595,-32.6314,1.50436,24.7208,0.48684,1.70539,0.0291315,
0.0311422,-32.6369,1.50255,24.7273,0.486783,1.70996,0.0309254,
0.0302033,-32.6424,1.5007,24.7338,0.486726,1.71457,0.0327372,
0.0292425,-32.648,1.49882,24.7404,0.486669,1.7192,0.0345661,
0.0282595,-32.6535,1.49691,24.7469,0.486613,1.72386,0.0364118,
0.0272537,-32.6591,1.49497,24.7536,0.486556,1.72855,0.0382734,
0.0262248,-32.6646,1.493,24.7602,0.4865,1.73325,0.0401504,
0.0251725,-32.6702,1.49099,24.7669,0.486445,1.73798,0.042042,
0.0240965,-32.6757,1.48895,24.7736,0.48639,1.74272,0.0439477,
0.0229962,-32.6813,1.48688,24.7804,0.486336,1.74749,0.0458666,
0.0218714,-32.6869,1.48478,24.7871,0.486283,1.75226,0.047798,
0.0207218,-32.6925,1.48265,24.794,0.486231,1.75705,0.0497419,
0.0195435,-32.6981,1.48049,24.8008,0.486189,1.7618,0.0516962,
0.0183245,-32.7037,1.47832,24.8077,0.486188,1.7663,0.0536553,
0.0170566,-32.7094,1.47616,24.8146,0.486249,1.77042,0.0556178,
0.0157349,-32.7152,1.474,24.8215,0.486385,1.77407,0.0575814,
0.0143573,-32.721,1.47184,24.8285,0.4866,1.77721,0.0595428,
0.0129264,-32.7268,1.46971,24.8354,0.486891,1.77981,0.0614972,
0.011374,-32.7327,1.46757,24.8424,0.486795,1.78201,0.0626932,
0.00975845,-32.7386,1.46543,24.8494,0.486563,1.78387,0.0635948,
0.0080945,-32.7445,1.46328,24.8564,0.486347,1.78541,0.0644313,
0.00638618,-32.7503,1.46115,24.8634,0.48623,1.78663,0.0653176,
0.00464952,-32.7561,1.45908,24.8704,0.486243,1.78751,0.0663053,
0.00373969,-32.7583,1.45555,24.8788,0.484763,1.80762,0.069196,
0.00337446,-32.7577,1.45091,24.8885,0.482496,1.84386,0.0740672,
0.00344386,-32.7549,1.44526,24.8992,0.479631,1.89266,0.0806978,
0.00386949,-32.7506,1.43869,24.9109,0.476268,1.95067,0.0888363,
0.00457411,-32.7453,1.43125,24.9234,0.472515,2.01498,0.0982623,
0.00547999,-32.7393,1.42305,24.9366,0.46849,2.08316,0.108794,
0.00650741,-32.733,1.41416,24.9506,0.464321,2.15313,0.120272,
0.0075824,-32.7267,1.40467,24.9651,0.46012,2.22321,0.132556,
0.00863689,-32.7206,1.39465,24.9801,0.455985,2.29207,0.145518,
0.00960832,-32.7149,1.38418,24.9956,0.451998,2.35861,0.159037,
0.010439,-32.7097,1.37332,25.0115,0.448227,2.42196,0.172992,
0.011075,-32.7051,1.36214,25.0277,0.444719,2.48141,0.187253,
0.0114666,-32.7012,1.3507,25.0442,0.441518,2.53634,0.201694,
0.0115673,-32.698,1.33907,25.0608,0.43866,2.58625,0.216184,
0.0113333,-32.6956,1.32732,25.0776,0.43617,2.63068,0.230588,
0.0107242,-32.6941,1.31552,25.0945,0.434069,2.66926,0.244765,
0.00970256,-32.6935,1.30374,25.1113,0.432371,2.70167,0.258573,
0.00853544,-32.694,1.29232,25.1278,0.43105,2.72767,0.271872,
0.00415876,-32.6998,1.28071,25.1426,0.407061,2.73018,0.246535,
-0.00160494,-32.7067,1.2691,25.1575,0.36979,2.72742,0.199529,
-0.00838395,-32.7127,1.25857,25.1729,0.326991,2.7299,0.141947,
-0.0160037,-32.7167,1.24983,25.1891,0.283775,2.74228,0.0809022,
-0.0242648,-32.7185,1.24317,25.2061,0.243196,2.76523,0.0208349,
-0.0329446,-32.7187,1.23857,25.2238,0.20694,2.79699,-0.0355797,
-0.0418282,-32.7176,1.23588,25.2419,0.175861,2.83451,-0.0867877,
-0.050959,-32.7161,1.23464,25.2606,0.150369,2.87415,-0.13204,
-0.0563666,-32.7166,1.23663,25.278,0.163797,2.89649,-0.1203,
-0.0629285,-32.7189,1.24041,25.2944,0.181919,2.90818,-0.106134,
-0.0709838,-32.7253,1.24385,25.3098,0.190126,2.90083,-0.109288,
-0.075899,-32.7333,1.24781,25.3242,0.220485,2.87826,-0.0773304,
-0.0832313,-32.7457,1.25189,25.3367,0.236736,2.8361,-0.0705828,
-0.0913296,-32.7594,1.25504,25.3491,0.242523,2.78704,-0.0795423,
-0.0963927,-32.7727,1.25847,25.361,0.268596,2.73291,-0.0553556,
-0.102839,-32.7857,1.26227,25.3725,0.290229,2.67998,-0.0399282,
-0.110677,-32.7998,1.26519,25.3834,0.298138,2.62319,-0.0456066,
-0.115429,-32.8129,1.26763,25.394,0.321551,2.56617,-0.0238784,
-0.122529,-32.8273,1.27025,25.4035,0.330512,2.50575,-0.0268179,
-0.130328,-32.8407,1.27189,25.4133,0.328639,2.45159,-0.0450403,
-0.134975,-32.8521,1.27331,25.4235,0.344639,2.4016,-0.0323676,
-0.138732,-32.8619,1.27522,25.4333,0.370638,2.35626,-0.0041723,
-0.145184,-32.8732,1.27704,25.442,0.379232,2.3082,-0.00503152,
-0.152226,-32.8835,1.27762,25.4509,0.374557,2.2672,-0.0241321,
-0.159587,-32.8915,1.27726,25.4607,0.361584,2.23905,-0.0539568,
-0.163486,-32.8975,1.27693,25.471,0.36906,2.21589,-0.0489745,
-0.166345,-32.9019,1.27745,25.4812,0.38879,2.19711,-0.0254181,
-0.171945,-32.9079,1.27813,25.4903,0.392529,2.17551,-0.0292231,
-0.17814,-32.9131,1.27767,25.4997,0.383958,2.15982,-0.0500672,
-0.184691,-32.9165,1.27627,25.5101,0.367798,2.15512,-0.0807755,
-0.187654,-32.9183,1.27497,25.521,0.373401,2.15257,-0.0748409,
-0.189519,-32.9193,1.27463,25.5317,0.392234,2.15151,-0.0491169,
-0.194219,-32.9224,1.27447,25.5412,0.395093,2.14449,-0.051079,
-0.199582,-32.9253,1.27316,25.5511,0.385637,2.14072,-0.0703354,
-0.205387,-32.9267,1.27089,25.5619,0.368621,2.1457,-0.0996598,
-0.20736,-32.9271,1.26904,25.5728,0.374144,2.15068,-0.091314,
-0.211949,-32.9283,1.26812,25.5833,0.36963,2.15439,-0.102377,
-0.216041,-32.9272,1.26648,25.595,0.367018,2.16838,-0.108568,
-0.217262,-32.9259,1.26495,25.6065,0.381868,2.17942,-0.0856076,
-0.221178,-32.9271,1.26376,25.6169,0.382381,2.18247,-0.088077,
-0.225776,-32.9284,1.26163,25.6274,0.371918,2.18652,-0.106322,
-0.230868,-32.929,1.25869,25.6389,0.354854,2.197,-0.133668,
-0.232964,-32.9336,1.25756,25.6485,0.364481,2.18074,-0.121787,
-0.234835,-32.9414,1.2588,25.6563,0.389178,2.14284,-0.091784,
-0.239755,-32.9531,1.26165,25.6621,0.403422,2.08767,-0.0841841,
-0.245685,-32.9662,1.26459,25.6673,0.409449,2.02608,-0.0904984,
-0.252055,-32.979,1.26766,25.6722,0.410415,1.96557,-0.104949,
-0.258606,-32.9907,1.27104,25.6772,0.408709,1.91063,-0.123616,
-0.265281,-33.0011,1.2746,25.6824,0.405905,1.86352,-0.143888,
-0.268698,-33.0115,1.2782,25.687,0.420602,1.81119,-0.134521,
-0.274107,-33.0219,1.283,25.691,0.429958,1.76181,-0.136949,
-0.277004,-33.032,1.28708,25.6946,0.449853,1.7104,-0.119802,
-0.28174,-33.042,1.29178,25.6976,0.460967,1.66259,-0.118462,
-0.286708,-33.0508,1.29573,25.7008,0.464555,1.62307,-0.127028,
-0.291626,-33.0579,1.29881,25.7046,0.462979,1.59439,-0.141377,
-0.293522,-33.0642,1.30094,25.7085,0.473957,1.56565,-0.132142,
-0.294548,-33.0699,1.30319,25.7122,0.492196,1.53821,-0.111163,
-0.297658,-33.0758,1.30593,25.7152,0.499848,1.51378,-0.108815,
-0.301057,-33.0807,1.30771,25.7185,0.498696,1.49692,-0.118093,
-0.304319,-33.0841,1.30865,25.7225,0.491715,1.49015,-0.134073,
-0.307338,-33.0857,1.30908,25.727,0.481385,1.49396,-0.153347,
-0.310267,-33.0858,1.309,25.7325,0.469515,1.50749,-0.173609,
-0.310171,-33.0862,1.30868,25.7378,0.474542,1.51551,-0.165084,
-0.309269,-33.087,1.30902,25.7427,0.48971,1.51914,-0.141667,
-0.310641,-33.0892,1.31007,25.7468,0.495033,1.51966,-0.13674,
-0.312467,-33.0913,1.31034,25.7512,0.492147,1.52253,-0.143319,
-0.314311,-33.0925,1.3099,25.7561,0.483912,1.53101,-0.156554,
-0.316252,-33.0928,1.30885,25.7617,0.472718,1.5464,-0.173124,
-0.315313,-33.0935,1.30754,25.7672,0.478097,1.55571,-0.161592,
-0.31366,-33.0945,1.30687,25.7725,0.493405,1.56048,-0.135576,
-0.314448,-33.097,1.30691,25.7769,0.497996,1.56131,-0.129611,
-0.315809,-33.0994,1.30617,25.7816,0.493787,1.56444,-0.136194,
-0.317289,-33.1008,1.30476,25.7868,0.483869,1.57363,-0.150115,
-0.318768,-33.101,1.30299,25.7927,0.47077,1.59036,-0.167812,
-0.320414,-33.1001,1.30087,25.7994,0.456315,1.61449,-0.186902,
-0.31889,-33.0999,1.299,25.8057,0.461458,1.63054,-0.173744,
-0.319498,-33.1006,1.29841,25.8115,0.460755,1.64405,-0.173727,
-0.320847,-33.1013,1.29733,25.8178,0.454816,1.65933,-0.181738,
-0.319252,-33.1025,1.29593,25.8239,0.464917,1.66759,-0.162236,
-0.319869,-33.1047,1.29542,25.8295,0.466762,1.67286,-0.159083,
-0.321085,-33.1067,1.29441,25.8353,0.461633,1.68068,-0.166178,
-0.322683,-33.1078,1.29266,25.842,0.451933,1.69416,-0.179319,
-0.321086,-33.1091,1.29073,25.8484,0.460165,1.7018,-0.161919,
-0.321758,-33.1113,1.28982,25.8544,0.460583,1.70772,-0.160392,
-0.323111,-33.1129,1.28843,25.8608,0.454296,1.71707,-0.168812,
-0.323771,-33.1126,1.28626,25.8684,0.451269,1.73448,-0.170128,
-0.321885,-33.1128,1.28397,25.8755,0.463826,1.74558,-0.145314,
-0.322491,-33.1147,1.28246,25.8819,0.465832,1.75144,-0.140573,
-0.323797,-33.1165,1.28028,25.8884,0.459218,1.75873,-0.148519,
-0.325376,-33.1175,1.27759,25.8956,0.447075,1.77148,-0.164006,
-0.32734,-33.1172,1.27445,25.9036,0.431947,1.79139,-0.183483,
-0.325791,-33.1174,1.27156,25.9114,0.438789,1.80372,-0.166672,
-0.32591,-33.1172,1.26984,25.9191,0.444471,1.81761,-0.155151,
-0.327321,-33.1179,1.26792,25.9266,0.441125,1.82942,-0.158493,
-0.329322,-33.1185,1.26514,25.9346,0.431333,1.84355,-0.17097,
-0.327801,-33.1195,1.26219,25.9422,0.441151,1.84993,-0.15008,
-0.328821,-33.1221,1.26032,25.9491,0.441751,1.85179,-0.14775,
-0.330643,-33.1244,1.25807,25.9564,0.434697,1.8559,-0.157143,
-0.33288,-33.1256,1.25545,25.9643,0.42272,1.86607,-0.173517,
-0.334395,-33.1245,1.25245,25.9735,0.416423,1.8856,-0.179643,
-0.332909,-33.1242,1.24979,25.9819,0.430179,1.89654,-0.153083,
-0.334135,-33.1262,1.24811,25.9894,0.433334,1.89997,-0.147403,
-0.336171,-33.1284,1.24586,25.9969,0.427684,1.9034,-0.155056,
-0.338563,-33.1298,1.24319,26.0049,0.416351,1.91149,-0.170759,
-0.341415,-33.1301,1.24013,26.0139,0.401925,1.92639,-0.190836,
-0.340422,-33.131,1.23744,26.0223,0.41189,1.93247,-0.170766,
-0.34102,-33.1314,1.23589,26.0308,0.421328,1.9402,-0.154933,
-0.343119,-33.1331,1.23416,26.0387,0.420539,1.94436,-0.15612,
-0.345675,-33.1347,1.23178,26.0469,0.412286,1.95036,-0.167993,
-0.348698,-33.1355,1.22879,26.0559,0.399607,1.96146,-0.18606,
-0.34776,-33.137,1.22606,26.0642,0.410845,1.96337,-0.164388,
-0.349527,-33.1401,1.22466,26.0717,0.413244,1.96027,-0.161299,
-0.352151,-33.143,1.22294,26.0795,0.408009,1.95917,-0.170088,
-0.355385,-33.1449,1.22063,26.088,0.397758,1.96413,-0.186085,
-0.354672,-33.1471,1.21839,26.0961,0.410683,1.96171,-0.16311,
-0.356677,-33.1507,1.21737,26.1034,0.414169,1.95566,-0.159391,
-0.359528,-33.1538,1.2159,26.111,0.409469,1.9529,-0.168123,
-0.362978,-33.1557,1.21374,26.1195,0.399289,1.95739,-0.184525,
-0.362367,-33.1577,1.21152,26.1276,0.412179,1.95548,-0.161718,
-0.364489,-33.1609,1.21047,26.135,0.415335,1.95066,-0.158525,
-0.367457,-33.1635,1.20893,26.1427,0.41006,1.94972,-0.16805,
-0.370779,-33.1648,1.20695,26.1512,0.399107,1.95643,-0.185428,
-0.374551,-33.1645,1.20448,26.1606,0.384861,1.97218,-0.20721,
-0.373969,-33.1646,1.20218,26.1696,0.396854,1.97925,-0.18511,
-0.374957,-33.1642,1.20094,26.1785,0.408239,1.98871,-0.167184,
-0.377511,-33.1651,1.19936,26.187,0.408427,1.99426,-0.167647,
-0.380537,-33.166,1.19699,26.1957,0.400359,2.00159,-0.179831,
-0.384069,-33.166,1.1939,26.2051,0.387308,2.01421,-0.198952,
-0.383201,-33.1668,1.19097,26.214,0.399932,2.01676,-0.174994,
-0.385201,-33.1694,1.18937,26.2219,0.40302,2.01347,-0.170972,
-0.388139,-33.1719,1.18743,26.23,0.39786,2.01193,-0.179828,
-0.391508,-33.1733,1.18517,26.2387,0.387215,2.01653,-0.196607,
-0.395391,-33.1733,1.18251,26.2484,0.373453,2.02915,-0.217817,
-0.394711,-33.1742,1.18017,26.2573,0.387212,2.03156,-0.193195,
-0.396893,-33.1767,1.17922,26.2653,0.391887,2.02841,-0.187886,
-0.400052,-33.1791,1.17779,26.2736,0.388432,2.02699,-0.195187,
-0.402365,-33.179,1.17577,26.2831,0.388728,2.03494,-0.19452,
-0.404138,-33.1773,1.17352,26.2932,0.392502,2.04951,-0.187303,
-0.407365,-33.1767,1.17082,26.3029,0.38775,2.06178,-0.194265,
-0.406221,-33.1776,1.16763,26.3119,0.405652,2.06154,-0.161954,
-0.408034,-33.1811,1.1654,26.3195,0.411299,2.05159,-0.153478,
-0.410868,-33.1849,1.16264,26.3273,0.406938,2.04158,-0.160489,
-0.414239,-33.1877,1.15956,26.3356,0.396049,2.03747,-0.177112,
-0.41796,-33.1889,1.15649,26.3446,0.381423,2.04209,-0.199227,
-0.422186,-33.1885,1.15328,26.3546,0.365075,2.05607,-0.223963,
-0.421626,-33.1893,1.1507,26.3635,0.378661,2.05803,-0.199442,
-0.424,-33.1919,1.1497,26.3715,0.383629,2.05385,-0.193935,
-0.427304,-33.1945,1.14838,26.3797,0.3807,2.05101,-0.200861,
-0.431108,-33.1961,1.14661,26.3886,0.37235,2.05388,-0.215576,
-0.433664,-33.195,1.14421,26.3988,0.372044,2.06727,-0.21541,
-0.432545,-33.1954,1.14199,26.4079,0.395169,2.06861,-0.176521,
-0.434544,-33.1988,1.14065,26.4154,0.404972,2.05899,-0.163218,
-0.43754,-33.2027,1.13849,26.423,0.403569,2.04834,-0.166855,
-0.441037,-33.2057,1.13576,26.4312,0.394639,2.04311,-0.18126,
-0.444865,-33.2071,1.13287,26.44,0.381195,2.04658,-0.202066,
-0.448904,-33.2067,1.13009,26.4496,0.365401,2.05963,-0.226196,
-0.453354,-33.2048,1.12716,26.4601,0.348798,2.08157,-0.251498,
-0.45291,-33.2046,1.12465,26.4698,0.364287,2.0886,-0.224123,
-0.450939,-33.206,1.12322,26.4783,0.398284,2.08363,-0.169342,
-0.452566,-33.2113,1.12235,26.485,0.415378,2.06364,-0.145963,
-0.455404,-33.2173,1.12031,26.4916,0.41831,2.04133,-0.143807,
-0.458893,-33.2224,1.11744,26.4988,0.4115,2.02522,-0.155541,
-0.462837,-33.2254,1.11428,26.5069,0.398549,2.01988,-0.175939,
-0.467093,-33.2261,1.11114,26.5159,0.382055,2.02685,-0.201294,
-0.471527,-33.2245,1.10821,26.5257,0.363852,2.04562,-0.228975,
-0.476013,-33.2212,1.10558,26.5364,0.345236,2.07437,-0.257113,
-0.480791,-33.2165,1.10283,26.5479,0.327179,2.11072,-0.284382,
-0.480269,-33.2144,1.10061,26.5582,0.344108,2.12767,-0.254483,
-0.478042,-33.2147,1.09952,26.5672,0.381135,2.12862,-0.194885,
-0.479463,-33.2195,1.09895,26.5741,0.400953,2.11083,-0.167403,
-0.482142,-33.2257,1.09713,26.5809,0.40631,2.088,-0.161755,
-0.485518,-33.2311,1.09444,26.5882,0.401657,2.06948,-0.170529,
-0.489394,-33.2348,1.09143,26.5962,0.390614,2.06052,-0.188441,
-0.493621,-33.2363,1.08842,26.6051,0.375789,2.06319,-0.211734,
-0.498058,-33.2355,1.0856,26.6148,0.359013,2.07736,-0.237738,
-0.502572,-33.2329,1.08304,26.6253,0.34159,2.10156,-0.264544,
-0.507396,-33.229,1.08035,26.6367,0.324501,2.1336,-0.290789,
-0.506557,-33.2278,1.07836,26.6465,0.342798,2.14577,-0.258942,
-0.508733,-33.2295,1.07798,26.655,0.35244,2.14627,-0.246689,
-0.511881,-33.2319,1.07716,26.6634,0.35388,2.14386,-0.247536,
-0.51575,-33.2341,1.07552,26.6725,0.349533,2.14413,-0.256872,
-0.514662,-33.2375,1.07367,26.6807,0.373271,2.13092,-0.218359,
-0.516705,-33.2433,1.07298,26.6876,0.385371,2.10988,-0.203209,
-0.519839,-33.2488,1.07163,26.6947,0.387095,2.09065,-0.203959,
-0.523525,-33.253,1.0697,26.7025,0.381402,2.07915,-0.215239,
-0.527548,-33.2551,1.06748,26.711,0.37085,2.07818,-0.233169,
-0.532077,-33.2554,1.06478,26.7207,0.357402,2.08834,-0.254937,
-0.531188,-33.2568,1.06221,26.7292,0.375337,2.08596,-0.223678,
-0.53339,-33.2601,1.06109,26.7367,0.383217,2.07771,-0.213632,
-0.536625,-33.2631,1.05944,26.7445,0.38184,2.07174,-0.217907,
-0.540356,-33.2648,1.05729,26.7529,0.373884,2.0729,-0.231534,
-0.54469,-33.2649,1.0545,26.7624,0.361764,2.08338,-0.250913,
-0.543646,-33.2662,1.05166,26.7709,0.380153,2.0816,-0.218365,
-0.545745,-33.2694,1.05019,26.7783,0.387865,2.07367,-0.207953,
-0.548931,-33.2723,1.04819,26.786,0.385918,2.06811,-0.212507,
-0.552665,-33.2739,1.04569,26.7944,0.377149,2.06996,-0.226847,
-0.556733,-33.2736,1.04297,26.8037,0.364046,2.08143,-0.247217,
-0.56133,-33.2716,1.03983,26.814,0.34853,2.10276,-0.270886,
-0.560226,-33.2714,1.03687,26.8231,0.366325,2.10872,-0.238483,
-0.562272,-33.2734,1.03541,26.831,0.37412,2.10646,-0.22752,
-0.565404,-33.2756,1.03346,26.8391,0.37273,2.10456,-0.231025,
-0.569084,-33.2768,1.03105,26.8478,0.364859,2.10823,-0.243977,
-0.57342,-33.2766,1.02805,26.8576,0.352932,2.11999,-0.26274,
-0.572241,-33.2778,1.02504,26.8662,0.372589,2.11777,-0.227877,
-0.574266,-33.2812,1.02341,26.8736,0.381405,2.10809,-0.215614,
-0.577435,-33.2845,1.02127,26.8813,0.380418,2.09992,-0.218699,
-0.581203,-33.2866,1.01866,26.8897,0.372492,2.09872,-0.231889,
-0.585351,-33.2868,1.01587,26.8988,0.360126,2.10696,-0.251376,
-0.590058,-33.2854,1.01268,26.909,0.345273,2.12502,-0.274356,
-0.588958,-33.2858,1.00962,26.9179,0.364245,2.12704,-0.240284,
-0.591048,-33.2885,1.00807,26.9256,0.37299,2.12085,-0.228073,
-0.594262,-33.2913,1.00604,26.9335,0.37234,2.11527,-0.230701,
-0.598057,-33.293,1.00356,26.9419,0.365021,2.11569,-0.24309,
-0.602213,-33.2931,1.0009,26.9512,0.353454,2.12457,-0.261539,
-0.606915,-33.2917,0.997838,26.9614,0.339523,2.14237,-0.283332,
-0.605748,-33.2924,0.994904,26.9702,0.359897,2.14286,-0.247306,
-0.607782,-33.2955,0.993454,26.9777,0.369935,2.1344,-0.233361,
-0.610954,-33.2989,0.991518,26.9854,0.370455,2.12612,-0.234472,
-0.61472,-33.3011,0.989119,26.9937,0.364181,2.12363,-0.24555,
-0.618859,-33.3018,0.986525,27.0027,0.353528,2.1296,-0.262879,
-0.62355,-33.3009,0.98351,27.0127,0.340375,2.1446,-0.283736,
-0.622364,-33.3022,0.980584,27.0213,0.361461,2.14232,-0.246777,
-0.624389,-33.3058,0.979132,27.0286,0.37206,2.13139,-0.232119,
-0.627565,-33.3096,0.977188,27.036,0.372996,2.12102,-0.232726,
-0.631347,-33.3122,0.974773,27.0441,0.366999,2.11687,-0.243483,
-0.63551,-33.3132,0.972152,27.0529,0.356499,2.12162,-0.26065,
-0.640246,-33.3125,0.969068,27.0627,0.343387,2.13583,-0.281479,
-0.639352,-33.3135,0.966396,27.0712,0.363759,2.13485,-0.246192,
-0.641589,-33.3169,0.965137,27.0785,0.373629,2.12544,-0.233038,
-0.644916,-33.3203,0.963335,27.086,0.373885,2.11673,-0.234933,
-0.648804,-33.3227,0.961028,27.0941,0.367296,2.11428,-0.246745,
-0.653043,-33.3234,0.958495,27.1029,0.356307,2.12066,-0.264752,
-0.657841,-33.3224,0.955495,27.1127,0.342806,2.13637,-0.286264,
-0.656927,-33.3233,0.952886,27.1212,0.363249,2.13617,-0.250847,
-0.659134,-33.3266,0.951678,27.1285,0.373207,2.12724,-0.237544,
-0.66243,-33.3301,0.949919,27.1359,0.373569,2.11878,-0.23927,
-0.666292,-33.3325,0.947651,27.1439,0.367109,2.11641,-0.250898,
-0.670512,-33.3332,0.945156,27.1527,0.35626,2.12274,-0.268725,
-0.675302,-33.3323,0.942193,27.1625,0.342904,2.13827,-0.290071,
-0.674368,-33.3333,0.939636,27.1709,0.3637,2.13746,-0.254183,
-0.676544,-33.3368,0.938453,27.178,0.373926,2.12788,-0.240498,
-0.679813,-33.3404,0.936702,27.1854,0.37449,2.11879,-0.241929,
-0.683651,-33.3428,0.934431,27.1933,0.368178,2.11583,-0.253339,
-0.687855,-33.3437,0.93193,27.2019,0.35743,2.12165,-0.271018,
-0.692637,-33.3429,0.928958,27.2116,0.344134,2.13676,-0.29228,
-0.691654,-33.344,0.926357,27.2199,0.365118,2.13538,-0.255995,
-0.69379,-33.3476,0.925121,27.2268,0.375452,2.12522,-0.24204,
-0.695082,-33.349,0.920964,27.2342,0.372827,2.13425,-0.24118,
-0.695773,-33.3482,0.91483,27.2426,0.361202,2.16142,-0.249169,
-0.696191,-33.3452,0.90763,27.2521,0.343854,2.20513,-0.262852,
-0.696547,-33.3402,0.899993,27.2627,0.323155,2.26302,-0.279944,
-0.69737,-33.3337,0.891794,27.2748,0.300838,2.3323,-0.298799,
-0.694452,-33.3321,0.886979,27.2851,0.319234,2.36369,-0.258494,
-0.693869,-33.3334,0.882383,27.2942,0.324782,2.38647,-0.241266,
-0.694097,-33.3352,0.876803,27.3034,0.319883,2.40993,-0.239389,
-0.694854,-33.3364,0.870648,27.3134,0.308081,2.43937,-0.247396,
-0.696051,-33.3363,0.864372,27.3241,0.292129,2.47705,-0.261501,
-0.697778,-33.3348,0.858083,27.3358,0.273958,2.52318,-0.279102,
-0.697759,-33.3313,0.851878,27.3491,0.271628,2.58024,-0.27018,
-0.695447,-33.3339,0.849019,27.3598,0.304822,2.59155,-0.212266,
-0.695717,-33.3411,0.845535,27.3685,0.3193,2.5851,-0.186058,
-0.696951,-33.3496,0.840633,27.377,0.319561,2.57519,-0.180779,
-0.698873,-33.3574,0.835041,27.386,0.310667,2.57086,-0.18886,
-0.701382,-33.3635,0.829371,27.3957,0.296286,2.57691,-0.20516,
-0.704354,-33.3675,0.823963,27.4063,0.278854,2.59499,-0.22621,
-0.707652,-33.3695,0.818968,27.4177,0.259961,2.6247,-0.249664,
-0.711138,-33.3699,0.814433,27.4299,0.240693,2.66432,-0.27389,
-0.714695,-33.369,0.810358,27.4427,0.221823,2.71148,-0.29773,
-0.718533,-33.3674,0.806257,27.4561,0.203959,2.76366,-0.320347,
-0.717465,-33.3728,0.805349,27.4666,0.233741,2.77662,-0.271327,
-0.717098,-33.3797,0.804456,27.4768,0.262717,2.7823,-0.224976,
-0.718339,-33.3903,0.802264,27.4859,0.275138,2.77051,-0.20502,
-0.720462,-33.4017,0.799063,27.495,0.2761,2.75484,-0.20237,
-0.723264,-33.4124,0.79549,27.5044,0.269798,2.74361,-0.210751,
-0.726587,-33.4214,0.791948,27.5145,0.259091,2.7412,-0.225904,
-0.730272,-33.4286,0.788635,27.5252,0.245857,2.74917,-0.244955,
-0.734397,-33.434,0.785236,27.5366,0.231371,2.76735,-0.265932,
-0.734075,-33.4445,0.784787,27.5456,0.26051,2.75639,-0.220958,
-0.735963,-33.458,0.784276,27.5534,0.275152,2.7313,-0.201542,
-0.738825,-33.4714,0.782899,27.5615,0.278579,2.70698,-0.199085,
-0.742314,-33.4831,0.780973,27.5702,0.274304,2.69151,-0.207735,
-0.746225,-33.4925,0.778797,27.5798,0.264892,2.68861,-0.223508,
-0.750388,-33.4994,0.776547,27.5902,0.252134,2.69923,-0.243661,
-0.754912,-33.504,0.773905,27.6015,0.237349,2.72257,-0.266239,
-0.754806,-33.5134,0.77395,27.6105,0.265871,2.71855,-0.222619,
-0.756774,-33.5255,0.773659,27.6185,0.279317,2.70168,-0.204815,
-0.759644,-33.5374,0.772314,27.6269,0.281153,2.68633,-0.204185,
-0.763108,-33.5476,0.770308,27.6359,0.275054,2.68019,-0.214806,
-0.766986,-33.5553,0.767994,27.6459,0.263713,2.6867,-0.232628,
-0.771381,-33.5606,0.765179,27.6568,0.249049,2.70659,-0.25484,
-0.77123,-33.5701,0.764949,27.6656,0.276861,2.70133,-0.211919,
-0.773157,-33.5821,0.764254,27.6736,0.288926,2.68484,-0.195562,
-0.776024,-33.5936,0.762468,27.6819,0.288976,2.67133,-0.196905,
-0.779537,-33.603,0.760038,27.6911,0.280863,2.66829,-0.209853,
-0.783517,-33.6099,0.757346,27.7013,0.267405,2.67893,-0.230227,
-0.787802,-33.6141,0.754623,27.7125,0.250587,2.70362,-0.255104,
-0.792536,-33.6159,0.751534,27.7246,0.231884,2.74112,-0.282363,
-0.79228,-33.6231,0.751319,27.7343,0.259362,2.74716,-0.239068,
-0.794076,-33.6334,0.750647,27.7429,0.271399,2.73881,-0.222082,
-0.796812,-33.6437,0.748897,27.7518,0.271727,2.73068,-0.222549,
-0.800215,-33.6525,0.746543,27.7615,0.264206,2.73062,-0.234403,
-0.804116,-33.659,0.743988,27.7721,0.251637,2.74208,-0.253498,
-0.808616,-33.6632,0.741035,27.7836,0.235998,2.76585,-0.276939,
-0.808366,-33.6723,0.740878,27.7926,0.265277,2.76033,-0.231773,
-0.810193,-33.6843,0.740177,27.8007,0.278457,2.74194,-0.213738,
-0.813002,-33.696,0.738371,27.8091,0.279427,2.72546,-0.213819,
-0.81652,-33.7058,0.735957,27.8184,0.272148,2.71879,-0.225826,
-0.820571,-33.713,0.733348,27.8286,0.25949,2.72538,-0.245513,
-0.824979,-33.7175,0.730775,27.8397,0.243454,2.74582,-0.269901,
-0.829868,-33.7197,0.72789,27.8518,0.225506,2.77903,-0.296835,
-0.829692,-33.7276,0.727974,27.8612,0.254755,2.77914,-0.251745,
-0.831533,-33.7387,0.727525,27.8696,0.26826,2.76474,-0.233308,
-0.834312,-33.7497,0.725963,27.8782,0.269826,2.75074,-0.232628,
-0.837778,-33.7591,0.723787,27.8875,0.263345,2.74519,-0.243625,
-0.841761,-33.7661,0.721409,27.8978,0.251634,2.75174,-0.262127,
-0.846091,-33.7707,0.71906,27.909,0.236637,2.77116,-0.285235,
-0.850896,-33.7731,0.716393,27.921,0.219779,2.80256,-0.310852,
-0.850663,-33.7814,0.716786,27.9303,0.250525,2.79986,-0.264003,
-0.852363,-33.7931,0.716527,27.9385,0.265575,2.78111,-0.243603,
-0.854969,-33.8049,0.715028,27.9469,0.268281,2.76125,-0.241478,
-0.858266,-33.8152,0.712876,27.9559,0.262762,2.74906,-0.251317,
-0.862073,-33.8233,0.710454,27.9658,0.251611,2.74803,-0.269233,
-0.866231,-33.8289,0.707987,27.9765,0.236771,2.75897,-0.292346,
-0.870597,-33.8324,0.705615,27.9881,0.21964,2.78117,-0.318584,
-0.875361,-33.834,0.702924,28.0003,0.201347,2.81299,-0.346368,
-0.875746,-33.8419,0.704577,28.0096,0.234125,2.80751,-0.299149,
-0.877738,-33.8531,0.705342,28.0177,0.251816,2.78662,-0.276683,
-0.880378,-33.8647,0.704612,28.0259,0.257392,2.76423,-0.271507,
-0.883498,-33.8751,0.702927,28.0346,0.254378,2.74801,-0.278276,
-0.887019,-33.8836,0.700789,28.044,0.245543,2.74189,-0.2931,
-0.890841,-33.8898,0.69852,28.0543,0.232901,2.74727,-0.313143,
-0.895151,-33.894,0.695834,28.0653,0.217993,2.76388,-0.33626,
-0.895409,-33.9035,0.697343,28.0735,0.25172,2.74827,-0.287913,
-0.89727,-33.9158,0.69791,28.0807,0.269974,2.72016,-0.264639,
-0.899791,-33.928,0.696937,28.0881,0.275661,2.69299,-0.259136,
-0.902806,-33.9387,0.694966,28.0962,0.272294,2.67418,-0.2661,
-0.906237,-33.9471,0.692504,28.105,0.262674,2.66742,-0.28161,
-0.909989,-33.9529,0.689886,28.1148,0.248873,2.67389,-0.302779,
-0.913953,-33.9563,0.687314,28.1254,0.232453,2.693,-0.327416,
-0.918023,-33.9576,0.684911,28.1369,0.214626,2.72308,-0.353823,
-0.922464,-33.9573,0.682195,28.149,0.196396,2.76193,-0.380665,
-0.922551,-33.9638,0.684177,28.158,0.230698,2.76134,-0.330823,
-0.92417,-33.9739,0.685258,28.1657,0.250295,2.74384,-0.305172,
-0.926385,-33.9847,0.684767,28.1735,0.257817,2.7232,-0.296722,
-0.929054,-33.9946,0.683239,28.1817,0.256649,2.70723,-0.300339,
-0.932112,-34.0028,0.681183,28.1906,0.249481,2.70014,-0.31226,
-0.935477,-34.009,0.678939,28.2002,0.238305,2.70357,-0.329701,
-0.939363,-34.0133,0.676213,28.2106,0.224637,2.7176,-0.35056,
-0.939406,-34.0227,0.677858,28.2183,0.259469,2.70009,-0.300522,
-0.94099,-34.035,0.678491,28.2249,0.278775,2.6702,-0.27549,
-0.943201,-34.0471,0.677502,28.2317,0.285276,2.64116,-0.268472,
-0.945894,-34.0577,0.675441,28.2391,0.282436,2.62048,-0.274256,
-0.949005,-34.066,0.672829,28.2474,0.273055,2.61197,-0.288947,
-0.952448,-34.0717,0.670019,28.2566,0.25923,2.61693,-0.309644,
-0.956124,-34.0749,0.667232,28.2667,0.242558,2.63489,-0.334123,
-0.96014,-34.0758,0.664365,28.2777,0.224313,2.66429,-0.360649,
-0.962374,-34.0739,0.66237,28.2898,0.227479,2.70564,-0.353002,
-0.96146,-34.0786,0.664012,28.2987,0.272121,2.71022,-0.285335,
-0.96205,-34.0889,0.663462,28.3056,0.295567,2.68919,-0.250564,
-0.963371,-34.1008,0.660801,28.3123,0.303044,2.66069,-0.238668,
-0.965374,-34.1121,0.656987,28.3194,0.299421,2.63536,-0.242754,
-0.968033,-34.1215,0.652772,28.3272,0.288411,2.61942,-0.257734,
-0.971263,-34.1286,0.64862,28.3359,0.272653,2.61583,-0.279911,
-0.974936,-34.1331,0.644781,28.3454,0.254037,2.62525,-0.306541,
-0.978911,-34.1354,0.641376,28.3557,0.233953,2.64676,-0.335559,
-0.983053,-34.1356,0.638455,28.3669,0.21346,2.67848,-0.365383,
-0.987249,-34.1344,0.636031,28.3786,0.193395,2.71797,-0.394781,
-0.991798,-34.1323,0.633492,28.3909,0.174461,2.76271,-0.422791,
-0.992169,-34.1382,0.636552,28.3995,0.211958,2.76158,-0.36984,
-0.993911,-34.1482,0.638691,28.4067,0.235504,2.74037,-0.339989,
-0.996151,-34.1594,0.639174,28.4137,0.247256,2.71313,-0.326917,
-0.998768,-34.1703,0.638506,28.4211,0.250295,2.68812,-0.325892,
-1.00172,-34.1797,0.637192,28.429,0.247144,2.67013,-0.333378,
-1.00494,-34.1874,0.635576,28.4374,0.239695,2.66145,-0.346712,
-1.00835,-34.1931,0.63387,28.4465,0.229377,2.66265,-0.363864,
-1.0122,-34.1972,0.631679,28.4562,0.217327,2.67326,-0.383263,
-1.01252,-34.2068,0.634491,28.463,0.255574,2.65058,-0.330207,
-1.01412,-34.2194,0.636084,28.4687,0.278603,2.61476,-0.301199,
-1.0162,-34.232,0.635852,28.4745,0.28874,2.57884,-0.289984,
-1.01864,-34.2432,0.634341,28.4808,0.289194,2.55036,-0.291764,
-1.02143,-34.2522,0.632089,28.4879,0.282645,2.53342,-0.302868,
-1.02452,-34.2588,0.629482,28.4958,0.271162,2.52968,-0.320483,
-1.02781,-34.2628,0.626772,28.5046,0.256351,2.53908,-0.342418,
-1.03125,-34.2645,0.624123,28.5143,0.239484,2.5604,-0.366941,
-1.03517,-34.2644,0.621022,28.5246,0.221632,2.59183,-0.392664,
