0.0041108,0.000884192,-0.000648309,0.000382653,-0.00145466,-0.000410152,6.24836e-05,0.000884192,0.0011249,0.000943063,-3.54109e-05,-0.00146007,-1.81184e-05,5.03474e-05,-0.000648309,0.000943063,0.00429163,-1.13013e-05,-0.00126086,-0.000352282,7.45257e-05,0.000382653,-3.54109e-05,-1.13013e-05,0.00202301,0.00177229,0.00115859,1.25545e-05,-0.00145466,-0.00146007,-0.00126086,0.00177229,0.026264,0.00108758,0.001484,-0.000410152,-1.81184e-05,-0.000352282,0.00115859,0.00108758,0.0248663,-0.000218609,6.24836e-05,5.03474e-05,7.45257e-05,1.25545e-05,0.001484,-0.000218609,0.0467072,
0.0041101,0.000886366,-0.000651149,0.000377811,-0.0014504,0,6.22983e-05,0.000886366,0.00112718,0.000944394,-3.30572e-05,-0.00145852,0,5.05025e-05,-0.000651149,0.000944394,0.00429008,-7.67258e-06,-0.00126217,0,7.41422e-05,0.000377812,-3.30572e-05,-7.67264e-06,0.00202193,0.00177452,0,1.22997e-05,-0.0014504,-0.00145852,-0.00126217,0.00177452,0.0262601,0,0.00148293,-0.000412825,-1.87318e-05,-0.000355854,0.00115874,0.00109138,0,-0.00021769,6.22984e-05,5.05025e-05,7.41422e-05,1.22997e-05,0.00148293,0,0.0467071,
0.00410925,0.000888974,-0.000654458,0.000371937,-0.00144461,-0.000415682,6.19594e-05,0.000888974,0.00113004,0.000946069,-3.09076e-05,-0.00145749,-1.90116e-05,5.06126e-05,-0.000654458,0.000946069,0.00428806,-4.04582e-06,-0.00126252,-0.000359602,7.35558e-05,0.000371937,-3.09076e-05,-4.04582e-06,0.00202047,0.00177687,0.00116044,1.19088e-05,-0.00144461,-0.00145749,-0.00126252,0.00177687,0.0262528,0.00109523,0.00148091,-0.000415682,-1.90116e-05,-0.000359602,0.00116044,0.00109523,0.0248694,-0.000216796,6.19594e-05,5.06126e-05,7.35558e-05,1.19088e-05,0.00148091,-0.000216796,0.0467069,
0.00410843,0.00089177,-0.000657972,0.000365223,-0.00143824,-0.000418745,6.15669e-05,0.00089177,0.00113312,0.000947869,-2.89241e-05,-0.0014562,-1.90926e-05,5.07165e-05,-0.000657972,0.000947869,0.00428585,-3.53439e-07,-0.00126277,-0.000363686,7.28848e-05,0.000365223,-2.89242e-05,-3.53439e-07,0.00201889,0.00177977,0.00116265,1.14293e-05,-0.00143824,-0.0014562,-0.00126277,0.00177977,0.0262439,0.00109936,0.00147838,-0.000418745,-1.90926e-05,-0.000363686,0.00116265,0.00109936,0.0248732,-0.000215919,6.15669e-05,5.07164e-05,7.28848e-05,1.14293e-05,0.00147838,-0.000215919,0.0467066,
0.0041077,0.000894596,-0.000661519,0.000357964,-0.00143164,-0.000421707,6.12076e-05,0.000894596,0.00113624,0.000949665,-2.70922e-05,-0.00145471,-1.92463e-05,5.08298e-05,-0.000661519,0.000949665,0.00428359,3.40811e-06,-0.00126307,-0.000367853,7.22337e-05,0.000357964,-2.70922e-05,3.40816e-06,0.00201729,0.001783,0.00116466,1.09535e-05,-0.00143164,-0.00145471,-0.00126307,0.001783,0.026235,0.00110342,0.00147598,-0.000421707,-1.92463e-05,-0.000367853,0.00116466,0.00110342,0.0248767,-0.000215053,6.12075e-05,5.08299e-05,7.22338e-05,1.09535e-05,0.00147598,-0.000215053,0.0467063,
0.004107,0.000897413,-0.000665054,0.000350386,-0.00142485,-0.000424552,6.085e-05,0.000897413,0.00113938,0.000951446,-2.53729e-05,-0.00145321,-1.93684e-05,5.09386e-05,-0.000665054,0.000951446,0.00428131,7.19907e-06,-0.00126335,-0.000372031,7.15754e-05,0.000350386,-2.5373e-05,7.19907e-06,0.00201567,0.00178629,0.00116678,1.04685e-05,-0.00142485,-0.00145321,-0.00126335,0.00178629,0.026226,0.00110739,0.00147353,-0.000424552,-1.93684e-05,-0.000372031,0.00116678,0.00110739,0.0248802,-0.000214183,6.08501e-05,5.09386e-05,7.15754e-05,1.04685e-05,0.00147353,-0.000214183,0.0467061,
0.0041063,0.000900207,-0.000668568,0.000342599,-0.00141801,-0.000427343,6.05008e-05,0.000900207,0.00114251,0.00095321,-2.37227e-05,-0.00145161,-1.94887e-05,5.10469e-05,-0.000668568,0.00095321,0.00427901,1.10241e-05,-0.00126369,-0.000376275,7.09203e-05,0.0003426,-2.37227e-05,1.10241e-05,0.00201407,0.00178969,0.00116886,9.9778e-06,-0.00141801,-0.00145161,-0.00126369,0.00178969,0.0262171,0.00111135,0.00147107,-0.000427343,-1.94888e-05,-0.000376275,0.00116886,0.00111135,0.0248838,-0.000213316,6.05008e-05,5.10469e-05,7.09203e-05,9.97774e-06,0.00147107,-0.000213316,0.0467058,
0.00410559,0.000902967,-0.00067205,0.0003347,-0.00141113,-0.000430055,6.01551e-05,0.000902967,0.00114564,0.000954959,-2.21247e-05,-0.00144999,-1.96104e-05,5.11516e-05,-0.00067205,0.000954959,0.0042767,1.48679e-05,-0.00126404,-0.000380537,7.02666e-05,0.0003347,-2.21247e-05,1.48679e-05,0.0020125,0.0017931,0.00117095,9.48597e-06,-0.00141113,-0.00144999,-0.00126404,0.0017931,0.0262082,0.00111525,0.00146859,-0.000430055,-1.96104e-05,-0.000380537,0.00117095,0.00111525,0.0248874,-0.000212445,6.01551e-05,5.11516e-05,7.02666e-05,9.48597e-06,0.00146859,-0.000212445,0.0467055,
0.00410484,0.000905688,-0.000675496,0.000326741,-0.00140425,-0.000432712,5.98125e-05,0.000905688,0.00114876,0.000956692,-2.05616e-05,-0.00144833,-1.97342e-05,5.12532e-05,-0.000675496,0.000956692,0.00427437,1.87278e-05,-0.00126442,-0.000384834,6.96153e-05,0.000326741,-2.05616e-05,1.87279e-05,0.00201096,0.00179649,0.00117303,8.99253e-06,-0.00140425,-0.00144833,-0.00126442,0.00179649,0.0261994,0.00111913,0.00146611,-0.000432712,-1.97343e-05,-0.000384834,0.00117303,0.00111913,0.0248909,-0.000211573,5.98125e-05,5.12532e-05,6.96154e-05,8.99253e-06,0.00146611,-0.000211573,0.0467053,
0.00410405,0.000908366,-0.000678903,0.000318759,-0.00139739,-0.000435312,5.94721e-05,0.000908366,0.00115187,0.00095841,-1.90244e-05,-0.00144665,-1.98641e-05,5.13509e-05,-0.000678903,0.00095841,0.00427203,2.25993e-05,-0.00126481,-0.000389155,6.89667e-05,0.000318759,-1.90244e-05,2.25992e-05,0.00200947,0.00179986,0.00117508,8.49928e-06,-0.00139739,-0.00144665,-0.00126481,0.00179986,0.0261907,0.00112297,0.00146361,-0.000435312,-1.98641e-05,-0.000389155,0.00117508,0.00112297,0.0248945,-0.000210699,5.94721e-05,5.1351e-05,6.89667e-05,8.49931e-06,0.00146361,-0.000210699,0.046705,
0.00410321,0.000911,-0.000682269,0.000310779,-0.00139056,-0.000437861,5.91334e-05,0.000911,0.00115496,0.000960114,-1.75061e-05,-0.00144495,-1.99999e-05,5.14449e-05,-0.000682269,0.000960114,0.00426967,2.64799e-05,-0.00126522,-0.000393503,6.83207e-05,0.000310779,-1.75061e-05,2.648e-05,0.00200803,0.00180319,0.00117711,8.00626e-06,-0.00139056,-0.00144495,-0.00126522,0.00180319,0.0261822,0.00112679,0.0014611,-0.000437861,-1.99999e-05,-0.000393503,0.00117711,0.00112679,0.024898,-0.000209823,5.91334e-05,5.14449e-05,6.83208e-05,8.00626e-06,0.0014611,-0.000209823,0.0467047,
0.00410233,0.000913588,-0.000685593,0.000302815,-0.00138377,-0.000440361,5.87962e-05,0.000913588,0.00115805,0.000961803,-1.60024e-05,-0.00144323,-2.01431e-05,5.1535e-05,-0.000685593,0.000961803,0.00426729,3.03681e-05,-0.00126565,-0.000397875,6.76778e-05,0.000302815,-1.60024e-05,3.03681e-05,0.00200663,0.00180647,0.00117912,7.51391e-06,-0.00138377,-0.00144323,-0.00126565,0.00180647,0.0261738,0.00113059,0.00145859,-0.000440361,-2.01431e-05,-0.000397875,0.00117912,0.00113059,0.0249015,-0.000208945,5.87962e-05,5.15349e-05,6.76778e-05,7.51393e-06,0.00145859,-0.000208945,0.0467045,
0.00410139,0.000916129,-0.000688875,0.000294877,-0.00137702,-0.000442816,5.84602e-05,0.000916129,0.00116112,0.000963479,-1.45103e-05,-0.0014415,-2.02937e-05,5.16211e-05,-0.000688875,0.000963479,0.0042649,3.42624e-05,-0.0012661,-0.00040227,6.70378e-05,0.000294877,-1.45103e-05,3.42624e-05,0.00200529,0.0018097,0.00118111,7.02235e-06,-0.00137702,-0.0014415,-0.0012661,0.0018097,0.0261656,0.00113436,0.00145607,-0.000442816,-2.02937e-05,-0.00040227,0.00118111,0.00113436,0.0249051,-0.000208065,5.84602e-05,5.16211e-05,6.70378e-05,7.02233e-06,0.00145607,-0.000208065,0.0467042,
0.00410039,0.000918625,-0.000692114,0.000286972,-0.00137032,-0.000445225,5.81254e-05,0.000918625,0.00116418,0.00096514,-1.30276e-05,-0.00143976,-2.04523e-05,5.17035e-05,-0.000692114,0.00096514,0.00426249,3.81618e-05,-0.00126656,-0.000406689,6.64008e-05,0.000286972,-1.30276e-05,3.81618e-05,0.00200399,0.00181288,0.00118306,6.53172e-06,-0.00137032,-0.00143976,-0.00126656,0.00181288,0.0261575,0.0011381,0.00145353,-0.000445225,-2.04523e-05,-0.000406689,0.00118306,0.0011381,0.0249086,-0.000207183,5.81254e-05,5.17035e-05,6.64008e-05,6.53172e-06,0.00145353,-0.000207183,0.046704,
0.00409935,0.000921075,-0.00069531,0.000279104,-0.00136367,-0.000447591,5.77919e-05,0.000921075,0.00116722,0.000966788,-1.15531e-05,-0.00143801,-2.06188e-05,5.1782e-05,-0.00069531,0.000966788,0.00426007,4.20655e-05,-0.00126704,-0.000411132,6.57671e-05,0.000279104,-1.15531e-05,4.20655e-05,0.00200274,0.001816,0.001185,6.04203e-06,-0.00136367,-0.00143801,-0.00126704,0.001816,0.0261495,0.00114183,0.00145099,-0.000447591,-2.06188e-05,-0.000411132,0.001185,0.00114183,0.0249121,-0.0002063,5.77919e-05,5.1782e-05,6.5767e-05,6.04206e-06,0.00145099,-0.0002063,0.0467037,
0.00409826,0.000923479,-0.000698464,0.000271276,-0.00135708,-0.000449914,5.74596e-05,0.000923479,0.00117026,0.000968422,-1.00857e-05,-0.00143625,-2.07936e-05,5.18569e-05,-0.000698464,0.000968422,0.00425763,4.59728e-05,-0.00126753,-0.000415596,6.51364e-05,0.000271276,-1.00858e-05,4.59728e-05,0.00200154,0.00181907,0.0011869,5.55339e-06,-0.00135708,-0.00143625,-0.00126753,0.00181907,0.0261417,0.00114553,0.00144845,-0.000449914,-2.07936e-05,-0.000415596,0.0011869,0.00114553,0.0249157,-0.000205417,5.74595e-05,5.18568e-05,6.51363e-05,5.55339e-06,0.00144845,-0.000205417,0.0467034,
0.00409712,0.000925838,-0.000701575,0.000263488,-0.00135054,-0.000452196,5.71286e-05,0.000925839,0.00117327,0.000970042,-8.62482e-06,-0.00143448,-2.09766e-05,5.1928e-05,-0.000701575,0.000970042,0.00425518,4.9883e-05,-0.00126804,-0.000420083,6.4509e-05,0.000263488,-8.62485e-06,4.9883e-05,0.0020004,0.00182208,0.00118877,5.06581e-06,-0.00135054,-0.00143448,-0.00126804,0.00182208,0.0261341,0.00114922,0.0014459,-0.000452196,-2.09766e-05,-0.000420083,0.00118877,0.00114922,0.0249192,-0.000204533,5.71285e-05,5.1928e-05,6.4509e-05,5.06578e-06,0.0014459,-0.000204533,0.0467032,
0.00409593,0.000928153,-0.000704644,0.000255743,-0.00134405,-0.000454437,5.67988e-05,0.000928153,0.00117628,0.000971649,-7.16993e-06,-0.0014327,-2.11678e-05,5.19956e-05,-0.000704644,0.000971649,0.00425271,5.37955e-05,-0.00126857,-0.000424592,6.38848e-05,0.000255743,-7.16993e-06,5.37955e-05,0.0019993,0.00182504,0.00119062,4.57923e-06,-0.00134405,-0.0014327,-0.00126857,0.00182504,0.0261266,0.00115289,0.00144334,-0.000454437,-2.11677e-05,-0.000424592,0.00119062,0.00115289,0.0249227,-0.000203649,5.67988e-05,5.19955e-05,6.38848e-05,4.57923e-06,0.00144334,-0.000203649,0.0467029,
0.00409469,0.000930424,-0.000707671,0.00024804,-0.00133761,-0.000456638,5.64706e-05,0.000930424,0.00117927,0.000973243,-5.72059e-06,-0.00143091,-2.13672e-05,5.20596e-05,-0.000707671,0.000973243,0.00425023,5.77099e-05,-0.00126911,-0.000429123,6.3264e-05,0.00024804,-5.72056e-06,5.77099e-05,0.00199824,0.00182795,0.00119244,4.09373e-06,-0.00133761,-0.00143091,-0.00126911,0.00182795,0.0261192,0.00115653,0.00144077,-0.000456638,-2.13672e-05,-0.000429123,0.00119244,0.00115653,0.0249262,-0.000202765,5.64706e-05,5.20597e-05,6.3264e-05,4.09373e-06,0.00144077,-0.000202765,0.0467027,
0.0040934,0.000932651,-0.000710656,0.00024038,-0.00133123,-0.000458799,5.61437e-05,0.000932651,0.00118224,0.000974823,-4.27647e-06,-0.00142911,-2.15749e-05,5.21203e-05,-0.000710656,0.000974823,0.00424773,6.16257e-05,-0.00126966,-0.000433674,6.26466e-05,0.00024038,-4.27647e-06,6.16257e-05,0.00199724,0.00183081,0.00119423,3.60925e-06,-0.00133123,-0.00142911,-0.00126966,0.00183081,0.026112,0.00116016,0.0014382,-0.000458799,-2.15749e-05,-0.000433674,0.00119423,0.00116016,0.0249297,-0.000201881,5.61437e-05,5.21203e-05,6.26465e-05,3.60928e-06,0.0014382,-0.000201881,0.0467025,
0.00409208,0.000934835,-0.000713599,0.000232763,-0.00132491,-0.000460921,5.58183e-05,0.000934835,0.0011852,0.000976391,-2.8374e-06,-0.00142731,-2.17908e-05,5.21777e-05,-0.000713599,0.000976391,0.00424522,6.55422e-05,-0.00127023,-0.000438247,6.20324e-05,0.000232763,-2.83737e-06,6.55422e-05,0.00199628,0.00183361,0.00119599,3.12583e-06,-0.00132491,-0.00142731,-0.00127023,0.00183361,0.0261049,0.00116377,0.00143563,-0.000460921,-2.17908e-05,-0.000438247,0.00119599,0.00116377,0.0249332,-0.000200998,5.58183e-05,5.21777e-05,6.20324e-05,3.12583e-06,0.00143563,-0.000200998,0.0467022,
0.0040907,0.000936977,-0.000716501,0.00022519,-0.00131863,-0.000463004,5.54946e-05,0.000936977,0.00118815,0.000977945,-1.40304e-06,-0.0014255,-2.20148e-05,5.22317e-05,-0.000716501,0.000977945,0.00424269,6.94592e-05,-0.00127081,-0.00044284,6.14217e-05,0.00022519,-1.40304e-06,6.94592e-05,0.00199537,0.00183636,0.00119772,2.64344e-06,-0.00131863,-0.0014255,-0.00127082,0.00183636,0.026098,0.00116736,0.00143305,-0.000463004,-2.20148e-05,-0.00044284,0.00119772,0.00116736,0.0249366,-0.000200116,5.54946e-05,5.22317e-05,6.14217e-05,2.64344e-06,0.00143305,-0.000200116,0.046702,
0.00408929,0.000939078,-0.000719362,0.00021766,-0.00131242,-0.000465049,5.51724e-05,0.000939078,0.00119108,0.000979487,2.67009e-08,-0.00142367,-2.2247e-05,5.22825e-05,-0.000719362,0.000979487,0.00424014,7.3376e-05,-0.00127141,-0.000447453,6.08144e-05,0.00021766,2.67009e-08,7.3376e-05,0.0019945,0.00183906,0.00119942,2.16208e-06,-0.00131242,-0.00142367,-0.00127141,0.00183906,0.0260912,0.00117093,0.00143047,-0.000465049,-2.2247e-05,-0.000447453,0.00119942,0.00117093,0.0249401,-0.000199235,5.51724e-05,5.22825e-05,6.08144e-05,2.16205e-06,0.00143047,-0.000199235,0.0467017,
0.00408783,0.000941137,-0.000722181,0.000210173,-0.00130625,-0.000467056,5.48519e-05,0.000941137,0.001194,0.000981016,1.45206e-06,-0.00142185,-2.24873e-05,5.23303e-05,-0.000722181,0.000981016,0.00423759,7.72923e-05,-0.00127202,-0.000452086,6.02106e-05,0.000210173,1.45206e-06,7.72923e-05,0.00199368,0.00184172,0.00120109,1.68174e-06,-0.00130625,-0.00142185,-0.00127202,0.00184172,0.0260845,0.00117449,0.00142788,-0.000467056,-2.24873e-05,-0.000452086,0.00120109,0.00117449,0.0249436,-0.000198355,5.4852e-05,5.23303e-05,6.02106e-05,1.68177e-06,0.00142788,-0.000198354,0.0467015,
0.00408633,0.000943155,-0.00072496,0.000202729,-0.00130014,-0.000469027,5.45332e-05,0.000943155,0.0011969,0.000982533,2.87326e-06,-0.00142001,-2.27356e-05,5.23749e-05,-0.00072496,0.000982533,0.00423501,8.12075e-05,-0.00127264,-0.000456738,5.96102e-05,0.000202729,2.8732e-06,8.12075e-05,0.0019929,0.00184432,0.00120273,1.20243e-06,-0.00130014,-0.00142001,-0.00127264,0.00184432,0.026078,0.00117803,0.0014253,-0.000469027,-2.27356e-05,-0.000456738,0.00120273,0.00117803,0.024947,-0.000197476,5.45332e-05,5.23749e-05,5.96102e-05,1.20243e-06,0.0014253,-0.000197476,0.0467013,
0.00408479,0.000945133,-0.000727699,0.000195329,-0.00129409,-0.00047096,5.42162e-05,0.000945133,0.00119979,0.000984037,4.29035e-06,-0.00141817,-2.29921e-05,5.24165e-05,-0.000727699,0.000984037,0.00423242,8.51212e-05,-0.00127328,-0.000461409,5.90132e-05,0.000195329,4.29035e-06,8.51213e-05,0.00199217,0.00184687,0.00120434,7.24115e-07,-0.00129409,-0.00141817,-0.00127328,0.00184687,0.0260716,0.00118155,0.0014227,-0.00047096,-2.29921e-05,-0.000461409,0.00120434,0.00118155,0.0249505,-0.000196599,5.42161e-05,5.24165e-05,5.90132e-05,7.24087e-07,0.0014227,-0.000196599,0.046701,
0.00408322,0.000947072,-0.000730397,0.000187972,-0.00128809,-0.000472858,5.39009e-05,0.000947072,0.00120266,0.000985528,5.7036e-06,-0.00141633,-2.32564e-05,5.24553e-05,-0.000730397,0.000985528,0.00422982,8.90332e-05,-0.00127393,-0.000466099,5.84198e-05,0.000187972,5.7036e-06,8.90331e-05,0.00199148,0.00184938,0.00120592,2.4683e-07,-0.00128809,-0.00141633,-0.00127393,0.00184938,0.0260653,0.00118505,0.00142011,-0.000472858,-2.32565e-05,-0.000466099,0.00120592,0.00118505,0.0249539,-0.000195723,5.3901e-05,5.24553e-05,5.84199e-05,2.46858e-07,0.00142011,-0.000195723,0.0467008,
0.0040816,0.000948972,-0.000733056,0.000180658,-0.00128214,-0.00047472,5.35876e-05,0.000948972,0.00120552,0.000987008,7.11314e-06,-0.00141448,-2.35287e-05,5.24911e-05,-0.000733056,0.000987008,0.0042272,9.29427e-05,-0.00127458,-0.000470807,5.783e-05,0.000180658,7.11312e-06,9.29427e-05,0.00199083,0.00185184,0.00120747,-2.29483e-07,-0.00128214,-0.00141448,-0.00127458,0.00185184,0.0260592,0.00118854,0.00141751,-0.00047472,-2.35287e-05,-0.000470807,0.00120747,0.00118854,0.0249573,-0.000194849,5.35876e-05,5.24911e-05,5.783e-05,-2.29483e-07,0.00141751,-0.000194849,0.0467006,
0.00407995,0.000950833,-0.000735674,0.000173387,-0.00127624,-0.000476546,5.32761e-05,0.000950833,0.00120837,0.000988475,8.51907e-06,-0.00141262,-2.3809e-05,5.25241e-05,-0.000735674,0.000988475,0.00422457,9.68495e-05,-0.00127526,-0.000475533,5.72435e-05,0.000173387,8.51913e-06,9.68495e-05,0.00199022,0.00185426,0.00120899,-7.0477e-07,-0.00127624,-0.00141262,-0.00127526,0.00185426,0.0260532,0.00119201,0.00141492,-0.000476546,-2.38089e-05,-0.000475533,0.00120899,0.00119201,0.0249607,-0.000193977,5.32761e-05,5.25242e-05,5.72435e-05,-7.0477e-07,0.00141492,-0.000193977,0.0467003,
0.00407827,0.000952656,-0.000738254,0.000166159,-0.0012704,-0.000478338,5.29666e-05,0.000952656,0.0012112,0.00098993,9.92167e-06,-0.00141076,-2.40969e-05,5.25544e-05,-0.000738254,0.00098993,0.00422192,0.000100753,-0.00127594,-0.000480276,5.66607e-05,0.000166159,9.92167e-06,0.000100753,0.00198965,0.00185663,0.00121048,-1.17908e-06,-0.0012704,-0.00141076,-0.00127594,0.00185663,0.0260473,0.00119546,0.00141232,-0.000478338,-2.40969e-05,-0.000480276,0.00121048,0.00119546,0.0249641,-0.000193107,5.29666e-05,5.25544e-05,5.66607e-05,-1.17911e-06,0.00141232,-0.000193107,0.0467001,
0.00407654,0.000954442,-0.000740794,0.000158975,-0.00126461,-0.000480096,5.26589e-05,0.000954442,0.00121401,0.000991373,1.1321e-05,-0.00140889,-2.43928e-05,5.2582e-05,-0.000740794,0.000991373,0.00421926,0.000104653,-0.00127663,-0.000485037,5.60814e-05,0.000158975,1.1321e-05,0.000104653,0.00198913,0.00185895,0.00121194,-1.6524e-06,-0.00126461,-0.00140889,-0.00127663,0.00185895,0.0260415,0.0011989,0.00140971,-0.000480096,-2.43928e-05,-0.000485037,0.00121194,0.0011989,0.0249675,-0.00019224,5.26589e-05,5.2582e-05,5.60814e-05,-1.6524e-06,0.00140971,-0.00019224,0.0466999,
0.00407479,0.000956191,-0.000743296,0.000151833,-0.00125887,-0.00048182,5.23533e-05,0.000956191,0.00121681,0.000992804,1.27172e-05,-0.00140702,-2.46964e-05,5.26069e-05,-0.000743296,0.000992804,0.00421658,0.000108549,-0.00127733,-0.000489814,5.55056e-05,0.000151833,1.27172e-05,0.000108549,0.00198864,0.00186123,0.00121337,-2.12472e-06,-0.00125887,-0.00140702,-0.00127733,0.00186123,0.0260359,0.00120232,0.00140711,-0.00048182,-2.46964e-05,-0.000489814,0.00121337,0.00120232,0.0249709,-0.000191374,5.23533e-05,5.26069e-05,5.55056e-05,-2.12469e-06,0.00140711,-0.000191374,0.0466996,
0.004073,0.000957904,-0.000745758,0.000144735,-0.00125319,-0.00048351,5.20496e-05,0.000957904,0.0012196,0.000994224,1.41105e-05,-0.00140515,-2.50077e-05,5.26293e-05,-0.000745758,0.000994224,0.00421389,0.000112441,-0.00127805,-0.000494607,5.49333e-05,0.000144735,1.41104e-05,0.000112441,0.0019882,0.00186347,0.00121477,-2.59606e-06,-0.00125319,-0.00140515,-0.00127805,0.00186347,0.0260304,0.00120572,0.00140451,-0.00048351,-2.50077e-05,-0.000494607,0.00121477,0.00120572,0.0249743,-0.000190511,5.20496e-05,5.26292e-05,5.49333e-05,-2.59609e-06,0.00140451,-0.000190511,0.0466994,
0.00407118,0.000959581,-0.000748183,0.000137679,-0.00124756,-0.000485168,5.17479e-05,0.000959581,0.00122237,0.000995631,1.55009e-05,-0.00140327,-2.53267e-05,5.26491e-05,-0.000748183,0.000995631,0.00421119,0.000116328,-0.00127877,-0.000499417,5.43647e-05,0.000137679,1.55009e-05,0.000116328,0.00198779,0.00186567,0.00121614,-3.06644e-06,-0.00124756,-0.00140327,-0.00127877,0.00186567,0.026025,0.00120911,0.0014019,-0.000485168,-2.53267e-05,-0.000499417,0.00121614,0.00120911,0.0249777,-0.00018965,5.17479e-05,5.26491e-05,5.43647e-05,-3.06644e-06,0.0014019,-0.00018965,0.0466992,
0.00406933,0.000961223,-0.000750569,0.000130667,-0.00124198,-0.000486793,5.14483e-05,0.000961223,0.00122513,0.000997027,1.68885e-05,-0.00140139,-2.56534e-05,5.26664e-05,-0.000750569,0.000997027,0.00420847,0.00012021,-0.0012795,-0.000504242,5.37996e-05,0.000130667,1.68885e-05,0.00012021,0.00198742,0.00186782,0.00121747,-3.53584e-06,-0.00124198,-0.00140139,-0.0012795,0.00186782,0.0260197,0.00121249,0.0013993,-0.000486793,-2.56534e-05,-0.000504242,0.00121747,0.00121249,0.024981,-0.000188792,5.14483e-05,5.26664e-05,5.37996e-05,-3.53578e-06,0.0013993,-0.000188792,0.046699,
0.00406745,0.000962829,-0.000752918,0.000123697,-0.00123645,-0.000488386,5.11508e-05,0.00096283,0.00122787,0.000998412,1.82736e-05,-0.0013995,-2.59876e-05,5.26814e-05,-0.000752918,0.000998412,0.00420574,0.000124086,-0.00128025,-0.000509082,5.3238e-05,0.000123697,1.82736e-05,0.000124086,0.00198709,0.00186993,0.00121878,-4.00424e-06,-0.00123645,-0.0013995,-0.00128025,0.00186993,0.0260145,0.00121585,0.00139669,-0.000488386,-2.59876e-05,-0.000509082,0.00121878,0.00121585,0.0249844,-0.000187936,5.11508e-05,5.26813e-05,5.3238e-05,-4.00424e-06,0.00139669,-0.000187936,0.0466988,
0.00406554,0.000964402,-0.000755229,0.00011677,-0.00123098,-0.000489947,5.08553e-05,0.000964402,0.0012306,0.000999785,1.96563e-05,-0.00139762,-2.63294e-05,5.26939e-05,-0.000755229,0.000999785,0.00420299,0.000127957,-0.001281,-0.000513937,5.26801e-05,0.00011677,1.96563e-05,0.000127957,0.0019868,0.001872,0.00122006,-4.47167e-06,-0.00123098,-0.00139762,-0.001281,0.001872,0.0260094,0.00121919,0.00139409,-0.000489947,-2.63294e-05,-0.000513937,0.00122006,0.00121919,0.0249877,-0.000187083,5.08553e-05,5.26938e-05,5.26801e-05,-4.4717e-06,0.00139409,-0.000187083,0.0466985,
0.00406361,0.000965941,-0.000757504,0.000109886,-0.00122555,-0.000491477,5.05619e-05,0.000965941,0.00123331,0.00100115,2.10366e-05,-0.00139573,-2.66786e-05,5.27041e-05,-0.000757504,0.00100115,0.00420023,0.000131821,-0.00128176,-0.000518806,5.21256e-05,0.000109886,2.10366e-05,0.000131821,0.00198654,0.00187403,0.0012213,-4.93816e-06,-0.00122555,-0.00139573,-0.00128176,0.00187403,0.0260045,0.00122252,0.00139148,-0.000491477,-2.66787e-05,-0.000518806,0.0012213,0.00122252,0.0249911,-0.000186232,5.05619e-05,5.27041e-05,5.21257e-05,-4.93816e-06,0.00139148,-0.000186232,0.0466983,
0.00406164,0.000967446,-0.000759741,0.000103044,-0.00122018,-0.000492977,5.02706e-05,0.000967446,0.00123601,0.0010025,2.24146e-05,-0.00139383,-2.70354e-05,5.2712e-05,-0.000759741,0.0010025,0.00419745,0.000135679,-0.00128253,-0.000523689,5.15748e-05,0.000103044,2.24147e-05,0.000135679,0.00198632,0.00187602,0.00122251,-5.40368e-06,-0.00122018,-0.00139383,-0.00128253,0.00187602,0.0259997,0.00122583,0.00138887,-0.000492977,-2.70354e-05,-0.000523689,0.00122251,0.00122583,0.0249944,-0.000185385,5.02706e-05,5.2712e-05,5.15749e-05,-5.40368e-06,0.00138887,-0.000185385,0.0466981,
0.00405965,0.000968919,-0.000761941,9.62454e-05,-0.00121486,-0.000494446,4.99814e-05,0.000968919,0.00123869,0.00100384,2.37906e-05,-0.00139194,-2.73995e-05,5.27177e-05,-0.000761941,0.00100384,0.00419467,0.000139529,-0.00128331,-0.000528586,5.10276e-05,9.62454e-05,2.37906e-05,0.000139529,0.00198613,0.00187798,0.0012237,-5.86822e-06,-0.00121486,-0.00139194,-0.00128331,0.00187798,0.0259949,0.00122913,0.00138627,-0.000494446,-2.73995e-05,-0.000528586,0.0012237,0.00122913,0.0249977,-0.000184539,4.99814e-05,5.27177e-05,5.10276e-05,-5.86819e-06,0.00138627,-0.000184539,0.0466979,
0.00405763,0.000970359,-0.000764105,8.94891e-05,-0.00120959,-0.000495886,4.96943e-05,0.000970359,0.00124136,0.00100516,2.51646e-05,-0.00139004,-2.7771e-05,5.27212e-05,-0.000764105,0.00100516,0.00419186,0.000143373,-0.00128409,-0.000533496,5.04838e-05,8.94891e-05,2.51645e-05,0.000143373,0.00198598,0.00187989,0.00122485,-6.33182e-06,-0.00120959,-0.00139004,-0.00128409,0.00187989,0.0259903,0.00123241,0.00138366,-0.000495886,-2.77711e-05,-0.000533496,0.00122485,0.00123241,0.025001,-0.000183697,4.96944e-05,5.27212e-05,5.04839e-05,-6.33182e-06,0.00138366,-0.000183697,0.0466977,
0.00405559,0.000971767,-0.000766233,8.27753e-05,-0.00120437,-0.000497296,4.94094e-05,0.000971767,0.00124402,0.00100648,2.65366e-05,-0.00138815,-2.81499e-05,5.27225e-05,-0.000766233,0.00100648,0.00418905,0.000147209,-0.00128489,-0.000538419,4.99437e-05,8.27753e-05,2.65366e-05,0.000147209,0.00198586,0.00188176,0.00122597,-6.79445e-06,-0.00120437,-0.00138815,-0.00128489,0.00188176,0.0259858,0.00123568,0.00138105,-0.000497296,-2.81499e-05,-0.000538419,0.00122597,0.00123568,0.0250043,-0.000182858,4.94094e-05,5.27225e-05,4.99438e-05,-6.79445e-06,0.00138105,-0.000182858,0.0466975,
0.00405352,0.000973144,-0.000768326,7.61038e-05,-0.0011992,-0.000498677,4.91266e-05,0.000973144,0.00124666,0.00100779,2.79068e-05,-0.00138625,-2.8536e-05,5.27218e-05,-0.000768326,0.00100779,0.00418622,0.000151037,-0.00128569,-0.000543354,4.94072e-05,7.61038e-05,2.79068e-05,0.000151037,0.00198578,0.0018836,0.00122706,-7.25611e-06,-0.0011992,-0.00138625,-0.00128569,0.0018836,0.0259814,0.00123894,0.00137845,-0.000498677,-2.8536e-05,-0.000543354,0.00122706,0.00123894,0.0250076,-0.000182021,4.91266e-05,5.27218e-05,4.94072e-05,-7.25614e-06,0.00137845,-0.000182021,0.0466973,
0.00405142,0.00097449,-0.000770383,6.94747e-05,-0.00119408,-0.000500029,4.8846e-05,0.00097449,0.00124928,0.00100908,2.92754e-05,-0.00138435,-2.89294e-05,5.2719e-05,-0.000770383,0.00100908,0.00418338,0.000154856,-0.0012865,-0.000548301,4.88742e-05,6.94747e-05,2.92753e-05,0.000154856,0.00198573,0.0018854,0.00122812,-7.71683e-06,-0.00119408,-0.00138435,-0.0012865,0.0018854,0.0259771,0.00124218,0.00137584,-0.000500029,-2.89294e-05,-0.000548301,0.00122812,0.00124218,0.0250108,-0.000181187,4.8846e-05,5.2719e-05,4.88742e-05,-7.71683e-06,0.00137584,-0.000181187,0.046697,
0.00404931,0.000975806,-0.000772404,6.28879e-05,-0.00118901,-0.000501354,4.85675e-05,0.000975806,0.00125189,0.00101036,3.06422e-05,-0.00138245,-2.933e-05,5.27141e-05,-0.000772404,0.00101036,0.00418053,0.000158667,-0.00128731,-0.00055326,4.83448e-05,6.28878e-05,3.06422e-05,0.000158667,0.00198571,0.00188717,0.00122915,-8.17657e-06,-0.00118901,-0.00138245,-0.00128731,0.00188717,0.0259729,0.00124541,0.00137324,-0.000501354,-2.93299e-05,-0.00055326,0.00122915,0.00124541,0.0250141,-0.000180356,4.85675e-05,5.27142e-05,4.83448e-05,-8.17657e-06,0.00137324,-0.000180356,0.0466968,
0.00404717,0.000977091,-0.000774391,5.63431e-05,-0.00118399,-0.00050265,4.82912e-05,0.000977091,0.00125449,0.00101164,3.20076e-05,-0.00138055,-2.97377e-05,5.27074e-05,-0.000774391,0.00101164,0.00417766,0.00016247,-0.00128813,-0.000558231,4.78189e-05,5.63431e-05,3.20076e-05,0.00016247,0.00198573,0.0018889,0.00123015,-8.63537e-06,-0.00118399,-0.00138055,-0.00128813,0.0018889,0.0259688,0.00124862,0.00137064,-0.00050265,-2.97377e-05,-0.000558231,0.00123015,0.00124862,0.0250173,-0.000179528,4.82913e-05,5.27074e-05,4.7819e-05,-8.63537e-06,0.00137064,-0.000179528,0.0466966,
0.00404501,0.000978347,-0.000776343,4.98404e-05,-0.00117902,-0.000503919,4.80171e-05,0.000978347,0.00125707,0.0010129,3.33715e-05,-0.00137865,-3.01525e-05,5.26986e-05,-0.000776343,0.0010129,0.00417478,0.000166263,-0.00128896,-0.000563212,4.72966e-05,4.98404e-05,3.33715e-05,0.000166263,0.00198577,0.00189059,0.00123112,-9.0932e-06,-0.00117902,-0.00137865,-0.00128896,0.00189059,0.0259648,0.00125182,0.00136803,-0.000503919,-3.01525e-05,-0.000563212,0.00123112,0.00125182,0.0250206,-0.000178703,4.80171e-05,5.26986e-05,4.72966e-05,-9.09317e-06,0.00136803,-0.000178703,0.0466964,
0.00404283,0.000979574,-0.000778261,4.33796e-05,-0.0011741,-0.000505162,4.77451e-05,0.000979574,0.00125964,0.00101415,3.4734e-05,-0.00137674,-3.05743e-05,5.2688e-05,-0.000778261,0.00101415,0.00417189,0.000170047,-0.0012898,-0.000568204,4.67779e-05,4.33796e-05,3.4734e-05,0.000170047,0.00198585,0.00189225,0.00123206,-9.55008e-06,-0.0011741,-0.00137674,-0.0012898,0.00189225,0.025961,0.001255,0.00136543,-0.000505162,-3.05744e-05,-0.000568204,0.00123206,0.001255,0.0250238,-0.000177881,4.77451e-05,5.2688e-05,4.67779e-05,-9.55008e-06,0.00136543,-0.000177881,0.0466962,
0.00404063,0.000980772,-0.000780145,3.69606e-05,-0.00116923,-0.000506377,4.74753e-05,0.000980772,0.00126219,0.00101539,3.60952e-05,-0.00137484,-3.10032e-05,5.26755e-05,-0.000780145,0.00101539,0.00416898,0.000173821,-0.00129064,-0.000573206,4.62627e-05,3.69606e-05,3.60952e-05,0.000173821,0.00198596,0.00189387,0.00123297,-1.0006e-05,-0.00116923,-0.00137484,-0.00129064,0.00189387,0.0259572,0.00125817,0.00136283,-0.000506377,-3.10032e-05,-0.000573206,0.00123297,0.00125817,0.025027,-0.000177062,4.74753e-05,5.26755e-05,4.62627e-05,-1.0006e-05,0.00136283,-0.000177062,0.046696,
0.00403841,0.000981942,-0.000781995,3.05834e-05,-0.0011644,-0.000507567,4.72077e-05,0.000981942,0.00126473,0.00101662,3.74551e-05,-0.00137294,-3.14391e-05,5.26612e-05,-0.000781995,0.00101662,0.00416606,0.000177585,-0.00129149,-0.000578217,4.5751e-05,3.05834e-05,3.74551e-05,0.000177585,0.0019861,0.00189546,0.00123384,-1.04609e-05,-0.0011644,-0.00137294,-0.00129149,0.00189546,0.0259535,0.00126133,0.00136023,-0.000507567,-3.14391e-05,-0.000578217,0.00123384,0.00126133,0.0250303,-0.000176246,4.72077e-05,5.26613e-05,4.5751e-05,-1.0461e-05,0.00136023,-0.000176246,0.0466958,
0.00403617,0.000983084,-0.000783811,2.42478e-05,-0.00115963,-0.000508731,4.69423e-05,0.000983084,0.00126726,0.00101784,3.88139e-05,-0.00137104,-3.18819e-05,5.26452e-05,-0.000783811,0.00101784,0.00416314,0.000181339,-0.00129234,-0.000583238,4.52429e-05,2.42478e-05,3.88139e-05,0.000181339,0.00198626,0.00189702,0.00123469,-1.0915e-05,-0.00115963,-0.00137104,-0.00129234,0.00189702,0.0259499,0.00126448,0.00135763,-0.000508731,-3.18818e-05,-0.000583239,0.00123469,0.00126448,0.0250335,-0.000175432,4.69423e-05,5.26452e-05,4.52429e-05,-1.09149e-05,0.00135763,-0.000175432,0.0466956,
0.00403391,0.000984199,-0.000785595,1.79536e-05,-0.0011549,-0.000509869,4.6679e-05,0.000984199,0.00126977,0.00101905,4.01716e-05,-0.00136914,-3.23315e-05,5.26273e-05,-0.000785595,0.00101905,0.00416019,0.000185082,-0.0012932,-0.000588269,4.47383e-05,1.79536e-05,4.01716e-05,0.000185082,0.00198646,0.00189854,0.00123551,-1.1368e-05,-0.0011549,-0.00136914,-0.0012932,0.00189854,0.0259463,0.00126761,0.00135504,-0.000509869,-3.23315e-05,-0.000588269,0.00123551,0.00126761,0.0250367,-0.000174622,4.6679e-05,5.26274e-05,4.47383e-05,-1.1368e-05,0.00135504,-0.000174622,0.0466954,
0.00403163,0.000985287,-0.000787345,1.17008e-05,-0.00115022,-0.000510982,4.64179e-05,0.000985287,0.00127226,0.00102025,4.15282e-05,-0.00136724,-3.2788e-05,5.26079e-05,-0.000787345,0.00102025,0.00415724,0.000188815,-0.00129406,-0.000593308,4.42372e-05,1.17008e-05,4.15282e-05,0.000188815,0.00198669,0.00190004,0.00123629,-1.18201e-05,-0.00115022,-0.00136724,-0.00129406,0.00190004,0.0259429,0.00127072,0.00135244,-0.000510982,-3.2788e-05,-0.000593308,0.00123629,0.00127072,0.0250398,-0.000173815,4.64179e-05,5.26079e-05,4.42372e-05,-1.18201e-05,0.00135244,-0.000173815,0.0466952,
0.00402934,0.000986348,-0.000789063,5.48919e-06,-0.00114559,-0.000512071,4.6159e-05,0.000986348,0.00127475,0.00102144,4.28838e-05,-0.00136535,-3.32513e-05,5.25867e-05,-0.000789063,0.00102144,0.00415428,0.000192536,-0.00129493,-0.000598355,4.37397e-05,5.48919e-06,4.28838e-05,0.000192536,0.00198694,0.0019015,0.00123705,-1.22713e-05,-0.00114559,-0.00136535,-0.00129493,0.0019015,0.0259396,0.00127383,0.00134985,-0.000512071,-3.32513e-05,-0.000598355,0.00123705,0.00127383,0.025043,-0.000173011,4.6159e-05,5.25867e-05,4.37397e-05,-1.22713e-05,0.00134985,-0.000173011,0.046695,
0.00402703,0.000987384,-0.000790749,-6.81288e-07,-0.001141,-0.000513136,4.59023e-05,0.000987384,0.00127721,0.00102262,4.42385e-05,-0.00136345,-3.37213e-05,5.25639e-05,-0.000790749,0.00102262,0.0041513,0.000196246,-0.00129581,-0.00060341,4.32457e-05,-6.81288e-07,4.42385e-05,0.000196246,0.00198722,0.00190293,0.00123778,-1.27214e-05,-0.001141,-0.00136345,-0.00129581,0.00190293,0.0259364,0.00127692,0.00134726,-0.000513136,-3.37213e-05,-0.00060341,0.00123778,0.00127692,0.0250462,-0.00017221,4.59023e-05,5.25639e-05,4.32456e-05,-1.27215e-05,0.00134726,-0.00017221,0.0466948,
0.0040247,0.000988393,-0.000792403,-6.81083e-06,-0.00113646,-0.000514176,4.56477e-05,0.000988393,0.00127967,0.00102379,4.55923e-05,-0.00136155,-3.4198e-05,5.25395e-05,-0.000792403,0.00102379,0.00414831,0.000199945,-0.00129668,-0.000608472,4.27551e-05,-6.8108e-06,4.55923e-05,0.000199945,0.00198753,0.00190433,0.00123847,-1.31707e-05,-0.00113646,-0.00136155,-0.00129668,0.00190433,0.0259332,0.00128,0.00134467,-0.000514176,-3.4198e-05,-0.000608472,0.00123847,0.00128,0.0250493,-0.000171412,4.56477e-05,5.25395e-05,4.27551e-05,-1.31707e-05,0.00134467,-0.000171412,0.0466946,
0.00402236,0.000989378,-0.000794025,-1.28995e-05,-0.00113196,-0.000515193,4.53953e-05,0.000989378,0.00128211,0.00102495,4.69453e-05,-0.00135966,-3.46813e-05,5.25135e-05,-0.000794025,0.00102495,0.00414531,0.000203632,-0.00129757,-0.000613542,4.22681e-05,-1.28995e-05,4.69453e-05,0.000203632,0.00198787,0.00190569,0.00123914,-1.36189e-05,-0.00113196,-0.00135966,-0.00129757,0.00190569,0.0259302,0.00128306,0.00134208,-0.000515193,-3.46813e-05,-0.000613542,0.00123914,0.00128306,0.0250525,-0.000170617,4.53953e-05,5.25135e-05,4.22681e-05,-1.36189e-05,0.00134208,-0.000170617,0.0466944,
0.00402,0.000990337,-0.000795615,-1.89476e-05,-0.00112752,-0.000516187,4.51451e-05,0.000990337,0.00128453,0.00102609,4.82974e-05,-0.00135777,-3.51712e-05,5.2486e-05,-0.000795615,0.00102609,0.0041423,0.000207307,-0.00129845,-0.000618619,4.17846e-05,-1.89476e-05,4.82974e-05,0.000207307,0.00198823,0.00190703,0.00123978,-1.40662e-05,-0.00112752,-0.00135777,-0.00129845,0.00190703,0.0259272,0.00128612,0.00133949,-0.000516187,-3.51713e-05,-0.000618619,0.00123978,0.00128612,0.0250556,-0.000169825,4.51451e-05,5.2486e-05,4.17846e-05,-1.40662e-05,0.00133949,-0.000169825,0.0466942,
0.00401763,0.000991272,-0.000797175,-2.4955e-05,-0.00112312,-0.000517159,4.4897e-05,0.000991272,0.00128694,0.00102723,4.96489e-05,-0.00135588,-3.56677e-05,5.2457e-05,-0.000797175,0.00102723,0.00413928,0.00021097,-0.00129935,-0.000623702,4.13045e-05,-2.4955e-05,4.96489e-05,0.00021097,0.00198861,0.00190834,0.00124038,-1.45126e-05,-0.00112312,-0.00135588,-0.00129935,0.00190834,0.0259243,0.00128916,0.00133691,-0.000517159,-3.56677e-05,-0.000623702,0.00124038,0.00128916,0.0250588,-0.000169036,4.4897e-05,5.2457e-05,4.13045e-05,-1.45126e-05,0.00133691,-0.000169036,0.046694,
0.00401524,0.000992183,-0.000798704,-3.09222e-05,-0.00111876,-0.000518107,4.46511e-05,0.000992183,0.00128934,0.00102836,5.09995e-05,-0.00135399,-3.61706e-05,5.24265e-05,-0.000798704,0.00102836,0.00413625,0.000214621,-0.00130024,-0.000628792,4.0828e-05,-3.09222e-05,5.09995e-05,0.000214621,0.00198903,0.00190962,0.00124096,-1.4958e-05,-0.00111876,-0.00135399,-0.00130024,0.00190962,0.0259215,0.00129218,0.00133432,-0.000518107,-3.61707e-05,-0.000628792,0.00124096,0.00129218,0.0250619,-0.00016825,4.46511e-05,5.24265e-05,4.0828e-05,-1.4958e-05,0.00133432,-0.00016825,0.0466938,
0.00401284,0.00099307,-0.000800202,-3.68491e-05,-0.00111445,-0.000519034,4.44073e-05,0.00099307,0.00129172,0.00102948,5.23495e-05,-0.00135211,-3.668e-05,5.23947e-05,-0.000800202,0.00102948,0.00413321,0.000218259,-0.00130114,-0.000633887,4.03549e-05,-3.68491e-05,5.23495e-05,0.000218259,0.00198946,0.00191087,0.00124151,-1.54024e-05,-0.00111445,-0.00135211,-0.00130114,0.00191087,0.0259188,0.0012952,0.00133174,-0.000519034,-3.66801e-05,-0.000633887,0.00124151,0.0012952,0.025065,-0.000167467,4.44073e-05,5.23946e-05,4.03549e-05,-1.54024e-05,0.00133174,-0.000167467,0.0466936,
0.00401043,0.000993934,-0.00080167,-4.27358e-05,-0.00111018,-0.000519939,4.41657e-05,0.000993934,0.00129409,0.00103059,5.36989e-05,-0.00135022,-3.71959e-05,5.23614e-05,-0.00080167,0.00103059,0.00413015,0.000221884,-0.00130204,-0.000638987,3.98852e-05,-4.27358e-05,5.36989e-05,0.000221884,0.00198993,0.00191209,0.00124203,-1.58458e-05,-0.00111018,-0.00135022,-0.00130204,0.00191209,0.0259162,0.0012982,0.00132916,-0.000519939,-3.71959e-05,-0.000638987,0.00124203,0.0012982,0.0250681,-0.000166687,4.41657e-05,5.23614e-05,3.98852e-05,-1.58458e-05,0.00132916,-0.000166687,0.0466935,
0.00400801,0.000994775,-0.000803108,-4.85827e-05,-0.00110596,-0.000520822,4.39262e-05,0.000994775,0.00129645,0.00103169,5.50476e-05,-0.00134834,-3.7718e-05,5.23267e-05,-0.000803108,0.00103169,0.00412709,0.000225496,-0.00130295,-0.000644093,3.94191e-05,-4.85827e-05,5.50476e-05,0.000225496,0.00199041,0.00191329,0.00124252,-1.62883e-05,-0.00110596,-0.00134834,-0.00130295,0.00191329,0.0259136,0.00130119,0.00132659,-0.000520822,-3.7718e-05,-0.000644093,0.00124252,0.00130119,0.0250712,-0.00016591,4.39262e-05,5.23267e-05,3.9419e-05,-1.62883e-05,0.00132659,-0.00016591,0.0466933,
0.00400557,0.000995593,-0.000804516,-5.43898e-05,-0.00110178,-0.000521685,4.36888e-05,0.000995593,0.00129879,0.00103277,5.63957e-05,-0.00134647,-3.82465e-05,5.22907e-05,-0.000804516,0.00103277,0.00412402,0.000229095,-0.00130386,-0.000649203,3.89563e-05,-5.43898e-05,5.63957e-05,0.000229095,0.00199092,0.00191446,0.00124298,-1.67298e-05,-0.00110178,-0.00134647,-0.00130386,0.00191446,0.0259112,0.00130417,0.00132401,-0.000521685,-3.82465e-05,-0.000649203,0.00124298,0.00130417,0.0250743,-0.000165136,4.36889e-05,5.22907e-05,3.89563e-05,-1.67298e-05,0.00132401,-0.000165136,0.0466931,
0.00400312,0.000996389,-0.000805895,-6.01573e-05,-0.00109764,-0.000522526,4.34536e-05,0.000996389,0.00130111,0.00103385,5.77433e-05,-0.00134459,-3.87811e-05,5.22534e-05,-0.000805895,0.00103385,0.00412093,0.000232681,-0.00130477,-0.000654318,3.8497e-05,-6.01573e-05,5.77433e-05,0.000232681,0.00199145,0.0019156,0.00124341,-1.71704e-05,-0.00109764,-0.00134459,-0.00130477,0.0019156,0.0259088,0.00130713,0.00132144,-0.000522526,-3.87811e-05,-0.000654318,0.00124341,0.00130713,0.0250774,-0.000164365,4.34536e-05,5.22534e-05,3.8497e-05,-1.71704e-05,0.00132144,-0.000164365,0.0466929,
0.00400066,0.000997163,-0.000807245,-6.58854e-05,-0.00109355,-0.000523347,4.32205e-05,0.000997163,0.00130343,0.00103492,5.90903e-05,-0.00134272,-3.9322e-05,5.22148e-05,-0.000807245,0.00103492,0.00411784,0.000236253,-0.00130569,-0.000659437,3.80411e-05,-6.58854e-05,5.90903e-05,0.000236253,0.00199201,0.00191671,0.00124381,-1.76099e-05,-0.00109355,-0.00134272,-0.00130569,0.00191671,0.0259064,0.00131009,0.00131887,-0.000523347,-3.9322e-05,-0.000659437,0.00124381,0.00131009,0.0250804,-0.000163597,4.32205e-05,5.22148e-05,3.80411e-05,-1.761e-05,0.00131887,-0.000163597,0.0466927,
0.00399819,0.000997916,-0.000808566,-7.15742e-05,-0.00108951,-0.000524149,4.29895e-05,0.000997916,0.00130573,0.00103598,6.04367e-05,-0.00134085,-3.9869e-05,5.21749e-05,-0.000808566,0.00103598,0.00411474,0.000239812,-0.0013066,-0.000664559,3.75886e-05,-7.15742e-05,6.04367e-05,0.000239812,0.00199259,0.0019178,0.00124418,-1.80486e-05,-0.00108951,-0.00134085,-0.0013066,0.0019178,0.0259042,0.00131303,0.0013163,-0.000524149,-3.9869e-05,-0.000664559,0.00124418,0.00131303,0.0250835,-0.000162832,4.29895e-05,5.21749e-05,3.75886e-05,-1.80486e-05,0.0013163,-0.000162832,0.0466925,
0.00399571,0.000998647,-0.000809859,-7.72239e-05,-0.0010855,-0.00052493,4.27606e-05,0.000998647,0.00130802,0.00103703,6.17827e-05,-0.00133898,-4.04221e-05,5.21339e-05,-0.000809859,0.00103703,0.00411162,0.000243356,-0.00130752,-0.000669685,3.71396e-05,-7.72239e-05,6.17827e-05,0.000243356,0.00199319,0.00191886,0.00124453,-1.84862e-05,-0.0010855,-0.00133898,-0.00130752,0.00191886,0.025902,0.00131596,0.00131374,-0.00052493,-4.04221e-05,-0.000669685,0.00124453,0.00131596,0.0250866,-0.00016207,4.27606e-05,5.21339e-05,3.71396e-05,-1.84862e-05,0.00131374,-0.00016207,0.0466923,
0.00399323,0.000999358,-0.000811123,-8.28347e-05,-0.00108154,-0.000525692,4.25338e-05,0.000999358,0.00131029,0.00103807,6.31281e-05,-0.00133712,-4.09813e-05,5.20916e-05,-0.000811123,0.00103807,0.0041085,0.000246887,-0.00130845,-0.000674814,3.66939e-05,-8.28347e-05,6.31281e-05,0.000246887,0.00199381,0.0019199,0.00124484,-1.89229e-05,-0.00108154,-0.00133712,-0.00130845,0.0019199,0.0259,0.00131887,0.00131118,-0.000525692,-4.09813e-05,-0.000674814,0.00124484,0.00131887,0.0250896,-0.000161312,4.25337e-05,5.20916e-05,3.66939e-05,-1.89229e-05,0.00131118,-0.000161312,0.0466922,
