0.00164002,-4.03916e-06,-0.00178093,1.57238e-05,0.000117509,-3.08464e-05,7.77135e-06,-3.91329e-06,0.00113949,2.21678e-05,0.00127824,0.000366889,0.00044443,-6.97166e-06,-0.0017805,2.2463e-05,0.00363346,-8.08548e-06,-0.000949596,4.32761e-05,-6.94378e-06,1.56602e-05,0.00127798,-8.82583e-06,0.00329701,-0.000535407,-0.00236657,4.26517e-05,0.000119626,0.000368026,-0.000950617,-0.00053167,0.0326017,0.00142563,-0.00143574,-2.633e-05,0.000446622,4.029e-05,-0.00235848,0.00142171,0.02894,0.000146665,7.23844e-06,-7.6101e-06,-7.90964e-06,4.18893e-05,-0.00144167,0.000133038,0.0466727,
0.00168341,2.03945e-05,-0.00176551,0.000124219,0.000132156,3.2351e-05,5.48926e-06,2.04994e-05,0.00116629,0.000128524,0.00124938,0.000284504,0.00041667,-3.56283e-06,-0.00176514,0.00012877,0.00360523,-7.23444e-06,-0.000947253,9.64804e-05,-1.09168e-05,0.000124166,0.00124916,-7.85141e-06,0.00323836,-0.000620864,-0.00237473,4.63524e-05,0.00013392,0.000285452,-0.000948104,-0.00061775,0.0324313,0.00139744,-0.00147244,3.61146e-05,0.000418496,9.39919e-05,-0.00236799,0.00139418,0.0289367,0.000198005,5.04518e-06,-4.09486e-06,-1.17217e-05,4.5717e-05,-0.00147738,0.000186649,0.0466444,
0.0017268,4.48281e-05,-0.00175008,0.000232715,0.000146803,9.55484e-05,3.20718e-06,4.4912e-05,0.00119309,0.000234881,0.00122052,0.00020212,0.000388909,-1.53997e-07,-0.00174979,0.000235077,0.00357701,-6.38341e-06,-0.00094491,0.000149685,-1.48898e-05,0.000232672,0.00122035,-6.87698e-06,0.00317972,-0.000706321,-0.00238289,5.00531e-05,0.000148214,0.000202878,-0.000945591,-0.00070383,0.0322608,0.00136926,-0.00150913,9.85593e-05,0.000390371,0.000147694,-0.0023775,0.00136665,0.0289334,0.000249345,2.85191e-06,-5.7962e-07,-1.55337e-05,4.95448e-05,-0.00151309,0.00024026,0.0466162,
0.00177019,6.92617e-05,-0.00173465,0.00034121,0.000161449,0.000158746,9.25101e-07,6.93247e-05,0.00121989,0.000341237,0.00119166,0.000119735,0.000361149,3.25484e-06,-0.00173444,0.000341385,0.00354879,-5.53238e-06,-0.000942567,0.000202889,-1.88628e-05,0.000341179,0.00119153,-5.90255e-06,0.00312107,-0.000791778,-0.00239105,5.37538e-05,0.000162508,0.000120303,-0.000943078,-0.00078991,0.0320904,0.00134107,-0.00154583,0.000161004,0.000362245,0.000201396,-0.00238701,0.00133912,0.0289302,0.000300685,6.58648e-07,2.93562e-06,-1.93457e-05,5.33726e-05,-0.0015488,0.000293872,0.0465879,
0.00181358,9.36954e-05,-0.00171923,0.000449706,0.000176096,0.000221943,-1.35698e-06,9.37373e-05,0.00124668,0.000447593,0.0011628,3.73504e-05,0.000333389,6.66367e-06,-0.00171908,0.000447692,0.00352056,-4.68134e-06,-0.000940224,0.000256093,-2.28358e-05,0.000449685,0.00116271,-4.92813e-06,0.00306242,-0.000877235,-0.00239921,5.74545e-05,0.000176802,3.77293e-05,-0.000940564,-0.000875989,0.0319199,0.00131289,-0.00158253,0.000223449,0.000334119,0.000255098,-0.00239652,0.00131159,0.0289269,0.000352025,-1.53462e-06,6.45086e-06,-2.31577e-05,5.72003e-05,-0.00158451,0.000347483,0.0465596,
0.00185697,0.000118129,-0.0017038,0.000558201,0.000190743,0.000285141,-3.63906e-06,0.00011815,0.00127348,0.00055395,0.00113394,-4.50342e-05,0.000305629,1.00725e-05,-0.00170373,0.000553999,0.00349234,-3.83031e-06,-0.000937881,0.000309297,-2.68088e-05,0.000558191,0.00113389,-3.9537e-06,0.00300378,-0.000962692,-0.00240737,6.11552e-05,0.000191096,-4.48448e-05,-0.000938051,-0.000962069,0.0317495,0.00128471,-0.00161923,0.000285893,0.000305994,0.0003088,-0.00240602,0.00128405,0.0289236,0.000403365,-3.72788e-06,9.9661e-06,-2.69697e-05,6.10281e-05,-0.00162022,0.000401094,0.0465313,
0.00190036,0.000142563,-0.00168838,0.000666697,0.00020539,0.000348338,-5.92114e-06,0.000142563,0.00130028,0.000660306,0.00110508,-0.000127419,0.000277868,1.34813e-05,-0.00168838,0.000660306,0.00346411,-2.97928e-06,-0.000935538,0.000362501,-3.07818e-05,0.000666697,0.00110508,-2.97928e-06,0.00294513,-0.00104815,-0.00241553,6.48559e-05,0.00020539,-0.000127419,-0.000935538,-0.00104815,0.031579,0.00125652,-0.00165593,0.000348338,0.000277868,0.000362501,-0.00241553,0.00125652,0.0289203,0.000454705,-5.92114e-06,1.34813e-05,-3.07818e-05,6.48559e-05,-0.00165593,0.000454705,0.0465031,
0.00185504,0.000118076,-0.00170314,0.000558228,0.000191169,0.000284789,-3.70107e-06,0.000118076,0.00127339,0.000554005,0.00113362,-4.52075e-05,0.000305118,1.00029e-05,-0.00170314,0.000554005,0.00349215,-3.81018e-06,-0.0009396,0.000309163,-2.68499e-05,0.000558228,0.00113362,-3.81018e-06,0.00300319,-0.000962517,-0.00240746,6.10098e-05,0.000191169,-4.52075e-05,-0.0009396,-0.000962517,0.0317465,0.00128774,-0.00161928,0.000284789,0.000305118,0.000309163,-0.00240746,0.00128774,0.0289302,0.000401239,-3.70107e-06,1.00029e-05,-2.68499e-05,6.10098e-05,-0.00161928,0.000401239,0.0465312,
0.00180972,9.35885e-05,-0.0017179,0.000449758,0.000176948,0.00022124,-1.481e-06,9.35885e-05,0.00124649,0.000447704,0.00116216,3.70039e-05,0.000332369,6.52443e-06,-0.0017179,0.000447704,0.00352018,-4.64108e-06,-0.000943661,0.000255825,-2.2918e-05,0.000449758,0.00116216,-4.64108e-06,0.00306124,-0.000876885,-0.0023994,5.71637e-05,0.000176948,3.70039e-05,-0.000943661,-0.000876885,0.031914,0.00131895,-0.00158264,0.00022124,0.000332369,0.000255825,-0.0023994,0.00131895,0.0289402,0.000347773,-1.481e-06,6.52443e-06,-2.2918e-05,5.71637e-05,-0.00158264,0.000347773,0.0465594,
0.00176439,6.91014e-05,-0.00173266,0.000341289,0.000162727,0.000157692,7.39071e-07,6.91014e-05,0.00121959,0.000341402,0.0011907,0.000119215,0.000359619,3.04598e-06,-0.00173266,0.000341402,0.00354822,-5.47198e-06,-0.000947723,0.000202488,-1.8986e-05,0.000341289,0.0011907,-5.47198e-06,0.00311929,-0.000791253,-0.00239133,5.33175e-05,0.000162727,0.000119215,-0.000947723,-0.000791253,0.0320815,0.00135016,-0.00154599,0.000157692,0.000359619,0.000202488,-0.00239133,0.00135016,0.0289501,0.000294307,7.39071e-07,3.04598e-06,-1.8986e-05,5.33175e-05,-0.00154599,0.000294307,0.0465876,
0.00171907,4.46144e-05,-0.00174742,0.00023282,0.000148506,9.41427e-05,2.95914e-06,4.46144e-05,0.00119269,0.000235101,0.00121924,0.000201427,0.000386869,-4.32474e-07,-0.00174742,0.000235101,0.00357625,-6.30288e-06,-0.000951784,0.00014915,-1.50541e-05,0.00023282,0.00121924,-6.30288e-06,0.00317735,-0.000705621,-0.00238326,4.94714e-05,0.000148506,0.000201427,-0.000951784,-0.000705621,0.0322489,0.00138138,-0.00150934,9.41427e-05,0.000386869,0.00014915,-0.00238326,0.00138138,0.0289601,0.000240841,2.95914e-06,-4.32473e-07,-1.50541e-05,4.94714e-05,-0.00150934,0.000240841,0.0466158,
0.00167375,2.01273e-05,-0.00176218,0.00012435,0.000134285,3.05939e-05,5.17921e-06,2.01273e-05,0.0011658,0.0001288,0.00124778,0.000283638,0.000414119,-3.91093e-06,-0.00176218,0.0001288,0.00360428,-7.13378e-06,-0.000955846,9.58116e-05,-1.11222e-05,0.00012435,0.00124778,-7.13378e-06,0.0032354,-0.000619989,-0.00237519,4.56253e-05,0.000134285,0.000283638,-0.000955846,-0.000619989,0.0324164,0.00141259,-0.0014727,3.05939e-05,0.000414119,9.58116e-05,-0.00237519,0.00141259,0.0289701,0.000187375,5.17921e-06,-3.91092e-06,-1.11222e-05,4.56253e-05,-0.0014727,0.000187375,0.046644,
0.00162843,-4.35979e-06,-0.00177694,1.58808e-05,0.000120064,-3.29549e-05,7.39929e-06,-4.35979e-06,0.0011389,2.24983e-05,0.00127632,0.000365849,0.000441369,-7.38938e-06,-0.00177694,2.24983e-05,0.00363232,-7.96468e-06,-0.000959907,4.24737e-05,-7.19033e-06,1.58808e-05,0.00127632,-7.96468e-06,0.00329345,-0.000534357,-0.00236713,4.17792e-05,0.000120064,0.000365849,-0.000959907,-0.000534357,0.0325839,0.0014438,-0.00143605,-3.29549e-05,0.000441369,4.24737e-05,-0.00236713,0.0014438,0.02898,0.000133909,7.39929e-06,-7.38938e-06,-7.19033e-06,4.17792e-05,-0.00143605,0.000133909,0.0466721,
0.00162693,-4.40389e-06,-0.00177643,1.5919e-05,0.000120203,-3.34243e-05,7.41419e-06,-4.40389e-06,0.00113881,2.24963e-05,0.00127609,0.000365525,0.000440532,-7.35367e-06,-0.00177643,2.24963e-05,0.00363204,-7.89671e-06,-0.000961707,4.1899e-05,-7.06328e-06,1.5919e-05,0.00127609,-7.89671e-06,0.00329299,-0.000534397,-0.00236757,4.17531e-05,0.000120203,0.000365525,-0.000961707,-0.000534397,0.0325791,0.00144294,-0.00143507,-3.34243e-05,0.000440532,4.1899e-05,-0.00236757,0.00144294,0.0289779,0.000134141,7.41419e-06,-7.35367e-06,-7.06328e-06,4.17531e-05,-0.00143507,0.000134141,0.046672,
0.00162544,-4.44799e-06,-0.00177593,1.59571e-05,0.000120342,-3.38937e-05,7.42909e-06,-4.44799e-06,0.00113873,2.24942e-05,0.00127586,0.000365201,0.000439695,-7.31797e-06,-0.00177593,2.24942e-05,0.00363176,-7.82874e-06,-0.000963507,4.13244e-05,-6.93622e-06,1.59571e-05,0.00127586,-7.82874e-06,0.00329254,-0.000534438,-0.00236801,4.17269e-05,0.000120342,0.000365201,-0.000963507,-0.000534438,0.0325743,0.00144207,-0.00143409,-3.38937e-05,0.000439695,4.13244e-05,-0.00236801,0.00144207,0.0289758,0.000134372,7.42909e-06,-7.31796e-06,-6.93622e-06,4.17269e-05,-0.00143409,0.000134372,0.0466719,
0.00162394,-4.49209e-06,-0.00177543,1.59953e-05,0.000120481,-3.4363e-05,7.44399e-06,-4.49209e-06,0.00113864,2.24921e-05,0.00127563,0.000364876,0.000438859,-7.28226e-06,-0.00177543,2.24921e-05,0.00363148,-7.76077e-06,-0.000965306,4.07498e-05,-6.80917e-06,1.59953e-05,0.00127563,-7.76077e-06,0.00329208,-0.000534478,-0.00236845,4.17008e-05,0.000120481,0.000364876,-0.000965306,-0.000534478,0.0325695,0.00144121,-0.0014331,-3.4363e-05,0.000438859,4.07498e-05,-0.00236845,0.00144121,0.0289737,0.000134604,7.44399e-06,-7.28226e-06,-6.80917e-06,4.17008e-05,-0.0014331,0.000134604,0.0466718,
0.00162244,-4.53619e-06,-0.00177493,1.60334e-05,0.00012062,-3.48324e-05,7.45889e-06,-4.53619e-06,0.00113856,2.249e-05,0.0012754,0.000364552,0.000438022,-7.24655e-06,-0.00177493,2.249e-05,0.0036312,-7.6928e-06,-0.000967106,4.01752e-05,-6.68212e-06,1.60334e-05,0.0012754,-7.6928e-06,0.00329162,-0.000534519,-0.00236889,4.16747e-05,0.00012062,0.000364552,-0.000967106,-0.000534519,0.0325647,0.00144035,-0.00143212,-3.48324e-05,0.000438022,4.01752e-05,-0.00236889,0.00144035,0.0289716,0.000134835,7.45889e-06,-7.24655e-06,-6.68212e-06,4.16747e-05,-0.00143212,0.000134835,0.0466717,
0.00162095,-4.58028e-06,-0.00177442,1.60716e-05,0.000120759,-3.53018e-05,7.47379e-06,-4.58029e-06,0.00113847,2.2488e-05,0.00127517,0.000364228,0.000437185,-7.21085e-06,-0.00177442,2.2488e-05,0.00363092,-7.62483e-06,-0.000968906,3.96006e-05,-6.55506e-06,1.60716e-05,0.00127517,-7.62483e-06,0.00329117,-0.000534559,-0.00236934,4.16485e-05,0.000120759,0.000364228,-0.000968906,-0.000534559,0.0325599,0.00143948,-0.00143114,-3.53018e-05,0.000437185,3.96006e-05,-0.00236934,0.00143948,0.0289694,0.000135067,7.47379e-06,-7.21085e-06,-6.55506e-06,4.16485e-05,-0.00143114,0.000135067,0.0466715,
0.00161945,-4.62438e-06,-0.00177392,1.61098e-05,0.000120898,-3.57711e-05,7.48869e-06,-4.62438e-06,0.00113839,2.24859e-05,0.00127494,0.000363904,0.000436348,-7.17514e-06,-0.00177392,2.24859e-05,0.00363064,-7.55686e-06,-0.000970705,3.9026e-05,-6.42801e-06,1.61098e-05,0.00127494,-7.55686e-06,0.00329071,-0.0005346,-0.00236978,4.16224e-05,0.000120898,0.000363904,-0.000970705,-0.0005346,0.0325551,0.00143862,-0.00143016,-3.57711e-05,0.000436348,3.9026e-05,-0.00236978,0.00143862,0.0289673,0.000135298,7.48869e-06,-7.17514e-06,-6.42801e-06,4.16224e-05,-0.00143016,0.000135298,0.0466714,
0.00161783,-4.6728e-06,-0.00177336,1.61479e-05,0.000121048,-3.62724e-05,7.50153e-06,-4.6728e-06,0.00113829,2.24813e-05,0.00127468,0.000363537,0.000435391,-7.13403e-06,-0.00177336,2.24813e-05,0.00363029,-7.48102e-06,-0.000972734,3.83955e-05,-6.28454e-06,1.61479e-05,0.00127468,-7.48102e-06,0.00329019,-0.000534639,-0.00237027,4.15935e-05,0.000121048,0.000363537,-0.000972734,-0.000534639,0.0325495,0.00143762,-0.00142904,-3.62724e-05,0.000435391,3.83955e-05,-0.00237027,0.00143762,0.0289649,0.000135571,7.50153e-06,-7.13403e-06,-6.28454e-06,4.15935e-05,-0.00142904,0.000135571,0.0466713,
0.00161621,-4.72122e-06,-0.0017728,1.61861e-05,0.000121197,-3.67737e-05,7.51437e-06,-4.72122e-06,0.00113819,2.24767e-05,0.00127442,0.00036317,0.000434435,-7.09293e-06,-0.0017728,2.24767e-05,0.00362994,-7.40518e-06,-0.000974762,3.77651e-05,-6.14107e-06,1.61861e-05,0.00127442,-7.40518e-06,0.00328968,-0.000534678,-0.00237077,4.15646e-05,0.000121197,0.00036317,-0.000974762,-0.000534678,0.032544,0.00143663,-0.00142793,-3.67737e-05,0.000434435,3.77651e-05,-0.00237077,0.00143663,0.0289625,0.000135844,7.51437e-06,-7.09293e-06,-6.14107e-06,4.15646e-05,-0.00142793,0.000135844,0.0466711,
0.00161459,-4.76964e-06,-0.00177223,1.62242e-05,0.000121347,-3.7275e-05,7.52722e-06,-4.76964e-06,0.00113809,2.24721e-05,0.00127416,0.000362803,0.000433478,-7.05182e-06,-0.00177223,2.24721e-05,0.00362959,-7.32934e-06,-0.000976791,3.71346e-05,-5.9976e-06,1.62242e-05,0.00127416,-7.32934e-06,0.00328916,-0.000534718,-0.00237126,4.15357e-05,0.000121347,0.000362803,-0.000976791,-0.000534718,0.0325384,0.00143564,-0.00142681,-3.7275e-05,0.000433478,3.71346e-05,-0.00237126,0.00143564,0.0289601,0.000136116,7.52722e-06,-7.05182e-06,-5.9976e-06,4.15357e-05,-0.00142681,0.000136116,0.046671,
0.00161297,-4.81806e-06,-0.00177167,1.62624e-05,0.000121496,-3.77763e-05,7.54006e-06,-4.81806e-06,0.001138,2.24674e-05,0.0012739,0.000362436,0.000432521,-7.01071e-06,-0.00177167,2.24674e-05,0.00362924,-7.2535e-06,-0.000978819,3.65042e-05,-5.85413e-06,1.62624e-05,0.0012739,-7.2535e-06,0.00328864,-0.000534757,-0.00237176,4.15069e-05,0.000121496,0.000362436,-0.000978819,-0.000534757,0.0325329,0.00143465,-0.0014257,-3.77763e-05,0.000432521,3.65042e-05,-0.00237176,0.00143465,0.0289576,0.000136389,7.54006e-06,-7.01071e-06,-5.85413e-06,4.15069e-05,-0.0014257,0.000136389,0.0466709,
0.00161134,-4.86648e-06,-0.00177111,1.63005e-05,0.000121646,-3.82775e-05,7.55291e-06,-4.86648e-06,0.0011379,2.24628e-05,0.00127365,0.000362069,0.000431565,-6.96961e-06,-0.00177111,2.24628e-05,0.00362888,-7.17766e-06,-0.000980848,3.58738e-05,-5.71066e-06,1.63005e-05,0.00127365,-7.17766e-06,0.00328813,-0.000534797,-0.00237225,4.1478e-05,0.000121646,0.000362069,-0.000980848,-0.000534797,0.0325273,0.00143365,-0.00142458,-3.82775e-05,0.000431565,3.58738e-05,-0.00237225,0.00143365,0.0289552,0.000136661,7.55291e-06,-6.96961e-06,-5.71066e-06,4.1478e-05,-0.00142458,0.000136661,0.0466707,
0.00160972,-4.9149e-06,-0.00177055,1.63386e-05,0.000121795,-3.87788e-05,7.56575e-06,-4.9149e-06,0.0011378,2.24582e-05,0.00127339,0.000361702,0.000430608,-6.9285e-06,-0.00177055,2.24582e-05,0.00362853,-7.10182e-06,-0.000982877,3.52433e-05,-5.5672e-06,1.63386e-05,0.00127339,-7.10182e-06,0.00328761,-0.000534836,-0.00237274,4.14491e-05,0.000121795,0.000361702,-0.000982877,-0.000534836,0.0325218,0.00143266,-0.00142347,-3.87788e-05,0.000430608,3.52433e-05,-0.00237274,0.00143266,0.0289528,0.000136934,7.56575e-06,-6.9285e-06,-5.5672e-06,4.14491e-05,-0.00142347,0.000136934,0.0466706,
0.00160806,-4.96508e-06,-0.00176995,1.63754e-05,0.00012196,-3.92909e-05,7.57525e-06,-4.96508e-06,0.0011377,2.24516e-05,0.00127311,0.00036131,0.000429581,-6.88428e-06,-0.00176995,2.24516e-05,0.00362812,-7.02087e-06,-0.000985031,3.45792e-05,-5.41497e-06,1.63754e-05,0.00127311,-7.02087e-06,0.00328706,-0.00053487,-0.00237326,4.14188e-05,0.00012196,0.00036131,-0.000985031,-0.00053487,0.0325158,0.0014316,-0.00142229,-3.92909e-05,0.000429581,3.45792e-05,-0.00237326,0.0014316,0.0289502,0.000137233,7.57525e-06,-6.88428e-06,-5.41497e-06,4.14188e-05,-0.00142229,0.000137233,0.0466704,
0.00160639,-5.01526e-06,-0.00176935,1.64121e-05,0.000122124,-3.98031e-05,7.58475e-06,-5.01526e-06,0.0011376,2.24451e-05,0.00127283,0.000360917,0.000428554,-6.84006e-06,-0.00176935,2.24451e-05,0.0036277,-6.93992e-06,-0.000987185,3.39151e-05,-5.26274e-06,1.64121e-05,0.00127283,-6.93992e-06,0.00328651,-0.000534905,-0.00237378,4.13885e-05,0.000122124,0.000360917,-0.000987185,-0.000534905,0.0325098,0.00143053,-0.0014211,-3.98031e-05,0.000428554,3.39151e-05,-0.00237378,0.00143053,0.0289476,0.000137533,7.58475e-06,-6.84006e-06,-5.26274e-06,4.13885e-05,-0.0014211,0.000137533,0.0466703,
0.00160472,-5.06544e-06,-0.00176876,1.64488e-05,0.000122288,-4.03152e-05,7.59424e-06,-5.06544e-06,0.0011375,2.24385e-05,0.00127256,0.000360525,0.000427527,-6.79584e-06,-0.00176876,2.24385e-05,0.00362729,-6.85897e-06,-0.000989339,3.32509e-05,-5.11051e-06,1.64488e-05,0.00127256,-6.85897e-06,0.00328596,-0.000534939,-0.00237431,4.13582e-05,0.000122288,0.000360525,-0.000989339,-0.000534939,0.0325038,0.00142946,-0.00141992,-4.03152e-05,0.000427527,3.32509e-05,-0.00237431,0.00142946,0.028945,0.000137832,7.59424e-06,-6.79584e-06,-5.11051e-06,4.13582e-05,-0.00141992,0.000137832,0.0466701,
0.00160306,-5.11563e-06,-0.00176816,1.64856e-05,0.000122453,-4.08273e-05,7.60374e-06,-5.11562e-06,0.00113739,2.24319e-05,0.00127228,0.000360133,0.0004265,-6.75162e-06,-0.00176816,2.24319e-05,0.00362688,-6.77802e-06,-0.000991494,3.25868e-05,-4.95828e-06,1.64856e-05,0.00127228,-6.77802e-06,0.0032854,-0.000534973,-0.00237483,4.13279e-05,0.000122453,0.000360133,-0.000991494,-0.000534974,0.0324978,0.0014284,-0.00141874,-4.08273e-05,0.0004265,3.25868e-05,-0.00237483,0.0014284,0.0289424,0.000138132,7.60374e-06,-6.75162e-06,-4.95828e-06,4.13279e-05,-0.00141874,0.000138132,0.04667,
0.00160139,-5.16581e-06,-0.00176756,1.65223e-05,0.000122617,-4.13394e-05,7.61324e-06,-5.16581e-06,0.00113729,2.24254e-05,0.001272,0.00035974,0.000425473,-6.7074e-06,-0.00176756,2.24254e-05,0.00362646,-6.69707e-06,-0.000993648,3.19227e-05,-4.80605e-06,1.65223e-05,0.001272,-6.69707e-06,0.00328485,-0.000535008,-0.00237535,4.12975e-05,0.000122617,0.00035974,-0.000993648,-0.000535008,0.0324919,0.00142733,-0.00141756,-4.13394e-05,0.000425473,3.19227e-05,-0.00237535,0.00142733,0.0289398,0.000138432,7.61324e-06,-6.7074e-06,-4.80605e-06,4.12975e-05,-0.00141756,0.000138432,0.0466698,
0.00159973,-5.21599e-06,-0.00176697,1.6559e-05,0.000122781,-4.18515e-05,7.62273e-06,-5.21599e-06,0.00113719,2.24188e-05,0.00127173,0.000359348,0.000424447,-6.66318e-06,-0.00176697,2.24188e-05,0.00362605,-6.61612e-06,-0.000995802,3.12586e-05,-4.65382e-06,1.6559e-05,0.00127173,-6.61612e-06,0.0032843,-0.000535042,-0.00237587,4.12672e-05,0.000122781,0.000359348,-0.000995802,-0.000535042,0.0324859,0.00142627,-0.00141638,-4.18515e-05,0.000424446,3.12586e-05,-0.00237587,0.00142627,0.0289372,0.000138731,7.62273e-06,-6.66318e-06,-4.65382e-06,4.12672e-05,-0.00141638,0.000138731,0.0466697,
0.00159806,-5.26647e-06,-0.00176635,1.65938e-05,0.000122963,-4.23626e-05,7.62849e-06,-5.26647e-06,0.00113708,2.24108e-05,0.00127144,0.00035894,0.000423377,-6.6172e-06,-0.00176635,2.24108e-05,0.00362557,-6.53162e-06,-0.000998024,3.05733e-05,-4.49667e-06,1.65938e-05,0.00127144,-6.53161e-06,0.00328372,-0.00053507,-0.0023764,4.1236e-05,0.000122963,0.00035894,-0.000998024,-0.00053507,0.0324796,0.00142516,-0.00141516,-4.23626e-05,0.000423377,3.05733e-05,-0.0023764,0.00142516,0.0289345,0.000139047,7.62849e-06,-6.6172e-06,-4.49667e-06,4.1236e-05,-0.00141516,0.000139047,0.0466695,
0.00159639,-5.31696e-06,-0.00176573,1.66286e-05,0.000123144,-4.28738e-05,7.63424e-06,-5.31696e-06,0.00113698,2.24028e-05,0.00127115,0.000358532,0.000422308,-6.57122e-06,-0.00176573,2.24028e-05,0.0036251,-6.44711e-06,-0.00100025,2.98881e-05,-4.33951e-06,1.66286e-05,0.00127115,-6.44711e-06,0.00328315,-0.000535098,-0.00237693,4.12048e-05,0.000123144,0.000358532,-0.00100025,-0.000535098,0.0324734,0.00142406,-0.00141395,-4.28738e-05,0.000422308,2.98881e-05,-0.00237693,0.00142406,0.0289318,0.000139363,7.63424e-06,-6.57122e-06,-4.33951e-06,4.12048e-05,-0.00141395,0.000139363,0.0466693,
0.00159473,-5.36744e-06,-0.00176511,1.66634e-05,0.000123326,-4.33849e-05,7.63999e-06,-5.36744e-06,0.00113687,2.23949e-05,0.00127087,0.000358124,0.000421239,-6.52524e-06,-0.00176511,2.23949e-05,0.00362463,-6.3626e-06,-0.00100247,2.92028e-05,-4.18235e-06,1.66634e-05,0.00127087,-6.3626e-06,0.00328257,-0.000535125,-0.00237747,4.11737e-05,0.000123326,0.000358124,-0.00100247,-0.000535125,0.0324671,0.00142295,-0.00141273,-4.33849e-05,0.000421239,2.92028e-05,-0.00237747,0.00142295,0.0289291,0.000139679,7.63999e-06,-6.52524e-06,-4.18235e-06,4.11737e-05,-0.00141273,0.000139679,0.0466692,
0.00159306,-5.41793e-06,-0.00176449,1.66981e-05,0.000123507,-4.38961e-05,7.64574e-06,-5.41793e-06,0.00113676,2.23869e-05,0.00127058,0.000357716,0.00042017,-6.47926e-06,-0.00176449,2.23869e-05,0.00362416,-6.27809e-06,-0.00100469,2.85176e-05,-4.02519e-06,1.66981e-05,0.00127058,-6.27809e-06,0.003282,-0.000535153,-0.002378,4.11425e-05,0.000123507,0.000357716,-0.00100469,-0.000535153,0.0324609,0.00142184,-0.00141152,-4.38961e-05,0.00042017,2.85176e-05,-0.002378,0.00142184,0.0289264,0.000139996,7.64574e-06,-6.47926e-06,-4.02519e-06,4.11425e-05,-0.00141152,0.000139996,0.046669,
0.0015914,-5.46841e-06,-0.00176387,1.67329e-05,0.000123688,-4.44072e-05,7.65149e-06,-5.46841e-06,0.00113666,2.23789e-05,0.00127029,0.000357308,0.000419101,-6.43328e-06,-0.00176387,2.23789e-05,0.00362368,-6.19359e-06,-0.00100691,2.78324e-05,-3.86804e-06,1.67329e-05,0.00127029,-6.19359e-06,0.00328142,-0.00053518,-0.00237854,4.11113e-05,0.000123688,0.000357308,-0.00100691,-0.00053518,0.0324547,0.00142074,-0.0014103,-4.44072e-05,0.000419101,2.78324e-05,-0.00237854,0.00142074,0.0289237,0.000140312,7.65149e-06,-6.43328e-06,-3.86804e-06,4.11113e-05,-0.0014103,0.000140312,0.0466689,
0.00158973,-5.5189e-06,-0.00176325,1.67677e-05,0.00012387,-4.49183e-05,7.65725e-06,-5.5189e-06,0.00113655,2.23709e-05,0.00127,0.0003569,0.000418032,-6.3873e-06,-0.00176325,2.23709e-05,0.00362321,-6.10908e-06,-0.00100913,2.71471e-05,-3.71088e-06,1.67677e-05,0.00127,-6.10908e-06,0.00328084,-0.000535208,-0.00237907,4.10801e-05,0.00012387,0.0003569,-0.00100913,-0.000535208,0.0324484,0.00141963,-0.00140908,-4.49183e-05,0.000418032,2.71471e-05,-0.00237907,0.00141963,0.028921,0.000140628,7.65725e-06,-6.3873e-06,-3.71088e-06,4.10801e-05,-0.00140908,0.000140628,0.0466687,
0.00158809,-5.56887e-06,-0.00176262,1.68003e-05,0.00012407,-4.54219e-05,7.65924e-06,-5.56887e-06,0.00113644,2.23619e-05,0.00126971,0.000356482,0.000416937,-6.34037e-06,-0.00176262,2.23619e-05,0.00362268,-6.0219e-06,-0.00101139,2.64478e-05,-3.55066e-06,1.68003e-05,0.00126971,-6.0219e-06,0.00328025,-0.000535228,-0.00237961,4.10482e-05,0.00012407,0.000356482,-0.00101139,-0.000535228,0.032442,0.0014185,-0.00140785,-4.54219e-05,0.000416937,2.64478e-05,-0.00237961,0.0014185,0.0289182,0.000140953,7.65924e-06,-6.34037e-06,-3.55066e-06,4.10482e-05,-0.00140785,0.000140953,0.0466685,
0.00158645,-5.61885e-06,-0.00176199,1.68329e-05,0.00012427,-4.59255e-05,7.66124e-06,-5.61885e-06,0.00113634,2.23529e-05,0.00126941,0.000356064,0.000415842,-6.29344e-06,-0.00176199,2.23529e-05,0.00362216,-5.93472e-06,-0.00101365,2.57486e-05,-3.39044e-06,1.68329e-05,0.00126941,-5.93472e-06,0.00327966,-0.000535249,-0.00238015,4.10163e-05,0.00012427,0.000356064,-0.00101365,-0.000535249,0.0324356,0.00141737,-0.00140662,-4.59255e-05,0.000415842,2.57486e-05,-0.00238015,0.00141737,0.0289155,0.000141278,7.66124e-06,-6.29344e-06,-3.39044e-06,4.10163e-05,-0.00140662,0.000141278,0.0466684,
0.00158481,-5.66882e-06,-0.00176136,1.68656e-05,0.00012447,-4.64291e-05,7.66324e-06,-5.66882e-06,0.00113623,2.23439e-05,0.00126912,0.000355646,0.000414747,-6.24651e-06,-0.00176136,2.23439e-05,0.00362163,-5.84754e-06,-0.0010159,2.50493e-05,-3.23022e-06,1.68656e-05,0.00126912,-5.84754e-06,0.00327907,-0.000535269,-0.00238068,4.09844e-05,0.00012447,0.000355646,-0.0010159,-0.000535269,0.0324292,0.00141624,-0.00140539,-4.64291e-05,0.000414747,2.50493e-05,-0.00238068,0.00141624,0.0289127,0.000141603,7.66324e-06,-6.24651e-06,-3.23022e-06,4.09844e-05,-0.00140539,0.000141603,0.0466682,
0.00158317,-5.7188e-06,-0.00176072,1.68982e-05,0.00012467,-4.69327e-05,7.66524e-06,-5.7188e-06,0.00113612,2.23349e-05,0.00126883,0.000355228,0.000413652,-6.19958e-06,-0.00176072,2.23349e-05,0.0036211,-5.76036e-06,-0.00101816,2.43501e-05,-3.07e-06,1.68982e-05,0.00126883,-5.76036e-06,0.00327848,-0.000535289,-0.00238122,4.09525e-05,0.00012467,0.000355228,-0.00101816,-0.000535289,0.0324228,0.00141511,-0.00140416,-4.69327e-05,0.000413652,2.43501e-05,-0.00238122,0.00141511,0.0289099,0.000141928,7.66524e-06,-6.19958e-06,-3.07e-06,4.09525e-05,-0.00140416,0.000141928,0.046668,
0.00158152,-5.76877e-06,-0.00176009,1.69309e-05,0.00012487,-4.74363e-05,7.66724e-06,-5.76877e-06,0.00113601,2.23259e-05,0.00126853,0.00035481,0.000412557,-6.15265e-06,-0.00176009,2.23259e-05,0.00362057,-5.67318e-06,-0.00102042,2.36508e-05,-2.90978e-06,1.69308e-05,0.00126853,-5.67318e-06,0.00327788,-0.000535309,-0.00238176,4.09206e-05,0.00012487,0.00035481,-0.00102042,-0.000535309,0.0324164,0.00141398,-0.00140292,-4.74363e-05,0.000412557,2.36508e-05,-0.00238176,0.00141398,0.0289072,0.000142253,7.66724e-06,-6.15265e-06,-2.90978e-06,4.09206e-05,-0.00140292,0.000142253,0.0466679,
0.00157988,-5.81875e-06,-0.00175946,1.69635e-05,0.00012507,-4.79399e-05,7.66923e-06,-5.81875e-06,0.00113591,2.23169e-05,0.00126824,0.000354392,0.000411463,-6.10572e-06,-0.00175946,2.23169e-05,0.00362005,-5.586e-06,-0.00102267,2.29515e-05,-2.74956e-06,1.69635e-05,0.00126824,-5.586e-06,0.00327729,-0.000535329,-0.0023823,4.08888e-05,0.00012507,0.000354392,-0.00102267,-0.000535329,0.03241,0.00141285,-0.00140169,-4.79399e-05,0.000411463,2.29515e-05,-0.0023823,0.00141285,0.0289044,0.000142578,7.66923e-06,-6.10572e-06,-2.74956e-06,4.08888e-05,-0.00140169,0.000142578,0.0466677,
0.00157828,-5.86777e-06,-0.00175882,1.69939e-05,0.00012529,-4.84324e-05,7.66761e-06,-5.86777e-06,0.0011358,2.23071e-05,0.00126794,0.000353967,0.000410351,-6.05832e-06,-0.00175882,2.23071e-05,0.00361947,-5.49666e-06,-0.00102495,2.22423e-05,-2.58716e-06,1.69939e-05,0.00126794,-5.49666e-06,0.00327669,-0.000535342,-0.00238284,4.08562e-05,0.00012529,0.000353967,-0.00102495,-0.000535342,0.0324035,0.00141171,-0.00140045,-4.84324e-05,0.000410351,2.22423e-05,-0.00238284,0.00141171,0.0289016,0.000142907,7.66761e-06,-6.05832e-06,-2.58716e-06,4.08562e-05,-0.00140045,0.000142907,0.0466675,
0.00157668,-5.91679e-06,-0.00175817,1.70244e-05,0.000125509,-4.89248e-05,7.66599e-06,-5.91679e-06,0.00113569,2.22973e-05,0.00126764,0.000353542,0.00040924,-6.01093e-06,-0.00175817,2.22973e-05,0.00361889,-5.40732e-06,-0.00102722,2.1533e-05,-2.42476e-06,1.70244e-05,0.00126764,-5.40732e-06,0.00327608,-0.000535355,-0.00238338,4.08237e-05,0.000125509,0.000353542,-0.00102722,-0.000535355,0.032397,0.00141056,-0.00139921,-4.89248e-05,0.00040924,2.1533e-05,-0.00238338,0.00141056,0.0288988,0.000143235,7.66599e-06,-6.01093e-06,-2.42476e-06,4.08237e-05,-0.00139921,0.000143235,0.0466674,
0.00157507,-5.96581e-06,-0.00175753,1.70549e-05,0.000125729,-4.94172e-05,7.66437e-06,-5.96581e-06,0.00113558,2.22876e-05,0.00126734,0.000353117,0.000408129,-5.96354e-06,-0.00175753,2.22876e-05,0.00361831,-5.31798e-06,-0.00102949,2.08237e-05,-2.26235e-06,1.70549e-05,0.00126734,-5.31797e-06,0.00327548,-0.000535368,-0.00238392,4.07911e-05,0.000125729,0.000353117,-0.00102949,-0.000535368,0.0323905,0.00140942,-0.00139797,-4.94172e-05,0.000408129,2.08237e-05,-0.00238392,0.00140942,0.028896,0.000143564,7.66437e-06,-5.96354e-06,-2.26235e-06,4.07911e-05,-0.00139797,0.000143564,0.0466672,
0.00157347,-6.01483e-06,-0.00175689,1.70853e-05,0.000125948,-4.99096e-05,7.66274e-06,-6.01482e-06,0.00113547,2.22778e-05,0.00126704,0.000352692,0.000407017,-5.91615e-06,-0.00175689,2.22778e-05,0.00361773,-5.22863e-06,-0.00103177,2.01145e-05,-2.09995e-06,1.70853e-05,0.00126704,-5.22863e-06,0.00327488,-0.00053538,-0.00238446,4.07586e-05,0.000125948,0.000352692,-0.00103177,-0.00053538,0.032384,0.00140828,-0.00139673,-4.99096e-05,0.000407017,2.01145e-05,-0.00238446,0.00140828,0.0288932,0.000143892,7.66274e-06,-5.91615e-06,-2.09995e-06,4.07586e-05,-0.00139673,0.000143892,0.046667,
0.00157186,-6.06384e-06,-0.00175625,1.71158e-05,0.000126168,-5.0402e-05,7.66112e-06,-6.06384e-06,0.00113536,2.2268e-05,0.00126674,0.000352268,0.000405906,-5.86876e-06,-0.00175625,2.2268e-05,0.00361715,-5.13929e-06,-0.00103404,1.94052e-05,-1.93754e-06,1.71158e-05,0.00126674,-5.13929e-06,0.00327427,-0.000535393,-0.002385,4.07261e-05,0.000126168,0.000352268,-0.00103404,-0.000535393,0.0323775,0.00140713,-0.00139549,-5.0402e-05,0.000405906,1.94052e-05,-0.002385,0.00140713,0.0288904,0.000144221,7.66112e-06,-5.86876e-06,-1.93754e-06,4.07261e-05,-0.00139549,0.000144221,0.0466669,
0.00157026,-6.11286e-06,-0.00175561,1.71462e-05,0.000126387,-5.08945e-05,7.6595e-06,-6.11286e-06,0.00113526,2.22583e-05,0.00126644,0.000351843,0.000404795,-5.82137e-06,-0.00175561,2.22583e-05,0.00361657,-5.04995e-06,-0.00103631,1.8696e-05,-1.77514e-06,1.71462e-05,0.00126644,-5.04995e-06,0.00327367,-0.000535406,-0.00238554,4.06935e-05,0.000126387,0.000351843,-0.00103631,-0.000535406,0.032371,0.00140599,-0.00139425,-5.08945e-05,0.000404795,1.8696e-05,-0.00238554,0.00140599,0.0288876,0.000144549,7.6595e-06,-5.82137e-06,-1.77514e-06,4.06935e-05,-0.00139425,0.000144549,0.0466667,
0.0015687,-6.16069e-06,-0.00175496,1.71745e-05,0.000126627,-5.13737e-05,7.65442e-06,-6.16068e-06,0.00113515,2.22479e-05,0.00126614,0.000351413,0.000403673,-5.77382e-06,-0.00175496,2.22479e-05,0.00361593,-4.95874e-06,-0.00103859,1.79789e-05,-1.61094e-06,1.71745e-05,0.00126614,-4.95874e-06,0.00327305,-0.000535411,-0.00238607,4.06603e-05,0.000126627,0.000351413,-0.00103859,-0.000535411,0.0323644,0.00140484,-0.001393,-5.13737e-05,0.000403673,1.79789e-05,-0.00238607,0.00140484,0.0288848,0.000144877,7.65442e-06,-5.77382e-06,-1.61094e-06,4.06603e-05,-0.001393,0.000144877,0.0466665,
0.00156714,-6.20851e-06,-0.00175431,1.72028e-05,0.000126866,-5.1853e-05,7.64935e-06,-6.20851e-06,0.00113504,2.22376e-05,0.00126583,0.000350984,0.000402551,-5.72627e-06,-0.00175431,2.22376e-05,0.0036153,-4.86753e-06,-0.00104087,1.72619e-05,-1.44675e-06,1.72028e-05,0.00126583,-4.86753e-06,0.00327244,-0.000535416,-0.00238661,4.06271e-05,0.000126866,0.000350984,-0.00104087,-0.000535416,0.0323579,0.00140368,-0.00139176,-5.1853e-05,0.000402551,1.72619e-05,-0.00238661,0.00140368,0.028882,0.000145205,7.64935e-06,-5.72627e-06,-1.44675e-06,4.06271e-05,-0.00139176,0.000145205,0.0466664,
0.00156558,-6.25633e-06,-0.00175367,1.72311e-05,0.000127106,-5.23322e-05,7.64427e-06,-6.25633e-06,0.00113493,2.22272e-05,0.00126553,0.000350554,0.000401429,-5.67872e-06,-0.00175367,2.22272e-05,0.00361467,-4.77632e-06,-0.00104315,1.65449e-05,-1.28255e-06,1.72311e-05,0.00126553,-4.77632e-06,0.00327183,-0.000535421,-0.00238715,4.05939e-05,0.000127106,0.000350554,-0.00104315,-0.000535421,0.0323513,0.00140253,-0.00139051,-5.23322e-05,0.000401429,1.65449e-05,-0.00238715,0.00140253,0.0288792,0.000145534,7.64427e-06,-5.67872e-06,-1.28255e-06,4.05939e-05,-0.00139051,0.000145534,0.0466662,
0.00156403,-6.30415e-06,-0.00175302,1.72594e-05,0.000127345,-5.28115e-05,7.63919e-06,-6.30415e-06,0.00113482,2.22169e-05,0.00126523,0.000350124,0.000400307,-5.63117e-06,-0.00175302,2.22169e-05,0.00361404,-4.68512e-06,-0.00104542,1.58279e-05,-1.11836e-06,1.72594e-05,0.00126523,-4.68512e-06,0.00327121,-0.000535426,-0.00238768,4.05606e-05,0.000127345,0.000350124,-0.00104542,-0.000535426,0.0323447,0.00140138,-0.00138926,-5.28115e-05,0.000400307,1.58279e-05,-0.00238768,0.00140138,0.0288764,0.000145862,7.63919e-06,-5.63117e-06,-1.11836e-06,4.05606e-05,-0.00138926,0.000145862,0.046666,
0.00156247,-6.35197e-06,-0.00175237,1.72877e-05,0.000127585,-5.32907e-05,7.63412e-06,-6.35197e-06,0.00113471,2.22065e-05,0.00126492,0.000349695,0.000399185,-5.58362e-06,-0.00175237,2.22065e-05,0.00361341,-4.59391e-06,-0.0010477,1.51109e-05,-9.5416e-07,1.72877e-05,0.00126492,-4.59391e-06,0.0032706,-0.000535432,-0.00238822,4.05274e-05,0.000127585,0.000349695,-0.0010477,-0.000535432,0.0323382,0.00140023,-0.00138802,-5.32907e-05,0.000399185,1.51109e-05,-0.00238822,0.00140023,0.0288736,0.00014619,7.63412e-06,-5.58362e-06,-9.5416e-07,4.05274e-05,-0.00138802,0.00014619,0.0466659,
0.00156091,-6.39979e-06,-0.00175172,1.7316e-05,0.000127824,-5.377e-05,7.62904e-06,-6.39979e-06,0.0011346,2.21962e-05,0.00126462,0.000349265,0.000398063,-5.53607e-06,-0.00175172,2.21962e-05,0.00361278,-4.5027e-06,-0.00104998,1.43939e-05,-7.89964e-07,1.7316e-05,0.00126462,-4.5027e-06,0.00326999,-0.000535437,-0.00238876,4.04942e-05,0.000127824,0.000349265,-0.00104998,-0.000535437,0.0323316,0.00139908,-0.00138677,-5.377e-05,0.000398063,1.43939e-05,-0.00238876,0.00139908,0.0288708,0.000146518,7.62904e-06,-5.53607e-06,-7.89964e-07,4.04942e-05,-0.00138677,0.000146518,0.0466657,
0.0015594,-6.44629e-06,-0.00175107,1.73422e-05,0.000128084,-5.42349e-05,7.62067e-06,-6.44629e-06,0.00113449,2.21854e-05,0.00126431,0.000348832,0.000396934,-5.48856e-06,-0.00175107,2.21854e-05,0.0036121,-4.40981e-06,-0.00105226,1.36704e-05,-6.24144e-07,1.73422e-05,0.00126431,-4.40981e-06,0.00326936,-0.000535435,-0.00238929,4.04603e-05,0.000128084,0.000348832,-0.00105226,-0.000535435,0.032325,0.00139792,-0.00138553,-5.42349e-05,0.000396934,1.36704e-05,-0.00238929,0.00139792,0.0288679,0.000146843,7.62067e-06,-5.48856e-06,-6.24144e-07,4.04603e-05,-0.00138553,0.000146843,0.0466655,
0.00155789,-6.49279e-06,-0.00175042,1.73683e-05,0.000128344,-5.46999e-05,7.61229e-06,-6.49279e-06,0.00113439,2.21745e-05,0.00126401,0.000348399,0.000395805,-5.44104e-06,-0.00175042,2.21745e-05,0.00361142,-4.31691e-06,-0.00105453,1.2947e-05,-4.58324e-07,1.73683e-05,0.00126401,-4.31691e-06,0.00326874,-0.000535433,-0.00238983,4.04263e-05,0.000128344,0.000348399,-0.00105453,-0.000535433,0.0323184,0.00139676,-0.00138428,-5.46999e-05,0.000395805,1.29469e-05,-0.00238983,0.00139676,0.0288651,0.000147168,7.61229e-06,-5.44104e-06,-4.58324e-07,4.04263e-05,-0.00138428,0.000147168,0.0466654,
0.00155638,-6.53929e-06,-0.00174977,1.73945e-05,0.000128604,-5.51649e-05,7.60392e-06,-6.53929e-06,0.00113428,2.21637e-05,0.0012637,0.000347966,0.000394676,-5.39352e-06,-0.00174977,2.21637e-05,0.00361073,-4.22402e-06,-0.00105681,1.22235e-05,-2.92504e-07,1.73945e-05,0.0012637,-4.22402e-06,0.00326812,-0.000535431,-0.00239036,4.03924e-05,0.000128604,0.000347966,-0.00105681,-0.000535431,0.0323118,0.0013956,-0.00138303,-5.51649e-05,0.000394676,1.22235e-05,-0.00239036,0.0013956,0.0288623,0.000147494,7.60392e-06,-5.39352e-06,-2.92504e-07,4.03924e-05,-0.00138303,0.000147494,0.0466652,
0.00155487,-6.58579e-06,-0.00174912,1.74206e-05,0.000128864,-5.56299e-05,7.59554e-06,-6.58579e-06,0.00113417,2.21529e-05,0.00126339,0.000347533,0.000393546,-5.34601e-06,-0.00174912,2.21529e-05,0.00361005,-4.13112e-06,-0.00105909,1.15e-05,-1.26684e-07,1.74206e-05,0.00126339,-4.13112e-06,0.0032675,-0.000535429,-0.00239089,4.03584e-05,0.000128864,0.000347533,-0.00105909,-0.000535429,0.0323052,0.00139445,-0.00138178,-5.56299e-05,0.000393546,1.15e-05,-0.00239089,0.00139445,0.0288594,0.000147819,7.59554e-06,-5.34601e-06,-1.26684e-07,4.03584e-05,-0.00138178,0.000147819,0.046665,
0.00155336,-6.63229e-06,-0.00174847,1.74468e-05,0.000129124,-5.60949e-05,7.58717e-06,-6.63229e-06,0.00113406,2.2142e-05,0.00126309,0.0003471,0.000392417,-5.29849e-06,-0.00174847,2.2142e-05,0.00360937,-4.03823e-06,-0.00106137,1.07765e-05,3.91366e-08,1.74468e-05,0.00126309,-4.03823e-06,0.00326688,-0.000535427,-0.00239143,4.03245e-05,0.000129124,0.0003471,-0.00106137,-0.000535427,0.0322986,0.00139329,-0.00138053,-5.60949e-05,0.000392417,1.07765e-05,-0.00239143,0.00139329,0.0288566,0.000148144,7.58717e-06,-5.29849e-06,3.91366e-08,4.03245e-05,-0.00138053,0.000148144,0.0466649,
0.00155185,-6.67879e-06,-0.00174781,1.74729e-05,0.000129384,-5.65599e-05,7.5788e-06,-6.67879e-06,0.00113395,2.21312e-05,0.00126278,0.000346667,0.000391288,-5.25097e-06,-0.00174781,2.21312e-05,0.00360869,-3.94533e-06,-0.00106364,1.0053e-05,2.04957e-07,1.74729e-05,0.00126278,-3.94533e-06,0.00326625,-0.000535424,-0.00239196,4.02906e-05,0.000129384,0.000346667,-0.00106364,-0.000535424,0.032292,0.00139213,-0.00137929,-5.65599e-05,0.000391288,1.0053e-05,-0.00239196,0.00139213,0.0288538,0.000148469,7.5788e-06,-5.25098e-06,2.04957e-07,4.02906e-05,-0.00137929,0.000148469,0.0466647,
0.00155039,-6.72391e-06,-0.00174716,1.7497e-05,0.000129665,-5.701e-05,7.56726e-06,-6.72391e-06,0.00113384,2.212e-05,0.00126247,0.000346231,0.000390154,-5.20362e-06,-0.00174716,2.212e-05,0.00360796,-3.85086e-06,-0.00106592,9.32376e-06,3.72331e-07,1.7497e-05,0.00126247,-3.85086e-06,0.00326563,-0.000535415,-0.00239249,4.02559e-05,0.000129665,0.000346231,-0.00106592,-0.000535415,0.0322854,0.00139097,-0.00137804,-5.701e-05,0.000390154,9.32376e-06,-0.00239249,0.00139097,0.0288509,0.00014879,7.56726e-06,-5.20362e-06,3.72331e-07,4.02559e-05,-0.00137804,0.00014879,0.0466645,
0.00154893,-6.76903e-06,-0.0017465,1.7521e-05,0.000129946,-5.74602e-05,7.55573e-06,-6.76903e-06,0.00113373,2.21087e-05,0.00126216,0.000345795,0.00038902,-5.15626e-06,-0.0017465,2.21087e-05,0.00360723,-3.75639e-06,-0.00106819,8.5945e-06,5.39705e-07,1.7521e-05,0.00126216,-3.75639e-06,0.003265,-0.000535406,-0.00239302,4.02212e-05,0.000129946,0.000345795,-0.00106819,-0.000535406,0.0322788,0.00138982,-0.00137679,-5.74602e-05,0.00038902,8.5945e-06,-0.00239302,0.00138982,0.0288481,0.00014911,7.55573e-06,-5.15626e-06,5.39705e-07,4.02212e-05,-0.00137679,0.00014911,0.0466644,
0.00154747,-6.81415e-06,-0.00174585,1.75451e-05,0.000130227,-5.79103e-05,7.54419e-06,-6.81415e-06,0.00113363,2.20975e-05,0.00126185,0.000345359,0.000387886,-5.1089e-06,-0.00174585,2.20975e-05,0.00360649,-3.66191e-06,-0.00107046,7.86524e-06,7.0708e-07,1.75451e-05,0.00126185,-3.66191e-06,0.00326437,-0.000535397,-0.00239355,4.01865e-05,0.000130227,0.000345359,-0.00107046,-0.000535397,0.0322722,0.00138866,-0.00137554,-5.79103e-05,0.000387886,7.86524e-06,-0.00239355,0.00138866,0.0288453,0.00014943,7.54419e-06,-5.1089e-06,7.0708e-07,4.01865e-05,-0.00137554,0.00014943,0.0466642,
0.00154601,-6.85927e-06,-0.00174519,1.75691e-05,0.000130507,-5.83605e-05,7.53265e-06,-6.85927e-06,0.00113352,2.20862e-05,0.00126154,0.000344923,0.000386752,-5.06155e-06,-0.00174519,2.20862e-05,0.00360576,-3.56744e-06,-0.00107273,7.13598e-06,8.74454e-07,1.75691e-05,0.00126154,-3.56744e-06,0.00326374,-0.000535388,-0.00239408,4.01518e-05,0.000130507,0.000344923,-0.00107273,-0.000535388,0.0322655,0.0013875,-0.00137429,-5.83605e-05,0.000386752,7.13598e-06,-0.00239408,0.0013875,0.0288424,0.000149751,7.53265e-06,-5.06155e-06,8.74454e-07,4.01518e-05,-0.00137429,0.000149751,0.046664,
0.00154455,-6.90439e-06,-0.00174454,1.75931e-05,0.000130788,-5.88106e-05,7.52112e-06,-6.90439e-06,0.00113341,2.2075e-05,0.00126123,0.000344487,0.000385618,-5.01419e-06,-0.00174454,2.2075e-05,0.00360503,-3.47297e-06,-0.00107501,6.40672e-06,1.04183e-06,1.75931e-05,0.00126123,-3.47297e-06,0.00326311,-0.000535379,-0.00239461,4.01171e-05,0.000130788,0.000344487,-0.00107501,-0.000535379,0.0322589,0.00138634,-0.00137304,-5.88106e-05,0.000385618,6.40672e-06,-0.00239461,0.00138634,0.0288396,0.000150071,7.52112e-06,-5.01419e-06,1.04183e-06,4.01171e-05,-0.00137304,0.000150071,0.0466639,
0.00154309,-6.9495e-06,-0.00174388,1.76172e-05,0.000131069,-5.92608e-05,7.50958e-06,-6.9495e-06,0.0011333,2.20637e-05,0.00126092,0.000344052,0.000384484,-4.96683e-06,-0.00174388,2.20637e-05,0.0036043,-3.37849e-06,-0.00107728,5.67746e-06,1.2092e-06,1.76172e-05,0.00126092,-3.37849e-06,0.00326248,-0.000535369,-0.00239514,4.00824e-05,0.000131069,0.000344052,-0.00107728,-0.000535369,0.0322523,0.00138518,-0.00137179,-5.92608e-05,0.000384484,5.67746e-06,-0.00239514,0.00138518,0.0288368,0.000150392,7.50958e-06,-4.96683e-06,1.2092e-06,4.00824e-05,-0.00137179,0.000150392,0.0466637,
0.00154168,-6.99322e-06,-0.00174323,1.76391e-05,0.00013137,-5.96958e-05,7.49499e-06,-6.99322e-06,0.00113319,2.20521e-05,0.00126061,0.000343614,0.000383346,-4.91972e-06,-0.00174323,2.20521e-05,0.00360352,-3.28251e-06,-0.00107955,4.94281e-06,1.3781e-06,1.76391e-05,0.00126061,-3.28251e-06,0.00326185,-0.000535353,-0.00239566,4.00469e-05,0.00013137,0.000343614,-0.00107955,-0.000535353,0.0322457,0.00138402,-0.00137054,-5.96958e-05,0.000383346,4.94281e-06,-0.00239566,0.00138402,0.0288339,0.000150706,7.49499e-06,-4.91972e-06,1.3781e-06,4.00469e-05,-0.00137054,0.000150706,0.0466636,
