0.00289037,0.000870322,-0.00088445,0.000793661,-0.000142738,0.00157634,-1.16604e-05,0.000870419,0.00195899,0.000935531,-0.000344602,-0.00108428,0.000338035,-1.70472e-05,-0.000884219,0.000935514,0.00256705,-0.000806041,0.00033229,0.00159422,-1.2751e-05,0.00079382,-0.000344561,-0.000805917,0.00206935,2.6755e-07,-0.00142221,0.000135026,-0.000141872,-0.00108383,0.000333516,6.4727e-07,0.0347619,0.00227851,-0.00173025,0.00157451,0.000337258,0.00159207,-0.00142271,0.00228015,0.0299408,5.40671e-05,-1.2239e-05,-1.77944e-05,-1.46232e-05,0.000134048,-0.0017342,6.3494e-05,0.0467082,
0.00289358,0.000870914,-0.000889978,0,-0.000142242,0.00157399,-1.1019e-05,0.000871012,0.0019595,0.000935692,0,-0.00108547,0.000338245,-1.66179e-05,-0.000889742,0.000935678,0.00257188,0,0.000324781,0.00158986,-1.16969e-05,0.000791273,-0.000343221,-0.000805794,0,-9.2803e-06,-0.00143102,0.00013558,-0.000141367,-0.00108501,0.000325992,0,0.0347583,0.00227747,-0.00172523,0.00157213,0.000337456,0.0015877,0,0.00227906,0.0299347,5.39506e-05,-1.15941e-05,-1.73594e-05,-1.35518e-05,0,-0.00172915,6.33525e-05,0.0467077,
0.00289787,0.000871729,-0.000895831,0,-0.000142248,0.0015716,-1.03844e-05,0.000871829,0.00195961,0.000936321,0,-0.00108726,0.000337925,-1.62088e-05,-0.000895591,0.000936308,0.00257825,0,0.000315764,0.00158566,-1.0663e-05,0.000788583,-0.000341657,-0.000805715,0,-1.93569e-05,-0.00143968,0.000136168,-0.000141364,-0.00108681,0.000316962,0,0.0347539,0.00227606,-0.00171968,0.00156971,0.000337127,0.00158351,0,0.00227759,0.0299286,5.39461e-05,-1.09571e-05,-1.69447e-05,-1.25017e-05,0,-0.00172359,6.33255e-05,0.0467071,
0.00290226,0.000872635,-0.000901209,0,-0.000142404,0.00156679,-1.01737e-05,0.000872635,0.00195949,0.000937552,0,-0.00108868,0.000335128,-1.64767e-05,-0.000901209,0.000937552,0.00258568,0,0.000307007,0.00157645,-1.13274e-05,0.000786047,-0.000339773,-0.000805494,0,-3.05383e-05,-0.00145197,0.000135904,-0.000142404,-0.00108868,0.000307006,0,0.0347527,0.00226313,-0.00171685,0.00156679,0.000335128,0.00157645,0,0.00226313,0.029948,6.40691e-05,-1.01737e-05,-1.64767e-05,-1.13274e-05,0,-0.00171685,6.40691e-05,0.0467067,
0.00290686,0.000873513,-0.000906494,0.00078372,-0.000143339,0.00156373,-9.47492e-06,0.000873513,0.0019591,0.000938831,-0.000337872,-0.00109116,0.000334089,-1.60403e-05,-0.000906494,0.000938831,0.00259304,-0.000805498,0.00029603,0.00157247,-1.02004e-05,0.00078372,-0.000337872,-0.000805498,0.00205946,-4.20425e-05,-0.00146084,0.000136576,-0.000143339,-0.00109116,0.00029603,-4.20425e-05,0.0347467,0.00226091,-0.00171029,0.00156373,0.000334089,0.00157247,-0.00146084,0.00226091,0.0299416,6.41829e-05,-9.47492e-06,-1.60403e-05,-1.02004e-05,0.000136576,-0.00171029,6.41829e-05,0.046706,
0.00291141,0.000874387,-0.000911673,0.000781395,-0.000144497,0.00156043,-8.7392e-06,0.000874387,0.00195866,0.000940115,-0.000335988,-0.00109369,0.000332978,-1.55839e-05,-0.000911673,0.000940115,0.00260033,-0.000805494,0.000284709,0.00156845,-9.03067e-06,0.000781395,-0.000335988,-0.000805494,0.00205703,-5.40303e-05,-0.00146996,0.000137265,-0.000144497,-0.00109369,0.000284709,-5.40303e-05,0.0347401,0.00225852,-0.0017034,0.00156043,0.000332978,0.00156845,-0.00146996,0.00225852,0.0299348,6.43575e-05,-8.73918e-06,-1.55839e-05,-9.03067e-06,0.000137265,-0.0017034,6.43575e-05,0.0467053,
0.00291593,0.000875257,-0.000916774,0.000779087,-0.000145658,0.00155721,-8.02089e-06,0.000875257,0.0019582,0.000941414,-0.000334084,-0.00109616,0.000331849,-1.51424e-05,-0.000916774,0.000941414,0.00260762,-0.000805429,0.000273559,0.00156444,-7.89119e-06,0.000779087,-0.000334084,-0.000805429,0.00205462,-6.57106e-05,-0.00147887,0.000137927,-0.000145658,-0.00109616,0.000273559,-6.57107e-05,0.0347334,0.00225604,-0.00169667,0.00155721,0.000331849,0.00156444,-0.00147887,0.00225604,0.029928,6.45117e-05,-8.02086e-06,-1.51423e-05,-7.89119e-06,0.000137927,-0.00169667,6.45117e-05,0.0467047,
0.00292039,0.00087612,-0.00092182,0.000776778,-0.000146897,0.00155394,-7.29644e-06,0.00087612,0.00195774,0.000942713,-0.000332169,-0.00109863,0.00033071,-1.47004e-05,-0.00092182,0.000942713,0.00261489,-0.000805317,0.000262376,0.00156043,-6.75127e-06,0.000776778,-0.000332169,-0.000805317,0.00205223,-7.74155e-05,-0.00148774,0.00013858,-0.000146897,-0.00109863,0.000262376,-7.74155e-05,0.0347264,0.00225346,-0.00168989,0.00155394,0.00033071,0.00156043,-0.00148774,0.00225346,0.0299211,6.46806e-05,-7.29644e-06,-1.47004e-05,-6.75127e-06,0.00013858,-0.00168989,6.46805e-05,0.046704,
0.00292481,0.000876979,-0.000926817,0.000774463,-0.000148176,0.00155066,-6.57455e-06,0.000876979,0.00195727,0.000944009,-0.000330246,-0.00110105,0.000329562,-1.42633e-05,-0.000926817,0.000944009,0.00262213,-0.000805152,0.000251247,0.00155642,-5.62195e-06,0.000774463,-0.000330246,-0.000805152,0.00204985,-8.90182e-05,-0.00149653,0.000139218,-0.000148176,-0.00110105,0.000251247,-8.90181e-05,0.0347193,0.00225078,-0.00168314,0.00155066,0.000329562,0.00155642,-0.00149653,0.00225078,0.0299141,6.48507e-05,-6.57457e-06,-1.42633e-05,-5.62195e-06,0.000139218,-0.00168314,6.48507e-05,0.0467033,
0.00292921,0.000877836,-0.000931771,0.000772137,-0.000149511,0.00154738,-5.85185e-06,0.000877836,0.00195678,0.000945298,-0.000328318,-0.00110345,0.000328407,-1.38291e-05,-0.000931771,0.000945298,0.00262936,-0.000804937,0.000240142,0.0015524,-4.49893e-06,0.000772137,-0.000328318,-0.000804937,0.00204749,-0.000100566,-0.00150525,0.000139844,-0.000149511,-0.00110345,0.000240142,-0.000100566,0.034712,0.002248,-0.00167638,0.00154738,0.000328407,0.0015524,-0.00150525,0.002248,0.029907,6.50277e-05,-5.85182e-06,-1.38291e-05,-4.4989e-06,0.000139844,-0.00167638,6.50277e-05,0.0467027,
0.00293357,0.000878692,-0.000936687,0.000769796,-0.000150893,0.00154409,-5.12951e-06,0.000878692,0.0019563,0.000946578,-0.00032639,-0.00110582,0.000327244,-1.33984e-05,-0.000936687,0.000946578,0.00263656,-0.000804673,0.000229074,0.00154838,-3.38352e-06,0.000769795,-0.00032639,-0.000804673,0.00204515,-0.000112043,-0.00151391,0.000140457,-0.000150893,-0.00110582,0.000229074,-0.000112043,0.0347045,0.00224514,-0.00166962,0.00154409,0.000327244,0.00154838,-0.00151391,0.00224514,0.0298998,6.52091e-05,-5.12956e-06,-1.33984e-05,-3.38357e-06,0.000140457,-0.00166962,6.52091e-05,0.046702,
0.00293792,0.000879548,-0.000941566,0.000767437,-0.000152327,0.00154079,-4.40714e-06,0.000879548,0.0019558,0.000947848,-0.000324462,-0.00110815,0.000326075,-1.29708e-05,-0.000941566,0.000947848,0.00264374,-0.00080436,0.000218038,0.00154435,-2.27521e-06,0.000767437,-0.000324462,-0.00080436,0.00204281,-0.000123455,-0.0015225,0.000141058,-0.000152327,-0.00110815,0.000218038,-0.000123455,0.0346968,0.00224219,-0.00166287,0.00154079,0.000326075,0.00154435,-0.0015225,0.00224219,0.0298926,6.53956e-05,-4.40714e-06,-1.29708e-05,-2.27524e-06,0.000141058,-0.00166287,6.53955e-05,0.0467014,
0.00294224,0.000880403,-0.000946411,0.00076506,-0.000153811,0.00153748,-3.68489e-06,0.000880403,0.00195529,0.000949106,-0.000322537,-0.00111046,0.000324899,-1.25464e-05,-0.000946411,0.000949106,0.00265089,-0.000803998,0.000207039,0.00154032,-1.17403e-06,0.00076506,-0.000322537,-0.000803998,0.00204049,-0.0001348,-0.00153103,0.000141646,-0.000153811,-0.00111046,0.000207039,-0.0001348,0.0346889,0.00223915,-0.00165612,0.00153748,0.000324899,0.00154032,-0.00153103,0.00223915,0.0298852,6.55861e-05,-3.68489e-06,-1.25464e-05,-1.17406e-06,0.000141646,-0.00165612,6.55861e-05,0.0467007,
0.00294654,0.000881259,-0.000951222,0.000762664,-0.000155344,0.00153417,-2.96274e-06,0.000881259,0.00195478,0.000950352,-0.000320614,-0.00111273,0.000323717,-1.21251e-05,-0.000951222,0.000950352,0.00265803,-0.00080359,0.000196075,0.00153628,-7.99916e-08,0.000762664,-0.000320614,-0.00080359,0.00203818,-0.00014608,-0.00153949,0.000142222,-0.000155344,-0.00111273,0.000196075,-0.00014608,0.0346809,0.00223603,-0.00164938,0.00153417,0.000323717,0.00153628,-0.00153949,0.00223603,0.0298778,6.57808e-05,-2.96274e-06,-1.21251e-05,-7.99916e-08,0.000142222,-0.00164938,6.57807e-05,0.0467001,
0.00295083,0.000882115,-0.000956,0.000760247,-0.000156926,0.00153085,-2.24074e-06,0.000882115,0.00195425,0.000951586,-0.000318696,-0.00111497,0.000322529,-1.17069e-05,-0.000956,0.000951586,0.00266514,-0.000803134,0.000185148,0.00153223,1.00694e-06,0.000760247,-0.000318696,-0.000803134,0.00203588,-0.000157293,-0.00154789,0.000142785,-0.000156926,-0.00111497,0.000185148,-0.000157293,0.0346726,0.00223282,-0.00164264,0.00153085,0.000322529,0.00153223,-0.00154789,0.00223282,0.0298703,6.59787e-05,-2.24076e-06,-1.17069e-05,1.00692e-06,0.000142785,-0.00164264,6.59787e-05,0.0466994,
0.00295509,0.000882972,-0.000960745,0.000757811,-0.000158558,0.00152753,-1.51892e-06,0.000882972,0.00195372,0.000952807,-0.000316782,-0.00111718,0.000321335,-1.12918e-05,-0.000960745,0.000952807,0.00267223,-0.000802631,0.000174258,0.00152818,2.0868e-06,0.000757811,-0.000316782,-0.000802631,0.00203359,-0.000168441,-0.00155623,0.000143337,-0.000158558,-0.00111718,0.000174258,-0.000168441,0.0346641,0.00222953,-0.0016359,0.00152753,0.000321335,0.00152818,-0.00155623,0.00222953,0.0298627,6.61796e-05,-1.51895e-06,-1.12918e-05,2.08678e-06,0.000143337,-0.0016359,6.61796e-05,0.0466988,
0.00295934,0.00088383,-0.000965458,0.000755354,-0.000160239,0.0015242,-7.97362e-07,0.00088383,0.00195318,0.000954015,-0.000314874,-0.00111935,0.000320136,-1.08797e-05,-0.000965458,0.000954015,0.00267929,-0.000802083,0.000163407,0.00152412,3.15958e-06,0.000755354,-0.000314874,-0.000802083,0.00203131,-0.000179524,-0.00156451,0.000143876,-0.000160239,-0.00111935,0.000163407,-0.000179524,0.0346555,0.00222616,-0.00162917,0.0015242,0.000320136,0.00152412,-0.00156451,0.00222616,0.029855,6.63828e-05,-7.97362e-07,-1.08797e-05,3.15958e-06,0.000143876,-0.00162917,6.63829e-05,0.0466982,
0.00296357,0.000884688,-0.000970138,0.000752877,-0.000161968,0.00152086,-7.61058e-08,0.000884688,0.00195264,0.000955211,-0.00031297,-0.0011215,0.000318931,-1.04707e-05,-0.000970138,0.000955211,0.00268633,-0.000801489,0.000152594,0.00152006,4.2252e-06,0.000752877,-0.00031297,-0.000801489,0.00202905,-0.000190543,-0.00157273,0.000144402,-0.000161968,-0.0011215,0.000152594,-0.000190543,0.0346467,0.00222271,-0.00162244,0.00152086,0.000318931,0.00152006,-0.00157273,0.00222271,0.0298473,6.65882e-05,-7.61613e-08,-1.04707e-05,4.22518e-06,0.000144402,-0.00162244,6.65882e-05,0.0466975,
0.00296778,0.000885547,-0.000974787,0.00075038,-0.000163745,0.00151752,6.4479e-07,0.000885547,0.00195208,0.000956394,-0.000311072,-0.00112361,0.000317721,-1.00647e-05,-0.000974787,0.000956394,0.00269334,-0.00080085,0.000141821,0.00151599,5.28377e-06,0.00075038,-0.000311072,-0.00080085,0.00202679,-0.000201496,-0.00158089,0.000144917,-0.000163745,-0.00112361,0.000141821,-0.000201496,0.0346377,0.00221919,-0.00161572,0.00151752,0.000317721,0.00151599,-0.00158089,0.00221919,0.0298395,6.67952e-05,6.44818e-07,-1.00647e-05,5.28377e-06,0.000144917,-0.00161572,6.67952e-05,0.0466969,
0.00297197,0.000886407,-0.000979403,0.000747864,-0.00016557,0.00151418,1.3653e-06,0.000886407,0.00195152,0.000957564,-0.000309179,-0.0011257,0.000316507,-9.66166e-06,-0.000979403,0.000957564,0.00270034,-0.000800166,0.000131087,0.00151192,6.33515e-06,0.000747864,-0.000309179,-0.000800166,0.00202455,-0.000212385,-0.00158899,0.00014542,-0.000165571,-0.0011257,0.000131087,-0.000212385,0.0346286,0.00221558,-0.001609,0.00151418,0.000316507,0.00151192,-0.00158899,0.00221558,0.0298316,6.70033e-05,1.36524e-06,-9.66172e-06,6.33515e-06,0.00014542,-0.001609,6.70032e-05,0.0466963,
0.00297615,0.000887268,-0.000983987,0.000745327,-0.000167443,0.00151082,2.0853e-06,0.000887268,0.00195095,0.000958721,-0.000307292,-0.00112775,0.000315287,-9.26165e-06,-0.000983987,0.000958721,0.0027073,-0.000799438,0.000120394,0.00150785,7.37943e-06,0.000745327,-0.000307292,-0.000799438,0.00202232,-0.000223209,-0.00159703,0.000145911,-0.000167443,-0.00112775,0.000120394,-0.000223209,0.0346193,0.00221191,-0.00160228,0.00151082,0.000315287,0.00150785,-0.00159703,0.00221191,0.0298236,6.72121e-05,2.08528e-06,-9.26165e-06,7.37937e-06,0.000145911,-0.00160228,6.72121e-05,0.0466956,
0.00298031,0.000888129,-0.000988538,0.000742772,-0.000169364,0.00150747,2.80481e-06,0.000888129,0.00195037,0.000959866,-0.000305411,-0.00112977,0.000314064,-8.86458e-06,-0.000988538,0.000959866,0.00271424,-0.000798667,0.000109742,0.00150377,8.41652e-06,0.000742772,-0.000305411,-0.000798667,0.0020201,-0.00023397,-0.00160502,0.00014639,-0.000169364,-0.00112977,0.000109742,-0.00023397,0.0346098,0.00220815,-0.00159558,0.00150747,0.000314064,0.00150377,-0.00160502,0.00220815,0.0298156,6.74213e-05,2.80481e-06,-8.86458e-06,8.41649e-06,0.00014639,-0.00159558,6.74213e-05,0.046695,
0.00298445,0.000888991,-0.000993057,0.000740197,-0.000171331,0.0015041,3.52368e-06,0.000888991,0.00194979,0.000960998,-0.000303536,-0.00113176,0.000312836,-8.47045e-06,-0.000993057,0.000960998,0.00272116,-0.000797852,9.9131e-05,0.00149969,9.44644e-06,0.000740197,-0.000303536,-0.000797852,0.0020179,-0.000244666,-0.00161294,0.000146857,-0.000171331,-0.00113176,9.9131e-05,-0.000244666,0.0346002,0.00220433,-0.00158888,0.0015041,0.000312836,0.00149969,-0.00161294,0.00220433,0.0298075,6.76306e-05,3.52368e-06,-8.47045e-06,9.44644e-06,0.000146857,-0.00158888,6.76306e-05,0.0466944,
0.00298857,0.000889853,-0.000997544,0.000737604,-0.000173345,0.00150074,4.24194e-06,0.000889853,0.0019492,0.000962118,-0.000301668,-0.00113373,0.000311605,-8.07931e-06,-0.000997544,0.000962118,0.00272805,-0.000796995,8.85624e-05,0.00149561,1.04692e-05,0.000737604,-0.000301668,-0.000796995,0.0020157,-0.000255298,-0.00162081,0.000147313,-0.000173345,-0.00113373,8.85624e-05,-0.000255298,0.0345904,0.00220044,-0.00158218,0.00150074,0.000311605,0.00149561,-0.00162081,0.00220044,0.0297993,6.78396e-05,4.24194e-06,-8.07931e-06,1.04692e-05,0.000147313,-0.00158218,6.78396e-05,0.0466938,
0.00299267,0.000890716,-0.001002,0.000734993,-0.000175405,0.00149736,4.95945e-06,0.000890716,0.0019486,0.000963225,-0.000299805,-0.00113566,0.000310369,-7.69107e-06,-0.001002,0.000963225,0.00273491,-0.000796095,7.80364e-05,0.00149153,1.14847e-05,0.000734993,-0.000299805,-0.000796095,0.00201352,-0.000265866,-0.00162861,0.000147756,-0.000175405,-0.00113566,7.80365e-05,-0.000265866,0.0345804,0.00219648,-0.0015755,0.00149736,0.000310369,0.00149153,-0.00162861,0.00219648,0.0297911,6.80479e-05,4.95948e-06,-7.69113e-06,1.14847e-05,0.000147756,-0.0015755,6.80479e-05,0.0466932,
0.00299675,0.000891579,-0.00100642,0.000732363,-0.000177511,0.00149398,5.67624e-06,0.000891579,0.00194799,0.00096432,-0.000297949,-0.00113756,0.000309131,-7.30582e-06,-0.00100642,0.00096432,0.00274175,-0.000795154,6.75538e-05,0.00148745,1.2493e-05,0.000732363,-0.000297949,-0.000795154,0.00201135,-0.000276369,-0.00163636,0.000148189,-0.000177511,-0.00113756,6.75538e-05,-0.000276369,0.0345703,0.00219245,-0.00156882,0.00149398,0.000309131,0.00148745,-0.00163636,0.00219244,0.0297828,6.82553e-05,5.67624e-06,-7.30582e-06,1.2493e-05,0.000148189,-0.00156882,6.82553e-05,0.0466925,
0.00300082,0.000892442,-0.00101081,0.000729716,-0.000179662,0.0014906,6.39211e-06,0.000892442,0.00194738,0.000965403,-0.000296099,-0.00113943,0.000307889,-6.92352e-06,-0.00101081,0.000965403,0.00274856,-0.000794172,5.71148e-05,0.00148336,1.3494e-05,0.000729716,-0.000296099,-0.000794172,0.00200919,-0.000286809,-0.00164405,0.000148609,-0.000179662,-0.00113943,5.71148e-05,-0.000286809,0.0345601,0.00218835,-0.00156215,0.0014906,0.000307889,0.00148336,-0.00164405,0.00218835,0.0297745,6.84616e-05,6.39211e-06,-6.92346e-06,1.3494e-05,0.000148609,-0.00156215,6.84615e-05,0.0466919,
0.00300487,0.000893306,-0.00101516,0.000727052,-0.000181858,0.00148721,7.10712e-06,0.000893306,0.00194676,0.000966473,-0.000294256,-0.00114127,0.000306644,-6.54399e-06,-0.00101516,0.000966473,0.00275534,-0.000793149,4.67201e-05,0.00147927,1.44878e-05,0.000727052,-0.000294256,-0.000793149,0.00200705,-0.000297185,-0.00165169,0.000149018,-0.000181858,-0.00114127,4.67201e-05,-0.000297185,0.0345496,0.00218419,-0.00155549,0.00148721,0.000306644,0.00147927,-0.00165169,0.00218419,0.0297661,6.86663e-05,7.10709e-06,-6.54404e-06,1.44877e-05,0.000149018,-0.00155549,6.86662e-05,0.0466913,
0.0030089,0.00089417,-0.00101948,0.00072437,-0.000184099,0.00148382,7.82113e-06,0.00089417,0.00194613,0.000967532,-0.00029242,-0.00114309,0.000305396,-6.16751e-06,-0.00101948,0.000967532,0.00276209,-0.000792086,3.63701e-05,0.00147519,1.54743e-05,0.00072437,-0.00029242,-0.000792086,0.00200492,-0.000307496,-0.00165926,0.000149416,-0.0001841,-0.00114309,3.63701e-05,-0.000307496,0.0345391,0.00217996,-0.00154884,0.00148382,0.000305396,0.00147519,-0.00165926,0.00217996,0.0297576,6.88692e-05,7.82113e-06,-6.16751e-06,1.54743e-05,0.000149416,-0.00154884,6.88692e-05,0.0466907,
0.00301291,0.000895034,-0.00102377,0.000721672,-0.000186385,0.00148042,8.53415e-06,0.000895034,0.0019455,0.000968579,-0.00029059,-0.00114487,0.000304145,-5.79392e-06,-0.00102377,0.000968579,0.00276882,-0.000790983,2.60655e-05,0.0014711,1.64535e-05,0.000721672,-0.00029059,-0.000790983,0.0020028,-0.000317743,-0.00166678,0.000149802,-0.000186385,-0.00114487,2.60655e-05,-0.000317743,0.0345284,0.00217567,-0.0015422,0.00148042,0.000304145,0.0014711,-0.00166678,0.00217567,0.0297491,6.90702e-05,8.53417e-06,-5.79387e-06,1.64536e-05,0.000149802,-0.0015422,6.90703e-05,0.0466901,
0.0030169,0.000895899,-0.00102803,0.000718958,-0.000188714,0.00147702,9.24605e-06,0.000895899,0.00194486,0.000969614,-0.000288767,-0.00114663,0.000302892,-5.42311e-06,-0.00102803,0.000969614,0.00277552,-0.00078984,1.58066e-05,0.00146702,1.74254e-05,0.000718958,-0.000288767,-0.00078984,0.00200069,-0.000327926,-0.00167424,0.000150177,-0.000188714,-0.00114663,1.58066e-05,-0.000327926,0.0345176,0.00217133,-0.00153556,0.00147702,0.000302892,0.00146702,-0.00167424,0.00217133,0.0297405,6.92691e-05,9.24605e-06,-5.42311e-06,1.74254e-05,0.000150177,-0.00153556,6.92691e-05,0.0466896,
0.00302087,0.000896763,-0.00103225,0.000716227,-0.000191087,0.00147362,9.95679e-06,0.000896763,0.00194421,0.000970638,-0.000286951,-0.00114835,0.000301637,-5.05529e-06,-0.00103225,0.000970638,0.0027822,-0.000788659,5.59397e-06,0.00146294,1.83901e-05,0.000716227,-0.000286951,-0.000788659,0.0019986,-0.000338045,-0.00168165,0.000150541,-0.000191087,-0.00114835,5.59397e-06,-0.000338045,0.0345066,0.00216692,-0.00152894,0.00147362,0.000301637,0.00146294,-0.00168165,0.00216692,0.0297319,6.94655e-05,9.95676e-06,-5.05529e-06,1.83901e-05,0.000150541,-0.00152894,6.94655e-05,0.046689,
0.00302482,0.000897627,-0.00103644,0.000713481,-0.000193503,0.0014702,1.06663e-05,0.000897627,0.00194356,0.00097165,-0.000285142,-0.00115005,0.000300379,-4.6903e-06,-0.00103644,0.00097165,0.00278884,-0.00078744,-4.57195e-06,0.00145885,1.93474e-05,0.000713481,-0.000285142,-0.00078744,0.00199652,-0.000348099,-0.001689,0.000150894,-0.000193503,-0.00115005,-4.57195e-06,-0.000348099,0.0344955,0.00216245,-0.00152233,0.0014702,0.000300379,0.00145885,-0.001689,0.00216245,0.0297233,6.96592e-05,1.06664e-05,-4.6903e-06,1.93474e-05,0.000150894,-0.00152233,6.96593e-05,0.0466884,
0.00302876,0.000898492,-0.0010406,0.000710719,-0.000195961,0.00146679,1.13746e-05,0.000898492,0.0019429,0.00097265,-0.00028334,-0.00115172,0.00029912,-4.3282e-06,-0.0010406,0.00097265,0.00279546,-0.000786183,-1.46907e-05,0.00145478,2.02974e-05,0.000710719,-0.00028334,-0.000786183,0.00199445,-0.000358089,-0.00169629,0.000151236,-0.000195961,-0.00115172,-1.46907e-05,-0.000358089,0.0344843,0.00215793,-0.00151573,0.00146679,0.00029912,0.00145478,-0.00169629,0.00215793,0.0297145,6.98503e-05,1.13746e-05,-4.3282e-06,2.02974e-05,0.000151236,-0.00151573,6.98502e-05,0.0466878,
0.00303267,0.000899356,-0.00104472,0.000707942,-0.000198462,0.00146337,1.20815e-05,0.000899356,0.00194224,0.000973639,-0.000281545,-0.00115336,0.000297859,-3.96894e-06,-0.00104472,0.000973639,0.00280204,-0.000784889,-2.47619e-05,0.0014507,2.12401e-05,0.000707942,-0.000281545,-0.000784889,0.0019924,-0.000368015,-0.00170352,0.000151567,-0.000198462,-0.00115336,-2.47619e-05,-0.000368015,0.0344729,0.00215336,-0.00150915,0.00146337,0.000297859,0.0014507,-0.00170352,0.00215336,0.0297058,7.00383e-05,1.20816e-05,-3.96894e-06,2.12401e-05,0.000151567,-0.00150915,7.00383e-05,0.0466872,
0.00303657,0.00090022,-0.00104881,0.00070515,-0.000201004,0.00145995,1.27871e-05,0.00090022,0.00194157,0.000974617,-0.000279758,-0.00115498,0.000296596,-3.61255e-06,-0.00104881,0.000974617,0.0028086,-0.000783558,-3.47851e-05,0.00144663,2.21754e-05,0.00070515,-0.000279758,-0.000783558,0.00199036,-0.000377875,-0.0017107,0.000151888,-0.000201004,-0.00115498,-3.47851e-05,-0.000377876,0.0344614,0.00214873,-0.00150257,0.00145995,0.000296596,0.00144663,-0.0017107,0.00214873,0.029697,7.02232e-05,1.2787e-05,-3.61255e-06,2.21754e-05,0.000151888,-0.00150257,7.02232e-05,0.0466867,
0.00304044,0.000901084,-0.00105286,0.000702344,-0.000203588,0.00145652,1.34912e-05,0.000901084,0.00194089,0.000975584,-0.000277977,-0.00115656,0.000295332,-3.259e-06,-0.00105286,0.000975584,0.00281513,-0.00078219,-4.47599e-05,0.00144256,2.31034e-05,0.000702344,-0.000277978,-0.00078219,0.00198833,-0.000387672,-0.00171783,0.000152197,-0.000203588,-0.00115656,-4.47599e-05,-0.000387672,0.0344498,0.00214404,-0.00149601,0.00145652,0.000295332,0.00144256,-0.00171783,0.00214404,0.0296881,7.04048e-05,1.34912e-05,-3.259e-06,2.31034e-05,0.000152197,-0.00149601,7.04047e-05,0.0466861,
0.0030443,0.000901947,-0.00105688,0.000699524,-0.000206212,0.0014531,1.41938e-05,0.000901947,0.00194021,0.00097654,-0.000276205,-0.00115812,0.000294067,-2.90828e-06,-0.00105688,0.00097654,0.00282163,-0.000780787,-5.46859e-05,0.00143849,2.40241e-05,0.000699524,-0.000276205,-0.000780787,0.00198632,-0.000397404,-0.00172489,0.000152496,-0.000206212,-0.00115812,-5.46859e-05,-0.000397404,0.0344381,0.00213931,-0.00148946,0.0014531,0.000294067,0.00143849,-0.00172489,0.00213931,0.0296792,7.05829e-05,1.41938e-05,-2.90828e-06,2.40241e-05,0.000152496,-0.00148946,7.05829e-05,0.0466855,
0.00304814,0.000902811,-0.00106087,0.00069669,-0.000208877,0.00144966,1.48948e-05,0.000902811,0.00193952,0.000977484,-0.000274439,-0.00115966,0.000292801,-2.56034e-06,-0.00106087,0.000977484,0.0028281,-0.000779348,-6.45627e-05,0.00143443,2.49375e-05,0.00069669,-0.000274439,-0.000779348,0.00198432,-0.000407071,-0.00173191,0.000152784,-0.000208877,-0.00115966,-6.45627e-05,-0.000407071,0.0344262,0.00213453,-0.00148293,0.00144966,0.000292801,0.00143443,-0.00173191,0.00213453,0.0296703,7.07575e-05,1.48948e-05,-2.5604e-06,2.49375e-05,0.000152784,-0.00148293,7.07574e-05,0.046685,
0.00305196,0.000903674,-0.00106483,0.000693842,-0.000211581,0.00144623,1.55943e-05,0.000903674,0.00193883,0.000978418,-0.000272682,-0.00116116,0.000291533,-2.21534e-06,-0.00106483,0.000978418,0.00283454,-0.000777875,-7.439e-05,0.00143037,2.58435e-05,0.000693842,-0.000272682,-0.000777875,0.00198233,-0.000416673,-0.00173886,0.000153062,-0.000211581,-0.00116116,-7.439e-05,-0.000416673,0.0344143,0.00212969,-0.0014764,0.00144623,0.000291533,0.00143037,-0.00173886,0.00212969,0.0296613,7.09283e-05,1.55942e-05,-2.21534e-06,2.58435e-05,0.000153062,-0.0014764,7.09283e-05,0.0466844,
0.00305576,0.000904536,-0.00106875,0.000690981,-0.000214326,0.00144279,1.62921e-05,0.000904536,0.00193813,0.000979341,-0.000270931,-0.00116264,0.000290265,-1.873e-06,-0.00106875,0.000979341,0.00284095,-0.000776367,-8.41675e-05,0.00142631,2.67423e-05,0.000690981,-0.000270931,-0.000776367,0.00198036,-0.000426211,-0.00174576,0.00015333,-0.000214326,-0.00116264,-8.41675e-05,-0.000426211,0.0344022,0.00212481,-0.0014699,0.00144279,0.000290265,0.00142631,-0.00174576,0.00212481,0.0296523,7.10952e-05,1.62921e-05,-1.873e-06,2.67423e-05,0.00015333,-0.0014699,7.10953e-05,0.0466839,
0.00305954,0.000905398,-0.00107264,0.000688107,-0.000217109,0.00143935,1.69881e-05,0.000905398,0.00193743,0.000980254,-0.000269189,-0.00116409,0.000288997,-1.53355e-06,-0.00107264,0.000980254,0.00284733,-0.000774826,-9.38947e-05,0.00142226,2.76338e-05,0.000688107,-0.000269189,-0.000774826,0.0019784,-0.000435684,-0.00175261,0.000153587,-0.000217109,-0.00116409,-9.38947e-05,-0.000435684,0.03439,0.00211989,-0.0014634,0.00143935,0.000288997,0.00142226,-0.00175261,0.00211989,0.0296432,7.12583e-05,1.69881e-05,-1.53355e-06,2.76337e-05,0.000153587,-0.0014634,7.12583e-05,0.0466834,
0.0030633,0.000906259,-0.00107649,0.00068522,-0.00021993,0.0014359,1.76824e-05,0.000906259,0.00193672,0.000981156,-0.000267454,-0.00116551,0.000287728,-1.19688e-06,-0.00107649,0.000981156,0.00285368,-0.000773251,-0.000103572,0.00141822,2.85179e-05,0.00068522,-0.000267454,-0.000773251,0.00197646,-0.000445092,-0.0017594,0.000153835,-0.00021993,-0.00116551,-0.000103572,-0.000445092,0.0343777,0.00211492,-0.00145693,0.0014359,0.000287728,0.00141822,-0.0017594,0.00211492,0.0296341,7.14173e-05,1.76824e-05,-1.19688e-06,2.85179e-05,0.000153835,-0.00145693,7.14173e-05,0.0466828,
0.00306704,0.00090712,-0.00108031,0.000682321,-0.00022279,0.00143246,1.83749e-05,0.00090712,0.001936,0.000982047,-0.000265727,-0.00116691,0.000286458,-8.62921e-07,-0.00108031,0.000982047,0.00286,-0.000771643,-0.000113198,0.00141418,2.93947e-05,0.000682321,-0.000265727,-0.000771643,0.00197453,-0.000454435,-0.00176613,0.000154072,-0.00022279,-0.00116691,-0.000113198,-0.000454435,0.0343653,0.00210991,-0.00145046,0.00143246,0.000286458,0.00141418,-0.00176613,0.00210991,0.029625,7.15721e-05,1.83749e-05,-8.62921e-07,2.93948e-05,0.000154072,-0.00145046,7.15721e-05,0.0466823,
0.00307076,0.00090798,-0.0010841,0.00067941,-0.000225688,0.00142901,1.90656e-05,0.00090798,0.00193528,0.000982929,-0.000264008,-0.00116829,0.000285189,-5.31741e-07,-0.0010841,0.000982929,0.00286629,-0.000770002,-0.000122772,0.00141015,3.02643e-05,0.00067941,-0.000264008,-0.000770002,0.00197261,-0.000463714,-0.00177281,0.000154299,-0.000225688,-0.00116829,-0.000122772,-0.000463714,0.0343528,0.00210485,-0.00144402,0.00142901,0.000285189,0.00141015,-0.00177281,0.00210485,0.0296158,7.17227e-05,1.90655e-05,-5.31741e-07,3.02643e-05,0.000154299,-0.00144402,7.17227e-05,0.0466818,
0.00307447,0.000908839,-0.00108785,0.000676487,-0.000228622,0.00142556,1.97543e-05,0.000908839,0.00193456,0.0009838,-0.000262297,-0.00116963,0.000283919,-2.03337e-07,-0.00108785,0.0009838,0.00287255,-0.00076833,-0.000132296,0.00140612,3.11267e-05,0.000676487,-0.000262297,-0.00076833,0.00197071,-0.000472927,-0.00177944,0.000154517,-0.000228622,-0.00116963,-0.000132296,-0.000472927,0.0343402,0.00209976,-0.00143759,0.00142556,0.000283919,0.00140612,-0.00177944,0.00209976,0.0296066,7.18689e-05,1.97543e-05,-2.03337e-07,3.11267e-05,0.000154517,-0.00143759,7.18689e-05,0.0466812,
0.00307815,0.000909697,-0.00109157,0.000673553,-0.000231593,0.00142211,2.0441e-05,0.000909697,0.00193383,0.000984661,-0.000260594,-0.00117095,0.00028265,1.22291e-07,-0.00109157,0.000984661,0.00287878,-0.000766626,-0.000141768,0.00140211,3.19818e-05,0.000673553,-0.000260594,-0.000766626,0.00196882,-0.000482076,-0.00178601,0.000154724,-0.000231593,-0.00117095,-0.000141768,-0.000482076,0.0343275,0.00209462,-0.00143117,0.00142211,0.00028265,0.00140211,-0.00178601,0.00209462,0.0295974,7.20107e-05,2.0441e-05,1.22347e-07,3.19818e-05,0.000154724,-0.00143117,7.20107e-05,0.0466807,
0.00308181,0.000910555,-0.00109525,0.000670607,-0.000234601,0.00141865,2.11258e-05,0.000910555,0.00193309,0.000985511,-0.000258899,-0.00117225,0.000281381,4.4531e-07,-0.00109525,0.000985511,0.00288498,-0.000764892,-0.000151189,0.00139809,3.28296e-05,0.000670607,-0.000258899,-0.000764892,0.00196695,-0.000491159,-0.00179253,0.000154922,-0.000234601,-0.00117225,-0.000151189,-0.000491159,0.0343148,0.00208945,-0.00142477,0.00141865,0.000281381,0.00139809,-0.00179253,0.00208945,0.0295881,7.2148e-05,2.11258e-05,4.4531e-07,3.28296e-05,0.000154922,-0.00142477,7.21481e-05,0.0466802,
0.00308546,0.000911412,-0.00109891,0.00066765,-0.000237644,0.00141519,2.18085e-05,0.000911412,0.00193235,0.000986352,-0.000257212,-0.00117352,0.000280112,7.65554e-07,-0.00109891,0.000986352,0.00289114,-0.000763127,-0.000160557,0.00139409,3.36703e-05,0.00066765,-0.000257212,-0.000763127,0.00196509,-0.000500178,-0.001799,0.000155111,-0.000237644,-0.00117352,-0.000160557,-0.000500178,0.0343019,0.00208424,-0.00141839,0.00141519,0.000280112,0.00139409,-0.001799,0.00208424,0.0295788,7.22808e-05,2.18085e-05,7.65499e-07,3.36703e-05,0.000155111,-0.00141839,7.22807e-05,0.0466797,
0.00308908,0.000912267,-0.00110252,0.000664683,-0.000240722,0.00141174,2.24891e-05,0.000912267,0.00193161,0.000987183,-0.000255533,-0.00117477,0.000278844,1.08302e-06,-0.00110252,0.000987183,0.00289728,-0.000761332,-0.000169873,0.00139009,3.45038e-05,0.000664683,-0.000255533,-0.000761332,0.00196324,-0.000509132,-0.00180541,0.00015529,-0.000240722,-0.00117477,-0.000169873,-0.000509132,0.0342889,0.00207899,-0.00141203,0.00141174,0.000278844,0.00139009,-0.00180541,0.00207899,0.0295695,7.24089e-05,2.24891e-05,1.08302e-06,3.45037e-05,0.00015529,-0.00141203,7.24089e-05,0.0466792,
0.00309269,0.000913122,-0.00110611,0.000661706,-0.000243835,0.00140828,2.31676e-05,0.000913122,0.00193086,0.000988005,-0.000253863,-0.00117599,0.000277576,1.39794e-06,-0.00110611,0.000988005,0.00290338,-0.000759507,-0.000179137,0.0013861,3.53301e-05,0.000661706,-0.000253863,-0.000759507,0.00196141,-0.000518021,-0.00181177,0.00015546,-0.000243835,-0.00117599,-0.000179137,-0.000518021,0.0342759,0.00207371,-0.00140568,0.00140828,0.000277576,0.0013861,-0.00181177,0.00207371,0.0295601,7.25323e-05,2.31676e-05,1.39788e-06,3.53301e-05,0.00015546,-0.00140568,7.25323e-05,0.0466787,
0.00309628,0.000913975,-0.00110966,0.000658718,-0.000246982,0.00140482,2.38439e-05,0.000913975,0.00193011,0.000988816,-0.0002522,-0.00117718,0.000276309,1.71002e-06,-0.00110966,0.000988816,0.00290946,-0.000757654,-0.000188348,0.00138212,3.61492e-05,0.000658718,-0.0002522,-0.000757654,0.00195959,-0.000526845,-0.00181807,0.00015562,-0.000246982,-0.00117718,-0.000188348,-0.000526845,0.0342627,0.00206839,-0.00139935,0.00140482,0.000276309,0.00138212,-0.00181807,0.00206839,0.0295508,7.26509e-05,2.38439e-05,1.71002e-06,3.61492e-05,0.00015562,-0.00139935,7.26509e-05,0.0466782,
0.00309984,0.000914828,-0.00111318,0.000655721,-0.000250164,0.00140136,2.4518e-05,0.000914828,0.00192935,0.000989619,-0.000250546,-0.00117836,0.000275043,2.01955e-06,-0.00111318,0.000989619,0.0029155,-0.000755771,-0.000197507,0.00137814,3.69613e-05,0.000655721,-0.000250546,-0.000755771,0.00195778,-0.000535604,-0.00182432,0.000155771,-0.000250164,-0.00117836,-0.000197507,-0.000535604,0.0342495,0.00206305,-0.00139304,0.00140136,0.000275043,0.00137814,-0.00182432,0.00206305,0.0295414,7.27647e-05,2.4518e-05,2.01955e-06,3.69613e-05,0.000155771,-0.00139304,7.27648e-05,0.0466777,
0.00310339,0.000915679,-0.00111666,0.000652714,-0.000253378,0.00139789,2.51898e-05,0.000915679,0.00192859,0.000990411,-0.0002489,-0.0011795,0.000273778,2.32642e-06,-0.00111666,0.000990411,0.00292151,-0.000753861,-0.000206613,0.00137418,3.77662e-05,0.000652714,-0.0002489,-0.000753861,0.00195599,-0.000544299,-0.00183052,0.000155914,-0.000253378,-0.0011795,-0.000206613,-0.000544299,0.0342362,0.00205767,-0.00138675,0.00139789,0.000273778,0.00137418,-0.00183052,0.00205767,0.0295319,7.28738e-05,2.51898e-05,2.32642e-06,3.77662e-05,0.000155914,-0.00138675,7.28738e-05,0.0466772,
0.00310692,0.000916529,-0.00112011,0.000649697,-0.000256625,0.00139443,2.58593e-05,0.000916529,0.00192782,0.000991195,-0.000247263,-0.00118063,0.000272514,2.63062e-06,-0.00112011,0.000991195,0.00292748,-0.000751923,-0.000215666,0.00137022,3.85641e-05,0.000649697,-0.000247263,-0.000751923,0.00195422,-0.000552928,-0.00183667,0.000156047,-0.000256625,-0.00118063,-0.000215666,-0.000552928,0.0342228,0.00205226,-0.00138048,0.00139443,0.000272514,0.00137022,-0.00183667,0.00205226,0.0295225,7.29778e-05,2.58594e-05,2.63067e-06,3.85641e-05,0.000156047,-0.00138048,7.29778e-05,0.0466767,
0.00311043,0.000917378,-0.00112353,0.000646672,-0.000259905,0.00139097,2.65265e-05,0.000917378,0.00192706,0.000991969,-0.000245634,-0.00118173,0.000271251,2.93224e-06,-0.00112353,0.000991969,0.00293343,-0.000749958,-0.000224665,0.00136627,3.93549e-05,0.000646672,-0.000245634,-0.000749958,0.00195246,-0.000561493,-0.00184276,0.000156171,-0.000259905,-0.00118173,-0.000224665,-0.000561493,0.0342094,0.00204682,-0.00137422,0.00139097,0.000271251,0.00136627,-0.00184276,0.00204682,0.029513,7.3077e-05,2.65265e-05,2.93221e-06,3.9355e-05,0.000156171,-0.00137422,7.3077e-05,0.0466763,
0.00311392,0.000918225,-0.00112692,0.000643638,-0.000263216,0.0013875,2.71914e-05,0.000918225,0.00192628,0.000992734,-0.000244014,-0.00118281,0.00026999,3.23122e-06,-0.00112692,0.000992734,0.00293934,-0.000747966,-0.000233612,0.00136233,4.01388e-05,0.000643638,-0.000244014,-0.000747966,0.00195071,-0.000569994,-0.00184881,0.000156287,-0.000263216,-0.00118281,-0.000233612,-0.000569994,0.0341959,0.00204135,-0.00136799,0.0013875,0.00026999,0.00136233,-0.00184881,0.00204135,0.0295035,7.31712e-05,2.71914e-05,3.23125e-06,4.01388e-05,0.000156287,-0.00136799,7.31712e-05,0.0466758,
0.00311739,0.000919071,-0.00113027,0.000640595,-0.000266559,0.00138404,2.78538e-05,0.000919071,0.0019255,0.00099349,-0.000242402,-0.00118386,0.00026873,3.52759e-06,-0.00113027,0.00099349,0.00294522,-0.000745948,-0.000242505,0.0013584,4.09156e-05,0.000640595,-0.000242402,-0.000745948,0.00194898,-0.000578429,-0.0018548,0.000156394,-0.000266559,-0.00118386,-0.000242506,-0.000578429,0.0341823,0.00203586,-0.00136177,0.00138404,0.00026873,0.0013584,-0.0018548,0.00203586,0.029494,7.32604e-05,2.78538e-05,3.52762e-06,4.09157e-05,0.000156394,-0.00136177,7.32604e-05,0.0466753,
0.00312084,0.000919915,-0.00113358,0.000637545,-0.000269933,0.00138057,2.85137e-05,0.000919915,0.00192472,0.000994238,-0.000240798,-0.00118489,0.000267471,3.82142e-06,-0.00113358,0.000994238,0.00295107,-0.000743905,-0.000251346,0.00135448,4.16855e-05,0.000637545,-0.000240798,-0.000743905,0.00194726,-0.000586801,-0.00186074,0.000156493,-0.000269933,-0.00118489,-0.000251346,-0.0005868,0.0341686,0.00203034,-0.00135557,0.00138057,0.000267471,0.00135448,-0.00186074,0.00203034,0.0294845,7.33446e-05,2.85137e-05,3.82139e-06,4.16855e-05,0.000156493,-0.00135557,7.33446e-05,0.0466748,
0.00312427,0.000920758,-0.00113687,0.000634486,-0.000273337,0.00137711,2.91712e-05,0.000920758,0.00192394,0.000994976,-0.000239204,-0.0011859,0.000266215,4.11265e-06,-0.00113687,0.000994976,0.00295689,-0.000741836,-0.000260132,0.00135057,4.24485e-05,0.000634486,-0.000239204,-0.000741836,0.00194555,-0.000595107,-0.00186662,0.000156583,-0.000273337,-0.0011859,-0.000260132,-0.000595107,0.0341549,0.0020248,-0.00134939,0.00137711,0.000266215,0.00135057,-0.00186662,0.0020248,0.029475,7.34237e-05,2.91712e-05,4.11265e-06,4.24485e-05,0.000156583,-0.00134939,7.34237e-05,0.0466744,
0.00312768,0.0009216,-0.00114012,0.00063142,-0.000276771,0.00137364,2.98262e-05,0.0009216,0.00192315,0.000995705,-0.000237617,-0.00118688,0.000264959,4.40134e-06,-0.00114012,0.000995705,0.00296268,-0.000739742,-0.000268866,0.00134666,4.32046e-05,0.00063142,-0.000237617,-0.000739742,0.00194386,-0.000603349,-0.00187246,0.000156665,-0.000276771,-0.00118688,-0.000268866,-0.000603349,0.0341411,0.00201923,-0.00134324,0.00137364,0.000264959,0.00134666,-0.00187246,0.00201923,0.0294654,7.34977e-05,2.98261e-05,4.40131e-06,4.32046e-05,0.000156665,-0.00134324,7.34976e-05,0.0466739,
0.00313107,0.000922439,-0.00114334,0.000628346,-0.000280235,0.00137018,3.04786e-05,0.000922439,0.00192235,0.000996426,-0.00023604,-0.00118785,0.000263706,4.68753e-06,-0.00114334,0.000996426,0.00296843,-0.000737624,-0.000277546,0.00134277,4.39538e-05,0.000628346,-0.00023604,-0.000737624,0.00194219,-0.000611527,-0.00187825,0.000156739,-0.000280235,-0.00118785,-0.000277546,-0.000611527,0.0341272,0.00201364,-0.0013371,0.00137018,0.000263706,0.00134277,-0.00187825,0.00201364,0.0294559,7.35665e-05,3.04786e-05,4.68747e-06,4.39538e-05,0.000156739,-0.0013371,7.35665e-05,0.0466735,
0.00313445,0.000923277,-0.00114653,0.000625264,-0.000283728,0.00136671,3.11285e-05,0.000923277,0.00192156,0.000997139,-0.000234471,-0.00118879,0.000262454,4.97113e-06,-0.00114653,0.000997139,0.00297415,-0.000735482,-0.000286172,0.00133889,4.46962e-05,0.000625264,-0.000234471,-0.000735482,0.00194052,-0.000619641,-0.00188398,0.000156804,-0.000283728,-0.00118879,-0.000286172,-0.000619641,0.0341133,0.00200803,-0.00133098,0.00136671,0.000262454,0.00133889,-0.00188398,0.00200803,0.0294463,7.36304e-05,3.11284e-05,4.97113e-06,4.46962e-05,0.000156804,-0.00133098,7.36303e-05,0.046673,
0.0031378,0.000924114,-0.00114968,0.000622176,-0.000287249,0.00136325,3.17757e-05,0.000924114,0.00192076,0.000997843,-0.00023291,-0.00118971,0.000261205,5.25227e-06,-0.00114968,0.000997843,0.00297984,-0.000733316,-0.000294745,0.00133502,4.54318e-05,0.000622176,-0.00023291,-0.000733316,0.00193888,-0.000627691,-0.00188967,0.000156862,-0.000287249,-0.00118971,-0.000294745,-0.00062769,0.0340993,0.0020024,-0.00132489,0.00136325,0.000261205,0.00133502,-0.00188967,0.0020024,0.0294367,7.3689e-05,3.17757e-05,5.25224e-06,4.54318e-05,0.000156862,-0.00132489,7.3689e-05,0.0466726,
0.00314113,0.000924948,-0.0011528,0.000619082,-0.000290798,0.00135979,3.24203e-05,0.000924948,0.00191995,0.000998538,-0.000231359,-0.0011906,0.000259957,5.53091e-06,-0.0011528,0.000998538,0.0029855,-0.000731127,-0.000303265,0.00133116,4.61607e-05,0.000619082,-0.000231359,-0.000731127,0.00193724,-0.000635676,-0.0018953,0.000156911,-0.000290798,-0.0011906,-0.000303265,-0.000635676,0.0340853,0.00199674,-0.00131881,0.00135979,0.000259957,0.00133116,-0.0018953,0.00199674,0.0294271,7.37425e-05,3.24203e-05,5.53091e-06,4.61606e-05,0.000156911,-0.00131881,7.37425e-05,0.0466722,
0.00314445,0.000925781,-0.00115589,0.00061598,-0.000294374,0.00135633,3.30622e-05,0.000925781,0.00191915,0.000999226,-0.000229816,-0.00119148,0.000258712,5.80708e-06,-0.00115589,0.000999226,0.00299112,-0.000728916,-0.000311731,0.00132731,4.68828e-05,0.00061598,-0.000229816,-0.000728916,0.00193562,-0.000643598,-0.00190088,0.000156953,-0.000294374,-0.00119148,-0.000311731,-0.000643598,0.0340712,0.00199107,-0.00131276,0.00135633,0.000258712,0.00132731,-0.00190088,0.00199107,0.0294174,7.37909e-05,3.30622e-05,5.80708e-06,4.68828e-05,0.000156953,-0.00131276,7.37909e-05,0.0466717,
0.00314775,0.000926611,-0.00115894,0.000612873,-0.000297978,0.00135287,3.37014e-05,0.000926611,0.00191834,0.000999905,-0.000228282,-0.00119233,0.000257469,6.08077e-06,-0.00115894,0.000999905,0.00299671,-0.000726682,-0.000320144,0.00132347,4.75983e-05,0.000612873,-0.000228282,-0.000726682,0.00193402,-0.000651455,-0.00190642,0.000156987,-0.000297978,-0.00119233,-0.000320144,-0.000651455,0.0340571,0.00198538,-0.00130673,0.00135287,0.000257469,0.00132347,-0.00190642,0.00198538,0.0294078,7.38341e-05,3.37014e-05,6.08075e-06,4.75983e-05,0.000156987,-0.00130673,7.38341e-05,0.0466713,
0.00315103,0.00092744,-0.00116197,0.000609759,-0.000301609,0.00134941,3.43379e-05,0.00092744,0.00191752,0.00100058,-0.000226757,-0.00119317,0.000256228,6.352e-06,-0.00116197,0.00100058,0.00300227,-0.000724427,-0.000328503,0.00131964,4.83071e-05,0.000609759,-0.000226756,-0.000724427,0.00193243,-0.000659249,-0.00191191,0.000157013,-0.000301609,-0.00119317,-0.000328503,-0.000659249,0.0340429,0.00197968,-0.00130071,0.00134941,0.000256228,0.00131964,-0.00191191,0.00197968,0.0293982,7.38721e-05,3.4338e-05,6.35203e-06,4.83071e-05,0.000157013,-0.00130071,7.38722e-05,0.0466709,
0.00315428,0.000928267,-0.00116496,0.00060664,-0.000305265,0.00134595,3.49717e-05,0.000928267,0.00191671,0.00100124,-0.00022524,-0.00119398,0.00025499,6.62082e-06,-0.00116496,0.00100124,0.0030078,-0.000722151,-0.000336809,0.00131582,4.90093e-05,0.00060664,-0.00022524,-0.000722151,0.00193085,-0.00066698,-0.00191734,0.000157032,-0.000305265,-0.00119398,-0.000336809,-0.00066698,0.0340287,0.00197395,-0.00129472,0.00134595,0.00025499,0.00131582,-0.00191734,0.00197395,0.0293885,7.3905e-05,3.49717e-05,6.62082e-06,4.90093e-05,0.000157032,-0.00129472,7.3905e-05,0.0466705,
