0.00299991,0.000538169,-0.00182085,-0.000318768,0.000524028,-1.74902e-05,-1.54078e-05,0.000538169,0.00159698,0.000586079,-0.000958367,-0.000259875,0.000747757,5.83103e-06,-0.00182085,0.000586079,0.00313374,-0.000267722,0.000475539,-9.82619e-05,-1.74556e-05,-0.000318768,-0.000958367,-0.000267722,0.0025098,0.00190597,0.00103261,-1.58544e-05,0.000524028,-0.000259875,0.000475539,0.00190597,0.0247724,0.000578265,0.00129645,-1.74902e-05,0.000747757,-9.82619e-05,0.00103261,0.000578265,0.0258456,-0.000256165,-1.54078e-05,5.83104e-06,-1.74556e-05,-1.58544e-05,0.00129645,-0.000256165,0.0466808,
0.00299481,0.000536988,-0.00182043,0,0.000524692,-1.56207e-05,-1.54995e-05,0.000536988,0.00159704,0.000588939,0,-0.000260226,0.000745756,5.9005e-06,-0.00182043,0.000588939,0.00313879,0,0.000467485,-0.000105171,-1.77051e-05,-0.000323638,-0.000958375,-0.00026575,0,0.00190835,0.00103631,-1.62801e-05,0.000524692,-0.000260226,0.000467485,0,0.0247697,0.000582113,0.00129365,-1.56207e-05,0.000745756,-0.000105171,0,0.000582113,0.025848,-0.000254908,-1.54995e-05,5.90045e-06,-1.77051e-05,0,0.00129365,-0.000254908,0.0466806,
0.00298984,0.000536148,-0.00181978,-0.000328565,0.000525504,-1.34716e-05,-1.55944e-05,0.000536148,0.0015976,0.000592192,-0.000958091,-0.000261277,0.000743548,5.9438e-06,-0.00181978,0.000592192,0.00314402,-0.000263724,0.000459547,-0.000111892,-1.79606e-05,-0.000328565,-0.000958091,-0.000263724,0.00250976,0.00191057,0.0010406,-1.66681e-05,0.000525504,-0.000261277,0.000459547,0.00191057,0.0247676,0.000585564,0.00129083,-1.34716e-05,0.000743548,-0.000111892,0.0010406,0.000585564,0.0258502,-0.000253705,-1.55944e-05,5.9438e-06,-1.79606e-05,-1.66681e-05,0.00129083,-0.000253705,0.0466804,
0.00298502,0.00053544,-0.00181903,-0.000333424,0.000525739,-1.17183e-05,-1.56738e-05,0.00053544,0.00159827,0.000595492,-0.000957702,-0.000262272,0.000741024,6.00847e-06,-0.00181903,0.000595492,0.00314917,-0.000261746,0.000451207,-0.000118867,-1.81946e-05,-0.000333424,-0.000957702,-0.000261746,0.0025094,0.0019133,0.00104459,-1.70834e-05,0.000525739,-0.000262272,0.000451207,0.0019133,0.0247655,0.000589222,0.00128813,-1.17183e-05,0.000741024,-0.000118867,0.00104459,0.000589222,0.0258516,-0.00025249,-1.56738e-05,6.00847e-06,-1.81947e-05,-1.70834e-05,0.00128813,-0.00025249,0.0466802,
0.00298039,0.000534849,-0.00181819,-0.000338193,0.000526196,-9.90824e-06,-1.57773e-05,0.000534848,0.001599,0.000598806,-0.000957282,-0.000263478,0.000738664,6.04533e-06,-0.00181819,0.000598806,0.00315421,-0.000259823,0.000443345,-0.000125554,-1.8452e-05,-0.000338192,-0.000957282,-0.000259823,0.0025089,0.00191565,0.00104901,-1.74817e-05,0.000526196,-0.000263478,0.000443345,0.00191565,0.0247636,0.00059268,0.00128522,-9.90824e-06,0.000738664,-0.000125554,0.00104901,0.00059268,0.025854,-0.000251288,-1.57772e-05,6.04533e-06,-1.8452e-05,-1.74817e-05,0.00128522,-0.000251288,0.04668,
0.00297586,0.00053433,-0.00181729,-0.000342909,0.000526292,-8.32653e-06,-1.5864e-05,0.00053433,0.00159976,0.000602126,-0.000956817,-0.00026463,0.000736112,6.10129e-06,-0.00181729,0.000602126,0.00315918,-0.000257934,0.000435258,-0.000132354,-1.86874e-05,-0.000342909,-0.000956817,-0.000257934,0.00250843,0.00191829,0.00105312,-1.7894e-05,0.000526292,-0.00026463,0.000435258,0.00191829,0.0247617,0.000596257,0.00128248,-8.32656e-06,0.000736112,-0.000132354,0.00105312,0.000596257,0.0258556,-0.000250094,-1.58639e-05,6.10134e-06,-1.86873e-05,-1.78939e-05,0.00128248,-0.000250094,0.0466798,
0.00297142,0.000533866,-0.00181632,-0.00034758,0.000526451,-6.76081e-06,-1.59619e-05,0.000533866,0.00160053,0.000605444,-0.000956333,-0.000265859,0.000733634,6.14508e-06,-0.00181632,0.000605444,0.00316408,-0.00025607,0.000427379,-0.000139048,-1.89332e-05,-0.00034758,-0.000956333,-0.00025607,0.0025079,0.00192076,0.00105741,-1.83029e-05,0.000526451,-0.000265859,0.000427379,0.00192076,0.02476,0.000599776,0.00127963,-6.76081e-06,0.000733634,-0.000139048,0.00105741,0.000599776,0.0258578,-0.000248914,-1.59619e-05,6.14508e-06,-1.89332e-05,-1.83029e-05,0.00127963,-0.000248914,0.0466796,
0.00296703,0.000533437,-0.0018153,-0.000352221,0.000526468,-5.28827e-06,-1.60522e-05,0.000533437,0.00160131,0.000608756,-0.000955826,-0.000267071,0.00073109,6.19665e-06,-0.0018153,0.000608756,0.00316892,-0.000254215,0.000419442,-0.000145768,-1.91687e-05,-0.00035222,-0.000955826,-0.000254215,0.00250738,0.00192333,0.00106153,-1.87168e-05,0.000526468,-0.000267071,0.000419442,0.00192333,0.0247584,0.00060334,0.00127686,-5.28827e-06,0.00073109,-0.000145768,0.00106153,0.00060334,0.0258596,-0.000247744,-1.60522e-05,6.19665e-06,-1.91687e-05,-1.87168e-05,0.00127686,-0.000247744,0.0466794,
0.00296269,0.000533033,-0.00181423,-0.000356837,0.000526486,-3.84265e-06,-1.61456e-05,0.000533033,0.0016021,0.000612061,-0.000955305,-0.000268307,0.000728574,6.24445e-06,-0.00181423,0.000612061,0.00317371,-0.000252365,0.000411589,-0.000152453,-1.94064e-05,-0.000356837,-0.000955305,-0.000252365,0.00250685,0.00192582,0.00106568,-1.91311e-05,0.000526486,-0.000268307,0.000411589,0.00192582,0.0247569,0.000606898,0.00127406,-3.84265e-06,0.000728574,-0.000152453,0.00106568,0.000606898,0.0258616,-0.000246587,-1.61456e-05,6.24445e-06,-1.94064e-05,-1.91311e-05,0.00127406,-0.000246587,0.0466792,
0.00295838,0.000532646,-0.00181312,-0.000361434,0.000526446,-2.43944e-06,-1.62356e-05,0.000532646,0.00160288,0.000615357,-0.000954769,-0.000269537,0.000726044,6.29508e-06,-0.00181312,0.000615357,0.00317845,-0.000250514,0.000403737,-0.00015914,-1.96391e-05,-0.000361434,-0.000954769,-0.000250514,0.00250632,0.00192832,0.00106975,-1.95478e-05,0.000526446,-0.000269537,0.000403737,0.00192832,0.0247555,0.000610477,0.0012713,-2.43944e-06,0.000726044,-0.00015914,0.00106975,0.000610477,0.0258636,-0.000245442,-1.62356e-05,6.29508e-06,-1.96391e-05,-1.95477e-05,0.0012713,-0.000245442,0.046679,
0.00295408,0.00053227,-0.00181197,-0.000366017,0.000526394,-1.0594e-06,-1.63256e-05,0.00053227,0.00160365,0.000618644,-0.000954221,-0.000270771,0.000723529,6.34487e-06,-0.00181197,0.000618644,0.00318315,-0.000248659,0.000395927,-0.000165813,-1.98709e-05,-0.000366017,-0.000954221,-0.000248659,0.00250579,0.00193078,0.00107379,-1.99655e-05,0.000526394,-0.000270772,0.000395927,0.00193078,0.0247542,0.000614064,0.00126854,-1.05937e-06,0.000723529,-0.000165813,0.00107379,0.000614064,0.0258656,-0.000244308,-1.63256e-05,6.34487e-06,-1.98708e-05,-1.99654e-05,0.00126854,-0.000244308,0.0466788,
0.0029498,0.000531902,-0.00181079,-0.000370586,0.000526314,2.9568e-07,-1.64136e-05,0.000531902,0.00160441,0.00062192,-0.000953662,-0.000272003,0.000721017,6.39583e-06,-0.00181079,0.00062192,0.0031878,-0.000246798,0.000388136,-0.000172481,-2.00996e-05,-0.000370586,-0.000953662,-0.000246798,0.00250527,0.00193323,0.00107776,-2.03846e-05,0.000526314,-0.000272003,0.000388136,0.00193323,0.0247531,0.000617666,0.0012658,2.95652e-07,0.000721017,-0.000172481,0.00107776,0.000617666,0.0258676,-0.000243185,-1.64136e-05,6.39583e-06,-2.00996e-05,-2.03846e-05,0.0012658,-0.000243185,0.0466786,
0.00294553,0.000531541,-0.00180957,-0.000375142,0.000526219,1.63153e-06,-1.65006e-05,0.000531541,0.00160517,0.000625185,-0.000953092,-0.000273232,0.000718517,6.44684e-06,-0.00180957,0.000625185,0.0031924,-0.000244929,0.000380376,-0.000179141,-2.03265e-05,-0.000375142,-0.000953092,-0.000244929,0.00250476,0.00193564,0.00108168,-2.08048e-05,0.000526219,-0.000273232,0.000380376,0.00193564,0.0247521,0.000621279,0.00126307,1.63153e-06,0.000718517,-0.000179141,0.00108168,0.000621279,0.0258696,-0.000242072,-1.65006e-05,6.44684e-06,-2.03264e-05,-2.08048e-05,0.00126307,-0.000242072,0.0466784,
0.00294127,0.000531185,-0.00180831,-0.000379687,0.000526107,2.94842e-06,-1.65861e-05,0.000531185,0.00160592,0.000628439,-0.000952512,-0.000274458,0.000716028,6.49852e-06,-0.00180831,0.000628439,0.00319697,-0.000243053,0.000372639,-0.000185795,-2.05509e-05,-0.000379687,-0.000952512,-0.000243053,0.00250425,0.00193803,0.00108555,-2.12261e-05,0.000526107,-0.000274458,0.000372639,0.00193803,0.0247512,0.000624905,0.00126036,2.94842e-06,0.000716028,-0.000185795,0.00108555,0.000624905,0.0258717,-0.000240969,-1.65861e-05,6.49847e-06,-2.05509e-05,-2.12262e-05,0.00126036,-0.000240969,0.0466782,
0.00293702,0.000530832,-0.00180702,-0.000384221,0.000525982,4.24819e-06,-1.66704e-05,0.000530832,0.00160665,0.000631682,-0.000951921,-0.00027568,0.000713551,6.55043e-06,-0.00180702,0.000631682,0.00320149,-0.000241168,0.00036493,-0.000192441,-2.07732e-05,-0.000384221,-0.000951921,-0.000241168,0.00250375,0.00194039,0.00108937,-2.16485e-05,0.000525982,-0.00027568,0.00036493,0.00194039,0.0247504,0.000628543,0.00125765,4.24821e-06,0.000713551,-0.000192441,0.00108937,0.000628543,0.0258737,-0.000239876,-1.66704e-05,6.55043e-06,-2.07732e-05,-2.16485e-05,0.00125765,-0.000239876,0.046678,
0.00293278,0.000530484,-0.0018057,-0.000388744,0.000525842,5.53113e-06,-1.67533e-05,0.000530484,0.00160738,0.000634913,-0.000951322,-0.000276898,0.000711085,6.60277e-06,-0.0018057,0.000634913,0.00320597,-0.000239276,0.000357245,-0.00019908,-2.09932e-05,-0.000388744,-0.000951322,-0.000239276,0.00250326,0.00194272,0.00109313,-2.20718e-05,0.000525842,-0.000276898,0.000357245,0.00194272,0.0247498,0.000632192,0.00125496,5.53113e-06,0.000711085,-0.00019908,0.00109313,0.000632192,0.0258758,-0.000238792,-1.67533e-05,6.60277e-06,-2.09933e-05,-2.20718e-05,0.00125496,-0.000238792,0.0466778,
0.00292854,0.000530138,-0.00180435,-0.000393256,0.000525691,6.79778e-06,-1.6835e-05,0.000530138,0.0016081,0.000638133,-0.000950713,-0.000278112,0.000708633,6.6554e-06,-0.00180435,0.000638133,0.00321042,-0.000237375,0.000349586,-0.000205711,-2.12111e-05,-0.000393256,-0.000950713,-0.000237375,0.00250277,0.00194502,0.00109685,-2.24961e-05,0.000525691,-0.000278112,0.000349586,0.00194502,0.0247493,0.000635853,0.00125228,6.79778e-06,0.000708633,-0.000205712,0.00109685,0.000635853,0.0258779,-0.000237716,-1.6835e-05,6.6554e-06,-2.12112e-05,-2.24961e-05,0.00125228,-0.000237716,0.0466776,
0.00292431,0.000529796,-0.00180296,-0.000397756,0.000525526,8.04823e-06,-1.69154e-05,0.000529796,0.0016088,0.00064134,-0.000950094,-0.000279321,0.000706194,6.70836e-06,-0.00180296,0.00064134,0.00321482,-0.000235466,0.000341953,-0.000212335,-2.1427e-05,-0.000397756,-0.000950094,-0.000235466,0.0025023,0.00194729,0.00110051,-2.29212e-05,0.000525526,-0.000279321,0.000341953,0.00194729,0.0247489,0.000639524,0.00124961,8.04823e-06,0.000706194,-0.000212335,0.00110051,0.000639524,0.02588,-0.000236648,-1.69154e-05,6.70841e-06,-2.1427e-05,-2.29211e-05,0.00124961,-0.000236648,0.0466774,
0.00292009,0.000529457,-0.00180154,-0.000402245,0.00052535,9.28266e-06,-1.69945e-05,0.000529457,0.0016095,0.000644536,-0.000949467,-0.000280525,0.000703767,6.76165e-06,-0.00180154,0.000644536,0.00321918,-0.00023355,0.000334346,-0.000218949,-2.16406e-05,-0.000402245,-0.000949467,-0.00023355,0.00250183,0.00194953,0.00110411,-2.3347e-05,0.00052535,-0.000280525,0.000334346,0.00194953,0.0247486,0.000643206,0.00124694,9.28263e-06,0.000703768,-0.000218949,0.00110411,0.000643206,0.0258822,-0.000235588,-1.69946e-05,6.76165e-06,-2.16407e-05,-2.3347e-05,0.00124694,-0.000235588,0.0466771,
0.00291587,0.00052912,-0.00180009,-0.000406723,0.000525162,1.0501e-05,-1.70725e-05,0.000529121,0.00161019,0.00064772,-0.000948831,-0.000281724,0.000701355,6.81516e-06,-0.00180009,0.000647719,0.0032235,-0.000231627,0.000326765,-0.000225555,-2.18522e-05,-0.000406723,-0.000948831,-0.000231627,0.00250136,0.00195175,0.00110767,-2.37736e-05,0.000525162,-0.000281724,0.000326765,0.00195175,0.0247484,0.000646898,0.00124429,1.0501e-05,0.000701355,-0.000225555,0.00110767,0.000646898,0.0258843,-0.000234536,-1.70725e-05,6.81516e-06,-2.18522e-05,-2.37736e-05,0.00124429,-0.000234536,0.0466769,
0.00291167,0.000528787,-0.00179862,-0.000411189,0.000524962,1.17032e-05,-1.71493e-05,0.000528787,0.00161086,0.000650891,-0.000948186,-0.000282919,0.000698955,6.86889e-06,-0.00179862,0.000650891,0.00322778,-0.000229697,0.00031921,-0.000232151,-2.20617e-05,-0.000411189,-0.000948186,-0.000229696,0.00250091,0.00195394,0.00111118,-2.4201e-05,0.000524962,-0.000282919,0.00031921,0.00195394,0.0247484,0.0006506,0.00124164,1.17032e-05,0.000698955,-0.000232151,0.00111118,0.0006506,0.0258865,-0.000233491,-1.71492e-05,6.86889e-06,-2.20617e-05,-2.42009e-05,0.00124164,-0.000233491,0.0466767,
0.00290747,0.000528457,-0.00179711,-0.000415643,0.00052475,1.28894e-05,-1.72248e-05,0.000528457,0.00161153,0.00065405,-0.000947532,-0.000284109,0.000696569,6.92285e-06,-0.00179711,0.00065405,0.00323202,-0.000227759,0.000311682,-0.000238737,-2.22691e-05,-0.000415643,-0.000947532,-0.000227759,0.00250046,0.00195609,0.00111463,-2.4629e-05,0.00052475,-0.000284109,0.000311682,0.00195609,0.0247484,0.000654312,0.00123901,1.28894e-05,0.00069657,-0.000238737,0.00111463,0.000654312,0.0258887,-0.000232452,-1.72248e-05,6.92285e-06,-2.22691e-05,-2.4629e-05,0.00123901,-0.000232452,0.0466765,
0.00290328,0.00052813,-0.00179557,-0.000420084,0.000524527,1.40594e-05,-1.72992e-05,0.00052813,0.00161218,0.000657197,-0.00094687,-0.000285294,0.000694197,6.97703e-06,-0.00179557,0.000657197,0.00323622,-0.000225816,0.000304179,-0.000245312,-2.24745e-05,-0.000420084,-0.00094687,-0.000225816,0.00250003,0.00195822,0.00111804,-2.50575e-05,0.000524527,-0.000285294,0.000304179,0.00195822,0.0247486,0.000658033,0.00123638,1.40594e-05,0.000694197,-0.000245312,0.00111804,0.000658033,0.0258909,-0.00023142,-1.72992e-05,6.97697e-06,-2.24745e-05,-2.50576e-05,0.00123638,-0.00023142,0.0466763,
0.0028991,0.000527806,-0.001794,-0.000424514,0.000524293,1.52133e-05,-1.73725e-05,0.000527806,0.00161283,0.000660331,-0.000946199,-0.000286474,0.000691839,7.03138e-06,-0.001794,0.000660331,0.00324039,-0.000223866,0.000296703,-0.000251876,-2.26777e-05,-0.000424514,-0.000946199,-0.000223866,0.0024996,0.00196033,0.0011214,-2.54867e-05,0.000524293,-0.000286474,0.000296703,0.00196033,0.0247489,0.000661762,0.00123375,1.52132e-05,0.000691839,-0.000251876,0.0011214,0.000661762,0.0258932,-0.000230394,-1.73725e-05,7.03132e-06,-2.26778e-05,-2.54867e-05,0.00123375,-0.000230394,0.0466761,
0.00289492,0.000527485,-0.00179241,-0.00042893,0.000524047,1.63509e-05,-1.74446e-05,0.000527485,0.00161346,0.000663452,-0.00094552,-0.000287649,0.000689494,7.08583e-06,-0.00179241,0.000663452,0.00324451,-0.000221911,0.000289253,-0.000258429,-2.2879e-05,-0.00042893,-0.00094552,-0.000221911,0.00249918,0.0019624,0.00112471,-2.59164e-05,0.000524047,-0.000287649,0.000289253,0.0019624,0.0247493,0.0006655,0.00123114,1.63509e-05,0.000689494,-0.000258429,0.00112471,0.0006655,0.0258954,-0.000229374,-1.74446e-05,7.08589e-06,-2.2879e-05,-2.59164e-05,0.00123114,-0.000229374,0.0466759,
0.00289076,0.000527168,-0.00179079,-0.000433334,0.00052379,1.74722e-05,-1.75156e-05,0.000527168,0.00161409,0.000666562,-0.000944832,-0.000288819,0.000687164,7.14057e-06,-0.00179079,0.000666562,0.0032486,-0.00021995,0.00028183,-0.00026497,-2.30782e-05,-0.000433334,-0.000944832,-0.00021995,0.00249876,0.00196445,0.00112797,-2.63467e-05,0.00052379,-0.000288819,0.00028183,0.00196445,0.0247498,0.000669246,0.00122853,1.74722e-05,0.000687164,-0.00026497,0.00112797,0.000669246,0.0258977,-0.00022836,-1.75156e-05,7.14057e-06,-2.30782e-05,-2.63466e-05,0.00122853,-0.00022836,0.0466757,
0.0028866,0.000526853,-0.00178914,-0.000437724,0.000523522,1.85774e-05,-1.75855e-05,0.000526853,0.00161471,0.000669658,-0.000944137,-0.000289984,0.000684847,7.19536e-06,-0.00178914,0.000669658,0.00325265,-0.000217984,0.000274434,-0.000271498,-2.32754e-05,-0.000437724,-0.000944137,-0.000217984,0.00249836,0.00196647,0.00113118,-2.67774e-05,0.000523522,-0.000289984,0.000274434,0.00196647,0.0247504,0.000673,0.00122593,1.85774e-05,0.000684847,-0.000271498,0.00113118,0.000673,0.0259,-0.000227352,-1.75855e-05,7.1953e-06,-2.32754e-05,-2.67774e-05,0.00122593,-0.000227352,0.0466755,
0.00288246,0.000526542,-0.00178746,-0.000442102,0.000523242,1.96662e-05,-1.76544e-05,0.000526542,0.00161531,0.000672742,-0.000943433,-0.000291144,0.000682544,7.25026e-06,-0.00178746,0.000672742,0.00325665,-0.000216013,0.000267063,-0.000278014,-2.34706e-05,-0.000442102,-0.000943433,-0.000216013,0.00249796,0.00196846,0.00113434,-2.72085e-05,0.000523242,-0.000291144,0.000267063,0.00196846,0.0247511,0.000676761,0.00122333,1.96662e-05,0.000682544,-0.000278014,0.00113434,0.000676761,0.0259023,-0.000226348,-1.76544e-05,7.25026e-06,-2.34707e-05,-2.72085e-05,0.00122333,-0.000226349,0.0466753,
0.00287832,0.000526234,-0.00178576,-0.000446466,0.000522952,2.07387e-05,-1.77221e-05,0.000526234,0.00161591,0.000675813,-0.000942721,-0.000292299,0.000680255,7.30527e-06,-0.00178576,0.000675813,0.00326063,-0.000214038,0.00025972,-0.000284517,-2.36638e-05,-0.000446466,-0.000942721,-0.000214038,0.00249757,0.00197042,0.00113746,-2.764e-05,0.000522952,-0.000292299,0.00025972,0.00197042,0.0247519,0.000680529,0.00122074,2.07387e-05,0.000680255,-0.000284517,0.00113746,0.000680529,0.0259046,-0.000225351,-1.77221e-05,7.30532e-06,-2.36638e-05,-2.764e-05,0.00122074,-0.000225351,0.0466751,
0.0028742,0.00052593,-0.00178403,-0.000450816,0.000522651,2.1795e-05,-1.77888e-05,0.00052593,0.0016165,0.000678871,-0.000942002,-0.000293448,0.00067798,7.36045e-06,-0.00178403,0.000678871,0.00326456,-0.000212058,0.000252403,-0.000291005,-2.3855e-05,-0.000450816,-0.000942002,-0.000212058,0.00249719,0.00197236,0.00114052,-2.80719e-05,0.000522651,-0.000293449,0.000252403,0.00197236,0.0247528,0.000684304,0.00121816,2.1795e-05,0.00067798,-0.000291005,0.00114052,0.000684304,0.025907,-0.000224358,-1.77888e-05,7.36045e-06,-2.3855e-05,-2.80718e-05,0.00121816,-0.000224358,0.0466749,
0.00287008,0.000525629,-0.00178227,-0.000455153,0.000522339,2.2835e-05,-1.78544e-05,0.000525629,0.00161707,0.000681916,-0.000941275,-0.000294593,0.00067572,7.41562e-06,-0.00178227,0.000681916,0.00326846,-0.000210074,0.000245113,-0.00029748,-2.40442e-05,-0.000455153,-0.000941275,-0.000210074,0.00249682,0.00197428,0.00114355,-2.8504e-05,0.000522339,-0.000294593,0.000245113,0.00197428,0.0247539,0.000688086,0.00121558,2.2835e-05,0.00067572,-0.00029748,0.00114355,0.000688086,0.0259094,-0.00022337,-1.78544e-05,7.41568e-06,-2.40442e-05,-2.8504e-05,0.00121558,-0.00022337,0.0466747,
0.00286598,0.000525331,-0.00178049,-0.000459475,0.000522016,2.38587e-05,-1.79191e-05,0.000525331,0.00161764,0.000684948,-0.00094054,-0.000295732,0.000673473,7.47091e-06,-0.00178049,0.000684948,0.00327231,-0.000208087,0.00023785,-0.00030394,-2.42314e-05,-0.000459475,-0.00094054,-0.000208087,0.00249645,0.00197616,0.00114652,-2.89365e-05,0.000522016,-0.000295732,0.00023785,0.00197616,0.024755,0.000691874,0.00121301,2.38587e-05,0.000673473,-0.00030394,0.00114652,0.000691874,0.0259117,-0.000222386,-1.7919e-05,7.47097e-06,-2.42314e-05,-2.89365e-05,0.00121301,-0.000222386,0.0466745,
0.00286188,0.000525036,-0.00177869,-0.000463784,0.000521683,2.48662e-05,-1.79826e-05,0.000525036,0.0016182,0.000687967,-0.000939798,-0.000296866,0.000671241,7.52631e-06,-0.00177869,0.000687967,0.00327614,-0.000206096,0.000230613,-0.000310386,-2.44167e-05,-0.000463784,-0.000939798,-0.000206096,0.00249609,0.00197802,0.00114945,-2.93692e-05,0.000521683,-0.000296866,0.000230613,0.00197802,0.0247562,0.000695667,0.00121044,2.48662e-05,0.000671241,-0.000310386,0.00114945,0.000695667,0.0259141,-0.000221408,-1.79827e-05,7.52631e-06,-2.44167e-05,-2.93692e-05,0.00121044,-0.000221408,0.0466743,
0.0028578,0.000524745,-0.00177686,-0.000468078,0.000521339,2.58575e-05,-1.80452e-05,0.000524745,0.00161875,0.000690974,-0.000939048,-0.000297995,0.000669023,7.58177e-06,-0.00177686,0.000690974,0.00327992,-0.000204101,0.000223404,-0.000316816,-2.46e-05,-0.000468078,-0.000939048,-0.000204101,0.00249575,0.00197986,0.00115234,-2.98022e-05,0.000521339,-0.000297995,0.000223404,0.00197986,0.0247576,0.000699467,0.00120788,2.58575e-05,0.000669023,-0.000316816,0.00115234,0.000699466,0.0259166,-0.000220434,-1.80452e-05,7.58177e-06,-2.46e-05,-2.98022e-05,0.00120788,-0.000220434,0.0466741,
0.00285372,0.000524458,-0.00177501,-0.000472358,0.000520985,2.68327e-05,-1.81068e-05,0.000524458,0.00161929,0.000693966,-0.000938292,-0.000299118,0.00066682,7.63722e-06,-0.00177501,0.000693967,0.00328367,-0.000202104,0.000216221,-0.000323231,-2.47814e-05,-0.000472358,-0.000938292,-0.000202104,0.00249541,0.00198167,0.00115517,-3.02353e-05,0.000520985,-0.000299118,0.000216221,0.00198167,0.024759,0.000703271,0.00120532,2.68326e-05,0.00066682,-0.000323231,0.00115517,0.000703271,0.025919,-0.000219464,-1.81067e-05,7.63728e-06,-2.47813e-05,-3.02353e-05,0.00120532,-0.000219464,0.0466739,
0.00284966,0.000524173,-0.00177313,-0.000476623,0.000520621,2.77917e-05,-1.81674e-05,0.000524173,0.00161982,0.000696946,-0.000937528,-0.000300236,0.00066463,7.69274e-06,-0.00177313,0.000696946,0.00328738,-0.000200104,0.000209065,-0.000329629,-2.49608e-05,-0.000476623,-0.000937528,-0.000200104,0.00249507,0.00198345,0.00115797,-3.06686e-05,0.000520621,-0.000300236,0.000209065,0.00198345,0.0247605,0.000707081,0.00120277,2.77917e-05,0.00066463,-0.000329629,0.00115797,0.000707081,0.0259214,-0.000218499,-1.81674e-05,7.69279e-06,-2.49608e-05,-3.06686e-05,0.00120277,-0.000218499,0.0466737,
0.00284561,0.000523892,-0.00177123,-0.000480874,0.000520246,2.87347e-05,-1.82269e-05,0.000523892,0.00162034,0.000699913,-0.000936756,-0.000301348,0.000662456,7.7483e-06,-0.00177123,0.000699913,0.00329106,-0.000198102,0.000201936,-0.000336012,-2.51383e-05,-0.000480874,-0.000936756,-0.000198102,0.00249475,0.00198521,0.00116072,-3.1102e-05,0.000520246,-0.000301348,0.000201936,0.00198521,0.0247621,0.000710895,0.00120022,2.87347e-05,0.000662456,-0.000336012,0.00116072,0.000710895,0.0259239,-0.000217538,-1.8227e-05,7.7483e-06,-2.51383e-05,-3.1102e-05,0.00120022,-0.000217538,0.0466735,
0.00284157,0.000523615,-0.00176931,-0.00048511,0.000519861,2.96617e-05,-1.82856e-05,0.000523615,0.00162085,0.000702866,-0.000935978,-0.000302455,0.000660295,7.80387e-06,-0.00176931,0.000702866,0.0032947,-0.000196097,0.000194833,-0.000342377,-2.53138e-05,-0.000485109,-0.000935978,-0.000196097,0.00249443,0.00198695,0.00116342,-3.15355e-05,0.000519861,-0.000302455,0.000194833,0.00198695,0.0247638,0.000714713,0.00119767,2.96617e-05,0.000660295,-0.000342377,0.00116342,0.000714713,0.0259264,-0.000216581,-1.82856e-05,7.80392e-06,-2.53138e-05,-3.15355e-05,0.00119767,-0.00021658,0.0466733,
0.00283755,0.00052334,-0.00176737,-0.00048933,0.000519467,3.05727e-05,-1.83433e-05,0.00052334,0.00162135,0.000705807,-0.000935194,-0.000303557,0.000658149,7.85949e-06,-0.00176737,0.000705807,0.00329831,-0.000194091,0.000187758,-0.000348726,-2.54875e-05,-0.00048933,-0.000935194,-0.000194091,0.00249413,0.00198866,0.00116608,-3.19691e-05,0.000519467,-0.000303557,0.000187758,0.00198866,0.0247656,0.000718536,0.00119514,3.05727e-05,0.000658149,-0.000348726,0.00116608,0.000718536,0.0259289,-0.000215627,-1.83433e-05,7.85949e-06,-2.54875e-05,-3.19691e-05,0.00119514,-0.000215627,0.0466731,
0.00283353,0.000523069,-0.0017654,-0.000493536,0.000519062,3.14679e-05,-1.84e-05,0.000523069,0.00162185,0.000708733,-0.000934402,-0.000304653,0.000656018,7.91506e-06,-0.0017654,0.000708733,0.00330188,-0.000192082,0.00018071,-0.000355058,-2.56592e-05,-0.000493536,-0.000934402,-0.000192082,0.00249383,0.00199034,0.0011687,-3.24027e-05,0.000519062,-0.000304653,0.00018071,0.00199034,0.0247675,0.000722363,0.0011926,3.14679e-05,0.000656018,-0.000355058,0.0011687,0.000722363,0.0259314,-0.000214678,-1.84e-05,7.91506e-06,-2.56593e-05,-3.24027e-05,0.0011926,-0.000214678,0.0466729,
0.00282953,0.000522802,-0.00176342,-0.000497726,0.000518648,3.23472e-05,-1.84557e-05,0.000522802,0.00162233,0.000711647,-0.000933604,-0.000305743,0.000653901,7.97068e-06,-0.00176342,0.000711647,0.00330541,-0.000190073,0.000173688,-0.000361372,-2.58291e-05,-0.000497726,-0.000933604,-0.000190073,0.00249353,0.001992,0.00117128,-3.28364e-05,0.000518648,-0.000305743,0.000173688,0.001992,0.0247695,0.000726193,0.00119007,3.23472e-05,0.000653901,-0.000361372,0.00117128,0.000726193,0.0259339,-0.000213733,-1.84558e-05,7.97062e-06,-2.58291e-05,-3.28364e-05,0.00119007,-0.000213733,0.0466727,
0.00282554,0.000522538,-0.00176141,-0.000501902,0.000518225,3.32107e-05,-1.85106e-05,0.000522538,0.00162281,0.000714547,-0.000932799,-0.000306828,0.000651798,8.02625e-06,-0.00176141,0.000714547,0.00330891,-0.000188061,0.000166693,-0.000367668,-2.5997e-05,-0.000501902,-0.000932799,-0.000188061,0.00249325,0.00199364,0.00117381,-3.327e-05,0.000518225,-0.000306828,0.000166693,0.00199364,0.0247716,0.000730027,0.00118755,3.32107e-05,0.000651798,-0.000367668,0.00117381,0.000730027,0.0259365,-0.000212792,-1.85106e-05,8.0263e-06,-2.5997e-05,-3.327e-05,0.00118755,-0.000212792,0.0466725,
0.00282156,0.000522277,-0.00175939,-0.000506061,0.000517791,3.40586e-05,-1.85645e-05,0.000522277,0.00162327,0.000717433,-0.000931988,-0.000307907,0.00064971,8.08181e-06,-0.00175939,0.000717433,0.00331238,-0.000186049,0.000159725,-0.000373946,-2.61631e-05,-0.000506061,-0.000931988,-0.000186049,0.00249298,0.00199525,0.0011763,-3.37036e-05,0.000517791,-0.000307907,0.000159725,0.00199525,0.0247737,0.000733863,0.00118502,3.40586e-05,0.00064971,-0.000373946,0.0011763,0.000733863,0.025939,-0.000211854,-1.85645e-05,8.08187e-06,-2.61631e-05,-3.37036e-05,0.00118502,-0.000211854,0.0466723,
0.00281759,0.000522019,-0.00175734,-0.000510206,0.000517349,3.48909e-05,-1.86176e-05,0.000522019,0.00162373,0.000720307,-0.000931171,-0.00030898,0.000647637,8.13744e-06,-0.00175734,0.000720307,0.00331581,-0.000184036,0.000152784,-0.000380205,-2.63273e-05,-0.000510206,-0.000931171,-0.000184036,0.00249271,0.00199684,0.00117875,-3.41372e-05,0.000517349,-0.00030898,0.000152784,0.00199684,0.024776,0.000737703,0.00118251,3.48909e-05,0.000647637,-0.000380205,0.00117875,0.000737703,0.0259416,-0.000210921,-1.86176e-05,8.13738e-06,-2.63273e-05,-3.41371e-05,0.00118251,-0.000210921,0.0466721,
0.00281364,0.000521765,-0.00175528,-0.000514334,0.000516897,3.57076e-05,-1.86696e-05,0.000521765,0.00162418,0.000723166,-0.000930347,-0.000310048,0.000645578,8.19295e-06,-0.00175528,0.000723166,0.00331921,-0.000182022,0.00014587,-0.000386446,-2.64896e-05,-0.000514334,-0.000930347,-0.000182022,0.00249245,0.00199841,0.00118115,-3.45706e-05,0.000516897,-0.000310048,0.00014587,0.00199841,0.0247783,0.000741545,0.00117999,3.57076e-05,0.000645578,-0.000386446,0.00118115,0.000741545,0.0259442,-0.000209991,-1.86697e-05,8.19289e-06,-2.64896e-05,-3.45706e-05,0.00117999,-0.000209991,0.0466719,
0.0028097,0.000521514,-0.00175319,-0.000518447,0.000516436,3.65089e-05,-1.87209e-05,0.000521514,0.00162462,0.000726013,-0.000929518,-0.00031111,0.000643534,8.24843e-06,-0.00175319,0.000726013,0.00332258,-0.000180008,0.000138983,-0.000392667,-2.66501e-05,-0.000518447,-0.000929518,-0.000180008,0.0024922,0.00199995,0.00118352,-3.50039e-05,0.000516436,-0.00031111,0.000138983,0.00199995,0.0247807,0.000745389,0.00117748,3.65089e-05,0.000643534,-0.000392667,0.00118352,0.000745389,0.0259468,-0.000209064,-1.87209e-05,8.24846e-06,-2.66501e-05,-3.50039e-05,0.00117748,-0.000209064,0.0466717,
0.00280577,0.000521266,-0.00175109,-0.000522544,0.000515965,3.72948e-05,-1.87712e-05,0.000521266,0.00162505,0.000728845,-0.000928682,-0.000312166,0.000641505,8.30389e-06,-0.00175109,0.000728845,0.00332591,-0.000177994,0.000132123,-0.00039887,-2.68088e-05,-0.000522544,-0.000928682,-0.000177994,0.00249196,0.00200147,0.00118584,-3.54371e-05,0.000515965,-0.000312166,0.000132123,0.00200147,0.0247832,0.000749235,0.00117498,3.72948e-05,0.000641505,-0.00039887,0.00118584,0.000749235,0.0259494,-0.000208141,-1.87712e-05,8.30391e-06,-2.68088e-05,-3.54371e-05,0.00117498,-0.000208141,0.0466715,
0.00280186,0.000521021,-0.00174897,-0.000526626,0.000515486,3.80655e-05,-1.88207e-05,0.000521021,0.00162547,0.000731665,-0.000927841,-0.000313216,0.00063949,8.35931e-06,-0.00174897,0.000731665,0.00332921,-0.000175979,0.000125289,-0.000405053,-2.69656e-05,-0.000526626,-0.000927841,-0.000175979,0.00249172,0.00200297,0.00118812,-3.58701e-05,0.000515486,-0.000313216,0.000125289,0.00200297,0.0247858,0.000753083,0.00117248,3.80655e-05,0.00063949,-0.000405053,0.00118812,0.000753083,0.025952,-0.000207222,-1.88207e-05,8.35926e-06,-2.69656e-05,-3.58701e-05,0.00117248,-0.000207222,0.0466713,
0.00279795,0.00052078,-0.00174683,-0.000530691,0.000514998,3.88209e-05,-1.88693e-05,0.00052078,0.00162588,0.00073447,-0.000926994,-0.000314261,0.00063749,8.41466e-06,-0.00174683,0.00073447,0.00333247,-0.000173965,0.000118482,-0.000411216,-2.71206e-05,-0.000530691,-0.000926994,-0.000173965,0.00249149,0.00200444,0.00119036,-3.6303e-05,0.000514998,-0.000314261,0.000118482,0.00200444,0.0247884,0.000756933,0.00116998,3.88209e-05,0.00063749,-0.000411216,0.00119036,0.000756933,0.0259546,-0.000206306,-1.88692e-05,8.41466e-06,-2.71205e-05,-3.63029e-05,0.00116998,-0.000206306,0.0466711,
0.00279406,0.000520542,-0.00174467,-0.00053474,0.000514502,3.95613e-05,-1.8917e-05,0.000520542,0.00162629,0.000737262,-0.000926141,-0.000315299,0.000635505,8.46992e-06,-0.00174467,0.000737262,0.00333571,-0.000171951,0.000111702,-0.000417359,-2.72737e-05,-0.00053474,-0.000926141,-0.000171951,0.00249128,0.00200589,0.00119257,-3.67356e-05,0.000514502,-0.000315299,0.000111702,0.00200589,0.0247912,0.000760784,0.00116749,3.95613e-05,0.000635505,-0.000417359,0.00119257,0.000760784,0.0259573,-0.000205393,-1.8917e-05,8.46995e-06,-2.72737e-05,-3.67356e-05,0.00116749,-0.000205393,0.0466709,
0.00279019,0.000520307,-0.0017425,-0.000538773,0.000513996,4.02867e-05,-1.89639e-05,0.000520307,0.00162668,0.000740041,-0.000925283,-0.000316332,0.000633534,8.52515e-06,-0.0017425,0.000740041,0.00333891,-0.000169938,0.000104949,-0.000423482,-2.74251e-05,-0.000538773,-0.000925283,-0.000169938,0.00249107,0.00200732,0.00119473,-3.7168e-05,0.000513996,-0.000316332,0.000104949,0.00200732,0.024794,0.000764636,0.001165,4.02867e-05,0.000633534,-0.000423482,0.00119473,0.000764636,0.0259599,-0.000204484,-1.89639e-05,8.52518e-06,-2.74251e-05,-3.71679e-05,0.001165,-0.000204484,0.0466707,
0.00278633,0.000520075,-0.00174031,-0.00054279,0.000513483,4.09972e-05,-1.901e-05,0.000520075,0.00162707,0.000742806,-0.000924419,-0.000317358,0.000631578,8.58033e-06,-0.00174031,0.000742806,0.00334208,-0.000167925,9.82228e-05,-0.000429584,-2.75747e-05,-0.00054279,-0.000924419,-0.000167925,0.00249086,0.00200873,0.00119685,-3.76001e-05,0.000513483,-0.000317358,9.82229e-05,0.00200873,0.0247969,0.000768489,0.00116252,4.09972e-05,0.000631578,-0.000429584,0.00119685,0.000768489,0.0259626,-0.000203579,-1.901e-05,8.5803e-06,-2.75747e-05,-3.76001e-05,0.00116252,-0.000203579,0.0466705,
0.00278248,0.000519846,-0.0017381,-0.00054679,0.00051296,4.16928e-05,-1.90552e-05,0.000519846,0.00162745,0.000745557,-0.00092355,-0.000318379,0.000629637,8.6354e-06,-0.0017381,0.000745557,0.00334522,-0.000165914,9.15233e-05,-0.000435665,-2.77225e-05,-0.00054679,-0.00092355,-0.000165914,0.00249067,0.00201011,0.00119894,-3.8032e-05,0.00051296,-0.000318379,9.15232e-05,0.00201011,0.0247999,0.000772342,0.00116003,4.16928e-05,0.000629636,-0.000435666,0.00119894,0.000772342,0.0259652,-0.000202677,-1.90551e-05,8.63543e-06,-2.77225e-05,-3.80319e-05,0.00116003,-0.000202677,0.0466703,
0.00277864,0.00051962,-0.00173588,-0.000550775,0.00051243,4.23738e-05,-1.90996e-05,0.00051962,0.00162782,0.000748295,-0.000922676,-0.000319394,0.00062771,8.69041e-06,-0.00173588,0.000748295,0.00334833,-0.000163903,8.48503e-05,-0.000441726,-2.78685e-05,-0.000550775,-0.000922676,-0.000163903,0.00249048,0.00201148,0.00120099,-3.84635e-05,0.00051243,-0.000319394,8.48503e-05,0.00201148,0.0248029,0.000776196,0.00115756,4.23738e-05,0.00062771,-0.000441726,0.00120099,0.000776196,0.0259679,-0.000201778,-1.90996e-05,8.69038e-06,-2.78685e-05,-3.84635e-05,0.00115756,-0.000201778,0.0466701,
0.00277482,0.000519398,-0.00173364,-0.000554742,0.000511891,4.30401e-05,-1.91432e-05,0.000519398,0.00162818,0.000751019,-0.000921797,-0.000320403,0.000625798,8.74531e-06,-0.00173364,0.000751019,0.0033514,-0.000161894,7.82042e-05,-0.000447766,-2.80127e-05,-0.000554742,-0.000921797,-0.000161894,0.0024903,0.00201282,0.00120299,-3.88947e-05,0.000511891,-0.000320403,7.82042e-05,0.00201282,0.024806,0.00078005,0.00115508,4.30401e-05,0.000625798,-0.000447766,0.00120299,0.00078005,0.0259706,-0.000200882,-1.91432e-05,8.74534e-06,-2.80128e-05,-3.88947e-05,0.00115508,-0.000200882,0.04667,
0.00277101,0.000519178,-0.00173139,-0.000558694,0.000511345,4.3692e-05,-1.9186e-05,0.000519178,0.00162854,0.00075373,-0.000920912,-0.000321405,0.000623901,8.80016e-06,-0.00173139,0.00075373,0.00335445,-0.000159886,7.15846e-05,-0.000453784,-2.81552e-05,-0.000558694,-0.000920912,-0.000159886,0.00249013,0.00201414,0.00120496,-3.93256e-05,0.000511345,-0.000321405,7.15846e-05,0.00201414,0.0248092,0.000783904,0.00115261,4.36919e-05,0.000623901,-0.000453784,0.00120496,0.000783904,0.0259733,-0.00019999,-1.9186e-05,8.80018e-06,-2.81552e-05,-3.93256e-05,0.00115261,-0.00019999,0.0466698,
0.00276722,0.000518962,-0.00172912,-0.000562628,0.00051079,4.43294e-05,-1.9228e-05,0.000518962,0.00162888,0.000756427,-0.000920023,-0.000322402,0.000622018,8.85486e-06,-0.00172912,0.000756427,0.00335746,-0.00015788,6.49918e-05,-0.000459781,-2.8296e-05,-0.000562628,-0.000920023,-0.00015788,0.00248997,0.00201544,0.0012069,-3.97561e-05,0.00051079,-0.000322402,6.49918e-05,0.00201544,0.0248125,0.000787758,0.00115015,4.43294e-05,0.000622018,-0.000459781,0.0012069,0.000787758,0.025976,-0.000199101,-1.9228e-05,8.85486e-06,-2.8296e-05,-3.97562e-05,0.00115015,-0.000199101,0.0466696,
0.00276344,0.000518748,-0.00172684,-0.000566547,0.000510228,4.49526e-05,-1.92692e-05,0.000518748,0.00162922,0.00075911,-0.000919129,-0.000323393,0.000620151,8.90948e-06,-0.00172684,0.00075911,0.00336044,-0.000155876,5.84255e-05,-0.000465756,-2.8435e-05,-0.000566547,-0.000919129,-0.000155876,0.00248981,0.00201672,0.00120879,-4.01863e-05,0.000510228,-0.000323393,5.84255e-05,0.00201672,0.0248158,0.000791611,0.00114769,4.49525e-05,0.000620151,-0.000465756,0.00120879,0.000791611,0.0259788,-0.000198215,-1.92691e-05,8.90948e-06,-2.8435e-05,-4.01863e-05,0.00114769,-0.000198215,0.0466694,
0.00275967,0.000518537,-0.00172454,-0.000570448,0.000509658,4.55615e-05,-1.93096e-05,0.000518538,0.00162955,0.00076178,-0.00091823,-0.000324377,0.000618297,8.96402e-06,-0.00172454,0.00076178,0.0033634,-0.000153873,5.18859e-05,-0.000471709,-2.85723e-05,-0.000570448,-0.00091823,-0.000153873,0.00248966,0.00201798,0.00121065,-4.06161e-05,0.000509658,-0.000324377,5.18858e-05,0.00201798,0.0248192,0.000795463,0.00114523,4.55616e-05,0.000618297,-0.000471709,0.00121065,0.000795463,0.0259815,-0.000197333,-1.93096e-05,8.964e-06,-2.85723e-05,-4.06161e-05,0.00114523,-0.000197333,0.0466692,
0.00275592,0.00051833,-0.00172223,-0.000574333,0.00050908,4.61564e-05,-1.93492e-05,0.00051833,0.00162987,0.000764436,-0.000917326,-0.000325355,0.000616459,9.01842e-06,-0.00172223,0.000764436,0.00336632,-0.000151873,4.53727e-05,-0.00047764,-2.87078e-05,-0.000574333,-0.000917327,-0.000151873,0.00248952,0.00201922,0.00121247,-4.10454e-05,0.00050908,-0.000325355,4.53727e-05,0.00201922,0.0248227,0.000799315,0.00114277,4.61564e-05,0.000616459,-0.00047764,0.00121247,0.000799315,0.0259842,-0.000196453,-1.93492e-05,9.0184e-06,-2.87078e-05,-4.10454e-05,0.00114277,-0.000196453,0.046669,
0.00275218,0.000518125,-0.00171991,-0.000578201,0.000508495,4.67374e-05,-1.93881e-05,0.000518125,0.00163019,0.000767079,-0.000916419,-0.000326328,0.000614635,9.07269e-06,-0.00171991,0.000767079,0.00336922,-0.000149875,3.88861e-05,-0.00048355,-2.88417e-05,-0.000578201,-0.000916419,-0.000149875,0.00248939,0.00202044,0.00121426,-4.14743e-05,0.000508495,-0.000326328,3.88862e-05,0.00202044,0.0248262,0.000803165,0.00114032,4.67373e-05,0.000614635,-0.00048355,0.00121426,0.000803165,0.025987,-0.000195577,-1.93881e-05,9.07269e-06,-2.88417e-05,-4.14742e-05,0.00114032,-0.000195577,0.0466688,
0.00274845,0.000517923,-0.00171757,-0.000582053,0.000507902,4.73044e-05,-1.94263e-05,0.000517923,0.00163049,0.000769708,-0.000915506,-0.000327294,0.000612826,9.12684e-06,-0.00171757,0.000769708,0.00337208,-0.00014788,3.2426e-05,-0.000489436,-2.89739e-05,-0.000582053,-0.000915506,-0.00014788,0.00248927,0.00202164,0.00121601,-4.19027e-05,0.000507902,-0.000327294,3.2426e-05,0.00202164,0.0248298,0.000807014,0.00113788,4.73044e-05,0.000612826,-0.000489436,0.00121601,0.000807014,0.0259897,-0.000194704,-1.94263e-05,9.12687e-06,-2.89739e-05,-4.19027e-05,0.00113788,-0.000194704,0.0466687,
0.00274474,0.000517724,-0.00171522,-0.000585887,0.000507302,4.78578e-05,-1.94637e-05,0.000517724,0.00163079,0.000772324,-0.000914589,-0.000328254,0.000611032,9.18088e-06,-0.00171522,0.000772324,0.00337492,-0.000145887,2.59923e-05,-0.0004953,-2.91043e-05,-0.000585887,-0.000914589,-0.000145887,0.00248915,0.00202281,0.00121772,-4.23306e-05,0.000507302,-0.000328254,2.59923e-05,0.00202281,0.0248335,0.000810861,0.00113543,4.78578e-05,0.000611032,-0.0004953,0.00121772,0.000810861,0.0259925,-0.000193835,-1.94637e-05,9.18088e-06,-2.91043e-05,-4.23306e-05,0.00113543,-0.000193835,0.0466685,
0.00274105,0.000517528,-0.00171286,-0.000589705,0.000506695,4.83975e-05,-1.95003e-05,0.000517528,0.00163108,0.000774926,-0.000913668,-0.000329207,0.000609252,9.23478e-06,-0.00171286,0.000774926,0.00337773,-0.000143897,1.95851e-05,-0.000501142,-2.92331e-05,-0.000589705,-0.000913668,-0.000143897,0.00248904,0.00202397,0.0012194,-4.27581e-05,0.000506695,-0.000329207,1.95851e-05,0.00202397,0.0248372,0.000814707,0.00113299,4.83975e-05,0.000609252,-0.000501142,0.0012194,0.000814707,0.0259953,-0.000192968,-1.95003e-05,9.23478e-06,-2.92331e-05,-4.27581e-05,0.00113299,-0.000192968,0.0466683,
0.00273737,0.000517335,-0.00171049,-0.000593506,0.000506081,4.89236e-05,-1.95362e-05,0.000517335,0.00163136,0.000777514,-0.000912743,-0.000330155,0.000607487,9.28854e-06,-0.00171049,0.000777514,0.00338051,-0.00014191,1.32041e-05,-0.000506961,-2.93603e-05,-0.000593506,-0.000912743,-0.00014191,0.00248894,0.00202511,0.00122105,-4.3185e-05,0.000506081,-0.000330155,1.32042e-05,0.00202511,0.024841,0.00081855,0.00113056,4.89237e-05,0.000607487,-0.000506961,0.00122105,0.00081855,0.025998,-0.000192105,-1.95362e-05,9.28857e-06,-2.93602e-05,-4.3185e-05,0.00113056,-0.000192105,0.0466681,
0.0027337,0.000517144,-0.0017081,-0.00059729,0.00050546,4.94365e-05,-1.95714e-05,0.000517144,0.00163163,0.000780089,-0.000911814,-0.000331096,0.000605737,9.34217e-06,-0.0017081,0.000780089,0.00338326,-0.000139926,6.84952e-06,-0.000512756,-2.94858e-05,-0.00059729,-0.000911814,-0.000139926,0.00248884,0.00202623,0.00122266,-4.36114e-05,0.00050546,-0.000331096,6.84952e-06,0.00202623,0.0248449,0.000822392,0.00112813,4.94365e-05,0.000605737,-0.000512756,0.00122266,0.000822392,0.0260008,-0.000191244,-1.95715e-05,9.34214e-06,-2.94857e-05,-4.36114e-05,0.00112813,-0.000191244,0.046668,
0.00273005,0.000516956,-0.00170571,-0.000601057,0.000504832,4.99359e-05,-1.96059e-05,0.000516956,0.0016319,0.00078265,-0.000910881,-0.000332031,0.000604001,9.39565e-06,-0.00170571,0.00078265,0.00338598,-0.000137945,5.2125e-07,-0.000518529,-2.96096e-05,-0.000601057,-0.000910881,-0.000137945,0.00248876,0.00202733,0.00122424,-4.40373e-05,0.000504832,-0.000332031,5.2125e-07,0.00202733,0.0248488,0.000826231,0.0011257,4.99359e-05,0.000604001,-0.000518529,0.00122424,0.000826231,0.0260036,-0.000190387,-1.96059e-05,9.39565e-06,-2.96096e-05,-4.40373e-05,0.0011257,-0.000190387,0.0466678,
0.00272641,0.000516771,-0.0017033,-0.000604807,0.000504197,5.04223e-05,-1.96397e-05,0.000516771,0.00163216,0.000785198,-0.000909944,-0.00033296,0.000602279,9.44897e-06,-0.0017033,0.000785198,0.00338868,-0.000135967,-5.78085e-06,-0.000524279,-2.97318e-05,-0.000604807,-0.000909944,-0.000135967,0.00248868,0.00202841,0.00122578,-4.44626e-05,0.000504198,-0.00033296,-5.78082e-06,0.00202841,0.0248528,0.000830067,0.00112327,5.04223e-05,0.000602279,-0.000524279,0.00122578,0.000830067,0.0260064,-0.000189533,-1.96397e-05,9.44894e-06,-2.97318e-05,-4.44625e-05,0.00112327,-0.000189533,0.0466676,
