0.00182464,0.000138627,-0.00153734,0.00081486,0.000474402,-0.00081788,-2.8183e-05,0.000138627,0.00136433,0.000796527,0.000993773,-0.00111763,-0.000831991,-1.87224e-05,-0.00153734,0.000796527,0.00354862,2.60614e-05,-9.42189e-06,-0.000380969,-5.97954e-05,0.00081486,0.000993773,2.60614e-05,0.00289112,0.00088086,0.00111155,-4.563e-05,0.000474402,-0.00111763,-9.42189e-06,0.00088086,0.0257551,0.00134833,0.000982209,-0.00081788,-0.000831991,-0.000380969,0.00111155,0.00134833,0.0271605,-0.000173296,-2.8183e-05,-1.87224e-05,-5.97954e-05,-4.563e-05,0.000982209,-0.000173296,0.0466579,
0.00182438,0.000138128,-0.0015389,0,0.000474655,-0.000817366,-2.82318e-05,0.000138128,0.00136318,0.000794597,0,-0.00111593,-0.000832616,-1.8633e-05,-0.0015389,0.000794597,0.00354878,0,-1.03685e-05,-0.000383499,-5.98752e-05,0.000813031,0.000994874,2.65948e-05,0,0.000882616,0.00111106,-4.57978e-05,0.000474655,-0.00111593,-1.03685e-05,0,0.0257575,0.00135164,0.000981395,-0.000817366,-0.000832616,-0.000383499,0,0.00135164,0.0271616,-0.000171732,-2.82316e-05,-1.8633e-05,-5.98752e-05,0,0.000981395,-0.000171732,0.0466579,
0.00182461,0.000137936,-0.00154072,0,0.000474228,-0.000817361,-2.83335e-05,0.000137936,0.00136185,0.00079241,0,-0.00111393,-0.000833057,-1.85586e-05,-0.00154072,0.00079241,0.00354923,0,-1.19044e-05,-0.000387036,-6.00981e-05,0.000811077,0.000996208,2.73336e-05,0,0.000884583,0.00111207,-4.61547e-05,0.000474228,-0.00111393,-1.19044e-05,0,0.0257622,0.00135589,0.000978813,-0.000817361,-0.000833057,-0.000387036,0,0.00135589,0.0271672,-0.000170244,-2.83334e-05,-1.85586e-05,-6.00983e-05,0,0.000978813,-0.000170244,0.0466578,
0.00182517,0.000138034,-0.00154247,0,0.000473236,-0.000817656,-2.84638e-05,0.000138034,0.0013605,0.000790293,0,-0.00111213,-0.000833231,-1.84779e-05,-0.00154247,0.000790293,0.00354997,0,-1.39359e-05,-0.000390977,-6.03412e-05,0.000809335,0.000997577,2.81777e-05,0,0.000886538,0.00111351,-4.65704e-05,0.000473236,-0.00111213,-1.39359e-05,0,0.0257676,0.00136062,0.000975831,-0.000817656,-0.000833231,-0.000390977,0,0.00136062,0.0271735,-0.000168788,-2.84638e-05,-1.84779e-05,-6.03412e-05,0,0.000975831,-0.000168788,0.0466576,
0.00182595,0.000138362,-0.00154411,0,0.000472116,-0.000817984,-2.86107e-05,0.000138362,0.00135914,0.000788228,0,-0.00111058,-0.00083316,-1.83902e-05,-0.00154411,0.000788228,0.00355101,0,-1.61792e-05,-0.000394782,-6.05779e-05,0.000807808,0.000998984,2.91108e-05,0,0.000888058,0.00111529,-4.69793e-05,0.000472116,-0.00111058,-1.61792e-05,0,0.0257732,0.00136539,0.000972837,-0.000817984,-0.00083316,-0.000394782,0,0.00136539,0.0271796,-0.000167369,-2.86107e-05,-1.83902e-05,-6.05779e-05,0,0.000972837,-0.000167369,0.0466575,
0.00182695,0.000138907,-0.0015457,0,0.000470501,-0.000818613,-2.87828e-05,0.000138907,0.00135775,0.000786208,0,-0.00110912,-0.000832872,-1.83008e-05,-0.0015457,0.000786208,0.00355227,0,-1.88315e-05,-0.000398996,-6.08504e-05,0.000806417,0.00100043,3.01208e-05,0,0.000889622,0.00111756,-4.74572e-05,0.000470501,-0.00110912,-1.88315e-05,0,0.0257797,0.00137062,0.0009693,-0.000818613,-0.000832872,-0.000398996,0,0.00137062,0.027187,-0.000165984,-2.87828e-05,-1.83009e-05,-6.08504e-05,0,0.0009693,-0.000165984,0.0466572,
0.00182813,0.000139622,-0.00154723,0,0.000468712,-0.000819324,-2.89688e-05,0.000139622,0.00135636,0.00078422,0,-0.00110782,-0.000832404,-1.82065e-05,-0.00154723,0.00078422,0.00355372,0,-2.16853e-05,-0.000403223,-6.11233e-05,0.000805168,0.0010019,3.11983e-05,0,0.000890962,0.00112007,-4.79449e-05,0.000468712,-0.00110782,-2.16854e-05,0,0.0257865,0.00137596,0.00096567,-0.000819324,-0.000832404,-0.000403223,0,0.00137596,0.0271945,-0.000164629,-2.89688e-05,-1.82065e-05,-6.11233e-05,0,0.00096567,-0.000164629,0.046657,
0.0018294,0.00014046,-0.00154878,0,0.000466745,-0.000820062,-2.91677e-05,0.00014046,0.00135483,0.000782106,0,-0.00110657,-0.000831772,-1.81018e-05,-0.00154878,0.000782106,0.00355544,0,-2.49386e-05,-0.000407705,-6.13906e-05,0.000803928,0.00100351,3.2387e-05,0,0.00089221,0.00112268,-4.84611e-05,0.000466745,-0.00110657,-2.49386e-05,0,0.0257936,0.0013816,0.000961888,-0.000820062,-0.000831772,-0.000407705,0,0.0013816,0.0272021,-0.000163314,-2.91677e-05,-1.81018e-05,-6.13906e-05,0,0.000961888,-0.000163314,0.0466568,
0.00183073,0.000141401,-0.00155032,0,0.000464664,-0.000820817,-2.93765e-05,0.000141401,0.00135321,0.000779914,0,-0.00110539,-0.000830999,-1.79893e-05,-0.00155032,0.000779914,0.00355735,0,-2.8462e-05,-0.000412311,-6.16523e-05,0.000802717,0.00100521,3.36562e-05,0,0.000893327,0.00112537,-4.89932e-05,0.000464664,-0.00110539,-2.84621e-05,0,0.025801,0.00138744,0.000958017,-0.000820817,-0.000830999,-0.000412311,0,0.00138744,0.0272098,-0.000162031,-2.93765e-05,-1.79893e-05,-6.16523e-05,0,0.000958017,-0.000162031,0.0466565,
0.00183215,0.000142426,-0.00155187,0.000801521,0.00046246,-0.000821615,-2.95934e-05,0.000142426,0.00135154,0.000777662,0.00100697,-0.00110425,-0.000830123,-1.78709e-05,-0.00155187,0.000777662,0.0035594,3.49887e-05,-3.21923e-05,-0.000417047,-6.19094e-05,0.000801521,0.00100697,3.49887e-05,0.00290488,0.000894381,0.00112812,-4.95415e-05,0.00046246,-0.00110425,-3.21923e-05,0.000894381,0.0258087,0.00139344,0.000954071,-0.000821615,-0.000830123,-0.000417047,0.00112812,0.00139344,0.0272175,-0.000160778,-2.95934e-05,-1.7871e-05,-6.19094e-05,-4.95415e-05,0.000954071,-0.000160778,0.0466562,
0.00183375,0.000143493,-0.00155352,0.000800274,0.000460252,-0.000822438,-2.98138e-05,0.000143493,0.00134988,0.00077534,0.00100875,-0.00110307,-0.00082927,-1.77525e-05,-0.00155352,0.00077534,0.00356142,3.63645e-05,-3.58731e-05,-0.000421811,-6.21611e-05,0.000800274,0.00100875,3.63645e-05,0.00290678,0.000895421,0.00113084,-5.00932e-05,0.000460252,-0.00110307,-3.58731e-05,0.000895421,0.0258164,0.00139947,0.00095014,-0.000822438,-0.00082927,-0.000421811,0.00113084,0.00139947,0.0272253,-0.000159543,-2.98138e-05,-1.77525e-05,-6.21611e-05,-5.00932e-05,0.00095014,-0.000159543,0.046656,
0.00183549,0.000144594,-0.00155523,0.00079899,0.000458015,-0.000823298,-3.00373e-05,0.000144594,0.00134823,0.000772969,0.00101055,-0.00110185,-0.000828427,-1.76339e-05,-0.00155523,0.000772969,0.00356342,3.77723e-05,-3.95258e-05,-0.000426615,-6.24092e-05,0.00079899,0.00101055,3.77723e-05,0.00290866,0.000896462,0.00113356,-5.06504e-05,0.000458015,-0.00110185,-3.95258e-05,0.000896462,0.0258243,0.00140555,0.000946206,-0.000823298,-0.000828427,-0.000426615,0.00113356,0.00140555,0.0272331,-0.000158325,-3.00373e-05,-1.7634e-05,-6.24092e-05,-5.06504e-05,0.000946205,-0.000158325,0.0466557,
0.00183735,0.000145723,-0.00155698,0.00079768,0.000455757,-0.000824193,-3.0263e-05,0.000145723,0.0013466,0.000770564,0.00101235,-0.00110061,-0.000827589,-1.75152e-05,-0.00155698,0.000770564,0.00356539,3.92041e-05,-4.31442e-05,-0.000431437,-6.26532e-05,0.00079768,0.00101235,3.92041e-05,0.00291049,0.000897498,0.00113626,-5.12108e-05,0.000455757,-0.00110061,-4.31442e-05,0.000897498,0.0258323,0.00141164,0.000942278,-0.000824193,-0.000827589,-0.000431437,0.00113626,0.00141164,0.0272408,-0.000157122,-3.02629e-05,-1.75152e-05,-6.26532e-05,-5.12108e-05,0.000942278,-0.000157122,0.0466554,
0.0018393,0.000146875,-0.00155877,0.000796352,0.000453474,-0.000825122,-3.04901e-05,0.000146875,0.00134498,0.000768139,0.00101415,-0.00109936,-0.000826748,-1.73963e-05,-0.00155877,0.000768139,0.00356732,4.06521e-05,-4.67345e-05,-0.000436267,-6.28931e-05,0.000796352,0.00101415,4.06521e-05,0.0029123,0.000898526,0.00113893,-5.17738e-05,0.000453474,-0.00109936,-4.67346e-05,0.000898526,0.0258404,0.00141776,0.000938358,-0.000825122,-0.000826748,-0.000436267,0.00113893,0.00141776,0.0272485,-0.000155931,-3.04901e-05,-1.73963e-05,-6.28931e-05,-5.17738e-05,0.000938358,-0.000155931,0.0466551,
0.00184129,0.000148042,-0.00156055,0.000795039,0.00045117,-0.000826076,-3.07178e-05,0.000148042,0.00134338,0.000765722,0.00101595,-0.00109813,-0.000825878,-1.72763e-05,-0.00156055,0.000765722,0.00356926,4.2104e-05,-5.0318e-05,-0.000441067,-6.31273e-05,0.000795039,0.00101595,4.21039e-05,0.0029141,0.000899516,0.00114157,-5.2335e-05,0.00045117,-0.00109813,-5.03181e-05,0.000899516,0.0258486,0.00142387,0.000934468,-0.000826076,-0.000825878,-0.000441067,0.00114157,0.00142387,0.0272561,-0.000154752,-3.07178e-05,-1.72763e-05,-6.31273e-05,-5.2335e-05,0.000934468,-0.000154752,0.0466549,
0.00184331,0.000149217,-0.0015623,0.000793734,0.000448843,-0.000827059,-3.09454e-05,0.000149217,0.00134179,0.000763316,0.00101773,-0.00109691,-0.000824985,-1.71557e-05,-0.0015623,0.000763316,0.00357117,4.3555e-05,-5.38903e-05,-0.000445848,-6.33572e-05,0.000793734,0.00101773,4.3555e-05,0.00291588,0.000900486,0.00114419,-5.28961e-05,0.000448843,-0.00109691,-5.38903e-05,0.000900486,0.0258569,0.00142997,0.000930594,-0.000827059,-0.000824985,-0.000445848,0.00114419,0.00142997,0.0272637,-0.000153583,-3.09454e-05,-1.71557e-05,-6.33572e-05,-5.28961e-05,0.000930594,-0.000153583,0.0466546,
0.00184534,0.000150394,-0.00156404,0.000792436,0.000446501,-0.000828065,-3.11725e-05,0.000150394,0.00134022,0.00076092,0.0010195,-0.0010957,-0.000824071,-1.70346e-05,-0.00156404,0.00076092,0.00357307,4.50022e-05,-5.74463e-05,-0.000450601,-6.35828e-05,0.000792436,0.0010195,4.50022e-05,0.00291766,0.000901435,0.00114677,-5.34564e-05,0.000446501,-0.0010957,-5.74463e-05,0.000901435,0.0258653,0.00143607,0.000926738,-0.000828065,-0.000824071,-0.000450601,0.00114677,0.00143607,0.0272712,-0.000152422,-3.11725e-05,-1.70346e-05,-6.35828e-05,-5.34563e-05,0.000926738,-0.000152422,0.0466543,
0.00184738,0.000151572,-0.00156577,0.000791143,0.000444144,-0.000829095,-3.13989e-05,0.000151572,0.00133867,0.000758536,0.00102126,-0.0010945,-0.000823138,-1.69131e-05,-0.00156577,0.000758536,0.00357495,4.6444e-05,-6.09858e-05,-0.000455329,-6.38045e-05,0.000791143,0.00102126,4.6444e-05,0.00291942,0.000902367,0.00114932,-5.40158e-05,0.000444144,-0.0010945,-6.09858e-05,0.000902367,0.0258738,0.00144216,0.000922896,-0.000829095,-0.000823138,-0.000455329,0.00114932,0.00144216,0.0272786,-0.000151268,-3.13989e-05,-1.6913e-05,-6.38045e-05,-5.40158e-05,0.000922896,-0.000151268,0.046654,
0.00184943,0.000152748,-0.00156747,0.000789854,0.000441775,-0.000830148,-3.16244e-05,0.000152748,0.00133713,0.000756164,0.00102301,-0.0010933,-0.000822187,-1.67912e-05,-0.00156747,0.000756164,0.00357681,4.78791e-05,-6.45075e-05,-0.00046003,-6.40226e-05,0.000789854,0.00102301,4.78791e-05,0.00292117,0.000903283,0.00115184,-5.45746e-05,0.000441775,-0.0010933,-6.45076e-05,0.000903283,0.0258825,0.00144824,0.000919068,-0.000830148,-0.000822187,-0.00046003,0.00115184,0.00144824,0.027286,-0.000150122,-3.16244e-05,-1.67912e-05,-6.40227e-05,-5.45746e-05,0.000919068,-0.000150122,0.0466538,
0.00185148,0.00015392,-0.00156916,0.00078857,0.000439395,-0.000831224,-3.18489e-05,0.00015392,0.0013356,0.000753804,0.00102474,-0.00109211,-0.000821217,-1.6669e-05,-0.00156916,0.000753804,0.00357864,4.93069e-05,-6.80116e-05,-0.000464705,-6.42373e-05,0.00078857,0.00102474,4.93069e-05,0.00292292,0.000904185,0.00115432,-5.51326e-05,0.000439395,-0.00109211,-6.80116e-05,0.000904185,0.0258912,0.0014543,0.00091525,-0.000831224,-0.000821217,-0.000464705,0.00115432,0.0014543,0.0272933,-0.000148982,-3.18489e-05,-1.66691e-05,-6.42373e-05,-5.51327e-05,0.00091525,-0.000148982,0.0466535,
0.00185353,0.000155088,-0.00157083,0.00078729,0.000437004,-0.000832321,-3.20723e-05,0.000155088,0.0013341,0.000751456,0.00102646,-0.00109092,-0.00082023,-1.65466e-05,-0.00157083,0.000751456,0.00358045,5.07271e-05,-7.14978e-05,-0.000469353,-6.44487e-05,0.00078729,0.00102646,5.07271e-05,0.00292465,0.000905072,0.00115677,-5.56901e-05,0.000437004,-0.00109092,-7.14978e-05,0.000905072,0.0259,0.00146036,0.000911441,-0.000832321,-0.00082023,-0.000469353,0.00115677,0.00146036,0.0273005,-0.000147849,-3.20723e-05,-1.65466e-05,-6.44487e-05,-5.56901e-05,0.000911441,-0.000147849,0.0466532,
0.00185559,0.000156252,-0.00157248,0.000786013,0.000434603,-0.00083344,-3.22947e-05,0.000156252,0.00133261,0.000749119,0.00102817,-0.00108974,-0.000819226,-1.6424e-05,-0.00157248,0.00074912,0.00358224,5.21395e-05,-7.49664e-05,-0.000473975,-6.46569e-05,0.000786013,0.00102817,5.21395e-05,0.00292638,0.000905946,0.00115919,-5.6247e-05,0.000434603,-0.00108974,-7.49664e-05,0.000905946,0.025909,0.0014664,0.000907642,-0.000833439,-0.000819226,-0.000473975,0.00115919,0.0014664,0.0273078,-0.000146721,-3.22947e-05,-1.6424e-05,-6.46569e-05,-5.6247e-05,0.000907642,-0.000146721,0.0466529,
0.00185765,0.000157411,-0.00157411,0.00078474,0.000432191,-0.000834579,-3.25158e-05,0.000157411,0.00133113,0.000746795,0.00102987,-0.00108856,-0.000818205,-1.63012e-05,-0.00157411,0.000746795,0.00358401,5.35438e-05,-7.84173e-05,-0.000478571,-6.48621e-05,0.00078474,0.00102987,5.35437e-05,0.0029281,0.000906806,0.00116158,-5.68031e-05,0.000432191,-0.00108856,-7.84173e-05,0.000906807,0.025918,0.00147244,0.000903849,-0.000834579,-0.000818205,-0.000478571,0.00116158,0.00147244,0.0273149,-0.000145599,-3.25159e-05,-1.63012e-05,-6.48621e-05,-5.68032e-05,0.000903849,-0.000145599,0.0466527,
0.00185971,0.000158564,-0.00157573,0.00078347,0.00042977,-0.00083574,-3.27359e-05,0.000158564,0.00132967,0.000744483,0.00103155,-0.00108739,-0.000817168,-1.61783e-05,-0.00157573,0.000744483,0.00358575,5.494e-05,-8.18508e-05,-0.000483141,-6.50642e-05,0.00078347,0.00103155,5.494e-05,0.00292981,0.000907654,0.00116394,-5.73587e-05,0.00042977,-0.00108739,-8.18507e-05,0.000907654,0.0259271,0.00147846,0.000900064,-0.00083574,-0.000817168,-0.000483141,0.00116394,0.00147846,0.0273221,-0.000144482,-3.27359e-05,-1.61783e-05,-6.50642e-05,-5.73587e-05,0.000900064,-0.000144483,0.0466524,
0.00186177,0.000159713,-0.00157732,0.000782202,0.00042734,-0.000836921,-3.29547e-05,0.000159713,0.00132822,0.000742183,0.00103322,-0.00108622,-0.000816115,-1.60553e-05,-0.00157732,0.000742183,0.00358747,5.63281e-05,-8.5267e-05,-0.000487686,-6.52634e-05,0.000782202,0.00103322,5.63281e-05,0.00293151,0.000908489,0.00116627,-5.79137e-05,0.00042734,-0.00108622,-8.5267e-05,0.000908489,0.0259364,0.00148447,0.000896285,-0.000836921,-0.000816115,-0.000487686,0.00116627,0.00148447,0.0273292,-0.000143371,-3.29547e-05,-1.60553e-05,-6.52634e-05,-5.79137e-05,0.000896285,-0.000143371,0.0466521,
0.00186382,0.000160855,-0.0015789,0.000780938,0.0004249,-0.000838123,-3.31724e-05,0.000160855,0.00132678,0.000739895,0.00103488,-0.00108506,-0.000815047,-1.59321e-05,-0.0015789,0.000739895,0.00358918,5.7708e-05,-8.86662e-05,-0.000492206,-6.54597e-05,0.000780938,0.00103488,5.7708e-05,0.0029332,0.000909312,0.00116856,-5.84682e-05,0.0004249,-0.00108506,-8.86662e-05,0.000909311,0.0259457,0.00149047,0.000892512,-0.000838123,-0.000815047,-0.000492206,0.00116856,0.00149047,0.0273362,-0.000142265,-3.31724e-05,-1.59321e-05,-6.54597e-05,-5.84682e-05,0.000892512,-0.000142265,0.0466519,
0.00186588,0.000161993,-0.00158046,0.000779677,0.000422451,-0.000839345,-3.33888e-05,0.000161993,0.00132536,0.000737618,0.00103653,-0.00108389,-0.000813963,-1.58089e-05,-0.00158046,0.000737618,0.00359086,5.90799e-05,-9.20485e-05,-0.000496701,-6.56532e-05,0.000779677,0.00103653,5.90798e-05,0.00293488,0.000910121,0.00117083,-5.9022e-05,0.000422451,-0.00108389,-9.20485e-05,0.000910121,0.0259552,0.00149646,0.000888743,-0.000839345,-0.000813963,-0.000496701,0.00117083,0.00149646,0.0273432,-0.000141164,-3.33887e-05,-1.58089e-05,-6.56531e-05,-5.9022e-05,0.000888743,-0.000141164,0.0466516,
0.00186794,0.000163125,-0.001582,0.000778418,0.000419993,-0.000840586,-3.3604e-05,0.000163124,0.00132395,0.000735353,0.00103817,-0.00108273,-0.000812865,-1.56856e-05,-0.001582,0.000735353,0.00359252,6.04435e-05,-9.54141e-05,-0.000501171,-6.58439e-05,0.000778418,0.00103817,6.04435e-05,0.00293656,0.000910919,0.00117307,-5.95751e-05,0.000419993,-0.00108273,-9.54142e-05,0.000910919,0.0259647,0.00150243,0.00088498,-0.000840586,-0.000812865,-0.000501171,0.00117307,0.00150243,0.0273502,-0.000140068,-3.3604e-05,-1.56856e-05,-6.58439e-05,-5.95751e-05,0.00088498,-0.000140068,0.0466514,
0.00187,0.000164251,-0.00158353,0.000777163,0.000417527,-0.000841847,-3.38179e-05,0.000164251,0.00132256,0.0007331,0.00103979,-0.00108158,-0.000811751,-1.55623e-05,-0.00158353,0.0007331,0.00359416,6.17991e-05,-9.87632e-05,-0.000505616,-6.60319e-05,0.000777163,0.00103979,6.17992e-05,0.00293823,0.000911705,0.00117528,-6.01277e-05,0.000417527,-0.00108158,-9.87632e-05,0.000911705,0.0259744,0.0015084,0.000881221,-0.000841847,-0.000811751,-0.000505616,0.00117528,0.0015084,0.0273572,-0.000138976,-3.38179e-05,-1.55623e-05,-6.60318e-05,-6.01277e-05,0.000881221,-0.000138976,0.0466511,
0.00187206,0.000165371,-0.00158504,0.00077591,0.000415051,-0.000843128,-3.40306e-05,0.000165371,0.00132118,0.000730858,0.00104141,-0.00108042,-0.000810624,-1.5439e-05,-0.00158504,0.000730858,0.00359577,6.31467e-05,-0.000102096,-0.000510037,-6.62171e-05,0.00077591,0.00104141,6.31467e-05,0.00293989,0.000912478,0.00117746,-6.06796e-05,0.000415051,-0.00108042,-0.000102096,0.000912478,0.0259841,0.00151436,0.000877467,-0.000843128,-0.000810624,-0.000510037,0.00117746,0.00151436,0.0273641,-0.00013789,-3.40306e-05,-1.5439e-05,-6.62171e-05,-6.06796e-05,0.000877467,-0.00013789,0.0466509,
0.00187412,0.000166486,-0.00158653,0.00077466,0.000412568,-0.000844428,-3.4242e-05,0.000166486,0.00131981,0.000728628,0.00104301,-0.00107927,-0.000809482,-1.53157e-05,-0.00158653,0.000728628,0.00359737,6.44862e-05,-0.000105412,-0.000514433,-6.63998e-05,0.00077466,0.00104301,6.44862e-05,0.00294154,0.00091324,0.00117961,-6.12308e-05,0.000412568,-0.00107927,-0.000105412,0.00091324,0.0259939,0.0015203,0.000873716,-0.000844428,-0.000809482,-0.000514433,0.00117961,0.0015203,0.0273709,-0.000136808,-3.42421e-05,-1.53156e-05,-6.63998e-05,-6.12309e-05,0.000873716,-0.000136808,0.0466506,
0.00187618,0.000167595,-0.00158801,0.000773413,0.000410075,-0.000845746,-3.44522e-05,0.000167595,0.00131846,0.00072641,0.0010446,-0.00107813,-0.000808327,-1.51923e-05,-0.00158801,0.00072641,0.00359895,6.58178e-05,-0.000108713,-0.000518805,-6.65797e-05,0.000773413,0.0010446,6.58178e-05,0.00294318,0.000913989,0.00118173,-6.17814e-05,0.000410075,-0.00107813,-0.000108713,0.000913989,0.0260038,0.00152623,0.00086997,-0.000845746,-0.000808327,-0.000518805,0.00118173,0.00152623,0.0273777,-0.00013573,-3.44522e-05,-1.51923e-05,-6.65797e-05,-6.17814e-05,0.00086997,-0.00013573,0.0466503,
0.00187824,0.000168699,-0.00158947,0.000772169,0.000407575,-0.000847084,-3.46611e-05,0.000168699,0.00131712,0.000724203,0.00104618,-0.00107698,-0.000807158,-1.5069e-05,-0.00158947,0.000724203,0.0036005,6.71414e-05,-0.000111997,-0.000523153,-6.67571e-05,0.000772169,0.00104618,6.71413e-05,0.00294482,0.000914727,0.00118383,-6.23312e-05,0.000407575,-0.00107698,-0.000111997,0.000914727,0.0260138,0.00153216,0.000866227,-0.000847084,-0.000807158,-0.000523153,0.00118383,0.00153216,0.0273845,-0.000134658,-3.46611e-05,-1.50691e-05,-6.67572e-05,-6.23312e-05,0.000866227,-0.000134658,0.0466501,
0.0018803,0.000169796,-0.00159091,0.000770928,0.000405067,-0.000848439,-3.48686e-05,0.000169796,0.00131579,0.000722008,0.00104775,-0.00107584,-0.000805976,-1.49457e-05,-0.00159091,0.000722008,0.00360204,6.8457e-05,-0.000115265,-0.000527478,-6.6932e-05,0.000770928,0.00104775,6.8457e-05,0.00294644,0.000915453,0.0011859,-6.28803e-05,0.000405067,-0.00107584,-0.000115265,0.000915453,0.0260239,0.00153807,0.000862488,-0.000848439,-0.000805976,-0.000527478,0.0011859,0.00153807,0.0273913,-0.000133589,-3.48686e-05,-1.49457e-05,-6.69319e-05,-6.28803e-05,0.000862488,-0.000133589,0.0466498,
0.00188236,0.000170888,-0.00159233,0.00076969,0.00040255,-0.000849813,-3.50749e-05,0.000170888,0.00131448,0.000719825,0.00104931,-0.00107471,-0.000804781,-1.48225e-05,-0.00159233,0.000719825,0.00360356,6.97648e-05,-0.000118518,-0.000531778,-6.71042e-05,0.00076969,0.00104931,6.97648e-05,0.00294806,0.000916168,0.00118794,-6.34286e-05,0.00040255,-0.00107471,-0.000118518,0.000916168,0.0260341,0.00154397,0.000858753,-0.000849813,-0.000804781,-0.000531778,0.00118794,0.00154397,0.027398,-0.000132525,-3.50749e-05,-1.48225e-05,-6.71043e-05,-6.34286e-05,0.000858753,-0.000132525,0.0466496,
0.00188442,0.000171975,-0.00159374,0.000768454,0.000400026,-0.000851205,-3.52799e-05,0.000171975,0.00131317,0.000717652,0.00105086,-0.00107357,-0.000803574,-1.46994e-05,-0.00159374,0.000717652,0.00360506,7.10647e-05,-0.000121756,-0.000536055,-6.7274e-05,0.000768454,0.00105086,7.10647e-05,0.00294967,0.000916871,0.00118996,-6.39761e-05,0.000400026,-0.00107357,-0.000121756,0.000916871,0.0260444,0.00154986,0.000855021,-0.000851205,-0.000803574,-0.000536055,0.00118996,0.00154986,0.0274047,-0.000131465,-3.52799e-05,-1.46994e-05,-6.7274e-05,-6.39761e-05,0.000855021,-0.000131465,0.0466494,
0.00188648,0.000173055,-0.00159514,0.000767222,0.000397495,-0.000852614,-3.54836e-05,0.000173055,0.00131188,0.000715492,0.00105239,-0.00107244,-0.000802354,-1.45763e-05,-0.00159514,0.000715492,0.00360654,7.23568e-05,-0.000124978,-0.000540308,-6.74412e-05,0.000767222,0.00105239,7.23568e-05,0.00295127,0.000917562,0.00119195,-6.45228e-05,0.000397495,-0.00107244,-0.000124977,0.000917562,0.0260547,0.00155574,0.000851292,-0.000852614,-0.000802354,-0.000540308,0.00119195,0.00155574,0.0274113,-0.00013041,-3.54836e-05,-1.45763e-05,-6.74412e-05,-6.45228e-05,0.000851292,-0.00013041,0.0466491,
0.00188854,0.00017413,-0.00159652,0.000765993,0.000394956,-0.00085404,-3.56859e-05,0.00017413,0.00131061,0.000713342,0.00105392,-0.00107131,-0.000801122,-1.44533e-05,-0.00159652,0.000713342,0.003608,7.36411e-05,-0.000128184,-0.000544538,-6.7606e-05,0.000765993,0.00105392,7.36411e-05,0.00295287,0.000918242,0.00119391,-6.50687e-05,0.000394956,-0.00107131,-0.000128184,0.000918242,0.0260652,0.00156161,0.000847567,-0.00085404,-0.000801122,-0.000544538,0.00119391,0.00156161,0.0274179,-0.000129359,-3.56858e-05,-1.44533e-05,-6.7606e-05,-6.50687e-05,0.000847567,-0.000129359,0.0466489,
0.0018906,0.0001752,-0.00159788,0.000764766,0.000392409,-0.000855484,-3.58869e-05,0.0001752,0.00130934,0.000711205,0.00105543,-0.00107018,-0.000799878,-1.43305e-05,-0.00159788,0.000711205,0.00360944,7.49177e-05,-0.000131376,-0.000548744,-6.77684e-05,0.000764766,0.00105543,7.49177e-05,0.00295445,0.000918911,0.00119585,-6.56137e-05,0.000392409,-0.00107018,-0.000131376,0.000918911,0.0260757,0.00156746,0.000843844,-0.000855484,-0.000799878,-0.000548744,0.00119585,0.00156746,0.0274245,-0.000128312,-3.58868e-05,-1.43304e-05,-6.77683e-05,-6.56137e-05,0.000843844,-0.000128312,0.0466486,
0.00189266,0.000176263,-0.00159923,0.000763542,0.000389856,-0.000856945,-3.60865e-05,0.000176263,0.00130809,0.000709078,0.00105694,-0.00106906,-0.000798623,-1.42077e-05,-0.00159923,0.000709078,0.00361086,7.61866e-05,-0.000134552,-0.000552927,-6.79283e-05,0.000763542,0.00105694,7.61867e-05,0.00295603,0.000919568,0.00119776,-6.61579e-05,0.000389856,-0.00106906,-0.000134552,0.000919568,0.0260863,0.00157331,0.000840125,-0.000856945,-0.000798623,-0.000552927,0.00119776,0.00157331,0.027431,-0.000127269,-3.60865e-05,-1.42077e-05,-6.79283e-05,-6.61579e-05,0.000840125,-0.000127269,0.0466484,
0.00189472,0.000177321,-0.00160056,0.000762322,0.000387295,-0.000858422,-3.62848e-05,0.000177321,0.00130684,0.000706963,0.00105843,-0.00106793,-0.000797356,-1.40851e-05,-0.00160056,0.000706963,0.00361227,7.74479e-05,-0.000137713,-0.000557088,-6.80858e-05,0.000762322,0.00105843,7.74479e-05,0.0029576,0.000920214,0.00119965,-6.67011e-05,0.000387295,-0.00106793,-0.000137714,0.000920214,0.0260969,0.00157914,0.000836409,-0.000858422,-0.000797356,-0.000557088,0.00119965,0.00157914,0.0274375,-0.00012623,-3.62848e-05,-1.40851e-05,-6.80858e-05,-6.67011e-05,0.000836409,-0.00012623,0.0466481,
0.00189678,0.000178373,-0.00160187,0.000761104,0.000384728,-0.000859915,-3.64818e-05,0.000178373,0.00130561,0.000704859,0.00105992,-0.00106681,-0.000796078,-1.39626e-05,-0.00160187,0.000704859,0.00361365,7.87015e-05,-0.00014086,-0.000561225,-6.8241e-05,0.000761104,0.00105992,7.87015e-05,0.00295916,0.000920849,0.00120151,-6.72434e-05,0.000384728,-0.00106681,-0.00014086,0.000920849,0.0261077,0.00158497,0.000832696,-0.000859915,-0.000796078,-0.000561225,0.00120151,0.00158497,0.027444,-0.000125196,-3.64818e-05,-1.39626e-05,-6.8241e-05,-6.72434e-05,0.000832696,-0.000125196,0.0466479,
0.00189884,0.000179419,-0.00160317,0.000759889,0.000382154,-0.000861425,-3.66774e-05,0.000179419,0.00130439,0.000702767,0.00106139,-0.0010657,-0.00079479,-1.38403e-05,-0.00160317,0.000702767,0.00361502,7.99475e-05,-0.000143992,-0.00056534,-6.83938e-05,0.000759889,0.00106139,7.99475e-05,0.00296072,0.000921473,0.00120335,-6.77847e-05,0.000382154,-0.0010657,-0.000143992,0.000921473,0.0261185,0.00159078,0.000828986,-0.000861425,-0.00079479,-0.00056534,0.00120335,0.00159078,0.0274504,-0.000124165,-3.66774e-05,-1.38403e-05,-6.83938e-05,-6.77847e-05,0.000828986,-0.000124165,0.0466477,
0.0019009,0.000180459,-0.00160446,0.000758677,0.000379573,-0.00086295,-3.68716e-05,0.000180459,0.00130319,0.000700685,0.00106286,-0.00106458,-0.00079349,-1.37181e-05,-0.00160446,0.000700685,0.00361637,8.11859e-05,-0.00014711,-0.000569432,-6.85444e-05,0.000758677,0.00106286,8.11859e-05,0.00296226,0.000922086,0.00120516,-6.83252e-05,0.000379573,-0.00106458,-0.00014711,0.000922086,0.0261294,0.00159658,0.000825279,-0.00086295,-0.00079349,-0.000569432,0.00120516,0.00159658,0.0274568,-0.000123139,-3.68716e-05,-1.37181e-05,-6.85443e-05,-6.83251e-05,0.000825279,-0.000123139,0.0466474,
0.00190296,0.000181494,-0.00160573,0.000757469,0.000376986,-0.000864492,-3.70645e-05,0.000181494,0.00130199,0.000698615,0.00106431,-0.00106347,-0.000792181,-1.35961e-05,-0.00160573,0.000698615,0.00361771,8.24169e-05,-0.000150213,-0.000573502,-6.86926e-05,0.000757469,0.00106431,8.24169e-05,0.0029638,0.000922688,0.00120695,-6.88645e-05,0.000376986,-0.00106347,-0.000150213,0.000922688,0.0261404,0.00160237,0.000821575,-0.000864492,-0.000792181,-0.000573502,0.00120695,0.00160237,0.0274631,-0.000122117,-3.70645e-05,-1.35961e-05,-6.86926e-05,-6.88645e-05,0.000821575,-0.000122117,0.0466472,
0.00190503,0.000182523,-0.00160699,0.000756263,0.000374392,-0.000866048,-3.72559e-05,0.000182523,0.00130081,0.000696556,0.00106576,-0.00106236,-0.000790861,-1.34742e-05,-0.00160699,0.000696556,0.00361902,8.36404e-05,-0.000153301,-0.000577549,-6.88385e-05,0.000756263,0.00106576,8.36404e-05,0.00296533,0.00092328,0.00120871,-6.94029e-05,0.000374392,-0.00106236,-0.000153301,0.00092328,0.0261514,0.00160815,0.000817874,-0.000866048,-0.000790861,-0.000577549,0.00120871,0.00160815,0.0274694,-0.000121098,-3.72559e-05,-1.34742e-05,-6.88385e-05,-6.94028e-05,0.000817874,-0.000121098,0.046647,
0.00190709,0.000183546,-0.00160823,0.00075506,0.000371793,-0.00086762,-3.74461e-05,0.000183546,0.00129963,0.000694508,0.00106719,-0.00106126,-0.000789532,-1.33527e-05,-0.00160823,0.000694508,0.00362032,8.48565e-05,-0.000156376,-0.000581574,-6.89822e-05,0.00075506,0.00106719,8.48565e-05,0.00296685,0.00092386,0.00121045,-6.99402e-05,0.000371793,-0.00106126,-0.000156376,0.00092386,0.0261625,0.00161391,0.000814176,-0.00086762,-0.000789532,-0.000581574,0.00121045,0.00161391,0.0274757,-0.000120084,-3.7446e-05,-1.33527e-05,-6.89822e-05,-6.99402e-05,0.000814176,-0.000120084,0.0466468,
0.00190915,0.000184564,-0.00160946,0.00075386,0.000369187,-0.000869207,-3.76348e-05,0.000184564,0.00129847,0.000692472,0.00106862,-0.00106015,-0.000788193,-1.32312e-05,-0.00160946,0.000692472,0.00362161,8.60651e-05,-0.000159436,-0.000585577,-6.91236e-05,0.00075386,0.00106862,8.60651e-05,0.00296836,0.00092443,0.00121216,-7.04764e-05,0.000369187,-0.00106015,-0.000159436,0.00092443,0.0261737,0.00161967,0.000810481,-0.000869207,-0.000788193,-0.000585577,0.00121216,0.00161967,0.027482,-0.000119074,-3.76348e-05,-1.32312e-05,-6.91237e-05,-7.04765e-05,0.000810481,-0.000119074,0.0466465,
0.00191122,0.000185576,-0.00161068,0.000752663,0.000366575,-0.000870808,-3.78221e-05,0.000185576,0.00129732,0.000690446,0.00107003,-0.00105905,-0.000786844,-1.311e-05,-0.00161068,0.000690446,0.00362287,8.72664e-05,-0.000162482,-0.000589558,-6.92629e-05,0.000752663,0.00107003,8.72664e-05,0.00296987,0.000924989,0.00121385,-7.10116e-05,0.000366575,-0.00105905,-0.000162482,0.000924989,0.0261849,0.00162541,0.000806789,-0.000870808,-0.000786844,-0.000589558,0.00121385,0.00162541,0.0274882,-0.000118068,-3.78221e-05,-1.311e-05,-6.92629e-05,-7.10116e-05,0.000806789,-0.000118068,0.0466463,
0.00191328,0.000186582,-0.00161188,0.000751469,0.000363958,-0.000872424,-3.80081e-05,0.000186582,0.00129618,0.000688431,0.00107144,-0.00105795,-0.000785487,-1.2989e-05,-0.00161188,0.000688431,0.00362412,8.84604e-05,-0.000165515,-0.000593517,-6.93999e-05,0.000751469,0.00107144,8.84604e-05,0.00297137,0.000925538,0.00121552,-7.15457e-05,0.000363958,-0.00105795,-0.000165515,0.000925538,0.0261963,0.00163115,0.0008031,-0.000872424,-0.000785487,-0.000593517,0.00121552,0.00163115,0.0274943,-0.000117066,-3.80081e-05,-1.2989e-05,-6.93999e-05,-7.15457e-05,0.0008031,-0.000117066,0.0466461,
0.00191534,0.000187582,-0.00161306,0.000750279,0.000361335,-0.000874054,-3.81926e-05,0.000187582,0.00129505,0.000686428,0.00107284,-0.00105685,-0.00078412,-1.28682e-05,-0.00161306,0.000686428,0.00362535,8.96472e-05,-0.000168533,-0.000597455,-6.95348e-05,0.000750279,0.00107284,8.96472e-05,0.00297286,0.000926076,0.00121717,-7.20786e-05,0.000361335,-0.00105685,-0.000168534,0.000926076,0.0262076,0.00163687,0.000799414,-0.000874054,-0.00078412,-0.000597455,0.00121717,0.00163687,0.0275005,-0.000116068,-3.81926e-05,-1.28682e-05,-6.95348e-05,-7.20786e-05,0.000799414,-0.000116068,0.0466459,
0.00191741,0.000188577,-0.00161423,0.000749091,0.000358706,-0.000875698,-3.83757e-05,0.000188577,0.00129393,0.000684435,0.00107422,-0.00105576,-0.000782745,-1.27477e-05,-0.00161423,0.000684435,0.00362657,9.08266e-05,-0.000171538,-0.000601371,-6.96675e-05,0.000749091,0.00107422,9.08267e-05,0.00297434,0.000926604,0.00121879,-7.26104e-05,0.000358706,-0.00105576,-0.000171538,0.000926604,0.0262191,0.00164258,0.00079573,-0.000875698,-0.000782745,-0.000601371,0.00121879,0.00164258,0.0275066,-0.000115073,-3.83757e-05,-1.27477e-05,-6.96675e-05,-7.26105e-05,0.00079573,-0.000115073,0.0466457,
0.00191947,0.000189566,-0.00161539,0.000747906,0.000356072,-0.000877356,-3.85575e-05,0.000189566,0.00129282,0.000682454,0.0010756,-0.00105466,-0.000781361,-1.26274e-05,-0.00161539,0.000682454,0.00362777,9.19989e-05,-0.00017453,-0.000605265,-6.97981e-05,0.000747906,0.0010756,9.19989e-05,0.00297581,0.000927122,0.00122039,-7.31411e-05,0.000356072,-0.00105466,-0.00017453,0.000927122,0.0262306,0.00164828,0.00079205,-0.000877356,-0.000781361,-0.000605265,0.00122039,0.00164828,0.0275127,-0.000114083,-3.85575e-05,-1.26273e-05,-6.97982e-05,-7.3141e-05,0.00079205,-0.000114083,0.0466454,
0.00192154,0.000190549,-0.00161654,0.000746724,0.000353433,-0.000879027,-3.87378e-05,0.000190549,0.00129172,0.000680483,0.00107697,-0.00105357,-0.000779969,-1.25073e-05,-0.00161654,0.000680483,0.00362895,9.3164e-05,-0.000177508,-0.000609138,-6.99267e-05,0.000746724,0.00107697,9.3164e-05,0.00297728,0.000927629,0.00122197,-7.36705e-05,0.000353433,-0.00105357,-0.000177508,0.000927629,0.0262421,0.00165396,0.000788372,-0.000879027,-0.000779969,-0.000609138,0.00122197,0.00165396,0.0275187,-0.000113097,-3.87378e-05,-1.25073e-05,-6.99266e-05,-7.36705e-05,0.000788372,-0.000113097,0.0466452,
0.0019236,0.000191526,-0.00161767,0.000745546,0.000350788,-0.000880711,-3.89167e-05,0.000191526,0.00129063,0.000678523,0.00107833,-0.00105248,-0.000778569,-1.23875e-05,-0.00161767,0.000678523,0.00363012,9.43221e-05,-0.000180472,-0.000612991,-7.00531e-05,0.000745546,0.00107833,9.43221e-05,0.00297873,0.000928127,0.00122352,-7.41988e-05,0.000350788,-0.00105248,-0.000180472,0.000928127,0.0262537,0.00165964,0.000784697,-0.000880711,-0.000778569,-0.000612991,0.00122352,0.00165964,0.0275247,-0.000112114,-3.89167e-05,-1.23875e-05,-7.00531e-05,-7.41988e-05,0.000784697,-0.000112114,0.046645,
0.00192567,0.000192498,-0.00161879,0.00074437,0.000348139,-0.000882409,-3.90942e-05,0.000192498,0.00128955,0.000676573,0.00107968,-0.0010514,-0.000777161,-1.2268e-05,-0.00161879,0.000676574,0.00363127,9.5473e-05,-0.000183423,-0.000616822,-7.01774e-05,0.00074437,0.00107968,9.5473e-05,0.00298018,0.000928614,0.00122506,-7.47258e-05,0.000348139,-0.0010514,-0.000183423,0.000928614,0.0262654,0.0016653,0.000781026,-0.000882409,-0.000777161,-0.000616822,0.00122506,0.0016653,0.0275307,-0.000111136,-3.90942e-05,-1.2268e-05,-7.01774e-05,-7.47258e-05,0.000781026,-0.000111136,0.0466448,
0.00192774,0.000193464,-0.00161989,0.000743197,0.000345484,-0.00088412,-3.92703e-05,0.000193464,0.00128848,0.000674635,0.00108103,-0.00105031,-0.000775745,-1.21488e-05,-0.00161989,0.000674635,0.00363241,9.66169e-05,-0.000186362,-0.000620632,-7.02998e-05,0.000743198,0.00108103,9.66169e-05,0.00298163,0.000929091,0.00122657,-7.52516e-05,0.000345484,-0.00105031,-0.000186362,0.000929091,0.0262771,0.00167095,0.000777357,-0.00088412,-0.000775745,-0.000620632,0.00122657,0.00167095,0.0275366,-0.000110162,-3.92704e-05,-1.21488e-05,-7.02998e-05,-7.52516e-05,0.000777357,-0.000110162,0.0466446,
0.00192981,0.000194425,-0.00162099,0.000742028,0.000342825,-0.000885843,-3.9445e-05,0.000194425,0.00128743,0.000672707,0.00108236,-0.00104923,-0.000774321,-1.20298e-05,-0.00162099,0.000672707,0.00363353,9.77537e-05,-0.000189287,-0.000624421,-7.04201e-05,0.000742028,0.00108236,9.77537e-05,0.00298306,0.000929558,0.00122806,-7.57762e-05,0.000342825,-0.00104923,-0.000189287,0.000929558,0.0262889,0.00167659,0.000773691,-0.000885843,-0.000774321,-0.000624422,0.00122806,0.00167659,0.0275425,-0.000109191,-3.94451e-05,-1.20298e-05,-7.04201e-05,-7.57762e-05,0.000773691,-0.000109191,0.0466444,
0.00193187,0.00019538,-0.00162207,0.000740861,0.000340161,-0.000887579,-3.96183e-05,0.00019538,0.00128638,0.00067079,0.00108368,-0.00104815,-0.000772891,-1.19111e-05,-0.00162207,0.00067079,0.00363464,9.88837e-05,-0.000192199,-0.00062819,-7.05384e-05,0.000740861,0.00108368,9.88837e-05,0.00298449,0.000930016,0.00122953,-7.62995e-05,0.000340161,-0.00104815,-0.000192199,0.000930016,0.0263008,0.00168222,0.000770028,-0.000887579,-0.000772891,-0.00062819,0.00122953,0.00168222,0.0275483,-0.000108224,-3.96183e-05,-1.19112e-05,-7.05384e-05,-7.62995e-05,0.000770028,-0.000108224,0.0466442,
0.00193394,0.000196329,-0.00162313,0.000739698,0.000337493,-0.000889326,-3.97901e-05,0.000196329,0.00128534,0.000668884,0.001085,-0.00104707,-0.000771453,-1.17928e-05,-0.00162313,0.000668884,0.00363573,0.000100007,-0.000195098,-0.000631939,-7.06547e-05,0.000739698,0.001085,0.000100007,0.00298591,0.000930463,0.00123098,-7.68215e-05,0.000337493,-0.00104707,-0.000195098,0.000930463,0.0263127,0.00168783,0.000766368,-0.000889326,-0.000771453,-0.000631939,0.00123098,0.00168783,0.0275542,-0.000107262,-3.97902e-05,-1.17928e-05,-7.06548e-05,-7.68215e-05,0.000766368,-0.000107262,0.046644,
0.00193601,0.000197272,-0.00162419,0.000738538,0.00033482,-0.000891086,-3.99606e-05,0.000197272,0.00128431,0.000666988,0.00108631,-0.001046,-0.000770009,-1.16747e-05,-0.00162419,0.000666988,0.00363681,0.000101123,-0.000197984,-0.000635667,-7.07691e-05,0.000738538,0.00108631,0.000101123,0.00298732,0.000930901,0.00123241,-7.73422e-05,0.00033482,-0.001046,-0.000197984,0.000930901,0.0263246,0.00169344,0.000762711,-0.000891086,-0.000770008,-0.000635667,0.00123241,0.00169344,0.02756,-0.000106303,-3.99606e-05,-1.16747e-05,-7.07691e-05,-7.73422e-05,0.000762711,-0.000106303,0.0466438,
0.00193808,0.00019821,-0.00162523,0.00073738,0.000332143,-0.000892858,-4.01296e-05,0.00019821,0.00128329,0.000665103,0.00108761,-0.00104492,-0.000768557,-1.1557e-05,-0.00162523,0.000665103,0.00363787,0.000102232,-0.000200858,-0.000639375,-7.08815e-05,0.00073738,0.00108761,0.000102232,0.00298872,0.00093133,0.00123381,-7.78616e-05,0.000332143,-0.00104492,-0.000200858,0.000931329,0.0263366,0.00169903,0.000759057,-0.000892858,-0.000768557,-0.000639375,0.00123381,0.00169903,0.0275657,-0.000105348,-4.01296e-05,-1.1557e-05,-7.08815e-05,-7.78616e-05,0.000759057,-0.000105348,0.0466436,
0.00194015,0.000199142,-0.00162626,0.000736226,0.000329461,-0.000894641,-4.02972e-05,0.000199142,0.00128228,0.000663228,0.0010889,-0.00104385,-0.000767099,-1.14395e-05,-0.00162626,0.000663228,0.00363892,0.000103334,-0.000203719,-0.000643063,-7.0992e-05,0.000736226,0.0010889,0.000103334,0.00299012,0.000931748,0.0012352,-7.83796e-05,0.000329461,-0.00104385,-0.000203718,0.000931748,0.0263486,0.00170461,0.000755407,-0.000894641,-0.000767099,-0.000643063,0.0012352,0.00170461,0.0275715,-0.000104397,-4.02972e-05,-1.14395e-05,-7.0992e-05,-7.83796e-05,0.000755407,-0.000104397,0.0466434,
0.00194222,0.000200069,-0.00162727,0.000735075,0.000326776,-0.000896436,-4.04634e-05,0.000200069,0.00128127,0.000661364,0.00109018,-0.00104278,-0.000765635,-1.13224e-05,-0.00162727,0.000661364,0.00363995,0.00010443,-0.000206567,-0.000646731,-7.11006e-05,0.000735075,0.00109018,0.00010443,0.00299151,0.000932157,0.00123656,-7.88963e-05,0.000326776,-0.00104278,-0.000206567,0.000932157,0.0263607,0.00171017,0.000751759,-0.000896436,-0.000765635,-0.000646731,0.00123656,0.00171017,0.0275772,-0.00010345,-4.04634e-05,-1.13224e-05,-7.11006e-05,-7.88963e-05,0.000751759,-0.00010345,0.0466432,
0.0019443,0.00020099,-0.00162828,0.000733927,0.000324086,-0.000898241,-4.06281e-05,0.00020099,0.00128028,0.00065951,0.00109145,-0.00104171,-0.000764165,-1.12057e-05,-0.00162828,0.00065951,0.00364097,0.000105519,-0.000209403,-0.000650379,-7.12073e-05,0.000733927,0.00109145,0.000105519,0.00299289,0.000932557,0.00123791,-7.94116e-05,0.000324086,-0.00104171,-0.000209403,0.000932557,0.0263729,0.00171573,0.000748114,-0.000898241,-0.000764165,-0.000650379,0.00123791,0.00171573,0.0275828,-0.000102507,-4.06281e-05,-1.12056e-05,-7.12074e-05,-7.94116e-05,0.000748114,-0.000102507,0.046643,
0.00194637,0.000201905,-0.00162927,0.000732781,0.000321393,-0.000900058,-4.07914e-05,0.000201905,0.0012793,0.000657666,0.00109272,-0.00104064,-0.000762688,-1.10892e-05,-0.00162927,0.000657666,0.00364198,0.000106601,-0.000212227,-0.000654008,-7.13122e-05,0.000732781,0.00109272,0.000106601,0.00299426,0.000932948,0.00123924,-7.99256e-05,0.000321393,-0.00104064,-0.000212227,0.000932948,0.026385,0.00172127,0.000744472,-0.000900058,-0.000762688,-0.000654008,0.00123924,0.00172127,0.0275884,-0.000101568,-4.07914e-05,-1.10892e-05,-7.13122e-05,-7.99256e-05,0.000744472,-0.000101568,0.0466428,
0.00194844,0.000202815,-0.00163025,0.000731639,0.000318696,-0.000901885,-4.09534e-05,0.000202815,0.00127832,0.000655833,0.00109398,-0.00103958,-0.000761206,-1.09732e-05,-0.00163025,0.000655833,0.00364297,0.000107677,-0.000215038,-0.000657617,-7.14152e-05,0.000731639,0.00109398,0.000107677,0.00299562,0.000933329,0.00124054,-8.04381e-05,0.000318696,-0.00103958,-0.000215038,0.000933329,0.0263973,0.0017268,0.000740834,-0.000901885,-0.000761206,-0.000657617,0.00124054,0.0017268,0.027594,-0.000100632,-4.09534e-05,-1.09732e-05,-7.14152e-05,-8.04381e-05,0.000740834,-0.000100632,0.0466426,
0.00195051,0.000203719,-0.00163122,0.0007305,0.000315995,-0.000903723,-4.11138e-05,0.000203719,0.00127736,0.00065401,0.00109522,-0.00103852,-0.000759718,-1.08574e-05,-0.00163122,0.00065401,0.00364395,0.000108746,-0.000217837,-0.000661207,-7.15164e-05,0.0007305,0.00109522,0.000108746,0.00299698,0.000933701,0.00124183,-8.09492e-05,0.000315995,-0.00103852,-0.000217837,0.000933701,0.0264095,0.00173232,0.000737198,-0.000903723,-0.000759718,-0.000661207,0.00124183,0.00173232,0.0275996,-9.97009e-05,-4.11138e-05,-1.08574e-05,-7.15164e-05,-8.09492e-05,0.000737198,-9.97008e-05,0.0466424,
0.00195259,0.000204617,-0.00163217,0.000729364,0.000313291,-0.000905571,-4.12729e-05,0.000204617,0.0012764,0.000652198,0.00109647,-0.00103745,-0.000758224,-1.0742e-05,-0.00163217,0.000652198,0.00364492,0.000109808,-0.000220625,-0.000664777,-7.16158e-05,0.000729364,0.00109647,0.000109808,0.00299833,0.000934064,0.0012431,-8.1459e-05,0.000313291,-0.00103745,-0.000220625,0.000934064,0.0264218,0.00173783,0.000733566,-0.000905571,-0.000758224,-0.000664777,0.0012431,0.00173783,0.0276051,-9.87733e-05,-4.12729e-05,-1.0742e-05,-7.16158e-05,-8.1459e-05,0.000733566,-9.87733e-05,0.0466422,
