5.96639,-20.305,-8.02328,8.76983,-7.42177,-0.485265,10.3661,
6.01973,-20.3283,-8.05327,8.75354,-7.43011,-0.498415,10.4138,
5.24895,-20.2611,-7.1477,8.7716,-6.81979,-0.204147,8.72801,
4.42347,-20.1599,-6.14958,8.81713,-6.03868,0.186944,7.08372,
3.6988,-20.05,-5.24704,8.87393,-5.22794,0.583479,5.77861,
3.09101,-19.9454,-4.47136,8.93342,-4.4517,0.940875,4.78623,
2.5866,-19.8535,-3.81649,8.99117,-3.74312,1.23881,4.02979,
2.16827,-19.777,-3.26812,9.04501,-3.11773,1.47148,3.44183,
1.82061,-19.7161,-2.81101,9.09415,-2.57957,1.64177,2.97276,
1.53083,-19.669,-2.43085,9.1386,-2.12533,1.75734,2.58832,
1.28855,-19.6335,-2.11487,9.1788,-1.74748,1.82793,2.26548,
1.08532,-19.6072,-1.85194,9.21537,-1.43641,1.86365,1.98896,
0.914262,-19.5876,-1.63258,9.24896,-1.182,1.87384,1.74864,
0.769789,-19.5726,-1.4488,9.28022,-0.974549,1.86659,1.53773,
-0.0818566,-19.6818,-0.38854,9.30842,-0.0622626,1.47005,-0.102598,
-0.0895266,-19.6673,-0.386964,9.33439,-0.0589361,1.45909,-0.11181,
0.532513,-19.5258,-1.13149,9.36765,-0.582395,1.84664,1.24648,
0.527398,-19.4962,-1.10777,9.39629,-0.515729,1.88932,1.30099,
0.45449,-19.4797,-1.01833,9.42279,-0.44764,1.88922,1.14863,
-0.0928159,-19.6137,-0.382368,9.43185,-0.0557581,1.41311,-0.112358,
-0.0945048,-19.5981,-0.37853,9.45687,-0.0520236,1.40367,-0.113561,
-0.0922101,-19.5853,-0.376907,9.48064,-0.0516766,1.39271,-0.109486,
-0.0884865,-19.5736,-0.376181,9.5038,-0.0526573,1.38115,-0.103558,
0.301297,-19.3793,-0.785496,9.55503,-0.192007,1.94847,0.930852,
0.295541,-19.346,-0.76099,9.58293,-0.142912,2.00926,0.957592,
-0.0764537,-19.538,-0.372866,9.57334,-0.054893,1.34708,-0.0849868,
-0.0751468,-19.5222,-0.36824,9.59836,-0.0513149,1.33795,-0.0822539,
-0.0709276,-19.5101,-0.366452,9.62137,-0.0513842,1.32726,-0.07568,
-0.0657567,-19.4993,-0.365824,9.64366,-0.0528964,1.31583,-0.0678849,
0.185304,-19.2418,-0.583668,9.71094,0.0109023,2.0943,0.745115,
0.176502,-19.2062,-0.555479,9.73868,0.0592822,2.16695,0.75973,
0.144525,-19.1982,-0.518065,9.76187,0.058532,2.13911,0.652976,
-0.0485963,-19.4491,-0.356776,9.73692,-0.0516924,1.27404,-0.0417173,
-0.0469731,-19.4316,-0.350082,9.76236,-0.0461318,1.26661,-0.0385342,
-0.0425977,-19.4195,-0.347431,9.78455,-0.0453685,1.25706,-0.0317837,
-0.0371782,-19.4094,-0.34647,9.80584,-0.0466143,1.24637,-0.0237072,
-0.0312021,-19.4002,-0.34643,9.8269,-0.0489538,1.23492,-0.0149073,
-0.0248691,-19.3916,-0.347012,9.84786,-0.0520275,1.2229,-0.00563423,
0.0546478,-19.0484,-0.342004,9.93507,0.212507,2.29073,0.477805,
0.040368,-19.008,-0.307524,9.96297,0.263461,2.38476,0.476536,
0.0266393,-19.0055,-0.292124,9.98477,0.244217,2.3389,0.406369,
-0.00491683,-19.3442,-0.33885,9.93938,-0.0524764,1.18124,0.0242449,
-0.00299664,-19.3255,-0.330691,9.96532,-0.0455672,1.17498,0.0277141,
0.00153467,-19.3139,-0.327761,9.98659,-0.0445413,1.16612,0.0346404,
0.00723141,-19.3049,-0.326984,10.0067,-0.0460424,1.15578,0.0430465,
0.0135453,-19.297,-0.327372,10.0266,-0.0489106,1.14444,0.0522595,
-0.0190498,-18.9109,-0.192624,10.1226,0.286845,2.36134,0.256577,
-0.0364502,-18.8682,-0.155281,10.1501,0.336778,2.46728,0.243567,
-0.0377059,-18.8678,-0.153239,10.1709,0.312339,2.41504,0.206761,
0.0341317,-19.252,-0.319134,10.1152,-0.0493591,1.10453,0.0829638,
0.0361121,-19.233,-0.31043,10.141,-0.0418954,1.09899,0.0864435,
0.0406499,-19.2222,-0.307533,10.1614,-0.0408758,1.09055,0.0933476,
0.0464818,-19.2143,-0.307056,10.1806,-0.0427103,1.08039,0.1019,
0.0530064,-19.2076,-0.307904,10.1995,-0.0461036,1.06907,0.111363,
-0.0678616,-18.7755,-0.0727555,10.3045,0.338431,2.44464,0.0861829,
-0.0892874,-18.7297,-0.0312898,10.3318,0.38924,2.56523,0.0606941,
-0.0814574,-18.7314,-0.0388961,10.3519,0.3619,2.50721,0.0494795,
-0.0605726,-18.7549,-0.0670411,10.3681,0.303573,2.36799,0.0481007,
0.0761843,-19.1466,-0.291697,10.3108,-0.0398254,1.02511,0.146297,
0.0776745,-19.1276,-0.282117,10.3357,-0.0312587,1.02107,0.149111,
0.0819016,-19.1173,-0.278827,10.3549,-0.0297242,1.01363,0.155558,
0.0876409,-19.1102,-0.278296,10.3729,-0.0314641,1.0041,0.163941,
0.094215,-19.1046,-0.279329,10.3907,-0.0350514,0.993145,0.173426,
-0.0738588,-18.6739,-0.00926835,10.4938,0.305507,2.37325,-0.0454496,
-0.0987498,-18.6254,0.035256,10.5208,0.354996,2.50703,-0.0837408,
-0.0874417,-18.6241,0.0263249,10.5408,0.336126,2.46288,-0.075396,
-0.0624733,-18.6448,-0.00315159,10.5571,0.289158,2.3361,-0.0519089,
0.118529,-19.0499,-0.266306,10.4971,-0.0321492,0.948985,0.209674,
0.120131,-19.032,-0.257479,10.5211,-0.0242677,0.944821,0.212632,
0.124508,-19.0232,-0.254929,10.5394,-0.0234962,0.937161,0.219238,
0.130486,-19.0175,-0.255191,10.5565,-0.0260984,0.927334,0.227901,
-0.0601097,-18.5975,0.0254201,10.6558,0.270998,2.27867,-0.105515,
-0.0871294,-18.548,0.0712863,10.6821,0.317731,2.41898,-0.153553,
-0.0749929,-18.5437,0.0630547,10.7021,0.305127,2.38817,-0.136333,
-0.0492946,-18.5609,0.0350784,10.7184,0.267637,2.27676,-0.100738,
0.155031,-18.9679,-0.244012,10.6578,-0.0249841,0.884157,0.264259,
0.156786,-18.9514,-0.236021,10.681,-0.0179018,0.879776,0.267426,
0.161335,-18.9437,-0.23418,10.6984,-0.0178777,0.871866,0.27422,
-0.0304594,-18.5473,0.0342643,10.7917,0.230145,2.14892,-0.111281,
-0.0583005,-18.4989,0.0797858,10.817,0.272719,2.28774,-0.165996,
-0.0476794,-18.4913,0.0743768,10.8368,0.265723,2.2712,-0.147985,
-0.0243746,-18.5035,0.0509976,10.8533,0.237761,2.18063,-0.110287,
0.185389,-18.8983,-0.223832,10.795,-0.0173274,0.830425,0.309743,
0.187412,-18.8833,-0.216885,10.8171,-0.0113071,0.825633,0.313273,
0.192202,-18.8769,-0.215811,10.8339,-0.0121192,0.817356,0.320353,
-0.0183634,-18.4735,0.0680749,10.9278,0.224575,2.12284,-0.135933,
-0.049746,-18.4224,0.117277,10.9532,0.26845,2.27416,-0.200557,
-0.0395382,-18.413,0.112976,10.9729,0.264797,2.26636,-0.180362,
-0.0158059,-18.4243,0.0898979,10.9894,0.240382,2.18137,-0.137462,
0.0112716,-18.4436,0.0614083,11.0041,0.208063,2.06659,-0.0917264,
0.219491,-18.8221,-0.202003,10.9488,-0.00935055,0.770115,0.360747,
0.221461,-18.8083,-0.195513,10.9697,-0.00371177,0.765568,0.364199,
0.22628,-18.8028,-0.194806,10.9855,-0.00489342,0.7574,0.371278,
0.00846175,-18.4071,0.0882923,11.0768,0.202703,2.04352,-0.136592,
-0.0261009,-18.3536,0.140442,11.102,0.24635,2.20616,-0.211447,
-0.0180134,-18.341,0.139333,11.1219,0.247634,2.21289,-0.192923,
0.00389079,-18.349,0.119492,11.1385,0.229688,2.14223,-0.149075,
0.0294026,-18.3656,0.0938766,11.1533,0.203555,2.03993,-0.101738,
0.25473,-18.755,-0.184972,11.0956,-0.00633526,0.708944,0.413007,
0.256854,-18.7421,-0.179151,11.1159,-0.00135538,0.704167,0.416645,
0.0508635,-18.3691,0.0830607,11.2023,0.173115,1.91231,-0.0855655,
0.0169914,-18.3208,0.132729,11.2258,0.210718,2.05832,-0.16353,
0.0222863,-18.3067,0.134657,11.245,0.213807,2.07284,-0.151898,
0.0398117,-18.31,0.12044,11.2616,0.201709,2.0219,-0.116056,
0.0604472,-18.3207,0.101356,11.2768,0.183116,1.94366,-0.0765427,
0.283278,-18.6969,-0.168418,11.2214,-0.00108263,0.659107,0.455526,
0.285733,-18.6856,-0.163619,11.2407,0.00280558,0.653842,0.459593,
0.0693354,-18.3098,0.10676,11.327,0.170086,1.87614,-0.0820093,
0.0319763,-18.2587,0.16014,11.3507,0.209355,2.03481,-0.169161,
0.0355512,-18.2424,0.164318,11.37,0.215227,2.05951,-0.160047,
0.0520953,-18.2442,0.151595,11.3866,0.20584,2.01607,-0.124405,
0.0722098,-18.2541,0.133386,11.4017,0.189336,1.9429,-0.084232,
0.0920193,-18.2661,0.114812,11.4161,0.170551,1.86229,-0.0472486,
0.316085,-18.6353,-0.152041,11.3615,0.00255944,0.602071,0.504146,
0.318637,-18.6251,-0.147796,11.3799,0.00590108,0.596791,0.508319,
0.0926463,-18.2487,0.129357,11.4656,0.163784,1.82652,-0.0719571,
0.0520033,-18.1951,0.185972,11.4892,0.203629,1.99651,-0.168715,
0.0537299,-18.1766,0.192444,11.5085,0.211963,2.0319,-0.16288,
0.0689699,-18.1766,0.181577,11.5251,0.205505,1.99754,-0.128278,
0.0881416,-18.1851,0.164782,11.5401,0.191635,1.93149,-0.0882496,
0.107321,-18.1963,0.147152,11.5543,0.17487,1.8561,-0.0510171,
0.124683,-18.2067,0.131295,11.5682,0.158225,1.78393,-0.0194544,
0.139417,-18.2147,0.118516,11.5823,0.143607,1.72137,0.00578585,
0.355487,-18.5629,-0.132111,11.5312,0.0074469,0.53407,0.562472,
0.358324,-18.5545,-0.128907,11.5482,0.009682,0.528451,0.567002,
0.123951,-18.1808,0.152243,11.6324,0.152677,1.75569,-0.0530727,
0.0789739,-18.1238,0.213279,11.6561,0.193874,1.94145,-0.161807,
0.0776636,-18.1019,0.223552,11.6756,0.206205,1.9924,-0.161367,
0.0905592,-18.0989,0.215913,11.6922,0.204251,1.97151,-0.129428,
0.107968,-18.1053,0.201621,11.7072,0.194344,1.91614,-0.0907209,
0.12592,-18.1151,0.185721,11.7212,0.180583,1.84858,-0.0540636,
0.142527,-18.1248,0.17087,11.7349,0.165913,1.78171,-0.0226224,
0.156901,-18.1326,0.158479,11.7487,0.152342,1.72237,0.0027868,
0.168721,-18.1377,0.149171,11.7626,0.141072,1.67356,0.0224073,
0.17802,-18.1398,0.143051,11.7769,0.132649,1.6359,0.0369419,
0.185036,-18.1393,0.139895,11.7915,0.127135,1.60864,0.0472478,
0.190117,-18.1365,0.139294,11.8065,0.12427,1.59032,0.0541792,
0.193645,-18.1319,0.140756,11.8218,0.123616,1.57923,0.0585104,
0.195997,-18.1258,0.143782,11.8374,0.124658,1.57364,0.0609051,
0.197511,-18.1188,0.147911,11.8531,0.126888,1.57198,0.0619095,
0.198478,-18.1111,0.152744,11.8689,0.129848,1.57293,0.0619593,
0.199129,-18.1031,0.157959,11.8848,0.133157,1.57544,0.0613923,
0.199645,-18.095,0.163307,11.9007,0.13652,1.5787,0.0604635,
0.200154,-18.0869,0.168609,11.9165,0.139726,1.58215,0.0593593,
0.200746,-18.0789,0.173747,11.9323,0.142639,1.5854,0.0582117,
0.201472,-18.0711,0.178648,11.9481,0.145183,1.58823,0.0571096,
0.20236,-18.0635,0.183281,11.9638,0.14733,1.59053,0.0561094,
0.203418,-18.0561,0.187637,11.9794,0.149088,1.59228,0.0552429,
0.204641,-18.0489,0.19173,11.9949,0.150485,1.59349,0.0545245,
0.206015,-18.042,0.195582,12.0104,0.151564,1.59423,0.0539561,
0.20752,-18.0351,0.199224,12.0258,0.152374,1.59458,0.0535315,
0.209137,-18.0285,0.202685,12.0411,0.152964,1.59461,0.0532397,
0.210845,-18.0219,0.205998,12.0563,0.15338,1.59439,0.053067,
0.212625,-18.0155,0.209188,12.0715,0.153663,1.59401,0.0529987,
0.214461,-18.0091,0.21228,12.0866,0.153847,1.5935,0.0530201,
0.216338,-18.0029,0.215294,12.1017,0.153961,1.59293,0.0531178,
0.218244,-17.9966,0.218247,12.1166,0.154027,1.59231,0.0532791,
0.220171,-17.9905,0.221151,12.1316,0.154061,1.59169,0.0534934,
0.222109,-17.9844,0.224015,12.1465,0.154076,1.59107,0.0537512,
0.224055,-17.9784,0.226846,12.1613,0.154079,1.59047,0.0540446,
0.226004,-17.9724,0.22965,12.1761,0.154075,1.58988,0.0543672,
0.227954,-17.9664,0.23243,12.1908,0.154069,1.58932,0.0547136,
0.229901,-17.9606,0.235188,12.2055,0.154061,1.58879,0.0550794,
0.231844,-17.9547,0.237925,12.2201,0.154051,1.58827,0.0554612,
0.233784,-17.9489,0.240642,12.2346,0.15404,1.58778,0.0558562,
0.235718,-17.9432,0.24334,12.2492,0.154028,1.5873,0.0562622,
0.237647,-17.9375,0.246019,12.2636,0.154013,1.58683,0.0566775,
0.239571,-17.9319,0.248678,12.278,0.153995,1.58637,0.0571005,
0.241489,-17.9263,0.251318,12.2924,0.153973,1.58591,0.0575303,
0.2434,-17.9208,0.253939,12.3067,0.153947,1.58546,0.0579657,
0.245305,-17.9153,0.256541,12.321,0.153917,1.58502,0.0584061,
0.247204,-17.9099,0.259125,12.3352,0.153883,1.58458,0.0588508,
0.249097,-17.9046,0.26169,12.3494,0.153845,1.58413,0.0592992,
0.250982,-17.8993,0.264237,12.3635,0.153803,1.58369,0.0597508,
0.252861,-17.894,0.266766,12.3775,0.153756,1.58326,0.0602051,
0.254732,-17.8888,0.269278,12.3915,0.153706,1.58282,0.0606619,
0.256596,-17.8837,0.271772,12.4055,0.153653,1.58238,0.0611207,
0.258452,-17.8786,0.274249,12.4194,0.153596,1.58194,0.0615812,
0.260301,-17.8736,0.276709,12.4333,0.153536,1.5815,0.0620432,
0.262142,-17.8686,0.279153,12.4471,0.153474,1.58107,0.0625064,
0.263975,-17.8636,0.28158,12.4609,0.153408,1.58063,0.0629706,
0.2658,-17.8588,0.283992,12.4746,0.153341,1.58019,0.0634356,
0.267617,-17.8539,0.286387,12.4883,0.153271,1.57976,0.0639013,
0.269426,-17.8491,0.288767,12.5019,0.153199,1.57933,0.0643673,
0.271226,-17.8444,0.291131,12.5155,0.153126,1.5789,0.0648337,
0.273018,-17.8397,0.293479,12.529,0.15305,1.57847,0.0653004,
0.274801,-17.8351,0.295813,12.5425,0.152973,1.57804,0.0657671,
0.276577,-17.8306,0.298131,12.5559,0.152894,1.57761,0.0662338,
0.278343,-17.826,0.300434,12.5693,0.152814,1.57718,0.0667005,
0.280102,-17.8216,0.302722,12.5826,0.152732,1.57675,0.067167,
0.281851,-17.8171,0.304995,12.5959,0.152649,1.57633,0.0676333,
0.283593,-17.8128,0.307254,12.6092,0.152564,1.57591,0.0680994,
0.285326,-17.8084,0.309497,12.6224,0.152478,1.57548,0.0685652,
0.28705,-17.8042,0.311726,12.6355,0.15239,1.57506,0.0690306,
0.288766,-17.7999,0.313941,12.6486,0.152301,1.57464,0.0694956,
0.290474,-17.7958,0.316141,12.6617,0.152211,1.57423,0.0699602,
0.292173,-17.7916,0.318326,12.6747,0.15212,1.57381,0.0704244,
0.293864,-17.7875,0.320497,12.6877,0.152027,1.57339,0.0708881,
0.295546,-17.7835,0.322654,12.7006,0.151933,1.57298,0.0713513,
0.29722,-17.7795,0.324797,12.7135,0.151838,1.57256,0.0718139,
0.298885,-17.7756,0.326925,12.7263,0.151742,1.57215,0.0722761,
0.300542,-17.7717,0.32904,12.7391,0.151645,1.57174,0.0727377,
0.302191,-17.7679,0.33114,12.7519,0.151546,1.57133,0.0731987,
0.303831,-17.7641,0.333226,12.7646,0.151446,1.57092,0.0736591,
0.305463,-17.7603,0.335299,12.7773,0.151346,1.57051,0.074119,
0.307087,-17.7566,0.337357,12.7899,0.151244,1.5701,0.0745782,
0.308703,-17.753,0.339402,12.8024,0.151141,1.5697,0.0750368,
0.31031,-17.7494,0.341433,12.815,0.151037,1.56929,0.0754948,
0.311909,-17.7458,0.34345,12.8275,0.150932,1.56889,0.0759521,
0.3135,-17.7423,0.345453,12.8399,0.150826,1.56849,0.0764088,
0.315082,-17.7388,0.347443,12.8523,0.150719,1.56808,0.0768648,
0.316657,-17.7354,0.34942,12.8647,0.150611,1.56768,0.0773202,
0.318223,-17.732,0.351383,12.877,0.150502,1.56728,0.0777749,
0.319781,-17.7287,0.353332,12.8893,0.150392,1.56689,0.0782289,
0.321331,-17.7254,0.355268,12.9015,0.150281,1.56649,0.0786821,
0.322873,-17.7221,0.357191,12.9137,0.150169,1.56609,0.0791347,
0.324407,-17.7189,0.359101,12.9259,0.150056,1.5657,0.0795866,
0.325933,-17.7158,0.360997,12.938,0.149943,1.5653,0.0800378,
0.32745,-17.7127,0.36288,12.95,0.149828,1.56491,0.0804882,
0.32896,-17.7096,0.364751,12.9621,0.149713,1.56452,0.080938,
0.330462,-17.7066,0.366608,12.974,0.149596,1.56413,0.081387,
0.331956,-17.7036,0.368452,12.986,0.149479,1.56374,0.0818352,
0.333442,-17.7006,0.370283,12.9979,0.149361,1.56335,0.0822827,
0.33492,-17.6977,0.372101,13.0098,0.149242,1.56296,0.0827295,
0.33639,-17.6949,0.373907,13.0216,0.149123,1.56258,0.0831754,
0.337852,-17.6921,0.375699,13.0334,0.149002,1.56219,0.0836207,
0.339307,-17.6893,0.377479,13.0451,0.148881,1.56181,0.0840651,
0.340753,-17.6866,0.379246,13.0568,0.148759,1.56142,0.0845088,
0.342192,-17.6839,0.381001,13.0685,0.148636,1.56104,0.0849517,
0.343623,-17.6813,0.382743,13.0801,0.148512,1.56066,0.0853938,
0.345046,-17.6787,0.384473,13.0917,0.148388,1.56028,0.0858352,
0.346462,-17.6761,0.38619,13.1032,0.148263,1.5599,0.0862757,
0.34787,-17.6736,0.387894,13.1147,0.148137,1.55952,0.0867154,
0.34927,-17.6711,0.389586,13.1262,0.14801,1.55915,0.0871544,
0.350663,-17.6687,0.391266,13.1376,0.147883,1.55877,0.0875925,
0.352048,-17.6663,0.392934,13.149,0.147755,1.5584,0.0880298,
0.353425,-17.6639,0.39459,13.1604,0.147627,1.55802,0.0884663,
0.354795,-17.6616,0.396233,13.1717,0.147497,1.55765,0.0889019,
0.356157,-17.6593,0.397864,13.183,0.147367,1.55728,0.0893368,
0.357511,-17.6571,0.399483,13.1942,0.147237,1.55691,0.0897708,
0.358858,-17.6549,0.40109,13.2054,0.147106,1.55654,0.0902039,
0.360198,-17.6528,0.402686,13.2166,0.146974,1.55617,0.0906362,
0.36153,-17.6507,0.404269,13.2277,0.146841,1.5558,0.0910677,
0.362855,-17.6486,0.40584,13.2388,0.146708,1.55543,0.0914983,
0.364172,-17.6465,0.4074,13.2499,0.146575,1.55507,0.0919281,
0.365482,-17.6445,0.408948,13.2609,0.14644,1.5547,0.092357,
0.366785,-17.6426,0.410484,13.2719,0.146305,1.55434,0.092785,
0.36808,-17.6407,0.412009,13.2828,0.14617,1.55398,0.0932122,
0.369368,-17.6388,0.413521,13.2937,0.146034,1.55362,0.0936385,
0.370648,-17.637,0.415023,13.3046,0.145898,1.55325,0.0940639,
0.371921,-17.6351,0.416513,13.3154,0.145761,1.55289,0.0944884,
0.373187,-17.6334,0.417991,13.3262,0.145623,1.55254,0.094912,
0.374446,-17.6317,0.419458,13.337,0.145485,1.55218,0.0953348,
0.375698,-17.63,0.420914,13.3477,0.145347,1.55182,0.0957567,
0.376942,-17.6283,0.422358,13.3584,0.145208,1.55146,0.0961776,
0.378179,-17.6267,0.423791,13.369,0.145068,1.55111,0.0965977,
0.379409,-17.6251,0.425213,13.3797,0.144928,1.55076,0.0970168,
0.380632,-17.6236,0.426624,13.3903,0.144788,1.5504,0.0974351,
0.381848,-17.6221,0.428023,13.4008,0.144647,1.55005,0.0978524,
0.383057,-17.6206,0.429412,13.4113,0.144505,1.5497,0.0982688,
0.384259,-17.6192,0.430789,13.4218,0.144364,1.54935,0.0986843,
0.385453,-17.6178,0.432156,13.4323,0.144222,1.549,0.0990989,
0.386641,-17.6164,0.433511,13.4427,0.144079,1.54865,0.0995126,
0.387822,-17.6151,0.434856,13.4531,0.143936,1.5483,0.0999253,
0.388996,-17.6138,0.43619,13.4634,0.143793,1.54796,0.100337,
0.390163,-17.6126,0.437513,13.4737,0.143649,1.54761,0.100748,
0.391323,-17.6113,0.438826,13.484,0.143505,1.54727,0.101158,
0.392476,-17.6102,0.440127,13.4942,0.14336,1.54692,0.101567,
0.393622,-17.609,0.441418,13.5044,0.143215,1.54658,0.101975,
0.394761,-17.6079,0.442699,13.5146,0.14307,1.54624,0.102382,
0.395894,-17.6068,0.443969,13.5248,0.142925,1.5459,0.102788,
0.39702,-17.6058,0.445228,13.5349,0.142779,1.54556,0.103193,
0.398139,-17.6048,0.446478,13.545,0.142633,1.54522,0.103597,
0.399251,-17.6038,0.447716,13.555,0.142486,1.54488,0.104001,
0.400357,-17.6029,0.448945,13.565,0.142339,1.54454,0.104403,
0.401455,-17.602,0.450163,13.575,0.142192,1.54421,0.104804,
0.402548,-17.6011,0.45137,13.5849,0.142045,1.54387,0.105204,
0.403633,-17.6003,0.452568,13.5949,0.141897,1.54354,0.105604,
0.404712,-17.5994,0.453755,13.6048,0.14175,1.5432,0.106002,
0.405784,-17.5987,0.454933,13.6146,0.141601,1.54287,0.1064,
0.40685,-17.5979,0.4561,13.6244,0.141453,1.54254,0.106796,
0.407909,-17.5972,0.457257,13.6342,0.141304,1.54221,0.107191,
0.408962,-17.5966,0.458404,13.644,0.141156,1.54188,0.107586,
0.410008,-17.5959,0.459541,13.6537,0.141006,1.54155,0.107979,
0.411048,-17.5953,0.460669,13.6634,0.140857,1.54122,0.108372,
0.412081,-17.5948,0.461786,13.6731,0.140708,1.54089,0.108763,
0.413108,-17.5942,0.462894,13.6827,0.140558,1.54057,0.109154,
0.414128,-17.5937,0.463992,13.6923,0.140408,1.54024,0.109543,
0.415142,-17.5932,0.46508,13.7019,0.140258,1.53992,0.109932,
0.416149,-17.5928,0.466159,13.7114,0.140108,1.53959,0.110319,
0.417151,-17.5924,0.467228,13.7209,0.139957,1.53927,0.110705,
0.418146,-17.592,0.468287,13.7304,0.139807,1.53895,0.111091,
0.419134,-17.5916,0.469337,13.7399,0.139656,1.53863,0.111475,
0.420116,-17.5913,0.470378,13.7493,0.139505,1.53831,0.111859,
0.421092,-17.591,0.471409,13.7587,0.139354,1.53799,0.112241,
0.422062,-17.5908,0.47243,13.768,0.139203,1.53767,0.112622,
0.423026,-17.5906,0.473443,13.7774,0.139052,1.53735,0.113003,
0.423983,-17.5904,0.474446,13.7867,0.1389,1.53703,0.113382,
0.424934,-17.5902,0.475439,13.7959,0.138749,1.53672,0.11376,
0.42588,-17.5901,0.476424,13.8052,0.138597,1.5364,0.114138,
0.426818,-17.59,0.477399,13.8144,0.138446,1.53609,0.114514,
0.427751,-17.5899,0.478365,13.8236,0.138294,1.53578,0.114889,
0.428678,-17.5899,0.479322,13.8327,0.138142,1.53546,0.115263,
0.429599,-17.5898,0.48027,13.8419,0.13799,1.53515,0.115637,
0.430514,-17.5899,0.481209,13.851,0.137838,1.53484,0.116009,
0.431422,-17.5899,0.482139,13.86,0.137686,1.53453,0.11638,
0.432325,-17.59,0.48306,13.8691,0.137534,1.53422,0.11675,
0.433222,-17.5901,0.483972,13.8781,0.137382,1.53391,0.117119,
0.434112,-17.5902,0.484876,13.8871,0.13723,1.5336,0.117487,
0.434997,-17.5904,0.48577,13.896,0.137078,1.5333,0.117854,
0.435876,-17.5906,0.486656,13.9049,0.136926,1.53299,0.11822,
0.436749,-17.5908,0.487533,13.9138,0.136774,1.53268,0.118584,
0.437617,-17.5911,0.488402,13.9227,0.136621,1.53238,0.118948,
0.438478,-17.5913,0.489262,13.9316,0.136469,1.53208,0.119311,
0.439334,-17.5917,0.490113,13.9404,0.136317,1.53177,0.119673,
0.440183,-17.592,0.490956,13.9492,0.136165,1.53147,0.120033,
0.441028,-17.5924,0.49179,13.9579,0.136013,1.53117,0.120393,
0.441866,-17.5928,0.492616,13.9667,0.135861,1.53087,0.120751,
0.442698,-17.5932,0.493433,13.9754,0.135709,1.53057,0.121109,
0.443525,-17.5936,0.494242,13.9841,0.135557,1.53027,0.121465,
0.444347,-17.5941,0.495043,13.9927,0.135405,1.52997,0.121821,
0.445162,-17.5946,0.495835,14.0014,0.135253,1.52968,0.122175,
0.445972,-17.5951,0.496619,14.01,0.135101,1.52938,0.122528,
0.446776,-17.5957,0.497395,14.0185,0.134949,1.52908,0.12288,
0.447575,-17.5963,0.498163,14.0271,0.134797,1.52879,0.123231,
0.448368,-17.5969,0.498923,14.0356,0.134645,1.52849,0.123581,
0.449156,-17.5975,0.499674,14.0441,0.134494,1.5282,0.12393,
0.449938,-17.5982,0.500418,14.0526,0.134342,1.52791,0.124278,
0.450715,-17.5989,0.501153,14.061,0.134191,1.52762,0.124625,
0.451486,-17.5996,0.50188,14.0694,0.13404,1.52733,0.124971,
0.452251,-17.6004,0.5026,14.0778,0.133888,1.52704,0.125316,
0.453012,-17.6011,0.503312,14.0862,0.133737,1.52675,0.125659,
0.453766,-17.6019,0.504015,14.0945,0.133586,1.52646,0.126002,
0.454516,-17.6028,0.504711,14.1029,0.133435,1.52617,0.126343,
0.45526,-17.6036,0.505399,14.1112,0.133285,1.52588,0.126684,
0.455998,-17.6045,0.50608,14.1194,0.133134,1.5256,0.127023,
0.456732,-17.6054,0.506753,14.1277,0.132984,1.52531,0.127362,
0.45746,-17.6063,0.507418,14.1359,0.132833,1.52503,0.127699,
0.458183,-17.6073,0.508075,14.1441,0.132683,1.52474,0.128035,
0.4589,-17.6083,0.508725,14.1522,0.132533,1.52446,0.12837,
0.459612,-17.6093,0.509367,14.1604,0.132383,1.52417,0.128704,
0.460319,-17.6103,0.510002,14.1685,0.132234,1.52389,0.129037,
0.461021,-17.6114,0.510629,14.1766,0.132084,1.52361,0.129369,
0.461718,-17.6124,0.511249,14.1847,0.131935,1.52333,0.1297,
0.462409,-17.6135,0.511862,14.1927,0.131785,1.52305,0.130029,
0.463096,-17.6147,0.512467,14.2007,0.131636,1.52277,0.130358,
0.463777,-17.6158,0.513065,14.2087,0.131488,1.52249,0.130686,
0.464453,-17.617,0.513655,14.2167,0.131339,1.52222,0.131012,
0.465124,-17.6182,0.514239,14.2247,0.131191,1.52194,0.131338,
0.46579,-17.6194,0.514815,14.2326,0.131042,1.52166,0.131662,
0.466451,-17.6207,0.515384,14.2405,0.130894,1.52139,0.131985,
0.467107,-17.622,0.515946,14.2484,0.130747,1.52111,0.132307,
0.467758,-17.6233,0.5165,14.2562,0.130599,1.52084,0.132628,
0.468404,-17.6246,0.517048,14.2641,0.130452,1.52057,0.132949,
0.469045,-17.6259,0.517589,14.2719,0.130305,1.52029,0.133268,
0.469681,-17.6273,0.518122,14.2796,0.130158,1.52002,0.133585,
0.470312,-17.6287,0.518649,14.2874,0.130011,1.51975,0.133902,
0.470938,-17.6301,0.519169,14.2952,0.129865,1.51948,0.134218,
0.47156,-17.6316,0.519681,14.3029,0.129719,1.51921,0.134533,
0.472176,-17.633,0.520187,14.3106,0.129573,1.51894,0.134846,
0.472788,-17.6345,0.520687,14.3182,0.129427,1.51867,0.135159,
0.473395,-17.636,0.521179,14.3259,0.129282,1.51841,0.13547,
0.473997,-17.6375,0.521665,14.3335,0.129137,1.51814,0.135781,
0.474594,-17.6391,0.522144,14.3411,0.128992,1.51787,0.13609,
0.475187,-17.6407,0.522616,14.3487,0.128847,1.51761,0.136398,
0.475775,-17.6423,0.523082,14.3563,0.128703,1.51734,0.136705,
0.476358,-17.6439,0.523541,14.3638,0.128559,1.51708,0.137011,
0.476936,-17.6455,0.523993,14.3713,0.128415,1.51682,0.137316,
0.47751,-17.6472,0.524439,14.3788,0.128272,1.51655,0.13762,
0.478079,-17.6489,0.524879,14.3863,0.128128,1.51629,0.137923,
0.478644,-17.6506,0.525312,14.3937,0.127985,1.51603,0.138225,
0.479204,-17.6523,0.525738,14.4012,0.127843,1.51577,0.138525,
0.479759,-17.6541,0.526159,14.4086,0.127701,1.51551,0.138825,
0.48031,-17.6559,0.526573,14.416,0.127559,1.51525,0.139124,
0.480856,-17.6577,0.52698,14.4233,0.127417,1.51499,0.139421,
0.481397,-17.6595,0.527381,14.4307,0.127276,1.51474,0.139718,
0.481934,-17.6613,0.527776,14.438,0.127135,1.51448,0.140013,
0.482467,-17.6632,0.528165,14.4453,0.126994,1.51422,0.140307,
0.482995,-17.6651,0.528548,14.4526,0.126854,1.51397,0.1406,
0.483519,-17.667,0.528924,14.4598,0.126713,1.51371,0.140892,
0.484038,-17.6689,0.529294,14.4671,0.126574,1.51346,0.141184,
0.484553,-17.6708,0.529658,14.4743,0.126434,1.5132,0.141474,
0.485063,-17.6728,0.530017,14.4815,0.126295,1.51295,0.141763,
0.485569,-17.6748,0.530369,14.4887,0.126157,1.5127,0.14205,
0.486071,-17.6768,0.530715,14.4958,0.126018,1.51244,0.142337,
0.486569,-17.6788,0.531055,14.503,0.12588,1.51219,0.142623,
0.487062,-17.6809,0.531389,14.5101,0.125742,1.51194,0.142908,
0.48755,-17.683,0.531717,14.5172,0.125605,1.51169,0.143191,
0.488035,-17.685,0.53204,14.5243,0.125468,1.51144,0.143474,
0.488515,-17.6872,0.532356,14.5313,0.125332,1.5112,0.143755,
0.488991,-17.6893,0.532667,14.5384,0.125195,1.51095,0.144036,
0.489463,-17.6914,0.532972,14.5454,0.12506,1.5107,0.144315,
0.48993,-17.6936,0.533272,14.5524,0.124924,1.51045,0.144593,
0.490393,-17.6958,0.533565,14.5593,0.124789,1.51021,0.144871,
0.490853,-17.698,0.533853,14.5663,0.124654,1.50996,0.145147,
0.491308,-17.7002,0.534135,14.5732,0.12452,1.50972,0.145422,
0.491758,-17.7025,0.534412,14.5802,0.124386,1.50947,0.145696,
0.492205,-17.7047,0.534683,14.5871,0.124252,1.50923,0.145969,
0.492648,-17.707,0.534948,14.5939,0.124119,1.50899,0.146241,
0.493086,-17.7093,0.535208,14.6008,0.123986,1.50874,0.146512,
0.493521,-17.7117,0.535463,14.6076,0.123854,1.5085,0.146782,
0.493951,-17.714,0.535712,14.6145,0.123722,1.50826,0.147051,
0.494378,-17.7164,0.535956,14.6213,0.12359,1.50802,0.147319,
0.4948,-17.7187,0.536194,14.6281,0.123459,1.50778,0.147585,
0.495218,-17.7211,0.536427,14.6348,0.123328,1.50754,0.147851,
0.495633,-17.7236,0.536654,14.6416,0.123198,1.5073,0.148116,
0.496043,-17.726,0.536876,14.6483,0.123068,1.50707,0.148379,
0.49645,-17.7285,0.537093,14.655,0.122938,1.50683,0.148642,
0.496853,-17.7309,0.537305,14.6617,0.122809,1.50659,0.148904,
0.497251,-17.7334,0.537511,14.6684,0.12268,1.50636,0.149164,
0.497646,-17.7359,0.537712,14.675,0.122552,1.50612,0.149423,
0.498037,-17.7385,0.537908,14.6817,0.122424,1.50589,0.149682,
0.498424,-17.741,0.538099,14.6883,0.122296,1.50565,0.149939,
0.498808,-17.7436,0.538285,14.6949,0.122169,1.50542,0.150196,
0.499187,-17.7462,0.538466,14.7015,0.122042,1.50518,0.150451,
0.499563,-17.7488,0.538641,14.7081,0.121916,1.50495,0.150705,
0.499935,-17.7514,0.538812,14.7146,0.12179,1.50472,0.150959,
0.500303,-17.754,0.538978,14.7211,0.121665,1.50449,0.151211,
0.500668,-17.7567,0.539138,14.7276,0.12154,1.50426,0.151462,
0.501028,-17.7593,0.539294,14.7341,0.121416,1.50403,0.151712,
0.501385,-17.762,0.539445,14.7406,0.121292,1.5038,0.151961,
0.501739,-17.7647,0.539591,14.7471,0.121168,1.50357,0.152209,
0.502088,-17.7675,0.539732,14.7535,0.121045,1.50334,0.152456,
0.502434,-17.7702,0.539868,14.7599,0.120922,1.50311,0.152703,
0.502777,-17.773,0.54,14.7664,0.1208,1.50289,0.152948,
0.503115,-17.7757,0.540127,14.7727,0.120678,1.50266,0.153192,
0.50345,-17.7785,0.540249,14.7791,0.120557,1.50243,0.153435,
0.503782,-17.7813,0.540366,14.7855,0.120436,1.50221,0.153677,
0.50411,-17.7841,0.540478,14.7918,0.120315,1.50198,0.153918,
0.504434,-17.787,0.540586,14.7981,0.120195,1.50176,0.154158,
0.504755,-17.7898,0.54069,14.8044,0.120076,1.50154,0.154397,
0.505073,-17.7927,0.540788,14.8107,0.119957,1.50131,0.154635,
0.505386,-17.7956,0.540882,14.817,0.119838,1.50109,0.154872,
0.505697,-17.7985,0.540972,14.8233,0.11972,1.50087,0.155108,
0.506004,-17.8014,0.541057,14.8295,0.119602,1.50065,0.155343,
0.506307,-17.8044,0.541137,14.8357,0.119485,1.50043,0.155576,
0.506607,-17.8073,0.541213,14.8419,0.119368,1.50021,0.155809,
0.506904,-17.8103,0.541285,14.8481,0.119252,1.49999,0.156041,
0.507197,-17.8133,0.541352,14.8543,0.119136,1.49977,0.156272,
0.507486,-17.8163,0.541415,14.8605,0.119021,1.49955,0.156502,
0.507773,-17.8193,0.541473,14.8666,0.118906,1.49933,0.156731,
0.508056,-17.8223,0.541527,14.8727,0.118792,1.49911,0.156959,
0.508336,-17.8254,0.541577,14.8788,0.118678,1.4989,0.157186,
0.508612,-17.8285,0.541623,14.8849,0.118564,1.49868,0.157412,
0.508885,-17.8315,0.541664,14.891,0.118452,1.49846,0.157637,
0.509155,-17.8346,0.541701,14.8971,0.118339,1.49825,0.157861,
0.509421,-17.8378,0.541733,14.9031,0.118227,1.49803,0.158084,
0.509684,-17.8409,0.541762,14.9092,0.118116,1.49782,0.158306,
0.509944,-17.844,0.541786,14.9152,0.118005,1.49761,0.158528,
0.510201,-17.8472,0.541807,14.9212,0.117894,1.49739,0.158748,
0.510455,-17.8504,0.541823,14.9272,0.117784,1.49718,0.158967,
0.510705,-17.8535,0.541835,14.9331,0.117675,1.49697,0.159185,
0.510952,-17.8567,0.541842,14.9391,0.117566,1.49676,0.159402,
0.511196,-17.86,0.541846,14.945,0.117457,1.49655,0.159618,
0.511437,-17.8632,0.541846,14.951,0.117349,1.49634,0.159834,
0.511675,-17.8664,0.541842,14.9569,0.117242,1.49613,0.160048,
0.511909,-17.8697,0.541834,14.9628,0.117135,1.49592,0.160261,
0.512141,-17.873,0.541822,14.9686,0.117028,1.49571,0.160474,
0.512369,-17.8763,0.541806,14.9745,0.116922,1.4955,0.160685,
0.512594,-17.8796,0.541786,14.9804,0.116816,1.49529,0.160895,
0.512816,-17.8829,0.541762,14.9862,0.116711,1.49508,0.161105,
0.513036,-17.8862,0.541735,14.992,0.116607,1.49488,0.161313,
0.513252,-17.8896,0.541703,14.9978,0.116503,1.49467,0.161521,
0.513465,-17.8929,0.541668,15.0036,0.116399,1.49447,0.161727,
0.513675,-17.8963,0.541629,15.0094,0.116296,1.49426,0.161933,
0.513882,-17.8997,0.541586,15.0152,0.116194,1.49406,0.162138,
0.514086,-17.9031,0.541539,15.0209,0.116092,1.49385,0.162342,
0.514287,-17.9065,0.541489,15.0266,0.11599,1.49365,0.162544,
0.514486,-17.91,0.541435,15.0324,0.115889,1.49345,0.162746,
0.514681,-17.9134,0.541377,15.0381,0.115789,1.49324,0.162947,
0.514873,-17.9169,0.541316,15.0438,0.115689,1.49304,0.163147,
0.515063,-17.9203,0.541251,15.0494,0.115589,1.49284,0.163346,
0.51525,-17.9238,0.541183,15.0551,0.11549,1.49264,0.163545,
0.515433,-17.9273,0.541111,15.0607,0.115392,1.49244,0.163742,
0.515614,-17.9308,0.541035,15.0664,0.115294,1.49224,0.163938,
0.515792,-17.9344,0.540956,15.072,0.115197,1.49204,0.164133,
0.515967,-17.9379,0.540873,15.0776,0.1151,1.49184,0.164328,
0.51614,-17.9415,0.540787,15.0832,0.115003,1.49164,0.164521,
0.516309,-17.945,0.540697,15.0888,0.114908,1.49144,0.164714,
0.516476,-17.9486,0.540604,15.0944,0.114812,1.49124,0.164905,
0.51664,-17.9522,0.540507,15.0999,0.114717,1.49105,0.165096,
0.516802,-17.9558,0.540408,15.1054,0.114623,1.49085,0.165286,
0.51696,-17.9594,0.540304,15.111,0.114529,1.49065,0.165475,
0.517116,-17.9631,0.540197,15.1165,0.114436,1.49046,0.165663,
0.517269,-17.9667,0.540087,15.122,0.114343,1.49026,0.16585,
0.51742,-17.9704,0.539974,15.1275,0.114251,1.49007,0.166036,
0.517567,-17.974,0.539857,15.1329,0.114159,1.48987,0.166222,
0.517712,-17.9777,0.539737,15.1384,0.114068,1.48968,0.166406,
0.517855,-17.9814,0.539614,15.1439,0.113977,1.48949,0.166589,
0.517994,-17.9851,0.539488,15.1493,0.113887,1.4893,0.166772,
0.518132,-17.9888,0.539358,15.1547,0.113798,1.4891,0.166954,
0.518266,-17.9926,0.539225,15.1601,0.113709,1.48891,0.167134,
0.518398,-17.9963,0.539089,15.1655,0.11362,1.48872,0.167314,
0.518527,-18.0001,0.53895,15.1709,0.113532,1.48853,0.167493,
0.518654,-18.0038,0.538807,15.1763,0.113444,1.48834,0.167671,
0.518778,-18.0076,0.538662,15.1816,0.113357,1.48815,0.167849,
0.5189,-18.0114,0.538513,15.187,0.113271,1.48796,0.168025,
0.519019,-18.0152,0.538362,15.1923,0.113185,1.48777,0.1682,
0.519135,-18.019,0.538207,15.1976,0.1131,1.48758,0.168375,
0.519249,-18.0229,0.538049,15.2029,0.113015,1.48739,0.168549,
0.519361,-18.0267,0.537889,15.2082,0.11293,1.48721,0.168722,
0.51947,-18.0306,0.537725,15.2135,0.112846,1.48702,0.168894,
0.519576,-18.0344,0.537558,15.2188,0.112763,1.48683,0.169065,
0.51968,-18.0383,0.537388,15.224,0.11268,1.48665,0.169235,
0.519782,-18.0422,0.537216,15.2293,0.112598,1.48646,0.169404,
0.519881,-18.0461,0.53704,15.2345,0.112516,1.48628,0.169573,
0.519978,-18.05,0.536862,15.2397,0.112435,1.48609,0.16974,
0.520072,-18.0539,0.53668,15.2449,0.112354,1.48591,0.169907,
0.520164,-18.0579,0.536496,15.2501,0.112274,1.48572,0.170073,
0.520254,-18.0618,0.536309,15.2553,0.112195,1.48554,0.170238,
0.520341,-18.0658,0.536119,15.2605,0.112115,1.48536,0.170402,
0.520426,-18.0697,0.535926,15.2657,0.112037,1.48517,0.170566,
0.520508,-18.0737,0.535731,15.2708,0.111959,1.48499,0.170728,
0.520589,-18.0777,0.535533,15.2759,0.111881,1.48481,0.17089,
0.520666,-18.0817,0.535332,15.2811,0.111804,1.48463,0.171051,
0.520742,-18.0857,0.535128,15.2862,0.111728,1.48445,0.171211,
0.520815,-18.0898,0.534921,15.2913,0.111652,1.48427,0.17137,
0.520886,-18.0938,0.534712,15.2964,0.111576,1.48409,0.171528,
0.520955,-18.0978,0.5345,15.3015,0.111502,1.48391,0.171685,
0.521021,-18.1019,0.534286,15.3065,0.111427,1.48373,0.171842,
0.521086,-18.106,0.534069,15.3116,0.111353,1.48355,0.171998,
0.521147,-18.11,0.533849,15.3166,0.11128,1.48337,0.172153,
0.521207,-18.1141,0.533626,15.3217,0.111207,1.4832,0.172307,
0.521265,-18.1182,0.533401,15.3267,0.111135,1.48302,0.17246,
0.52132,-18.1223,0.533174,15.3317,0.111063,1.48284,0.172613,
0.521373,-18.1265,0.532944,15.3367,0.110992,1.48267,0.172764,
0.521424,-18.1306,0.532711,15.3417,0.110922,1.48249,0.172915,
0.521473,-18.1347,0.532476,15.3467,0.110851,1.48231,0.173065,
0.521519,-18.1389,0.532238,15.3516,0.110782,1.48214,0.173214,
0.521564,-18.143,0.531998,15.3566,0.110713,1.48196,0.173363,
0.521606,-18.1472,0.531755,15.3615,0.110644,1.48179,0.173511,
0.521646,-18.1514,0.53151,15.3665,0.110576,1.48162,0.173657,
0.521684,-18.1556,0.531263,15.3714,0.110509,1.48144,0.173803,
0.52172,-18.1598,0.531013,15.3763,0.110442,1.48127,0.173949,
0.521754,-18.164,0.53076,15.3812,0.110375,1.4811,0.174093,
0.521786,-18.1682,0.530505,15.3861,0.110309,1.48093,0.174236,
0.521816,-18.1725,0.530248,15.391,0.110244,1.48075,0.174379,
0.521844,-18.1767,0.529989,15.3959,0.110179,1.48058,0.174521,
0.52187,-18.181,0.529727,15.4007,0.110115,1.48041,0.174663,
0.521893,-18.1852,0.529463,15.4056,0.110051,1.48024,0.174803,
0.521915,-18.1895,0.529196,15.4104,0.109987,1.48007,0.174943,
0.521934,-18.1938,0.528927,15.4152,0.109925,1.4799,0.175081,
0.521952,-18.1981,0.528656,15.4201,0.109862,1.47973,0.17522,
0.521968,-18.2024,0.528383,15.4249,0.109801,1.47956,0.175357,
0.521982,-18.2067,0.528107,15.4297,0.10974,1.4794,0.175493,
0.521993,-18.211,0.527829,15.4344,0.109679,1.47923,0.175629,
0.522003,-18.2153,0.527549,15.4392,0.109619,1.47906,0.175764,
0.522011,-18.2197,0.527267,15.444,0.109559,1.47889,0.175898,
0.522017,-18.224,0.526983,15.4487,0.1095,1.47873,0.176032,
0.522021,-18.2284,0.526696,15.4535,0.109441,1.47856,0.176164,
0.522023,-18.2327,0.526408,15.4582,0.109383,1.47839,0.176296,
0.522023,-18.2371,0.526117,15.463,0.109326,1.47823,0.176428,
0.522021,-18.2415,0.525824,15.4677,0.109269,1.47806,0.176558,
0.522018,-18.2459,0.525529,15.4724,0.109212,1.4779,0.176688,
0.522012,-18.2503,0.525231,15.4771,0.109156,1.47773,0.176816,
0.522005,-18.2547,0.524932,15.4818,0.109101,1.47757,0.176945,
0.521996,-18.2591,0.524631,15.4864,0.109046,1.47741,0.177072,
0.521985,-18.2636,0.524327,15.4911,0.108991,1.47724,0.177199,
0.521972,-18.268,0.524022,15.4958,0.108937,1.47708,0.177324,
0.521958,-18.2724,0.523715,15.5004,0.108884,1.47692,0.17745,
0.521941,-18.2769,0.523405,15.5051,0.108831,1.47676,0.177574,
0.521923,-18.2814,0.523094,15.5097,0.108779,1.47659,0.177698,
0.521903,-18.2858,0.52278,15.5143,0.108727,1.47643,0.177821,
0.521881,-18.2903,0.522465,15.5189,0.108676,1.47627,0.177943,
0.521858,-18.2948,0.522148,15.5235,0.108625,1.47611,0.178064,
0.521833,-18.2993,0.521829,15.5281,0.108575,1.47595,0.178185,
0.521806,-18.3038,0.521507,15.5327,0.108525,1.47579,0.178305,
0.521777,-18.3084,0.521184,15.5373,0.108475,1.47563,0.178424,
0.521746,-18.3129,0.520859,15.5418,0.108427,1.47547,0.178543,
0.521714,-18.3174,0.520533,15.5464,0.108378,1.47532,0.178661,
0.52168,-18.322,0.520204,15.5509,0.108331,1.47516,0.178778,
0.521645,-18.3265,0.519873,15.5555,0.108283,1.475,0.178894,
0.521607,-18.3311,0.519541,15.56,0.108237,1.47484,0.17901,
0.521568,-18.3356,0.519207,15.5645,0.108191,1.47468,0.179125,
0.521528,-18.3402,0.518871,15.569,0.108145,1.47453,0.179239,
0.521486,-18.3448,0.518533,15.5735,0.1081,1.47437,0.179353,
0.521442,-18.3494,0.518193,15.578,0.108055,1.47422,0.179466,
0.521396,-18.354,0.517852,15.5825,0.108011,1.47406,0.179578,
0.521349,-18.3586,0.517509,15.587,0.107967,1.4739,0.179689,
0.5213,-18.3632,0.517164,15.5914,0.107924,1.47375,0.1798,
0.52125,-18.3679,0.516818,15.5959,0.107881,1.4736,0.17991,
0.521198,-18.3725,0.516469,15.6003,0.107839,1.47344,0.18002,
0.521144,-18.3771,0.516119,15.6048,0.107798,1.47329,0.180128,
0.521089,-18.3818,0.515768,15.6092,0.107756,1.47313,0.180236,
0.521033,-18.3864,0.515414,15.6136,0.107716,1.47298,0.180344,
0.520974,-18.3911,0.515059,15.618,0.107676,1.47283,0.18045,
0.520914,-18.3958,0.514703,15.6224,0.107636,1.47268,0.180556,
0.520853,-18.4005,0.514344,15.6268,0.107597,1.47252,0.180661,
0.52079,-18.4051,0.513984,15.6312,0.107558,1.47237,0.180766,
0.520726,-18.4098,0.513623,15.6356,0.10752,1.47222,0.18087,
0.52066,-18.4145,0.51326,15.64,0.107483,1.47207,0.180973,
0.520592,-18.4193,0.512895,15.6443,0.107445,1.47192,0.181076,
0.520524,-18.424,0.512529,15.6487,0.107409,1.47177,0.181178,
0.520453,-18.4287,0.512161,15.653,0.107373,1.47162,0.181279,
0.520381,-18.4334,0.511791,15.6574,0.107337,1.47147,0.181379,
0.520308,-18.4382,0.51142,15.6617,0.107302,1.47132,0.181479,
0.520233,-18.4429,0.511048,15.666,0.107267,1.47117,0.181579,
0.520157,-18.4477,0.510674,15.6703,0.107233,1.47102,0.181677,
0.520079,-18.4524,0.510298,15.6746,0.107199,1.47088,0.181775,
0.52,-18.4572,0.509921,15.6789,0.107166,1.47073,0.181872,
0.519919,-18.462,0.509543,15.6832,0.107134,1.47058,0.181969,
0.519837,-18.4668,0.509163,15.6875,0.107101,1.47043,0.182065,
0.519754,-18.4716,0.508781,15.6918,0.10707,1.47029,0.18216,
0.519669,-18.4764,0.508398,15.696,0.107038,1.47014,0.182255,
0.519583,-18.4812,0.508014,15.7003,0.107008,1.46999,0.182349,
0.519495,-18.486,0.507628,15.7045,0.106978,1.46985,0.182443,
0.519406,-18.4908,0.507241,15.7088,0.106948,1.4697,0.182535,
0.519316,-18.4956,0.506853,15.713,0.106919,1.46956,0.182628,
0.519224,-18.5005,0.506463,15.7172,0.10689,1.46941,0.182719,
0.519131,-18.5053,0.506071,15.7215,0.106861,1.46927,0.18281,
0.519037,-18.5102,0.505679,15.7257,0.106834,1.46912,0.1829,
0.518941,-18.515,0.505284,15.7299,0.106806,1.46898,0.18299,
0.518844,-18.5199,0.504889,15.7341,0.10678,1.46884,0.183079,
0.518746,-18.5248,0.504492,15.7383,0.106753,1.46869,0.183167,
0.518646,-18.5296,0.504094,15.7424,0.106727,1.46855,0.183255,
0.518545,-18.5345,0.503695,15.7466,0.106702,1.46841,0.183342,
0.518443,-18.5394,0.503294,15.7508,0.106677,1.46827,0.183429,
0.518339,-18.5443,0.502892,15.7549,0.106653,1.46813,0.183515,
0.518235,-18.5492,0.502489,15.7591,0.106629,1.46798,0.1836,
0.518129,-18.5541,0.502085,15.7632,0.106605,1.46784,0.183684,
0.518021,-18.559,0.501679,15.7674,0.106582,1.4677,0.183769,
0.517913,-18.564,0.501272,15.7715,0.10656,1.46756,0.183852,
0.517803,-18.5689,0.500863,15.7756,0.106538,1.46742,0.183935,
0.517692,-18.5738,0.500454,15.7797,0.106516,1.46728,0.184017,
0.517579,-18.5788,0.500043,15.7838,0.106495,1.46714,0.184099,
0.517466,-18.5837,0.499631,15.7879,0.106474,1.467,0.18418,
0.517351,-18.5887,0.499218,15.792,0.106454,1.46686,0.18426,
0.517235,-18.5936,0.498804,15.7961,0.106434,1.46673,0.18434,
0.517118,-18.5986,0.498388,15.8002,0.106415,1.46659,0.18442,
0.517,-18.6036,0.497972,15.8042,0.106397,1.46645,0.184498,
0.51688,-18.6086,0.497554,15.8083,0.106378,1.46631,0.184576,
0.516759,-18.6135,0.497135,15.8124,0.10636,1.46618,0.184654,
0.516638,-18.6185,0.496715,15.8164,0.106343,1.46604,0.184731,
0.516515,-18.6235,0.496294,15.8204,0.106326,1.4659,0.184807,
0.51639,-18.6285,0.495871,15.8245,0.10631,1.46577,0.184883,
0.516265,-18.6336,0.495448,15.8285,0.106294,1.46563,0.184958,
0.516139,-18.6386,0.495023,15.8325,0.106278,1.46549,0.185033,
0.516011,-18.6436,0.494598,15.8365,0.106263,1.46536,0.185107,
0.515882,-18.6486,0.494171,15.8405,0.106249,1.46522,0.185181,
0.515752,-18.6537,0.493743,15.8445,0.106235,1.46509,0.185253,
0.515621,-18.6587,0.493314,15.8485,0.106221,1.46495,0.185326,
0.515489,-18.6637,0.492884,15.8525,0.106208,1.46482,0.185398,
0.515356,-18.6688,0.492453,15.8565,0.106195,1.46469,0.185469,
0.515222,-18.6739,0.492021,15.8605,0.106183,1.46455,0.18554,
0.515087,-18.6789,0.491588,15.8644,0.106171,1.46442,0.18561,
0.51495,-18.684,0.491154,15.8684,0.10616,1.46429,0.185679,
0.514813,-18.6891,0.490719,15.8724,0.106149,1.46415,0.185748,
0.514674,-18.6942,0.490283,15.8763,0.106138,1.46402,0.185817,
0.514535,-18.6992,0.489846,15.8803,0.106128,1.46389,0.185885,
0.514394,-18.7043,0.489408,15.8842,0.106119,1.46376,0.185952,
0.514252,-18.7094,0.488969,15.8881,0.106109,1.46363,0.186019,
0.51411,-18.7145,0.488529,15.892,0.106101,1.46349,0.186085,
0.513966,-18.7197,0.488089,15.8959,0.106093,1.46336,0.186151,
0.513821,-18.7248,0.487647,15.8999,0.106085,1.46323,0.186216,
0.513675,-18.7299,0.487204,15.9038,0.106077,1.4631,0.186281,
0.513529,-18.735,0.48676,15.9077,0.106071,1.46297,0.186345,
0.513381,-18.7401,0.486316,15.9115,0.106064,1.46284,0.186409,
0.513232,-18.7453,0.48587,15.9154,0.106058,1.46271,0.186472,
0.513082,-18.7504,0.485424,15.9193,0.106053,1.46258,0.186534,
0.512931,-18.7556,0.484976,15.9232,0.106047,1.46245,0.186596,
0.51278,-18.7607,0.484528,15.927,0.106043,1.46233,0.186658,
0.512627,-18.7659,0.484079,15.9309,0.106038,1.4622,0.186719,
0.512473,-18.7711,0.483629,15.9347,0.106035,1.46207,0.186779,
0.512319,-18.7762,0.483178,15.9386,0.106031,1.46194,0.186839,
0.512163,-18.7814,0.482727,15.9424,0.106028,1.46181,0.186898,
0.512007,-18.7866,0.482274,15.9463,0.106026,1.46169,0.186957,
0.511849,-18.7918,0.481821,15.9501,0.106024,1.46156,0.187016,
0.511691,-18.797,0.481367,15.9539,0.106022,1.46143,0.187073,
0.511532,-18.8022,0.480912,15.9577,0.106021,1.46131,0.187131,
0.511372,-18.8074,0.480456,15.9615,0.10602,1.46118,0.187188,
0.511211,-18.8126,0.48,15.9654,0.10602,1.46106,0.187244,
0.511049,-18.8178,0.479542,15.9691,0.10602,1.46093,0.1873,
0.510886,-18.823,0.479084,15.9729,0.106021,1.4608,0.187355,
0.510722,-18.8282,0.478625,15.9767,0.106022,1.46068,0.18741,
0.510557,-18.8334,0.478165,15.9805,0.106023,1.46056,0.187464,
0.510392,-18.8387,0.477705,15.9843,0.106025,1.46043,0.187518,
0.510225,-18.8439,0.477244,15.9881,0.106027,1.46031,0.187572,
0.510058,-18.8492,0.476782,15.9918,0.10603,1.46018,0.187624,
0.50989,-18.8544,0.476319,15.9956,0.106033,1.46006,0.187677,
0.509721,-18.8596,0.475855,15.9993,0.106036,1.45994,0.187729,
0.509551,-18.8649,0.475391,16.0031,0.10604,1.45981,0.18778,
0.50938,-18.8702,0.474926,16.0068,0.106045,1.45969,0.187831,
0.509209,-18.8754,0.474461,16.0105,0.106049,1.45957,0.187881,
0.509036,-18.8807,0.473994,16.0143,0.106054,1.45945,0.187931,
0.508863,-18.886,0.473527,16.018,0.10606,1.45932,0.187981,
0.508689,-18.8913,0.47306,16.0217,0.106066,1.4592,0.18803,
0.508514,-18.8965,0.472591,16.0254,0.106073,1.45908,0.188078,
0.508339,-18.9018,0.472122,16.0291,0.106079,1.45896,0.188126,
0.508162,-18.9071,0.471653,16.0328,0.106087,1.45884,0.188174,
0.507985,-18.9124,0.471182,16.0365,0.106094,1.45872,0.188221,
0.507807,-18.9177,0.470711,16.0402,0.106102,1.4586,0.188268,
0.507628,-18.923,0.470239,16.0439,0.106111,1.45848,0.188314,
0.507449,-18.9283,0.469767,16.0476,0.10612,1.45836,0.18836,
0.507268,-18.9337,0.469294,16.0513,0.106129,1.45824,0.188405,
0.507087,-18.939,0.468821,16.0549,0.106139,1.45812,0.18845,
0.506905,-18.9443,0.468346,16.0586,0.106149,1.458,0.188494,
0.506722,-18.9496,0.467871,16.0623,0.106159,1.45788,0.188538,
0.506539,-18.955,0.467396,16.0659,0.10617,1.45776,0.188581,
0.506355,-18.9603,0.46692,16.0696,0.106182,1.45764,0.188624,
0.50617,-18.9657,0.466443,16.0732,0.106193,1.45752,0.188667,
0.505984,-18.971,0.465966,16.0769,0.106206,1.45741,0.188709,
0.505798,-18.9764,0.465488,16.0805,0.106218,1.45729,0.18875,
0.505611,-18.9817,0.46501,16.0841,0.106231,1.45717,0.188791,
0.505423,-18.9871,0.464531,16.0877,0.106244,1.45705,0.188832,
0.505235,-18.9924,0.464052,16.0914,0.106258,1.45694,0.188872,
0.505045,-18.9978,0.463572,16.095,0.106272,1.45682,0.188912,
0.504855,-19.0032,0.463091,16.0986,0.106287,1.4567,0.188952,
0.504665,-19.0086,0.46261,16.1022,0.106302,1.45659,0.188991,
0.504473,-19.014,0.462128,16.1058,0.106317,1.45647,0.189029,
0.504281,-19.0193,0.461646,16.1094,0.106333,1.45636,0.189067,
0.504089,-19.0247,0.461163,16.113,0.106349,1.45624,0.189105,
0.503895,-19.0301,0.46068,16.1165,0.106365,1.45613,0.189142,
0.503701,-19.0355,0.460196,16.1201,0.106382,1.45601,0.189179,
0.503506,-19.0409,0.459712,16.1237,0.106399,1.4559,0.189215,
0.503311,-19.0463,0.459227,16.1273,0.106417,1.45578,0.189251,
0.503115,-19.0517,0.458742,16.1308,0.106435,1.45567,0.189287,
0.502918,-19.0572,0.458256,16.1344,0.106453,1.45555,0.189322,
0.502721,-19.0626,0.45777,16.1379,0.106472,1.45544,0.189356,
0.502523,-19.068,0.457283,16.1415,0.106491,1.45533,0.189391,
0.502324,-19.0734,0.456796,16.145,0.106511,1.45521,0.189425,
0.502125,-19.0789,0.456309,16.1486,0.106531,1.4551,0.189458,
0.501925,-19.0843,0.455821,16.1521,0.106551,1.45499,0.189491,
0.501725,-19.0897,0.455332,16.1556,0.106572,1.45488,0.189524,
0.501523,-19.0952,0.454843,16.1592,0.106593,1.45476,0.189556,
0.501322,-19.1006,0.454354,16.1627,0.106615,1.45465,0.189588,
0.501119,-19.1061,0.453864,16.1662,0.106636,1.45454,0.189619,
0.500916,-19.1115,0.453374,16.1697,0.106659,1.45443,0.18965,
0.500713,-19.117,0.452883,16.1732,0.106681,1.45432,0.189681,
0.500508,-19.1224,0.452392,16.1767,0.106704,1.45421,0.189711,
0.500304,-19.1279,0.4519,16.1802,0.106728,1.45409,0.18974,
0.500098,-19.1334,0.451408,16.1837,0.106751,1.45398,0.18977,
0.499892,-19.1389,0.450916,16.1872,0.106775,1.45387,0.189799,
0.499686,-19.1443,0.450423,16.1907,0.1068,1.45376,0.189827,
0.499479,-19.1498,0.44993,16.1942,0.106825,1.45365,0.189856,
0.499271,-19.1553,0.449437,16.1977,0.10685,1.45354,0.189883,
0.499063,-19.1608,0.448943,16.2011,0.106875,1.45343,0.189911,
0.498854,-19.1663,0.448449,16.2046,0.106901,1.45333,0.189938,
0.498645,-19.1718,0.447954,16.2081,0.106928,1.45322,0.189964,
0.498435,-19.1773,0.447459,16.2115,0.106954,1.45311,0.189991,
0.498224,-19.1828,0.446964,16.215,0.106981,1.453,0.190017,
0.498013,-19.1883,0.446468,16.2184,0.107009,1.45289,0.190042,
0.497802,-19.1938,0.445972,16.2219,0.107036,1.45278,0.190067,
0.49759,-19.1993,0.445476,16.2253,0.107065,1.45267,0.190092,
0.497377,-19.2048,0.444979,16.2287,0.107093,1.45257,0.190116,
0.497164,-19.2103,0.444482,16.2322,0.107122,1.45246,0.19014,
0.496951,-19.2159,0.443985,16.2356,0.107151,1.45235,0.190164,
0.496736,-19.2214,0.443487,16.239,0.10718,1.45224,0.190187,
0.496522,-19.2269,0.442989,16.2424,0.10721,1.45214,0.19021,
0.496307,-19.2325,0.442491,16.2459,0.107241,1.45203,0.190232,
0.496091,-19.238,0.441992,16.2493,0.107271,1.45192,0.190254,
0.495875,-19.2435,0.441493,16.2527,0.107302,1.45182,0.190276,
0.495658,-19.2491,0.440994,16.2561,0.107333,1.45171,0.190298,
0.495441,-19.2546,0.440495,16.2595,0.107365,1.45161,0.190319,
0.495223,-19.2602,0.439995,16.2629,0.107397,1.4515,0.190339,
0.495005,-19.2657,0.439495,16.2663,0.107429,1.4514,0.19036,
0.494786,-19.2713,0.438994,16.2697,0.107462,1.45129,0.19038,
0.494567,-19.2768,0.438494,16.273,0.107495,1.45119,0.190399,
0.494348,-19.2824,0.437993,16.2764,0.107528,1.45108,0.190418,
0.494128,-19.288,0.437492,16.2798,0.107562,1.45098,0.190437,
0.493907,-19.2935,0.43699,16.2832,0.107596,1.45087,0.190456,
0.493686,-19.2991,0.436489,16.2865,0.107631,1.45077,0.190474,
0.493465,-19.3047,0.435987,16.2899,0.107665,1.45066,0.190492,
0.493243,-19.3103,0.435485,16.2933,0.107701,1.45056,0.190509,
0.493021,-19.3159,0.434982,16.2966,0.107736,1.45046,0.190526,
0.492798,-19.3214,0.43448,16.3,0.107772,1.45035,0.190543,
0.492575,-19.327,0.433977,16.3033,0.107808,1.45025,0.19056,
0.492351,-19.3326,0.433474,16.3067,0.107844,1.45015,0.190576,
0.492127,-19.3382,0.43297,16.31,0.107881,1.45005,0.190591,
0.491903,-19.3438,0.432467,16.3133,0.107918,1.44994,0.190607,
0.491678,-19.3494,0.431963,16.3167,0.107956,1.44984,0.190622,
0.491452,-19.355,0.431459,16.32,0.107993,1.44974,0.190637,
0.491227,-19.3606,0.430955,16.3233,0.108032,1.44964,0.190651,
0.491,-19.3662,0.43045,16.3266,0.10807,1.44954,0.190665,
0.490774,-19.3718,0.429946,16.33,0.108109,1.44943,0.190679,
0.490547,-19.3775,0.429441,16.3333,0.108148,1.44933,0.190692,
0.49032,-19.3831,0.428936,16.3366,0.108187,1.44923,0.190705,
0.490092,-19.3887,0.428431,16.3399,0.108227,1.44913,0.190718,
0.489864,-19.3943,0.427926,16.3432,0.108267,1.44903,0.190731,
0.489635,-19.4,0.42742,16.3465,0.108308,1.44893,0.190743,
0.489406,-19.4056,0.426914,16.3498,0.108348,1.44883,0.190755,
0.489177,-19.4112,0.426408,16.3531,0.108389,1.44873,0.190766,
0.488947,-19.4169,0.425902,16.3564,0.108431,1.44863,0.190777,
0.488717,-19.4225,0.425396,16.3597,0.108472,1.44853,0.190788,
0.488486,-19.4281,0.42489,16.3629,0.108514,1.44843,0.190799,
0.488255,-19.4338,0.424383,16.3662,0.108557,1.44833,0.190809,
0.488024,-19.4394,0.423877,16.3695,0.108599,1.44823,0.190819,
0.487793,-19.4451,0.42337,16.3728,0.108642,1.44813,0.190828,
0.487561,-19.4507,0.422863,16.376,0.108686,1.44804,0.190837,
0.487328,-19.4564,0.422356,16.3793,0.108729,1.44794,0.190846,
0.487096,-19.462,0.421849,16.3826,0.108773,1.44784,0.190855,
0.486863,-19.4677,0.421341,16.3858,0.108818,1.44774,0.190863,
0.486629,-19.4734,0.420834,16.3891,0.108862,1.44764,0.190871,
0.486396,-19.479,0.420326,16.3923,0.108907,1.44755,0.190879,
0.486162,-19.4847,0.419819,16.3956,0.108952,1.44745,0.190887,
0.485927,-19.4904,0.419311,16.3988,0.108998,1.44735,0.190894,
0.485692,-19.4961,0.418803,16.4021,0.109043,1.44725,0.1909,
0.485457,-19.5017,0.418295,16.4053,0.10909,1.44716,0.190907,
0.485222,-19.5074,0.417787,16.4085,0.109136,1.44706,0.190913,
0.484986,-19.5131,0.417278,16.4118,0.109183,1.44696,0.190919,
0.48475,-19.5188,0.41677,16.415,0.10923,1.44687,0.190925,
0.484514,-19.5245,0.416261,16.4182,0.109277,1.44677,0.19093,
0.484277,-19.5302,0.415753,16.4214,0.109325,1.44667,0.190935,
0.48404,-19.5358,0.415244,16.4246,0.109373,1.44658,0.19094,
0.483803,-19.5415,0.414735,16.4279,0.109421,1.44648,0.190944,
0.483565,-19.5472,0.414227,16.4311,0.10947,1.44639,0.190948,
0.483328,-19.5529,0.413718,16.4343,0.109518,1.44629,0.190952,
0.483089,-19.5586,0.413209,16.4375,0.109568,1.4462,0.190956,
0.482851,-19.5643,0.4127,16.4407,0.109617,1.4461,0.190959,
0.482612,-19.5701,0.412191,16.4439,0.109667,1.44601,0.190962,
0.482373,-19.5758,0.411681,16.4471,0.109717,1.44591,0.190965,
0.482134,-19.5815,0.411172,16.4503,0.109767,1.44582,0.190967,
0.481894,-19.5872,0.410663,16.4535,0.109818,1.44572,0.19097,
0.481654,-19.5929,0.410154,16.4566,0.109869,1.44563,0.190971,
0.481414,-19.5986,0.409644,16.4598,0.10992,1.44554,0.190973,
0.481173,-19.6044,0.409135,16.463,0.109971,1.44544,0.190974,
0.480933,-19.6101,0.408625,16.4662,0.110023,1.44535,0.190976,
0.480692,-19.6158,0.408116,16.4694,0.110075,1.44526,0.190976,
0.48045,-19.6215,0.407606,16.4725,0.110128,1.44516,0.190977,
0.480209,-19.6273,0.407096,16.4757,0.11018,1.44507,0.190977,
0.479967,-19.633,0.406587,16.4789,0.110233,1.44498,0.190977,
0.479725,-19.6387,0.406077,16.482,0.110287,1.44488,0.190977,
0.479482,-19.6445,0.405567,16.4852,0.11034,1.44479,0.190976,
0.47924,-19.6502,0.405058,16.4883,0.110394,1.4447,0.190975,
0.478997,-19.656,0.404548,16.4915,0.110448,1.44461,0.190974,
0.478754,-19.6617,0.404038,16.4946,0.110503,1.44452,0.190973,
0.478511,-19.6674,0.403528,16.4978,0.110557,1.44442,0.190971,
0.478267,-19.6732,0.403018,16.5009,0.110612,1.44433,0.190969,
0.478023,-19.679,0.402509,16.5041,0.110667,1.44424,0.190967,
0.477779,-19.6847,0.401999,16.5072,0.110723,1.44415,0.190965,
0.477535,-19.6905,0.401489,16.5103,0.110779,1.44406,0.190962,
0.47729,-19.6962,0.400979,16.5135,0.110835,1.44397,0.190959,
0.477046,-19.702,0.400469,16.5166,0.110891,1.44388,0.190956,
0.476801,-19.7077,0.39996,16.5197,0.110948,1.44379,0.190953,
0.476555,-19.7135,0.39945,16.5229,0.111005,1.4437,0.190949,
0.47631,-19.7193,0.39894,16.526,0.111062,1.44361,0.190945,
0.476064,-19.725,0.39843,16.5291,0.111119,1.44351,0.190941,
0.475819,-19.7308,0.39792,16.5322,0.111177,1.44342,0.190937,
0.475572,-19.7366,0.397411,16.5353,0.111235,1.44334,0.190932,
0.475326,-19.7424,0.396901,16.5384,0.111293,1.44325,0.190927,
0.47508,-19.7481,0.396391,16.5415,0.111352,1.44316,0.190922,
0.474833,-19.7539,0.395881,16.5446,0.111411,1.44307,0.190916,
0.474586,-19.7597,0.395372,16.5477,0.11147,1.44298,0.190911,
0.474339,-19.7655,0.394862,16.5508,0.111529,1.44289,0.190905,
0.474092,-19.7713,0.394352,16.5539,0.111589,1.4428,0.190899,
0.473844,-19.7771,0.393843,16.557,0.111649,1.44271,0.190892,
0.473596,-19.7828,0.393333,16.5601,0.111709,1.44262,0.190886,
0.473349,-19.7886,0.392824,16.5632,0.111769,1.44253,0.190879,
0.473101,-19.7944,0.392314,16.5663,0.11183,1.44245,0.190872,
0.472852,-19.8002,0.391805,16.5694,0.111891,1.44236,0.190864,
0.472604,-19.806,0.391296,16.5725,0.111952,1.44227,0.190857,
0.472355,-19.8118,0.390786,16.5755,0.112014,1.44218,0.190849,
0.472106,-19.8176,0.390277,16.5786,0.112076,1.4421,0.190841,
0.471857,-19.8234,0.389768,16.5817,0.112138,1.44201,0.190833,
0.471608,-19.8292,0.389259,16.5848,0.1122,1.44192,0.190824,
0.471359,-19.835,0.38875,16.5878,0.112262,1.44183,0.190815,
0.471109,-19.8409,0.388241,16.5909,0.112325,1.44175,0.190806,
0.47086,-19.8467,0.387732,16.594,0.112388,1.44166,0.190797,
0.47061,-19.8525,0.387223,16.597,0.112452,1.44157,0.190788,
0.47036,-19.8583,0.386714,16.6001,0.112515,1.44149,0.190778,
0.47011,-19.8641,0.386205,16.6031,0.112579,1.4414,0.190768,
0.46986,-19.8699,0.385697,16.6062,0.112643,1.44131,0.190758,
0.469609,-19.8757,0.385188,16.6092,0.112707,1.44123,0.190748,
0.469358,-19.8816,0.38468,16.6123,0.112772,1.44114,0.190737,
0.469108,-19.8874,0.384171,16.6153,0.112837,1.44106,0.190727,
0.468857,-19.8932,0.383663,16.6184,0.112902,1.44097,0.190716,
0.468606,-19.899,0.383155,16.6214,0.112967,1.44089,0.190705,
0.468354,-19.9049,0.382647,16.6245,0.113033,1.4408,0.190693,
0.468103,-19.9107,0.382139,16.6275,0.113098,1.44072,0.190681,
0.467852,-19.9165,0.381631,16.6305,0.113165,1.44063,0.19067,
0.4676,-19.9224,0.381123,16.6336,0.113231,1.44055,0.190658,
0.467348,-19.9282,0.380615,16.6366,0.113297,1.44046,0.190645,
0.467096,-19.934,0.380107,16.6396,0.113364,1.44038,0.190633,
0.466844,-19.9399,0.3796,16.6426,0.113431,1.44029,0.19062,
0.466592,-19.9457,0.379092,16.6457,0.113499,1.44021,0.190607,
0.46634,-19.9516,0.378585,16.6487,0.113566,1.44012,0.190594,
0.466087,-19.9574,0.378077,16.6517,0.113634,1.44004,0.190581,
0.465835,-19.9633,0.37757,16.6547,0.113702,1.43996,0.190567,
0.465582,-19.9691,0.377063,16.6577,0.11377,1.43987,0.190554,
0.465329,-19.975,0.376556,16.6607,0.113839,1.43979,0.19054,
0.465076,-19.9808,0.37605,16.6637,0.113907,1.43971,0.190526,
0.464823,-19.9867,0.375543,16.6668,0.113976,1.43962,0.190511,
0.46457,-19.9925,0.375036,16.6698,0.114046,1.43954,0.190497,
0.464317,-19.9984,0.37453,16.6728,0.114115,1.43946,0.190482,
0.464064,-20.0042,0.374023,16.6758,0.114185,1.43937,0.190467,
0.46381,-20.0101,0.373517,16.6788,0.114255,1.43929,0.190452,
0.463556,-20.0159,0.373011,16.6818,0.114325,1.43921,0.190437,
0.463303,-20.0218,0.372505,16.6847,0.114395,1.43913,0.190421,
0.463049,-20.0277,0.371999,16.6877,0.114466,1.43904,0.190405,
0.462795,-20.0335,0.371494,16.6907,0.114537,1.43896,0.190389,
0.462541,-20.0394,0.370988,16.6937,0.114608,1.43888,0.190373,
0.462287,-20.0453,0.370483,16.6967,0.114679,1.4388,0.190357,
0.462033,-20.0511,0.369977,16.6997,0.114751,1.43872,0.19034,
0.461779,-20.057,0.369472,16.7027,0.114823,1.43863,0.190324,
0.461524,-20.0629,0.368967,16.7056,0.114895,1.43855,0.190307,
0.46127,-20.0688,0.368462,16.7086,0.114967,1.43847,0.19029,
0.461015,-20.0746,0.367958,16.7116,0.115039,1.43839,0.190273,
0.46076,-20.0805,0.367453,16.7146,0.115112,1.43831,0.190255,
0.460506,-20.0864,0.366949,16.7175,0.115185,1.43823,0.190238,
0.460251,-20.0923,0.366444,16.7205,0.115258,1.43815,0.19022,
0.459996,-20.0982,0.36594,16.7235,0.115331,1.43807,0.190202,
0.459741,-20.104,0.365436,16.7264,0.115405,1.43799,0.190184,
0.459486,-20.1099,0.364932,16.7294,0.115479,1.43791,0.190165,
0.459231,-20.1158,0.364429,16.7324,0.115553,1.43783,0.190147,
0.458976,-20.1217,0.363925,16.7353,0.115627,1.43775,0.190128,
0.45872,-20.1276,0.363422,16.7383,0.115702,1.43767,0.190109,
0.458465,-20.1335,0.362919,16.7412,0.115776,1.43759,0.19009,
0.45821,-20.1394,0.362416,16.7442,0.115851,1.43751,0.190071,
0.457954,-20.1453,0.361913,16.7471,0.115926,1.43743,0.190051,
0.457699,-20.1512,0.36141,16.7501,0.116002,1.43735,0.190031,
0.457443,-20.1571,0.360907,16.753,0.116077,1.43727,0.190012,
0.457187,-20.163,0.360405,16.756,0.116153,1.43719,0.189992,
0.456932,-20.1689,0.359903,16.7589,0.116229,1.43711,0.189972,
0.456676,-20.1748,0.359401,16.7618,0.116305,1.43703,0.189951,
0.45642,-20.1807,0.358899,16.7648,0.116382,1.43695,0.189931,
0.456164,-20.1866,0.358397,16.7677,0.116459,1.43688,0.18991,
0.455908,-20.1925,0.357896,16.7706,0.116535,1.4368,0.189889,
0.455652,-20.1984,0.357395,16.7736,0.116612,1.43672,0.189868,
0.455396,-20.2043,0.356893,16.7765,0.11669,1.43664,0.189847,
0.45514,-20.2102,0.356393,16.7794,0.116767,1.43656,0.189826,
0.454884,-20.2161,0.355892,16.7824,0.116845,1.43648,0.189804,
0.454628,-20.222,0.355391,16.7853,0.116923,1.43641,0.189783,
0.454371,-20.2279,0.354891,16.7882,0.117001,1.43633,0.189761,
0.454115,-20.2338,0.354391,16.7911,0.117079,1.43625,0.189739,
0.453859,-20.2397,0.353891,16.7941,0.117158,1.43617,0.189716,
0.453602,-20.2457,0.353391,16.797,0.117237,1.4361,0.189694,
0.453346,-20.2516,0.352891,16.7999,0.117316,1.43602,0.189672,
0.453089,-20.2575,0.352392,16.8028,0.117395,1.43594,0.189649,
0.452833,-20.2634,0.351892,16.8057,0.117474,1.43586,0.189626,
0.452576,-20.2693,0.351393,16.8086,0.117554,1.43579,0.189603,
0.45232,-20.2753,0.350894,16.8115,0.117634,1.43571,0.18958,
0.452063,-20.2812,0.350396,16.8144,0.117714,1.43563,0.189557,
0.451807,-20.2871,0.349897,16.8174,0.117794,1.43556,0.189533,
0.45155,-20.293,0.349399,16.8203,0.117874,1.43548,0.18951,
0.451293,-20.299,0.348901,16.8232,0.117955,1.4354,0.189486,
0.451036,-20.3049,0.348403,16.8261,0.118035,1.43533,0.189462,
0.45078,-20.3108,0.347905,16.829,0.118116,1.43525,0.189438,
0.450523,-20.3167,0.347408,16.8319,0.118198,1.43518,0.189414,
0.450266,-20.3227,0.346911,16.8348,0.118279,1.4351,0.189389,
0.450009,-20.3286,0.346414,16.8376,0.118361,1.43503,0.189365,
0.449753,-20.3345,0.345917,16.8405,0.118442,1.43495,0.18934,
0.449496,-20.3405,0.34542,16.8434,0.118524,1.43487,0.189315,
0.449239,-20.3464,0.344924,16.8463,0.118607,1.4348,0.18929,
0.448982,-20.3523,0.344428,16.8492,0.118689,1.43472,0.189265,
0.448725,-20.3583,0.343932,16.8521,0.118771,1.43465,0.18924,
0.448468,-20.3642,0.343436,16.855,0.118854,1.43457,0.189214,
0.448211,-20.3702,0.34294,16.8579,0.118937,1.4345,0.189189,
0.447954,-20.3761,0.342445,16.8607,0.11902,1.43442,0.189163,
0.447697,-20.3821,0.34195,16.8636,0.119104,1.43435,0.189137,
0.44744,-20.388,0.341455,16.8665,0.119187,1.43427,0.189111,
0.447183,-20.3939,0.34096,16.8694,0.119271,1.4342,0.189085,
0.446927,-20.3999,0.340466,16.8722,0.119355,1.43413,0.189059,
0.44667,-20.4058,0.339971,16.8751,0.119439,1.43405,0.189032,
0.446413,-20.4118,0.339477,16.878,0.119523,1.43398,0.189006,
0.446156,-20.4177,0.338984,16.8809,0.119608,1.4339,0.188979,
0.445899,-20.4237,0.33849,16.8837,0.119692,1.43383,0.188952,
0.445642,-20.4296,0.337997,16.8866,0.119777,1.43376,0.188925,
0.445385,-20.4356,0.337504,16.8895,0.119862,1.43368,0.188898,
0.445128,-20.4415,0.337011,16.8923,0.119947,1.43361,0.188871,
0.444871,-20.4475,0.336518,16.8952,0.120033,1.43354,0.188843,
0.444614,-20.4534,0.336026,16.898,0.120118,1.43346,0.188816,
0.444357,-20.4594,0.335533,16.9009,0.120204,1.43339,0.188788,
0.4441,-20.4654,0.335041,16.9038,0.12029,1.43332,0.18876,
0.443843,-20.4713,0.33455,16.9066,0.120376,1.43324,0.188732,
0.443586,-20.4773,0.334058,16.9095,0.120462,1.43317,0.188704,
0.443329,-20.4832,0.333567,16.9123,0.120549,1.4331,0.188676,
0.443072,-20.4892,0.333076,16.9152,0.120636,1.43303,0.188648,
0.442816,-20.4952,0.332585,16.918,0.120723,1.43295,0.188619,
0.442559,-20.5011,0.332095,16.9209,0.12081,1.43288,0.188591,
0.442302,-20.5071,0.331604,16.9237,0.120897,1.43281,0.188562,
0.442045,-20.513,0.331114,16.9266,0.120984,1.43274,0.188533,
0.441788,-20.519,0.330625,16.9294,0.121072,1.43266,0.188504,
0.441531,-20.525,0.330135,16.9323,0.121159,1.43259,0.188475,
0.441275,-20.5309,0.329646,16.9351,0.121247,1.43252,0.188446,
0.441018,-20.5369,0.329156,16.9379,0.121336,1.43245,0.188416,
0.440761,-20.5429,0.328668,16.9408,0.121424,1.43238,0.188387,
0.440505,-20.5489,0.328179,16.9436,0.121512,1.4323,0.188357,
0.440248,-20.5548,0.327691,16.9464,0.121601,1.43223,0.188327,
0.439991,-20.5608,0.327203,16.9493,0.12169,1.43216,0.188298,
0.439735,-20.5668,0.326715,16.9521,0.121779,1.43209,0.188268,
0.439478,-20.5727,0.326227,16.9549,0.121868,1.43202,0.188237,
0.439222,-20.5787,0.32574,16.9578,0.121957,1.43195,0.188207,
0.438965,-20.5847,0.325253,16.9606,0.122047,1.43188,0.188177,
0.438708,-20.5907,0.324766,16.9634,0.122136,1.43181,0.188146,
0.438452,-20.5966,0.324279,16.9663,0.122226,1.43174,0.188116,
0.438196,-20.6026,0.323793,16.9691,0.122316,1.43167,0.188085,
0.437939,-20.6086,0.323307,16.9719,0.122406,1.43159,0.188054,
0.437683,-20.6146,0.322821,16.9747,0.122497,1.43152,0.188023,
0.437426,-20.6206,0.322335,16.9776,0.122587,1.43145,0.187992,
0.43717,-20.6265,0.32185,16.9804,0.122678,1.43138,0.187961,
0.436914,-20.6325,0.321365,16.9832,0.122769,1.43131,0.18793,
0.436658,-20.6385,0.32088,16.986,0.12286,1.43124,0.187898,
0.436402,-20.6445,0.320396,16.9888,0.122951,1.43117,0.187867,
0.436145,-20.6505,0.319911,16.9916,0.123042,1.4311,0.187835,
0.435889,-20.6565,0.319427,16.9945,0.123134,1.43103,0.187803,
0.435633,-20.6625,0.318943,16.9973,0.123225,1.43096,0.187771,
0.435377,-20.6684,0.31846,17.0001,0.123317,1.43089,0.187739,
0.435121,-20.6744,0.317977,17.0029,0.123409,1.43083,0.187707,
0.434865,-20.6804,0.317494,17.0057,0.123501,1.43076,0.187675,
0.43461,-20.6864,0.317011,17.0085,0.123594,1.43069,0.187643,
0.434354,-20.6924,0.316529,17.0113,0.123686,1.43062,0.18761,
0.434098,-20.6984,0.316046,17.0141,0.123779,1.43055,0.187578,
0.433842,-20.7044,0.315564,17.0169,0.123871,1.43048,0.187545,
0.433587,-20.7104,0.315083,17.0197,0.123964,1.43041,0.187512,
0.433331,-20.7164,0.314601,17.0225,0.124058,1.43034,0.187479,
0.433075,-20.7224,0.31412,17.0253,0.124151,1.43027,0.187447,
0.43282,-20.7284,0.313639,17.0281,0.124244,1.4302,0.187413,
0.432564,-20.7343,0.313159,17.0309,0.124338,1.43014,0.18738,
0.432309,-20.7403,0.312678,17.0337,0.124432,1.43007,0.187347,
0.432054,-20.7463,0.312198,17.0365,0.124525,1.43,0.187314,
0.431798,-20.7523,0.311719,17.0393,0.12462,1.42993,0.18728,
0.431543,-20.7583,0.311239,17.0421,0.124714,1.42986,0.187246,
0.431288,-20.7643,0.31076,17.0449,0.124808,1.42979,0.187213,
0.431033,-20.7703,0.310281,17.0477,0.124903,1.42973,0.187179,
0.430778,-20.7763,0.309802,17.0505,0.124997,1.42966,0.187145,
0.430523,-20.7823,0.309324,17.0533,0.125092,1.42959,0.187111,
0.430268,-20.7883,0.308846,17.0561,0.125187,1.42952,0.187077,
0.430013,-20.7943,0.308368,17.0588,0.125282,1.42946,0.187043,
0.429758,-20.8003,0.30789,17.0616,0.125378,1.42939,0.187008,
0.429503,-20.8063,0.307413,17.0644,0.125473,1.42932,0.186974,
0.429249,-20.8124,0.306936,17.0672,0.125569,1.42925,0.186939,
0.428994,-20.8184,0.306459,17.07,0.125664,1.42919,0.186905,
0.428739,-20.8244,0.305983,17.0728,0.12576,1.42912,0.18687,
0.428485,-20.8304,0.305506,17.0755,0.125856,1.42905,0.186835,
0.42823,-20.8364,0.30503,17.0783,0.125952,1.42899,0.1868,
0.427976,-20.8424,0.304555,17.0811,0.126049,1.42892,0.186765,
0.427722,-20.8484,0.304079,17.0839,0.126145,1.42885,0.18673,
0.427468,-20.8544,0.303604,17.0866,0.126242,1.42878,0.186695,
0.427213,-20.8604,0.303129,17.0894,0.126339,1.42872,0.18666,
0.426959,-20.8664,0.302655,17.0922,0.126436,1.42865,0.186625,
0.426705,-20.8724,0.302181,17.095,0.126533,1.42859,0.186589,
0.426451,-20.8784,0.301707,17.0977,0.12663,1.42852,0.186554,
0.426197,-20.8845,0.301233,17.1005,0.126727,1.42845,0.186518,
0.425944,-20.8905,0.30076,17.1033,0.126825,1.42839,0.186482,
0.42569,-20.8965,0.300286,17.106,0.126922,1.42832,0.186446,
0.425436,-20.9025,0.299814,17.1088,0.12702,1.42825,0.18641,
0.425183,-20.9085,0.299341,17.1116,0.127118,1.42819,0.186374,
0.424929,-20.9145,0.298869,17.1143,0.127216,1.42812,0.186338,
0.424676,-20.9205,0.298397,17.1171,0.127314,1.42806,0.186302,
0.424422,-20.9266,0.297925,17.1199,0.127413,1.42799,0.186266,
0.424169,-20.9326,0.297454,17.1226,0.127511,1.42793,0.18623,
0.423916,-20.9386,0.296983,17.1254,0.12761,1.42786,0.186193,
0.423663,-20.9446,0.296512,17.1282,0.127709,1.42779,0.186157,
0.42341,-20.9506,0.296041,17.1309,0.127808,1.42773,0.18612,
0.423157,-20.9566,0.295571,17.1337,0.127907,1.42766,0.186083,
0.422904,-20.9627,0.295101,17.1364,0.128006,1.4276,0.186046,
0.422651,-20.9687,0.294631,17.1392,0.128105,1.42753,0.18601,
0.422399,-20.9747,0.294162,17.142,0.128205,1.42747,0.185973,
0.422146,-20.9807,0.293693,17.1447,0.128304,1.4274,0.185936,
0.421893,-20.9867,0.293224,17.1475,0.128404,1.42734,0.185898,
0.421641,-20.9928,0.292756,17.1502,0.128504,1.42727,0.185861,
0.421389,-20.9988,0.292287,17.153,0.128604,1.42721,0.185824,
0.421136,-21.0048,0.291819,17.1557,0.128704,1.42715,0.185787,
0.420884,-21.0108,0.291352,17.1585,0.128804,1.42708,0.185749,
0.420632,-21.0169,0.290884,17.1612,0.128905,1.42702,0.185712,
0.42038,-21.0229,0.290417,17.164,0.129005,1.42695,0.185674,
0.420128,-21.0289,0.28995,17.1667,0.129106,1.42689,0.185636,
0.419876,-21.0349,0.289484,17.1695,0.129207,1.42682,0.185599,
0.419624,-21.041,0.289018,17.1722,0.129308,1.42676,0.185561,
0.419373,-21.047,0.288552,17.175,0.129409,1.4267,0.185523,
0.419121,-21.053,0.288086,17.1777,0.12951,1.42663,0.185485,
0.41887,-21.059,0.287621,17.1804,0.129611,1.42657,0.185447,
0.418618,-21.0651,0.287156,17.1832,0.129713,1.4265,0.185409,
0.418367,-21.0711,0.286691,17.1859,0.129814,1.42644,0.18537,
0.418116,-21.0771,0.286227,17.1887,0.129916,1.42638,0.185332,
0.417865,-21.0832,0.285763,17.1914,0.130018,1.42631,0.185294,
0.417614,-21.0892,0.285299,17.1941,0.13012,1.42625,0.185255,
0.417363,-21.0952,0.284835,17.1969,0.130222,1.42619,0.185217,
0.417112,-21.1013,0.284372,17.1996,0.130324,1.42612,0.185178,
0.416861,-21.1073,0.283909,17.2024,0.130427,1.42606,0.185139,
0.416611,-21.1133,0.283446,17.2051,0.130529,1.426,0.185101,
0.41636,-21.1193,0.282984,17.2078,0.130632,1.42593,0.185062,
0.41611,-21.1254,0.282522,17.2106,0.130735,1.42587,0.185023,
0.415859,-21.1314,0.28206,17.2133,0.130838,1.42581,0.184984,
0.415609,-21.1374,0.281599,17.216,0.130941,1.42574,0.184945,
0.415359,-21.1435,0.281138,17.2188,0.131044,1.42568,0.184906,
0.415109,-21.1495,0.280677,17.2215,0.131147,1.42562,0.184866,
0.414859,-21.1556,0.280216,17.2242,0.13125,1.42556,0.184827,
0.414609,-21.1616,0.279756,17.227,0.131354,1.42549,0.184788,
0.414359,-21.1676,0.279296,17.2297,0.131458,1.42543,0.184748,
0.41411,-21.1737,0.278836,17.2324,0.131561,1.42537,0.184709,
0.41386,-21.1797,0.278377,17.2351,0.131665,1.42531,0.184669,
0.413611,-21.1857,0.277918,17.2379,0.131769,1.42524,0.18463,
0.413361,-21.1918,0.277459,17.2406,0.131873,1.42518,0.18459,
0.413112,-21.1978,0.277001,17.2433,0.131978,1.42512,0.18455,
0.412863,-21.2038,0.276542,17.246,0.132082,1.42506,0.184511,
0.412614,-21.2099,0.276085,17.2488,0.132186,1.425,0.184471,
0.412365,-21.2159,0.275627,17.2515,0.132291,1.42493,0.184431,
0.412116,-21.222,0.27517,17.2542,0.132396,1.42487,0.184391,
0.411867,-21.228,0.274713,17.2569,0.132501,1.42481,0.184351,
0.411619,-21.234,0.274256,17.2597,0.132606,1.42475,0.184311,
0.41137,-21.2401,0.2738,17.2624,0.132711,1.42469,0.18427,
0.411122,-21.2461,0.273344,17.2651,0.132816,1.42463,0.18423,
0.410874,-21.2522,0.272888,17.2678,0.132921,1.42456,0.18419,
0.410625,-21.2582,0.272432,17.2705,0.133027,1.4245,0.184149,
0.410377,-21.2642,0.271977,17.2733,0.133132,1.42444,0.184109,
0.410129,-21.2703,0.271522,17.276,0.133238,1.42438,0.184068,
0.409881,-21.2763,0.271068,17.2787,0.133344,1.42432,0.184028,
0.409634,-21.2824,0.270614,17.2814,0.133449,1.42426,0.183987,
0.409386,-21.2884,0.27016,17.2841,0.133555,1.4242,0.183947,
0.409138,-21.2945,0.269706,17.2868,0.133662,1.42414,0.183906,
0.408891,-21.3005,0.269253,17.2895,0.133768,1.42407,0.183865,
0.408644,-21.3066,0.2688,17.2923,0.133874,1.42401,0.183824,
0.408396,-21.3126,0.268347,17.295,0.133981,1.42395,0.183783,
0.408149,-21.3186,0.267895,17.2977,0.134087,1.42389,0.183742,
0.407902,-21.3247,0.267442,17.3004,0.134194,1.42383,0.183701,
0.407655,-21.3307,0.266991,17.3031,0.134301,1.42377,0.18366,
0.407409,-21.3368,0.266539,17.3058,0.134408,1.42371,0.183619,
0.407162,-21.3428,0.266088,17.3085,0.134515,1.42365,0.183578,
0.406915,-21.3489,0.265637,17.3112,0.134622,1.42359,0.183536,
0.406669,-21.3549,0.265186,17.3139,0.134729,1.42353,0.183495,
0.406423,-21.361,0.264736,17.3166,0.134836,1.42347,0.183454,
0.406177,-21.367,0.264286,17.3193,0.134944,1.42341,0.183412,
0.40593,-21.3731,0.263836,17.322,0.135052,1.42335,0.183371,
0.405684,-21.3791,0.263387,17.3248,0.135159,1.42329,0.183329,
0.405439,-21.3852,0.262938,17.3275,0.135267,1.42323,0.183287,
0.405193,-21.3912,0.262489,17.3302,0.135375,1.42317,0.183246,
0.404947,-21.3973,0.262041,17.3329,0.135483,1.42311,0.183204,
0.404702,-21.4033,0.261592,17.3356,0.135591,1.42305,0.183162,
0.404456,-21.4094,0.261145,17.3383,0.135699,1.42299,0.18312,
0.404211,-21.4154,0.260697,17.341,0.135808,1.42293,0.183078,
0.403966,-21.4215,0.26025,17.3437,0.135916,1.42287,0.183037,
0.403721,-21.4275,0.259803,17.3464,0.136025,1.42281,0.182995,
0.403476,-21.4336,0.259356,17.3491,0.136133,1.42275,0.182952,
0.403231,-21.4396,0.25891,17.3518,0.136242,1.42269,0.18291,
0.402986,-21.4457,0.258464,17.3545,0.136351,1.42263,0.182868,
0.402742,-21.4517,0.258018,17.3572,0.13646,1.42257,0.182826,
0.402497,-21.4578,0.257573,17.3599,0.136569,1.42251,0.182784,
0.402253,-21.4638,0.257128,17.3626,0.136678,1.42245,0.182741,
0.402009,-21.4699,0.256683,17.3653,0.136788,1.42239,0.182699,
0.401765,-21.4759,0.256238,17.3679,0.136897,1.42234,0.182657,
0.401521,-21.482,0.255794,17.3706,0.137006,1.42228,0.182614,
0.401277,-21.488,0.25535,17.3733,0.137116,1.42222,0.182572,
0.401033,-21.4941,0.254907,17.376,0.137226,1.42216,0.182529,
0.40079,-21.5001,0.254463,17.3787,0.137336,1.4221,0.182487,
0.400546,-21.5062,0.25402,17.3814,0.137445,1.42204,0.182444,
0.400303,-21.5122,0.253578,17.3841,0.137555,1.42198,0.182401,
0.400059,-21.5183,0.253135,17.3868,0.137666,1.42192,0.182358,
0.399816,-21.5244,0.252693,17.3895,0.137776,1.42187,0.182316,
0.399573,-21.5304,0.252252,17.3922,0.137886,1.42181,0.182273,
0.39933,-21.5365,0.25181,17.3949,0.137997,1.42175,0.18223,
0.399088,-21.5425,0.251369,17.3976,0.138107,1.42169,0.182187,
0.398845,-21.5486,0.250928,17.4003,0.138218,1.42163,0.182144,
0.398603,-21.5546,0.250488,17.4029,0.138328,1.42157,0.182101,
0.39836,-21.5607,0.250047,17.4056,0.138439,1.42152,0.182058,
0.398118,-21.5667,0.249608,17.4083,0.13855,1.42146,0.182015,
0.397876,-21.5728,0.249168,17.411,0.138661,1.4214,0.181972,
0.397634,-21.5789,0.248729,17.4137,0.138772,1.42134,0.181928,
0.397392,-21.5849,0.24829,17.4164,0.138883,1.42128,0.181885,
0.39715,-21.591,0.247851,17.4191,0.138995,1.42123,0.181842,
0.396908,-21.597,0.247413,17.4217,0.139106,1.42117,0.181799,
0.396667,-21.6031,0.246975,17.4244,0.139218,1.42111,0.181755,
0.396425,-21.6091,0.246537,17.4271,0.139329,1.42105,0.181712,
0.396184,-21.6152,0.246099,17.4298,0.139441,1.42099,0.181668,
0.395943,-21.6213,0.245662,17.4325,0.139553,1.42094,0.181625,
0.395702,-21.6273,0.245225,17.4352,0.139664,1.42088,0.181581,
0.395461,-21.6334,0.244789,17.4378,0.139776,1.42082,0.181538,
0.39522,-21.6394,0.244353,17.4405,0.139889,1.42076,0.181494,
0.39498,-21.6455,0.243917,17.4432,0.140001,1.42071,0.18145,
0.394739,-21.6515,0.243481,17.4459,0.140113,1.42065,0.181407,
0.394499,-21.6576,0.243046,17.4486,0.140225,1.42059,0.181363,
0.394259,-21.6637,0.242611,17.4513,0.140338,1.42053,0.181319,
0.394019,-21.6697,0.242176,17.4539,0.14045,1.42048,0.181275,
0.393779,-21.6758,0.241742,17.4566,0.140563,1.42042,0.181231,
0.393539,-21.6818,0.241308,17.4593,0.140676,1.42036,0.181187,
0.393299,-21.6879,0.240874,17.462,0.140788,1.42031,0.181143,
0.393059,-21.694,0.240441,17.4646,0.140901,1.42025,0.181099,
0.39282,-21.7,0.240007,17.4673,0.141014,1.42019,0.181055,
0.39258,-21.7061,0.239575,17.47,0.141127,1.42014,0.181011,
0.392341,-21.7121,0.239142,17.4727,0.141241,1.42008,0.180967,
0.392102,-21.7182,0.23871,17.4754,0.141354,1.42002,0.180923,
0.391863,-21.7243,0.238278,17.478,0.141467,1.41996,0.180879,
0.391624,-21.7303,0.237846,17.4807,0.141581,1.41991,0.180835,
0.391386,-21.7364,0.237415,17.4834,0.141694,1.41985,0.18079,
0.391147,-21.7425,0.236984,17.4861,0.141808,1.4198,0.180746,
0.390909,-21.7485,0.236553,17.4887,0.141921,1.41974,0.180702,
0.39067,-21.7546,0.236123,17.4914,0.142035,1.41968,0.180657,
0.390432,-21.7606,0.235693,17.4941,0.142149,1.41963,0.180613,
0.390194,-21.7667,0.235263,17.4968,0.142263,1.41957,0.180569,
0.389956,-21.7728,0.234834,17.4994,0.142377,1.41951,0.180524,
0.389718,-21.7788,0.234404,17.5021,0.142491,1.41946,0.18048,
0.389481,-21.7849,0.233976,17.5048,0.142606,1.4194,0.180435,
0.389243,-21.7909,0.233547,17.5074,0.14272,1.41934,0.180391,
0.389006,-21.797,0.233119,17.5101,0.142834,1.41929,0.180346,
0.388768,-21.8031,0.232691,17.5128,0.142949,1.41923,0.180301,
0.388531,-21.8091,0.232263,17.5155,0.143063,1.41918,0.180257,
0.388294,-21.8152,0.231836,17.5181,0.143178,1.41912,0.180212,
0.388057,-21.8213,0.231409,17.5208,0.143293,1.41906,0.180167,
0.387821,-21.8273,0.230982,17.5235,0.143408,1.41901,0.180122,
0.387584,-21.8334,0.230556,17.5261,0.143523,1.41895,0.180078,
0.387348,-21.8394,0.23013,17.5288,0.143638,1.4189,0.180033,
0.387111,-21.8455,0.229704,17.5315,0.143753,1.41884,0.179988,
0.386875,-21.8516,0.229278,17.5341,0.143868,1.41879,0.179943,
0.386639,-21.8576,0.228853,17.5368,0.143983,1.41873,0.179898,
0.386403,-21.8637,0.228428,17.5395,0.144098,1.41867,0.179853,
0.386167,-21.8698,0.228004,17.5421,0.144214,1.41862,0.179808,
0.385931,-21.8758,0.227579,17.5448,0.144329,1.41856,0.179763,
0.385696,-21.8819,0.227155,17.5475,0.144445,1.41851,0.179718,
0.38546,-21.888,0.226732,17.5501,0.144561,1.41845,0.179673,
0.385225,-21.894,0.226308,17.5528,0.144676,1.4184,0.179628,
0.38499,-21.9001,0.225885,17.5555,0.144792,1.41834,0.179583,
0.384755,-21.9062,0.225462,17.5581,0.144908,1.41829,0.179538,
0.38452,-21.9122,0.22504,17.5608,0.145024,1.41823,0.179492,
0.384285,-21.9183,0.224618,17.5635,0.14514,1.41818,0.179447,
0.384051,-21.9243,0.224196,17.5661,0.145256,1.41812,0.179402,
0.383816,-21.9304,0.223774,17.5688,0.145373,1.41807,0.179357,
0.383582,-21.9365,0.223353,17.5715,0.145489,1.41801,0.179311,
0.383348,-21.9425,0.222932,17.5741,0.145605,1.41796,0.179266,
0.383114,-21.9486,0.222512,17.5768,0.145722,1.4179,0.179221,
0.38288,-21.9547,0.222091,17.5794,0.145838,1.41785,0.179175,
0.382646,-21.9607,0.221671,17.5821,0.145955,1.41779,0.17913,
0.382412,-21.9668,0.221252,17.5848,0.146072,1.41774,0.179084,
0.382179,-21.9729,0.220832,17.5874,0.146188,1.41768,0.179039,
0.381945,-21.9789,0.220413,17.5901,0.146305,1.41763,0.178993,
0.381712,-21.985,0.219994,17.5928,0.146422,1.41757,0.178948,
0.381479,-21.9911,0.219576,17.5954,0.146539,1.41752,0.178902,
0.381246,-21.9971,0.219158,17.5981,0.146656,1.41747,0.178857,
0.381013,-22.0032,0.21874,17.6007,0.146774,1.41741,0.178811,
0.38078,-22.0093,0.218322,17.6034,0.146891,1.41736,0.178765,
0.380548,-22.0153,0.217905,17.6061,0.147008,1.4173,0.17872,
0.380315,-22.0214,0.217488,17.6087,0.147126,1.41725,0.178674,
0.380083,-22.0275,0.217071,17.6114,0.147243,1.41719,0.178628,
0.379851,-22.0335,0.216655,17.614,0.147361,1.41714,0.178583,
0.379619,-22.0396,0.216239,17.6167,0.147478,1.41708,0.178537,
0.379387,-22.0457,0.215823,17.6194,0.147596,1.41703,0.178491,
0.379155,-22.0517,0.215407,17.622,0.147714,1.41698,0.178445,
0.378924,-22.0578,0.214992,17.6247,0.147832,1.41692,0.178399,
0.378692,-22.0639,0.214577,17.6273,0.14795,1.41687,0.178354,
0.378461,-22.0699,0.214163,17.63,0.148068,1.41681,0.178308,
0.378229,-22.076,0.213748,17.6326,0.148186,1.41676,0.178262,
0.377998,-22.0821,0.213334,17.6353,0.148304,1.41671,0.178216,
0.377767,-22.0881,0.212921,17.638,0.148422,1.41665,0.17817,
0.377537,-22.0942,0.212507,17.6406,0.14854,1.4166,0.178124,
0.377306,-22.1002,0.212094,17.6433,0.148659,1.41655,0.178078,
0.377075,-22.1063,0.211682,17.6459,0.148777,1.41649,0.178032,
0.376845,-22.1124,0.211269,17.6486,0.148896,1.41644,0.177986,
0.376615,-22.1184,0.210857,17.6512,0.149014,1.41638,0.17794,
0.376385,-22.1245,0.210445,17.6539,0.149133,1.41633,0.177894,
0.376155,-22.1306,0.210033,17.6565,0.149252,1.41628,0.177848,
0.375925,-22.1366,0.209622,17.6592,0.149371,1.41622,0.177802,
0.375695,-22.1427,0.209211,17.6619,0.149489,1.41617,0.177755,
0.375465,-22.1488,0.208801,17.6645,0.149608,1.41612,0.177709,
0.375236,-22.1548,0.20839,17.6672,0.149727,1.41606,0.177663,
0.375007,-22.1609,0.20798,17.6698,0.149847,1.41601,0.177617,
0.374778,-22.167,0.20757,17.6725,0.149966,1.41596,0.177571,
0.374549,-22.173,0.207161,17.6751,0.150085,1.4159,0.177524,
0.37432,-22.1791,0.206752,17.6778,0.150204,1.41585,0.177478,
0.374091,-22.1852,0.206343,17.6804,0.150324,1.4158,0.177432,
0.373862,-22.1912,0.205934,17.6831,0.150443,1.41574,0.177386,
0.373634,-22.1973,0.205526,17.6857,0.150563,1.41569,0.177339,
0.373405,-22.2034,0.205118,17.6884,0.150682,1.41564,0.177293,
0.373177,-22.2094,0.20471,17.691,0.150802,1.41558,0.177247,
0.372949,-22.2155,0.204303,17.6937,0.150921,1.41553,0.1772,
0.372721,-22.2216,0.203896,17.6964,0.151041,1.41548,0.177154,
0.372493,-22.2276,0.203489,17.699,0.151161,1.41543,0.177107,
0.372266,-22.2337,0.203082,17.7017,0.151281,1.41537,0.177061,
0.372038,-22.2398,0.202676,17.7043,0.151401,1.41532,0.177015,
0.371811,-22.2458,0.20227,17.707,0.151521,1.41527,0.176968,
0.371584,-22.2519,0.201865,17.7096,0.151641,1.41521,0.176922,
0.371357,-22.258,0.201459,17.7123,0.151761,1.41516,0.176875,
0.37113,-22.264,0.201054,17.7149,0.151882,1.41511,0.176829,
0.370903,-22.2701,0.20065,17.7176,0.152002,1.41506,0.176782,
0.370676,-22.2762,0.200245,17.7202,0.152122,1.415,0.176736,
0.370449,-22.2822,0.199841,17.7229,0.152243,1.41495,0.176689,
0.370223,-22.2883,0.199437,17.7255,0.152363,1.4149,0.176642,
0.369997,-22.2944,0.199034,17.7282,0.152484,1.41485,0.176596,
0.369771,-22.3004,0.198631,17.7308,0.152605,1.41479,0.176549,
0.369545,-22.3065,0.198228,17.7335,0.152725,1.41474,0.176503,
0.369319,-22.3126,0.197825,17.7361,0.152846,1.41469,0.176456,
0.369093,-22.3186,0.197423,17.7388,0.152967,1.41464,0.176409,
0.368867,-22.3247,0.197021,17.7414,0.153088,1.41458,0.176363,
0.368642,-22.3308,0.196619,17.7441,0.153209,1.41453,0.176316,
0.368417,-22.3368,0.196217,17.7467,0.15333,1.41448,0.176269,
0.368192,-22.3429,0.195816,17.7494,0.153451,1.41443,0.176223,
0.367967,-22.349,0.195415,17.752,0.153572,1.41438,0.176176,
0.367742,-22.355,0.195015,17.7547,0.153693,1.41432,0.176129,
0.367517,-22.3611,0.194614,17.7573,0.153815,1.41427,0.176082,
0.367292,-22.3672,0.194214,17.76,0.153936,1.41422,0.176036,
0.367068,-22.3732,0.193815,17.7626,0.154057,1.41417,0.175989,
0.366843,-22.3793,0.193415,17.7653,0.154179,1.41412,0.175942,
0.366619,-22.3854,0.193016,17.7679,0.1543,1.41406,0.175895,
0.366395,-22.3914,0.192617,17.7705,0.154422,1.41401,0.175848,
0.366171,-22.3975,0.192219,17.7732,0.154544,1.41396,0.175802,
0.365947,-22.4036,0.191821,17.7758,0.154665,1.41391,0.175755,
0.365724,-22.4096,0.191423,17.7785,0.154787,1.41386,0.175708,
0.3655,-22.4157,0.191025,17.7811,0.154909,1.4138,0.175661,
0.365277,-22.4218,0.190628,17.7838,0.155031,1.41375,0.175614,
0.365054,-22.4278,0.190231,17.7864,0.155153,1.4137,0.175567,
0.364831,-22.4339,0.189834,17.7891,0.155275,1.41365,0.17552,
0.364608,-22.44,0.189437,17.7917,0.155397,1.4136,0.175473,
0.364385,-22.446,0.189041,17.7944,0.155519,1.41355,0.175426,
0.364162,-22.4521,0.188645,17.797,0.155641,1.41349,0.175379,
0.36394,-22.4582,0.188249,17.7997,0.155764,1.41344,0.175332,
0.363717,-22.4642,0.187854,17.8023,0.155886,1.41339,0.175285,
0.363495,-22.4703,0.187459,17.805,0.156008,1.41334,0.175239,
0.363273,-22.4764,0.187064,17.8076,0.156131,1.41329,0.175192,
0.363051,-22.4824,0.18667,17.8103,0.156253,1.41324,0.175145,
0.362829,-22.4885,0.186276,17.8129,0.156376,1.41319,0.175098,
0.362607,-22.4946,0.185882,17.8155,0.156499,1.41313,0.17505,
0.362386,-22.5006,0.185488,17.8182,0.156621,1.41308,0.175003,
0.362164,-22.5067,0.185095,17.8208,0.156744,1.41303,0.174956,
0.361943,-22.5128,0.184702,17.8235,0.156867,1.41298,0.174909,
0.361722,-22.5188,0.184309,17.8261,0.15699,1.41293,0.174862,
0.361501,-22.5249,0.183917,17.8288,0.157113,1.41288,0.174815,
0.36128,-22.5309,0.183525,17.8314,0.157236,1.41283,0.174768,
0.361059,-22.537,0.183133,17.8341,0.157359,1.41278,0.174721,
0.360838,-22.5431,0.182741,17.8367,0.157482,1.41273,0.174674,
0.360618,-22.5491,0.18235,17.8394,0.157605,1.41267,0.174627,
0.360397,-22.5552,0.181959,17.842,0.157728,1.41262,0.17458,
0.360177,-22.5613,0.181568,17.8447,0.157851,1.41257,0.174533,
0.359957,-22.5673,0.181178,17.8473,0.157975,1.41252,0.174485,
0.359737,-22.5734,0.180788,17.8499,0.158098,1.41247,0.174438,
0.359517,-22.5795,0.180398,17.8526,0.158221,1.41242,0.174391,
0.359298,-22.5855,0.180008,17.8552,0.158345,1.41237,0.174344,
0.359078,-22.5916,0.179619,17.8579,0.158468,1.41232,0.174297,
0.358859,-22.5977,0.17923,17.8605,0.158592,1.41227,0.17425,
0.35864,-22.6037,0.178841,17.8632,0.158716,1.41222,0.174202,
0.358421,-22.6098,0.178453,17.8658,0.158839,1.41217,0.174155,
0.358202,-22.6158,0.178065,17.8685,0.158963,1.41212,0.174108,
0.357983,-22.6219,0.177677,17.8711,0.159087,1.41206,0.174061,
0.357764,-22.628,0.177289,17.8737,0.159211,1.41201,0.174014,
0.357546,-22.634,0.176902,17.8764,0.159335,1.41196,0.173966,
0.357327,-22.6401,0.176515,17.879,0.159459,1.41191,0.173919,
0.357109,-22.6462,0.176128,17.8817,0.159583,1.41186,0.173872,
0.356891,-22.6522,0.175742,17.8843,0.159707,1.41181,0.173825,
0.356673,-22.6583,0.175356,17.887,0.159831,1.41176,0.173777,
0.356455,-22.6644,0.17497,17.8896,0.159955,1.41171,0.17373,
0.356237,-22.6704,0.174584,17.8923,0.160079,1.41166,0.173683,
0.356019,-22.6765,0.174199,17.8949,0.160204,1.41161,0.173636,
0.355802,-22.6825,0.173814,17.8975,0.160328,1.41156,0.173588,
0.355585,-22.6886,0.173429,17.9002,0.160453,1.41151,0.173541,
0.355368,-22.6947,0.173045,17.9028,0.160577,1.41146,0.173494,
0.35515,-22.7007,0.172661,17.9055,0.160701,1.41141,0.173447,
0.354934,-22.7068,0.172277,17.9081,0.160826,1.41136,0.173399,
0.354717,-22.7129,0.171893,17.9108,0.160951,1.41131,0.173352,
0.3545,-22.7189,0.17151,17.9134,0.161075,1.41126,0.173305,
0.354284,-22.725,0.171127,17.9161,0.1612,1.41121,0.173257,
0.354067,-22.731,0.170744,17.9187,0.161325,1.41116,0.17321,
0.353851,-22.7371,0.170362,17.9213,0.16145,1.41111,0.173163,
0.353635,-22.7432,0.16998,17.924,0.161575,1.41106,0.173115,
0.353419,-22.7492,0.169598,17.9266,0.161699,1.41101,0.173068,
0.353203,-22.7553,0.169216,17.9293,0.161824,1.41096,0.173021,
0.352987,-22.7614,0.168835,17.9319,0.161949,1.41091,0.172973,
0.352772,-22.7674,0.168454,17.9346,0.162075,1.41086,0.172926,
0.352556,-22.7735,0.168073,17.9372,0.1622,1.41081,0.172879,
0.352341,-22.7795,0.167693,17.9399,0.162325,1.41076,0.172831,
0.352126,-22.7856,0.167312,17.9425,0.16245,1.41071,0.172784,
0.351911,-22.7917,0.166932,17.9451,0.162575,1.41066,0.172737,
0.351696,-22.7977,0.166553,17.9478,0.162701,1.41061,0.172689,
0.351481,-22.8038,0.166173,17.9504,0.162826,1.41056,0.172642,
0.351267,-22.8098,0.165794,17.9531,0.162951,1.41051,0.172594,
0.351052,-22.8159,0.165415,17.9557,0.163077,1.41046,0.172547,
0.350838,-22.822,0.165037,17.9584,0.163202,1.41041,0.1725,
0.350624,-22.828,0.164659,17.961,0.163328,1.41036,0.172452,
0.35041,-22.8341,0.164281,17.9636,0.163454,1.41031,0.172405,
0.350196,-22.8401,0.163903,17.9663,0.163579,1.41026,0.172357,
0.349982,-22.8462,0.163525,17.9689,0.163705,1.41021,0.17231,
0.349768,-22.8523,0.163148,17.9716,0.163831,1.41016,0.172263,
0.349555,-22.8583,0.162771,17.9742,0.163957,1.41011,0.172215,
0.349342,-22.8644,0.162395,17.9769,0.164082,1.41006,0.172168,
0.349128,-22.8704,0.162019,17.9795,0.164208,1.41001,0.17212,
0.348915,-22.8765,0.161642,17.9822,0.164334,1.40996,0.172073,
0.348702,-22.8826,0.161267,17.9848,0.16446,1.40991,0.172026,
0.348489,-22.8886,0.160891,17.9874,0.164586,1.40986,0.171978,
0.348277,-22.8947,0.160516,17.9901,0.164712,1.40981,0.171931,
0.348064,-22.9007,0.160141,17.9927,0.164839,1.40977,0.171883,
0.347852,-22.9068,0.159766,17.9954,0.164965,1.40972,0.171836,
0.347639,-22.9129,0.159392,17.998,0.165091,1.40967,0.171789,
0.347427,-22.9189,0.159018,18.0007,0.165217,1.40962,0.171741,
0.347215,-22.925,0.158644,18.0033,0.165344,1.40957,0.171694,
0.347003,-22.931,0.15827,18.006,0.16547,1.40952,0.171646,
0.346792,-22.9371,0.157897,18.0086,0.165596,1.40947,0.171599,
0.34658,-22.9432,0.157524,18.0112,0.165723,1.40942,0.171551,
0.346368,-22.9492,0.157151,18.0139,0.165849,1.40937,0.171504,
0.346157,-22.9553,0.156779,18.0165,0.165976,1.40932,0.171457,
0.345946,-22.9613,0.156407,18.0192,0.166103,1.40927,0.171409,
0.345735,-22.9674,0.156035,18.0218,0.166229,1.40922,0.171362,
0.345524,-22.9734,0.155663,18.0245,0.166356,1.40917,0.171314,
0.345313,-22.9795,0.155292,18.0271,0.166483,1.40913,0.171267,
0.345102,-22.9856,0.154921,18.0298,0.166609,1.40908,0.171219,
0.344892,-22.9916,0.15455,18.0324,0.166736,1.40903,0.171172,
0.344681,-22.9977,0.154179,18.035,0.166863,1.40898,0.171125,
0.344471,-23.0037,0.153809,18.0377,0.16699,1.40893,0.171077,
0.344261,-23.0098,0.153439,18.0403,0.167117,1.40888,0.17103,
0.344051,-23.0158,0.153069,18.043,0.167244,1.40883,0.170982,
0.343841,-23.0219,0.1527,18.0456,0.167371,1.40878,0.170935,
0.343631,-23.028,0.152331,18.0483,0.167498,1.40873,0.170887,
0.343421,-23.034,0.151962,18.0509,0.167625,1.40868,0.17084,
0.343212,-23.0401,0.151593,18.0536,0.167753,1.40864,0.170793,
0.343003,-23.0461,0.151225,18.0562,0.16788,1.40859,0.170745,
0.342793,-23.0522,0.150856,18.0589,0.168007,1.40854,0.170698,
0.342584,-23.0582,0.150489,18.0615,0.168134,1.40849,0.17065,
0.342375,-23.0643,0.150121,18.0641,0.168262,1.40844,0.170603,
0.342167,-23.0703,0.149754,18.0668,0.168389,1.40839,0.170556,
0.341958,-23.0764,0.149387,18.0694,0.168517,1.40834,0.170508,
0.341749,-23.0825,0.14902,18.0721,0.168644,1.40829,0.170461,
0.341541,-23.0885,0.148653,18.0747,0.168772,1.40825,0.170413,
0.341333,-23.0946,0.148287,18.0774,0.168899,1.4082,0.170366,
0.341124,-23.1006,0.147921,18.08,0.169027,1.40815,0.170318,
0.340916,-23.1067,0.147555,18.0827,0.169154,1.4081,0.170271,
0.340708,-23.1127,0.14719,18.0853,0.169282,1.40805,0.170224,
0.340501,-23.1188,0.146825,18.088,0.16941,1.408,0.170176,
0.340293,-23.1248,0.14646,18.0906,0.169538,1.40795,0.170129,
0.340085,-23.1309,0.146095,18.0932,0.169665,1.40791,0.170081,
0.339878,-23.1369,0.145731,18.0959,0.169793,1.40786,0.170034,
0.339671,-23.143,0.145367,18.0985,0.169921,1.40781,0.169987,
0.339464,-23.149,0.145003,18.1012,0.170049,1.40776,0.169939,
0.339257,-23.1551,0.144639,18.1038,0.170177,1.40771,0.169892,
0.33905,-23.1612,0.144276,18.1065,0.170305,1.40766,0.169844,
0.338843,-23.1672,0.143913,18.1091,0.170433,1.40762,0.169797,
0.338637,-23.1733,0.14355,18.1118,0.170561,1.40757,0.16975,
0.33843,-23.1793,0.143188,18.1144,0.170689,1.40752,0.169702,
0.338224,-23.1854,0.142826,18.1171,0.170818,1.40747,0.169655,
0.338018,-23.1914,0.142464,18.1197,0.170946,1.40742,0.169607,
0.337812,-23.1975,0.142102,18.1224,0.171074,1.40737,0.16956,
0.337606,-23.2035,0.141741,18.125,0.171202,1.40733,0.169513,
0.3374,-23.2096,0.141379,18.1277,0.171331,1.40728,0.169465,
0.337194,-23.2156,0.141018,18.1303,0.171459,1.40723,0.169418,
0.336989,-23.2217,0.140658,18.1329,0.171588,1.40718,0.169371,
0.336783,-23.2277,0.140297,18.1356,0.171716,1.40713,0.169323,
0.336578,-23.2338,0.139937,18.1382,0.171845,1.40708,0.169276,
0.336373,-23.2398,0.139577,18.1409,0.171973,1.40704,0.169228,
0.336168,-23.2459,0.139218,18.1435,0.172102,1.40699,0.169181,
0.335963,-23.2519,0.138859,18.1462,0.17223,1.40694,0.169134,
0.335758,-23.258,0.138499,18.1488,0.172359,1.40689,0.169086,
0.335553,-23.264,0.138141,18.1515,0.172488,1.40684,0.169039,
0.335349,-23.2701,0.137782,18.1541,0.172616,1.4068,0.168992,
0.335145,-23.2761,0.137424,18.1568,0.172745,1.40675,0.168944,
0.33494,-23.2822,0.137066,18.1594,0.172874,1.4067,0.168897,
0.334736,-23.2882,0.136708,18.1621,0.173003,1.40665,0.16885,
0.334532,-23.2943,0.136351,18.1647,0.173132,1.4066,0.168802,
0.334328,-23.3003,0.135993,18.1674,0.173261,1.40656,0.168755,
0.334125,-23.3064,0.135636,18.17,0.17339,1.40651,0.168708,
0.333921,-23.3124,0.13528,18.1727,0.173519,1.40646,0.16866,
0.333717,-23.3185,0.134923,18.1753,0.173648,1.40641,0.168613,
0.333501,-23.3244,0.134553,18.178,0.173775,1.40635,0.168566,
0.332741,-23.3291,0.134407,18.181,0.171592,1.41166,0.16415,
0.331552,-23.3328,0.134611,18.1845,0.168014,1.42158,0.156657,
0.330033,-23.3356,0.135234,18.1883,0.163759,1.43505,0.147168,
0.32828,-23.338,0.136289,18.1924,0.159364,1.45091,0.136581,
0.326386,-23.3401,0.137749,18.1967,0.155206,1.46807,0.125615,
0.324436,-23.3421,0.139555,18.2012,0.15153,1.48553,0.114832,
0.322509,-23.3443,0.141634,18.2058,0.148476,1.50246,0.104645,
0.320669,-23.3468,0.143905,18.2104,0.146099,1.51822,0.0953424,
0.318972,-23.3496,0.146285,18.2151,0.144394,1.53233,0.0871033,
0.317456,-23.3529,0.148701,18.2198,0.143316,1.5445,0.0800168,
0.31615,-23.3567,0.151085,18.2245,0.142788,1.55457,0.0740997,
0.31507,-23.3609,0.153385,18.2292,0.14272,1.56252,0.0693119,
0.31422,-23.3655,0.155559,18.2338,0.143016,1.56843,0.065572,
0.313597,-23.3706,0.157578,18.2383,0.14358,1.57248,0.0627697,
0.313189,-23.376,0.159423,18.2428,0.144323,1.57487,0.0607769,
0.312979,-23.3817,0.161089,18.2472,0.145164,1.57588,0.0594573,
0.312946,-23.3876,0.162578,18.2515,0.146035,1.57576,0.058674,
0.313067,-23.3937,0.163897,18.2558,0.14688,1.57481,0.0582952,
0.313316,-23.3999,0.165063,18.26,0.147654,1.57329,0.0581986,
0.31367,-23.4062,0.166094,18.2643,0.148326,1.57144,0.0582749,
0.314105,-23.4125,0.16701,18.2684,0.148875,1.56948,0.0584292,
0.314598,-23.4187,0.167833,18.2726,0.149288,1.5676,0.0585822,
0.31513,-23.4249,0.168587,18.2768,0.149564,1.56594,0.05867,
0.315683,-23.431,0.169292,18.281,0.149703,1.56464,0.058644,
0.316244,-23.437,0.169968,18.2852,0.149715,1.56376,0.0584694,
0.3168,-23.4429,0.170631,18.2894,0.149611,1.56337,0.0581237,
0.317343,-23.4487,0.171299,18.2936,0.149405,1.56349,0.0575958,
0.317865,-23.4544,0.171982,18.2979,0.149113,1.56413,0.0568835,
0.318364,-23.4599,0.172692,18.3022,0.148751,1.56526,0.0559921,
0.318836,-23.4654,0.173435,18.3065,0.148333,1.56686,0.0549328,
0.319283,-23.4708,0.174218,18.3109,0.147875,1.56888,0.0537211,
0.319703,-23.4761,0.175042,18.3153,0.147391,1.57127,0.0523751,
0.320101,-23.4813,0.175911,18.3197,0.146891,1.57398,0.0509147,
0.320478,-23.4865,0.176823,18.3242,0.146386,1.57696,0.0493603,
0.320839,-23.4917,0.177778,18.3287,0.145884,1.58014,0.0477321,
0.321187,-23.4968,0.178772,18.3333,0.145391,1.58347,0.046049,
0.321527,-23.5019,0.179804,18.3379,0.144913,1.5869,0.0443289,
0.321861,-23.507,0.180869,18.3425,0.144453,1.5904,0.0425874,
0.322195,-23.5121,0.181963,18.3471,0.144012,1.59391,0.0408385,
0.322532,-23.5172,0.183084,18.3518,0.143591,1.59742,0.0390939,
0.322874,-23.5223,0.184227,18.3565,0.14319,1.60089,0.0373633,
0.323225,-23.5275,0.185388,18.3612,0.142809,1.6043,0.0356543,
0.323588,-23.5326,0.186564,18.3659,0.142446,1.60763,0.0339729,
0.323963,-23.5378,0.187753,18.3706,0.1421,1.61088,0.0323232,
0.324354,-23.543,0.188951,18.3754,0.141767,1.61404,0.030708,
0.324761,-23.5483,0.190156,18.3802,0.141446,1.6171,0.0291291,
0.325185,-23.5535,0.191366,18.385,0.141135,1.62006,0.0275868,
0.325626,-23.5588,0.19258,18.3898,0.140831,1.62293,0.0260812,
0.326086,-23.5641,0.193796,18.3946,0.140533,1.62571,0.0246115,
0.326565,-23.5694,0.195013,18.3995,0.14024,1.62839,0.0231766,
0.327062,-23.5748,0.19623,18.4043,0.139948,1.631,0.0217751,
0.327577,-23.5802,0.197447,18.4092,0.139658,1.63353,0.0204056,
0.328111,-23.5855,0.198663,18.4141,0.139368,1.63598,0.0190666,
0.328662,-23.5909,0.199878,18.419,0.139078,1.63836,0.0177567,
0.329232,-23.5964,0.201091,18.4239,0.138785,1.64069,0.0164747,
0.329818,-23.6018,0.202304,18.4289,0.138492,1.64295,0.0152194,
0.330422,-23.6072,0.203514,18.4338,0.138196,1.64515,0.0139899,
0.331042,-23.6127,0.204723,18.4387,0.137898,1.64731,0.0127854,
0.331679,-23.6182,0.205931,18.4437,0.137597,1.64941,0.0116056,
0.332331,-23.6237,0.207137,18.4487,0.137295,1.65146,0.0104499,
0.333,-23.6292,0.208341,18.4537,0.136991,1.65346,0.0093181,
0.333684,-23.6347,0.209544,18.4586,0.136684,1.65541,0.00821021,
0.334383,-23.6402,0.210745,18.4636,0.136377,1.65732,0.00712617,
0.335098,-23.6457,0.211944,18.4687,0.136067,1.65917,0.00606574,
0.335827,-23.6513,0.213141,18.4737,0.135757,1.66098,0.00502925,
0.336571,-23.6568,0.214335,18.4787,0.135445,1.66275,0.00401698,
0.33733,-23.6624,0.215528,18.4837,0.135133,1.66446,0.00302917,
0.338103,-23.668,0.216718,18.4888,0.134821,1.66612,0.002066,
0.33889,-23.6736,0.217905,18.4938,0.134508,1.66774,0.0011276,
0.339691,-23.6792,0.219089,18.4989,0.134194,1.66931,0.000214031,
0.340507,-23.6848,0.220271,18.504,0.133881,1.67082,-0.000674724,
0.341335,-23.6904,0.221449,18.509,0.133568,1.67229,-0.00153874,
0.342177,-23.696,0.222625,18.5141,0.133254,1.67372,-0.00237816,
0.343033,-23.7017,0.223796,18.5192,0.132941,1.67509,-0.0031932,
0.343901,-23.7073,0.224964,18.5243,0.132628,1.67641,-0.00398412,
0.344782,-23.713,0.226129,18.5293,0.132314,1.67769,-0.00475125,
0.345675,-23.7187,0.22729,18.5344,0.132,1.67893,-0.00549496,
0.34658,-23.7244,0.228447,18.5395,0.131686,1.68012,-0.00621566,
0.347498,-23.7301,0.2296,18.5446,0.131372,1.68126,-0.0069138,
0.348427,-23.7358,0.230749,18.5497,0.131058,1.68236,-0.00758986,
0.349367,-23.7415,0.231895,18.5548,0.130744,1.68343,-0.00824432,
0.350318,-23.7472,0.233036,18.56,0.13043,1.68445,-0.00887769,
0.35128,-23.7529,0.234174,18.5651,0.130115,1.68543,-0.00949047,
0.352252,-23.7587,0.235308,18.5702,0.1298,1.68638,-0.0100832,
0.353234,-23.7644,0.236438,18.5753,0.129486,1.68729,-0.0106564,
0.354226,-23.7702,0.237564,18.5804,0.129171,1.68817,-0.0112105,
0.355227,-23.7759,0.238686,18.5855,0.128856,1.68901,-0.011746,
0.356238,-23.7817,0.239805,18.5906,0.128541,1.68982,-0.0122635,
0.357257,-23.7875,0.24092,18.5958,0.128226,1.6906,-0.0127633,
0.358285,-23.7932,0.242031,18.6009,0.127912,1.69135,-0.013246,
0.359321,-23.799,0.243139,18.606,0.127598,1.69207,-0.013712,
0.360364,-23.8048,0.244244,18.6111,0.127284,1.69277,-0.0141617,
0.361416,-23.8106,0.245345,18.6162,0.12697,1.69344,-0.0145955,
0.362475,-23.8164,0.246443,18.6214,0.126657,1.69408,-0.0150138,
0.36354,-23.8222,0.247537,18.6265,0.126345,1.6947,-0.0154169,
0.364613,-23.828,0.248628,18.6316,0.126033,1.69529,-0.0158053,
0.365692,-23.8338,0.249716,18.6367,0.125723,1.69586,-0.0161792,
0.366778,-23.8396,0.250801,18.6418,0.125413,1.69641,-0.0165391,
0.36787,-23.8454,0.251883,18.6469,0.125103,1.69694,-0.0168852,
0.368967,-23.8513,0.252961,18.6521,0.124795,1.69744,-0.0172179,
0.37007,-23.8571,0.254037,18.6572,0.124488,1.69793,-0.0175375,
0.371179,-23.8629,0.25511,18.6623,0.124183,1.6984,-0.0178442,
0.372293,-23.8687,0.256179,18.6674,0.123878,1.69885,-0.0181384,
0.373411,-23.8746,0.257246,18.6725,0.123575,1.69928,-0.0184204,
0.374535,-23.8804,0.25831,18.6776,0.123273,1.69969,-0.0186904,
0.375663,-23.8862,0.259371,18.6827,0.122972,1.70009,-0.0189487,
0.376795,-23.8921,0.260429,18.6878,0.122673,1.70047,-0.0191956,
0.377931,-23.8979,0.261485,18.6929,0.122375,1.70084,-0.0194313,
0.379072,-23.9038,0.262538,18.698,0.122079,1.70119,-0.0196561,
0.380216,-23.9096,0.263588,18.7031,0.121784,1.70152,-0.0198703,
0.381364,-23.9155,0.264635,18.7082,0.121491,1.70185,-0.0200742,
0.382515,-23.9213,0.265679,18.7133,0.1212,1.70215,-0.0202679,
0.38367,-23.9272,0.266721,18.7184,0.12091,1.70245,-0.0204517,
0.384828,-23.933,0.26776,18.7235,0.120622,1.70273,-0.0206258,
0.385988,-23.9389,0.268796,18.7286,0.120336,1.703,-0.0207905,
0.387152,-23.9448,0.26983,18.7336,0.120052,1.70325,-0.020946,
0.388318,-23.9506,0.270861,18.7387,0.119769,1.7035,-0.0210926,
0.389486,-23.9565,0.27189,18.7438,0.119488,1.70373,-0.0212303,
0.390657,-23.9624,0.272915,18.7489,0.119208,1.70395,-0.0213596,
0.39183,-23.9682,0.273938,18.7539,0.118931,1.70416,-0.0214805,
0.393006,-23.9741,0.274959,18.759,0.118655,1.70436,-0.0215933,
0.394183,-23.98,0.275977,18.7641,0.118381,1.70455,-0.0216981,
0.395362,-23.9858,0.276992,18.7691,0.118108,1.70473,-0.0217952,
0.396543,-23.9917,0.278005,18.7742,0.117838,1.7049,-0.0218848,
0.397725,-23.9976,0.279015,18.7792,0.117569,1.70506,-0.021967,
0.398909,-24.0035,0.280022,18.7843,0.117302,1.70521,-0.022042,
0.400094,-24.0093,0.281027,18.7893,0.117037,1.70535,-0.02211,
0.40128,-24.0152,0.282029,18.7943,0.116773,1.70549,-0.0221712,
0.402468,-24.0211,0.283028,18.7994,0.116511,1.70561,-0.0222257,
0.403657,-24.027,0.284025,18.8044,0.116251,1.70572,-0.0222737,
0.404846,-24.0329,0.285019,18.8094,0.115993,1.70583,-0.0223153,
0.406037,-24.0387,0.286011,18.8145,0.115736,1.70593,-0.0223507,
0.407228,-24.0446,0.286999,18.8195,0.115481,1.70602,-0.0223801,
0.40842,-24.0505,0.287986,18.8245,0.115228,1.7061,-0.0224036,
0.409613,-24.0564,0.288969,18.8295,0.114976,1.70617,-0.0224213,
0.410806,-24.0623,0.28995,18.8345,0.114726,1.70624,-0.0224334,
0.411999,-24.0682,0.290928,18.8395,0.114477,1.70629,-0.02244,
0.413193,-24.0741,0.291904,18.8445,0.114231,1.70634,-0.0224413,
0.414387,-24.08,0.292876,18.8495,0.113985,1.70639,-0.0224373,
0.415581,-24.0858,0.293846,18.8545,0.113742,1.70642,-0.0224283,
0.416776,-24.0917,0.294814,18.8595,0.113499,1.70645,-0.0224143,
0.41797,-24.0976,0.295778,18.8644,0.113259,1.70647,-0.0223954,
0.419165,-24.1035,0.29674,18.8694,0.11302,1.70648,-0.0223719,
0.420359,-24.1094,0.297699,18.8744,0.112782,1.70649,-0.0223436,
0.421556,-24.1153,0.29865,18.8793,0.112526,1.70638,-0.0223245,
0.422758,-24.1213,0.299587,18.8843,0.112232,1.70607,-0.0223258,
0.423968,-24.1273,0.300503,18.8892,0.111886,1.70551,-0.0223529,
0.425201,-24.1333,0.301392,18.8941,0.111591,1.70475,-0.0222439,
0.426616,-24.139,0.302356,18.8992,0.112332,1.70505,-0.0205913,
0.428026,-24.1447,0.303439,18.9042,0.113754,1.70588,-0.0181752,
0.429404,-24.1503,0.304572,18.9092,0.115487,1.70694,-0.0154417,
0.430754,-24.1559,0.305686,18.9143,0.117256,1.70804,-0.0126791,
0.432082,-24.1615,0.306745,18.9193,0.118888,1.70906,-0.0100686,
0.433388,-24.1672,0.307731,18.9243,0.12029,1.70996,-0.00771544,
0.434675,-24.1729,0.308644,18.9293,0.121422,1.71073,-0.00567149,
0.43594,-24.1786,0.309492,18.9343,0.12228,1.71137,-0.00395189,
0.437184,-24.1844,0.310287,18.9393,0.122883,1.71191,-0.00254742,
0.438405,-24.1902,0.31104,18.9443,0.12326,1.71237,-0.00143349,
0.439603,-24.196,0.311766,18.9492,0.123447,1.71276,-0.000576798,
0.440779,-24.2018,0.312474,18.9542,0.12348,1.71311,5.99159e-05,
0.441934,-24.2076,0.313174,18.9592,0.123393,1.71342,0.000514554,
0.443069,-24.2134,0.313873,18.9641,0.123218,1.71371,0.000823405,
0.444188,-24.2192,0.314576,18.969,0.122981,1.71397,0.00101972,
0.44529,-24.225,0.315287,18.974,0.122705,1.71422,0.00113288,
0.44638,-24.2309,0.316006,18.9789,0.122407,1.71445,0.00118808,
0.447458,-24.2367,0.316736,18.9839,0.122101,1.71466,0.00120623,
0.448527,-24.2425,0.317475,18.9888,0.121797,1.71485,0.00120417,
0.449589,-24.2484,0.318223,18.9937,0.121502,1.71501,0.00119504,
0.450645,-24.2542,0.318979,18.9986,0.121221,1.71515,0.0011886,
0.451696,-24.2601,0.319742,19.0035,0.120957,1.71527,0.0011918,
0.452744,-24.2659,0.320509,19.0085,0.12071,1.71535,0.00120916,
0.45379,-24.2718,0.321279,19.0134,0.120479,1.71542,0.00124326,
0.454834,-24.2777,0.322052,19.0183,0.120265,1.71545,0.00129512,
0.455877,-24.2836,0.322824,19.0232,0.120065,1.71547,0.00136461,
0.456919,-24.2894,0.323597,19.028,0.119878,1.71547,0.00145077,
0.45796,-24.2953,0.324368,19.0329,0.119702,1.71545,0.00155204,
0.459001,-24.3012,0.325138,19.0378,0.119535,1.71541,0.00166654,
0.46004,-24.3071,0.325905,19.0427,0.119375,1.71537,0.00179224,
0.461077,-24.313,0.326669,19.0475,0.119213,1.71533,0.00191361,
0.462112,-24.3189,0.327432,19.0524,0.119051,1.71529,0.00203199,
0.463144,-24.3248,0.328193,19.0573,0.118889,1.71527,0.00214848,
0.464173,-24.3306,0.328953,19.0621,0.118724,1.71526,0.00225625,
0.465199,-24.3365,0.329712,19.067,0.118557,1.71526,0.00235766,
0.466222,-24.3424,0.33047,19.0718,0.11839,1.71528,0.00245471,
0.467188,-24.3483,0.331165,19.0766,0.118235,1.71532,0.00254911,
0.46997,-24.3554,0.331884,19.0811,0.127742,1.70993,0.0185187,
0.473151,-24.3623,0.332817,19.0856,0.141624,1.70514,0.0407528,
0.476201,-24.3685,0.333791,19.0903,0.156665,1.70316,0.0642351,
0.478948,-24.3739,0.334616,19.0953,0.170978,1.70442,0.0863518,
0.481461,-24.3789,0.335299,19.1004,0.183587,1.70848,0.105872,
0.482086,-24.3849,0.335334,19.105,0.186477,1.70876,0.110398,
0.482366,-24.3911,0.334249,19.1094,0.182457,1.70788,0.10631,
0.482534,-24.3973,0.332607,19.1138,0.174281,1.70725,0.0970043,
0.482591,-24.4032,0.330948,19.1183,0.164141,1.70756,0.0848445,
0.482529,-24.4088,0.329617,19.123,0.153554,1.70904,0.0714947,
0.482307,-24.4142,0.328723,19.1277,0.14349,1.7116,0.058101,
0.483671,-24.4201,0.328511,19.1324,0.142678,1.71163,0.0588624,
0.48384,-24.4261,0.328812,19.137,0.140021,1.71156,0.0548876,
0.485288,-24.4322,0.329325,19.1416,0.143423,1.71058,0.0607534,
0.485584,-24.4384,0.329993,19.1462,0.143239,1.70938,0.0599728,
0.485625,-24.4445,0.330372,19.1508,0.140334,1.70889,0.0554258,
0.485542,-24.4503,0.330542,19.1554,0.135833,1.70948,0.0487045,
0.487432,-24.4572,0.330897,19.1598,0.140829,1.70526,0.0576514,
0.48804,-24.4639,0.331415,19.1641,0.141788,1.70177,0.0591146,
0.488305,-24.4702,0.331637,19.1685,0.139632,1.69992,0.0561176,
0.488371,-24.4761,0.331649,19.1731,0.135528,1.69995,0.0503419,
0.489975,-24.482,0.331905,19.1777,0.138412,1.69956,0.0559669,
0.490377,-24.4878,0.332477,19.1823,0.138069,1.69976,0.0551578,
0.490403,-24.4933,0.332808,19.1869,0.135243,1.70113,0.050661,
0.491952,-24.499,0.333266,19.1916,0.138825,1.70184,0.0568941,
0.492297,-24.5046,0.333942,19.1962,0.1388,1.70269,0.0563015,
0.492279,-24.5101,0.334304,19.2009,0.136033,1.7044,0.0517755,
0.493807,-24.5157,0.334754,19.2056,0.139565,1.70522,0.057917,
0.494131,-24.5214,0.335406,19.2103,0.139394,1.70602,0.057126,
0.49416,-24.5269,0.335807,19.215,0.136417,1.70752,0.0523536,
0.494033,-24.5322,0.336028,19.2197,0.131778,1.70996,0.0452509,
0.495963,-24.5387,0.336473,19.2242,0.137072,1.70707,0.0544998,
0.496547,-24.5451,0.337099,19.2286,0.138199,1.70466,0.0559918,
0.496775,-24.5511,0.337418,19.2331,0.136081,1.70365,0.052855,
0.496803,-24.5568,0.337508,19.2377,0.131921,1.70428,0.0468338,
0.498854,-24.5634,0.337805,19.2421,0.137363,1.70055,0.0566445,
0.499509,-24.5699,0.3383,19.2464,0.138465,1.69784,0.0583543,
0.499704,-24.5758,0.338424,19.2509,0.136202,1.69696,0.0551732,
0.501406,-24.5816,0.338616,19.2555,0.139779,1.69645,0.06195,
0.501816,-24.5873,0.339039,19.26,0.139362,1.69672,0.0612127,
0.501876,-24.5927,0.339245,19.2646,0.135934,1.69833,0.0560741,
0.501733,-24.5978,0.33931,19.2694,0.130726,1.70136,0.048314,
0.503671,-24.604,0.339657,19.2738,0.13567,1.69929,0.0571616,
0.504199,-24.61,0.340247,19.2782,0.13641,1.69797,0.0580398,
0.50427,-24.6157,0.340488,19.2828,0.1339,1.69818,0.0541775,
0.505901,-24.6213,0.340805,19.2874,0.137499,1.69833,0.0607159,
0.506235,-24.6269,0.341358,19.2919,0.137131,1.69902,0.0597798,
0.50623,-24.6322,0.34168,19.2966,0.133765,1.70085,0.0544986,
0.506035,-24.6372,0.341844,19.3014,0.128628,1.70393,0.0466522,
0.507963,-24.6435,0.342278,19.3058,0.133787,1.70164,0.0556915,
0.508479,-24.6495,0.34294,19.3102,0.13471,1.70002,0.056735,
0.508546,-24.6553,0.34323,19.3147,0.132348,1.69989,0.0530259,
0.510198,-24.661,0.343579,19.3193,0.136138,1.69964,0.0598342,
0.510546,-24.6666,0.344152,19.3239,0.135917,1.69994,0.0591112,
0.510557,-24.6719,0.34448,19.3285,0.132658,1.7014,0.0540049,
0.510379,-24.677,0.344638,19.3333,0.127595,1.70412,0.0463032,
0.512337,-24.6833,0.345062,19.3377,0.132873,1.70151,0.0555678,
0.512873,-24.6894,0.345711,19.342,0.133878,1.69963,0.0567729,
0.513026,-24.6951,0.346065,19.3465,0.131557,1.69928,0.0531826,
0.512963,-24.7005,0.346198,19.3512,0.127155,1.70064,0.0466199,
0.515007,-24.7069,0.346566,19.3555,0.132785,1.69736,0.0565684,
0.5156,-24.7131,0.34715,19.3598,0.133984,1.69517,0.058197,
0.515717,-24.7188,0.347353,19.3642,0.131743,1.69483,0.0548216,
0.517413,-24.7244,0.347619,19.3688,0.135596,1.69472,0.0618548,
0.517771,-24.7299,0.348125,19.3733,0.135347,1.69539,0.0611584,
0.517769,-24.7351,0.3484,19.3779,0.132,1.69739,0.0559475,
0.517561,-24.74,0.348521,19.3826,0.12682,1.70077,0.0480541,
0.519496,-24.7461,0.348932,19.387,0.132093,1.69881,0.0572591,
0.519984,-24.7521,0.349585,19.3914,0.133048,1.69764,0.0582914,
0.520077,-24.7576,0.349954,19.3958,0.130657,1.69802,0.054474,
0.519948,-24.7629,0.35011,19.4005,0.126181,1.70009,0.0476619,
0.521943,-24.7691,0.350517,19.4048,0.131878,1.69737,0.057561,
0.522473,-24.7752,0.351146,19.4091,0.133098,1.69573,0.0590568,
0.522523,-24.7808,0.35139,19.4135,0.130855,1.69589,0.0555173,
0.524172,-24.7863,0.351702,19.4181,0.134802,1.69616,0.0625438,
0.524473,-24.7918,0.352253,19.4226,0.134599,1.6972,0.0617651,
0.524415,-24.7969,0.352567,19.4272,0.131271,1.69952,0.0564443,
0.524153,-24.8017,0.352721,19.4319,0.126098,1.70317,0.0484358,
0.526052,-24.8078,0.353173,19.4363,0.131491,1.70133,0.0577004,
0.526497,-24.8138,0.35386,19.4406,0.132508,1.70028,0.0587152,
0.52655,-24.8193,0.354255,19.4451,0.130149,1.70077,0.0548499,
0.526382,-24.8245,0.35443,19.4497,0.12569,1.70292,0.0479798,
0.528352,-24.8308,0.354863,19.454,0.1315,1.70018,0.0579684,
0.528852,-24.8369,0.355509,19.4583,0.132774,1.69855,0.0594751,
0.528946,-24.8425,0.355849,19.4627,0.130544,1.69873,0.0559133,
0.528806,-24.8477,0.355963,19.4673,0.126117,1.7008,0.0491945,
0.530794,-24.854,0.356342,19.4716,0.131909,1.6982,0.0592333,
0.531294,-24.86,0.356944,19.4758,0.133114,1.69685,0.0606814,
0.531303,-24.8655,0.357164,19.4803,0.130797,1.6974,0.0569915,
0.532922,-24.871,0.357466,19.4848,0.134761,1.69805,0.0639908,
0.533176,-24.8763,0.358011,19.4893,0.134504,1.69951,0.0630581,
0.533066,-24.8814,0.358324,19.4939,0.131093,1.70229,0.05753,
0.532749,-24.8862,0.358479,19.4986,0.125828,1.70637,0.0492979,
0.534607,-24.8922,0.358952,19.5029,0.131286,1.70478,0.0585554,
0.535001,-24.8981,0.359658,19.5073,0.132301,1.70401,0.0594621,
0.535003,-24.9036,0.360068,19.5117,0.12991,1.70475,0.0554542,
0.534786,-24.9088,0.360255,19.5163,0.125411,1.70713,0.0484374,
0.536723,-24.9151,0.360713,19.5206,0.131325,1.70444,0.0584856,
0.537183,-24.9212,0.361376,19.5249,0.13263,1.70288,0.0599577,
0.53724,-24.9268,0.361725,19.5293,0.130399,1.70312,0.0563285,
0.537066,-24.9321,0.361842,19.5338,0.125958,1.70523,0.0495361,
0.539033,-24.9383,0.362233,19.5381,0.131859,1.70254,0.0596797,
0.539508,-24.9444,0.362838,19.5423,0.1331,1.70112,0.0611399,
0.539567,-24.9499,0.363138,19.5467,0.130765,1.70166,0.0574124,
0.539384,-24.9551,0.363217,19.5513,0.126201,1.70417,0.0504633,
0.541342,-24.9613,0.363587,19.5555,0.132034,1.70187,0.0605074,
0.541796,-24.9672,0.36418,19.5598,0.133185,1.7009,0.0618073,
0.541828,-24.9727,0.364479,19.5642,0.130762,1.70186,0.057905,
0.541615,-24.9778,0.364563,19.5688,0.126113,1.70478,0.050776,
0.543552,-24.9839,0.364947,19.573,0.131939,1.70277,0.0607508,
0.543979,-24.9898,0.365557,19.5773,0.133063,1.70208,0.0619479,
0.543984,-24.9952,0.365872,19.5817,0.130604,1.70329,0.0579323,
0.543745,-25.0002,0.365972,19.5863,0.125921,1.70639,0.0506969,
0.54526,-25.0054,0.366387,19.5909,0.129241,1.70829,0.05649,
0.545419,-25.0105,0.367166,19.5955,0.128941,1.71073,0.0550665,
0.545161,-25.0155,0.367673,19.6001,0.125911,1.71414,0.0496032,
0.54664,-25.0207,0.368329,19.6048,0.130204,1.71599,0.0564134,
0.546792,-25.026,0.369207,19.6093,0.130475,1.71791,0.0556753,
0.546633,-25.0311,0.369801,19.614,0.127723,1.72047,0.050678,
0.546314,-25.036,0.370169,19.6187,0.123182,1.7238,0.0432277,
0.54782,-25.0415,0.370818,19.6233,0.12703,1.72471,0.049516,
0.548038,-25.047,0.371758,19.6279,0.127373,1.72553,0.0489438,
0.547966,-25.0524,0.372444,19.6325,0.125023,1.72689,0.0445605,
0.547754,-25.0577,0.372904,19.6372,0.121066,1.72896,0.0380025,
0.549764,-25.0644,0.373608,19.6414,0.128029,1.72474,0.0493708,
0.550355,-25.0709,0.37442,19.6456,0.130372,1.72123,0.0523513,
0.550586,-25.0771,0.37483,19.6499,0.129148,1.71928,0.050355,
0.550689,-25.0828,0.375012,19.6544,0.125626,1.71908,0.0452278,
0.550639,-25.0882,0.37512,19.6589,0.120947,1.72054,0.0383095,
0.552761,-25.0949,0.375599,19.6631,0.127524,1.7163,0.0495445,
0.553429,-25.1013,0.376279,19.6672,0.129682,1.71333,0.0524917,
0.553626,-25.1073,0.376539,19.6715,0.128416,1.71227,0.0505051,
0.555442,-25.1132,0.376849,19.6758,0.133564,1.71119,0.0594321,
0.555896,-25.119,0.377327,19.6802,0.134274,1.71119,0.0602151,
0.555986,-25.1244,0.377515,19.6846,0.131672,1.7127,0.0562416,
0.55586,-25.1295,0.377498,19.6891,0.127076,1.71575,0.0494026,
0.557473,-25.1349,0.377804,19.6936,0.130642,1.71714,0.055795,
0.557751,-25.1402,0.378447,19.6981,0.130589,1.71896,0.05504,
0.557694,-25.1454,0.378894,19.7027,0.12782,1.72167,0.0503037,
0.557459,-25.1504,0.37917,19.7073,0.123459,1.72532,0.0432865,
0.559402,-25.1568,0.379759,19.7115,0.130109,1.72271,0.0541859,
0.559901,-25.1631,0.380493,19.7157,0.132094,1.72092,0.0565591,
0.560022,-25.1689,0.380866,19.72,0.130532,1.72068,0.0539165,
0.55993,-25.1744,0.380956,19.7245,0.126737,1.72211,0.0481661,
0.561571,-25.1801,0.381312,19.7289,0.130849,1.72221,0.0553388,
0.561881,-25.1858,0.381956,19.7333,0.131152,1.723,0.0551529,
0.561856,-25.1911,0.382372,19.7378,0.128596,1.72491,0.0508182,
0.561651,-25.1963,0.382598,19.7424,0.124341,1.72796,0.0440663,
0.563617,-25.2028,0.383134,19.7466,0.131043,1.72497,0.0551403,
0.564129,-25.2091,0.383811,19.7507,0.132995,1.72298,0.0575573,
0.564257,-25.215,0.384127,19.755,0.131355,1.72267,0.0548801,
0.564166,-25.2205,0.384166,19.7595,0.127459,1.72413,0.0490468,
0.565806,-25.2263,0.384483,19.7639,0.131514,1.72428,0.0561782,
0.566108,-25.2319,0.385094,19.7683,0.131725,1.72519,0.0558883,
0.566072,-25.2372,0.385482,19.7728,0.12907,1.72725,0.0514254,
0.565852,-25.2423,0.385684,19.7774,0.124718,1.73046,0.0445407,
0.567414,-25.2479,0.386211,19.7819,0.128869,1.73142,0.0514332,
0.56767,-25.2535,0.387025,19.7863,0.129372,1.73263,0.0512429,
0.567619,-25.2589,0.387593,19.7909,0.12713,1.73455,0.0471318,
0.567414,-25.2642,0.38794,19.7955,0.123251,1.7373,0.0407717,
0.569398,-25.2708,0.388573,19.7996,0.130411,1.73365,0.0524148,
0.56995,-25.2773,0.389301,19.8037,0.13275,1.73089,0.0553891,
0.570132,-25.2834,0.389629,19.808,0.131445,1.72972,0.0532649,
0.570182,-25.2891,0.389734,19.8124,0.127823,1.73029,0.0479709,
0.570076,-25.2945,0.389771,19.8169,0.123049,1.73245,0.0408843,
0.572133,-25.3012,0.390221,19.821,0.129744,1.72858,0.0521968,
0.572731,-25.3077,0.390854,19.8251,0.131842,1.72603,0.0549952,
0.572859,-25.3137,0.391058,19.8294,0.130457,1.72538,0.0527873,
0.574617,-25.3197,0.391334,19.8336,0.135677,1.72442,0.0617565,
0.575011,-25.3255,0.391762,19.8379,0.136305,1.72458,0.0623878,
0.575045,-25.331,0.391891,19.8423,0.133571,1.72624,0.0582098,
0.574944,-25.3361,0.391898,19.8468,0.128827,1.72937,0.0511742,
0.574684,-25.341,0.391921,19.8514,0.12322,1.73372,0.0426637,
0.576612,-25.3474,0.392427,19.8556,0.129511,1.73127,0.0531246,
0.577087,-25.3536,0.39314,19.8597,0.131327,1.72983,0.0552356,
0.577182,-25.3595,0.393531,19.864,0.129764,1.72998,0.0525104,
0.577066,-25.3649,0.393654,19.8685,0.126083,1.73176,0.0468247,
0.578702,-25.3707,0.394064,19.8729,0.130573,1.7319,0.0544343,
0.579006,-25.3764,0.394737,19.8772,0.131148,1.73275,0.0545725,
0.578982,-25.3818,0.395159,19.8817,0.128815,1.73466,0.0505273,
0.578783,-25.387,0.395368,19.8862,0.124748,1.73765,0.0440537,
0.580761,-25.3936,0.395897,19.8903,0.131788,1.73435,0.0556166,
0.581283,-25.4,0.396536,19.8944,0.133908,1.73211,0.0583229,
0.581423,-25.406,0.396792,19.8986,0.132355,1.73156,0.0558499,
0.581423,-25.4116,0.396842,19.903,0.12849,1.73277,0.0501832,
0.581261,-25.4169,0.396841,19.9075,0.123501,1.73554,0.0427368,
0.583271,-25.4235,0.397286,19.9116,0.130167,1.73202,0.0539307,
0.583813,-25.4299,0.397912,19.9157,0.132179,1.72984,0.0565228,
0.583964,-25.4358,0.398202,19.9199,0.130686,1.72952,0.054097,
0.583892,-25.4413,0.39822,19.9243,0.126993,1.73105,0.0485744,
0.585564,-25.4471,0.398534,19.9286,0.131447,1.73111,0.0562884,
0.585887,-25.4527,0.399118,19.9329,0.131928,1.73204,0.0564138,
0.585871,-25.4581,0.399462,19.9373,0.129476,1.73415,0.052292,
0.58567,-25.4632,0.399603,19.9419,0.125285,1.73738,0.0457082,
0.587257,-25.4689,0.400076,19.9463,0.129713,1.73818,0.0530668,
0.58753,-25.4745,0.400814,19.9506,0.130347,1.7393,0.053155,
0.587492,-25.4799,0.401294,19.9551,0.128169,1.74116,0.0492411,
0.587297,-25.4853,0.401543,19.9596,0.124323,1.74382,0.0430407,
0.589288,-25.492,0.402102,19.9636,0.131654,1.73989,0.0550069,
0.589836,-25.4986,0.402738,19.9677,0.134017,1.73697,0.0581097,
0.590013,-25.5047,0.402968,19.9719,0.132684,1.73569,0.0560424,
0.590058,-25.5105,0.402973,19.9762,0.129019,1.73617,0.0507857,
0.589944,-25.5158,0.402909,19.9806,0.124206,1.73821,0.0437434,
0.591609,-25.5217,0.403275,19.9849,0.128474,1.73794,0.0511466,
0.591956,-25.5275,0.403961,19.9892,0.12918,1.73832,0.0515194,
0.591986,-25.533,0.404419,19.9936,0.127215,1.73967,0.0480279,
0.591852,-25.5384,0.404659,19.998,0.123651,1.74201,0.0423139,
0.593884,-25.5452,0.405212,20.002,0.131243,1.73794,0.0547,
0.594472,-25.5518,0.405835,20.006,0.133842,1.73502,0.0581883,
0.594684,-25.5579,0.406048,20.0102,0.132723,1.73386,0.0564717,
0.594759,-25.5636,0.406031,20.0144,0.129249,1.73451,0.051527,
0.59467,-25.5691,0.405939,20.0188,0.124601,1.73679,0.0447549,
0.59672,-25.5758,0.406289,20.0227,0.131518,1.73289,0.0564551,
0.597302,-25.5823,0.406802,20.0267,0.13367,1.7305,0.0594191,
0.597487,-25.5882,0.406974,20.0308,0.132273,1.73008,0.0572941,
0.597519,-25.5937,0.406965,20.0351,0.12864,1.73159,0.0520273,
0.597377,-25.599,0.406911,20.0395,0.123917,1.73477,0.0449994,
0.599378,-25.6056,0.407323,20.0435,0.130879,1.73165,0.0565897,
0.599907,-25.6119,0.407904,20.0475,0.133079,1.73002,0.059439,
0.600039,-25.6177,0.408145,20.0516,0.131734,1.73028,0.0572087,
0.599944,-25.6231,0.408111,20.0559,0.12817,1.7324,0.0518511,
0.601577,-25.6288,0.408383,20.0602,0.132794,1.73288,0.059761,
0.601863,-25.6344,0.408913,20.0644,0.133346,1.73429,0.0599628,
0.601807,-25.6397,0.4092,20.0688,0.130934,1.73687,0.0558761,
0.601564,-25.6448,0.409284,20.0732,0.126778,1.74052,0.0493183,
0.6031,-25.6504,0.409714,20.0776,0.131303,1.74153,0.0567667,
0.603322,-25.656,0.410397,20.0819,0.131946,1.74293,0.056842,
0.603235,-25.6615,0.410821,20.0862,0.129758,1.74504,0.0528896,
0.603066,-25.6667,0.411104,20.0907,0.12589,1.74789,0.0466557,
0.602791,-25.6719,0.411345,20.0952,0.121333,1.75136,0.0393411,
0.604714,-25.6787,0.412029,20.0992,0.128825,1.74734,0.0512922,
0.60523,-25.6853,0.412811,20.1032,0.131619,1.74427,0.0547789,
0.605396,-25.6916,0.413187,20.1073,0.130901,1.74271,0.0533829,
0.605451,-25.6974,0.413314,20.1115,0.127943,1.74277,0.0489792,
0.605367,-25.703,0.413333,20.1159,0.123854,1.74429,0.0428841,
0.607426,-25.71,0.413766,20.1197,0.131342,1.73948,0.0553196,
0.608038,-25.7167,0.414311,20.1236,0.133959,1.73622,0.0589567,
0.608266,-25.7228,0.414476,20.1277,0.132956,1.73495,0.0574674,
0.608349,-25.7285,0.414428,20.1319,0.129658,1.73566,0.0527987,
0.608265,-25.7339,0.414309,20.1362,0.125214,1.73809,0.0463259,
0.610302,-25.7407,0.414646,20.14,0.132383,1.73431,0.0583514,
0.610871,-25.7471,0.415131,20.144,0.134692,1.73217,0.0615243,
0.61104,-25.753,0.415269,20.148,0.133415,1.73205,0.0595604,
0.610979,-25.7586,0.415129,20.1522,0.129897,1.73386,0.0544342,
0.612628,-25.7644,0.415302,20.1564,0.134561,1.73406,0.0625324,
0.61293,-25.77,0.415725,20.1606,0.135093,1.73533,0.0628454,
0.612886,-25.7753,0.415912,20.1648,0.132653,1.73785,0.0588411,
0.612726,-25.7804,0.415992,20.1692,0.128461,1.7415,0.052356,
0.61243,-25.7854,0.416068,20.1737,0.123554,1.74602,0.0446611,
0.614298,-25.792,0.416641,20.1776,0.130749,1.74315,0.0561988,
0.614739,-25.7983,0.417342,20.1816,0.133214,1.74136,0.0591634,
0.614816,-25.8043,0.41767,20.1857,0.132191,1.74111,0.057221,
0.614773,-25.8099,0.41778,20.1899,0.128974,1.74242,0.0522915,
0.614585,-25.8152,0.417803,20.1943,0.124679,1.74508,0.0457187,
0.616173,-25.8211,0.418252,20.1985,0.129578,1.745,0.0537633,
0.616462,-25.8269,0.418968,20.2027,0.130752,1.74555,0.0546465,
0.616447,-25.8325,0.419421,20.207,0.129179,1.74699,0.0516192,
0.616276,-25.8379,0.419626,20.2113,0.125954,1.7493,0.046348,
0.617878,-25.8439,0.420127,20.2155,0.131374,1.74879,0.0550865,
0.6182,-25.8498,0.420806,20.2197,0.132784,1.74873,0.056405,
0.618227,-25.8556,0.421172,20.2239,0.13127,1.74947,0.0536418,
0.618179,-25.8611,0.421352,20.2282,0.127984,1.75107,0.048521,
0.618024,-25.8666,0.421453,20.2325,0.123913,1.75341,0.0422218,
0.620014,-25.8736,0.421983,20.2363,0.131683,1.74853,0.0548404,
0.6206,-25.8804,0.422585,20.2402,0.134618,1.74486,0.0588309,
0.62083,-25.8868,0.422778,20.2442,0.133986,1.7429,0.0578446,
0.620944,-25.8927,0.422724,20.2482,0.131128,1.74268,0.0538556,
0.620985,-25.8983,0.422649,20.2525,0.127137,1.744,0.0481772,
0.620897,-25.9038,0.422627,20.2568,0.122818,1.74653,0.0417505,
0.622913,-25.9107,0.423111,20.2605,0.130572,1.74202,0.0544092,
0.623526,-25.9174,0.423704,20.2643,0.133657,1.73894,0.0586191,
0.623774,-25.9236,0.423911,20.2683,0.133276,1.73769,0.0579476,
0.623891,-25.9294,0.423882,20.2723,0.130674,1.73826,0.0542483,
0.623852,-25.9349,0.423747,20.2765,0.126933,1.7404,0.0488173,
0.625521,-25.9409,0.424023,20.2806,0.132122,1.74004,0.0575572,
0.625902,-25.9468,0.424543,20.2846,0.133508,1.74056,0.0590617,
0.625966,-25.9524,0.424802,20.2888,0.132114,1.74212,0.0565834,
0.625934,-25.9578,0.424909,20.293,0.129031,1.74466,0.0517922,
0.625853,-25.963,0.425041,20.2973,0.125184,1.74798,0.0458297,
0.625669,-25.9682,0.42523,20.3017,0.121241,1.7518,0.0394965,
0.627598,-25.9751,0.425916,20.3055,0.129491,1.74783,0.0524696,
0.628162,-25.9818,0.426662,20.3093,0.13308,1.74486,0.0571313,
0.628389,-25.9881,0.42698,20.3132,0.133199,1.74335,0.0570042,
0.628507,-25.9941,0.42702,20.3172,0.131072,1.7434,0.0539005,
0.628562,-25.9997,0.427002,20.3214,0.12775,1.74482,0.04908,
0.628493,-26.0052,0.426996,20.3256,0.124012,1.74734,0.043448,
0.630493,-26.0122,0.427471,20.3293,0.132129,1.74282,0.0565865,
0.631106,-26.0189,0.42802,20.333,0.135472,1.73972,0.0611958,
0.631358,-26.0252,0.428165,20.3369,0.13529,1.73841,0.0608694,
0.631482,-26.0311,0.428062,20.3409,0.132846,1.73888,0.0574736,
0.631523,-26.0366,0.427932,20.345,0.129217,1.74089,0.0523091,
0.631426,-26.042,0.427845,20.3493,0.125198,1.74409,0.0463121,
0.633381,-26.0489,0.428269,20.3529,0.133077,1.74024,0.059091,
0.633945,-26.0554,0.428786,20.3567,0.136206,1.73784,0.0633414,
0.634143,-26.0616,0.42892,20.3606,0.135846,1.73721,0.06268,
0.634209,-26.0673,0.428821,20.3646,0.133264,1.7383,0.0589855,
0.634194,-26.0728,0.428708,20.3687,0.129534,1.74086,0.0535644,
0.63404,-26.078,0.428644,20.3729,0.125446,1.7445,0.047355,
0.635596,-26.0839,0.429074,20.377,0.13085,1.74479,0.0560329,
0.635905,-26.0897,0.429747,20.381,0.132671,1.74559,0.0578507,
0.635924,-26.0954,0.430145,20.3851,0.131852,1.74709,0.0559433,
0.635872,-26.1009,0.430359,20.3892,0.129402,1.74929,0.0518818,
0.635792,-26.1063,0.430555,20.3935,0.126184,1.75204,0.0467281,
0.635628,-26.1117,0.430764,20.3977,0.122824,1.75514,0.0412213,
0.637542,-26.1188,0.431435,20.4014,0.131452,1.75044,0.054736,
0.63812,-26.1257,0.432121,20.4051,0.135324,1.74676,0.0598949,
0.638371,-26.1322,0.432357,20.4089,0.135678,1.74457,0.0602362,
0.638517,-26.1383,0.432296,20.4129,0.13375,1.74396,0.057574,
0.638601,-26.1441,0.432162,20.4169,0.130592,1.74478,0.0531638,
0.63856,-26.1497,0.43203,20.421,0.126984,1.74673,0.0479044,
0.640202,-26.156,0.432352,20.4249,0.132639,1.74555,0.0572213,
0.640611,-26.1621,0.432885,20.4288,0.13464,1.74506,0.059625,
0.640729,-26.168,0.433132,20.4328,0.133954,1.74548,0.0582408,
0.640768,-26.1738,0.433189,20.4369,0.131599,1.7468,0.0546354,
0.640768,-26.1793,0.433227,20.441,0.12844,1.74887,0.0498672,
0.640673,-26.1848,0.433282,20.4451,0.125107,1.75149,0.0446733,
0.642611,-26.192,0.433804,20.4487,0.133606,1.74658,0.058212,
0.643214,-26.1989,0.434351,20.4524,0.137342,1.74288,0.0633659,
0.643479,-26.2054,0.434466,20.4561,0.137578,1.7408,0.0636874,
0.643629,-26.2115,0.434304,20.46,0.135557,1.7404,0.0609999,
0.643707,-26.2172,0.434085,20.4639,0.132329,1.7415,0.0565615,
0.643725,-26.2227,0.433966,20.468,0.128655,1.74377,0.0512709,
0.643624,-26.2282,0.433948,20.4721,0.125055,1.74686,0.0457587,
0.645537,-26.2352,0.434451,20.4757,0.133444,1.74251,0.0591056,
0.646108,-26.2419,0.435008,20.4793,0.137152,1.73949,0.0641344,
0.646335,-26.2483,0.435154,20.4831,0.137416,1.73813,0.0643764,
0.646444,-26.2543,0.435034,20.4869,0.135458,1.73845,0.0616402,
0.64648,-26.2599,0.434862,20.4909,0.132312,1.74022,0.0571738,
0.646456,-26.2653,0.43479,20.495,0.128727,1.74309,0.0518688,
0.646315,-26.2706,0.434816,20.4991,0.125214,1.7467,0.046351,
0.648186,-26.2775,0.435364,20.5027,0.1337,1.74276,0.0597066,
0.64872,-26.2842,0.435957,20.5064,0.137476,1.74008,0.0647242,
0.648914,-26.2905,0.436133,20.5101,0.137795,1.739,0.0649517,
0.648994,-26.2965,0.436037,20.514,0.135884,1.73951,0.0622045,
0.649005,-26.3021,0.435884,20.5179,0.132779,1.7414,0.0577336,
0.648959,-26.3074,0.435826,20.522,0.129231,1.74433,0.0524318,
0.648801,-26.3127,0.43586,20.5262,0.125752,1.74795,0.0469245,
0.650652,-26.3197,0.436416,20.5297,0.134272,1.74393,0.0602951,
0.651172,-26.3264,0.43701,20.5334,0.138062,1.74118,0.0653161,
0.651354,-26.3327,0.437184,20.5371,0.138391,1.74001,0.0655479,
0.651426,-26.3387,0.437083,20.5409,0.136489,1.74041,0.0628103,
0.65143,-26.3443,0.436922,20.5449,0.133393,1.74219,0.0583558,
0.65138,-26.3497,0.436854,20.549,0.129855,1.74499,0.0530767,
0.651218,-26.355,0.436876,20.5531,0.126383,1.74846,0.0475976,
0.652732,-26.3611,0.437389,20.557,0.132501,1.74807,0.057126,
0.653053,-26.3672,0.438087,20.5609,0.135043,1.74809,0.0599435,
0.653106,-26.3731,0.438471,20.5648,0.134946,1.74871,0.0591127,
0.653101,-26.3788,0.438629,20.5688,0.133182,1.74997,0.0561411,
0.653075,-26.3845,0.438728,20.5728,0.130581,1.75179,0.0520372,
0.652966,-26.39,0.438802,20.5769,0.127745,1.75399,0.0474988,
0.654531,-26.3964,0.439287,20.5807,0.134179,1.75231,0.0576156,
0.654922,-26.4028,0.439902,20.5845,0.136897,1.75103,0.0609156,
0.655053,-26.409,0.440175,20.5884,0.136887,1.75042,0.0604829,
0.655124,-26.415,0.440206,20.5922,0.135151,1.75055,0.0578397,
0.655171,-26.4208,0.44017,20.5962,0.132536,1.75139,0.0540032,
0.655201,-26.4265,0.440193,20.6002,0.129645,1.75276,0.0496767,
0.655148,-26.4322,0.440258,20.6042,0.126879,1.75449,0.0453349,
0.656753,-26.4387,0.440757,20.608,0.13353,1.75226,0.0558075,
0.657199,-26.4452,0.441385,20.6118,0.136559,1.75046,0.0596135,
0.657388,-26.4515,0.441664,20.6155,0.136902,1.74936,0.0597538,
0.657519,-26.4576,0.441688,20.6194,0.135519,1.74907,0.0576949,
0.657625,-26.4636,0.44163,20.6233,0.133228,1.74955,0.0544149,
0.657708,-26.4694,0.441615,20.6272,0.130616,1.75066,0.0505911,
0.657707,-26.4752,0.44163,20.6312,0.128075,1.75222,0.0466827,
0.659658,-26.4826,0.442098,20.6346,0.137167,1.7463,0.0611428,
0.660315,-26.4897,0.442547,20.638,0.141447,1.74177,0.0672513,
0.660643,-26.4964,0.442545,20.6416,0.142216,1.73899,0.0685334,
0.660856,-26.5027,0.442246,20.6452,0.1407,1.73799,0.0667819,
0.660993,-26.5086,0.44187,20.649,0.137927,1.73861,0.0632232,
0.661061,-26.5142,0.441574,20.6529,0.134644,1.74052,0.0587287,
0.661072,-26.5196,0.441445,20.6568,0.131344,1.74335,0.0539083,
0.660969,-26.525,0.441437,20.6609,0.128342,1.74675,0.0491758,
0.662487,-26.5312,0.441919,20.6646,0.134856,1.7462,0.0592852,
0.662841,-26.5373,0.44256,20.6684,0.13779,1.74611,0.0627422,
0.662928,-26.5433,0.442878,20.6722,0.138084,1.74667,0.0625615,
0.662953,-26.5492,0.442959,20.676,0.136692,1.74791,0.060216,
0.662952,-26.5548,0.442969,20.68,0.134422,1.74975,0.0566851,
0.662931,-26.5604,0.443026,20.6839,0.131851,1.75202,0.0526456,
0.662829,-26.566,0.443111,20.6879,0.129362,1.75453,0.0485544,
0.664354,-26.5724,0.443625,20.6917,0.136188,1.75294,0.0591146,
0.664736,-26.5788,0.444247,20.6954,0.139312,1.75175,0.0629418,
0.664865,-26.5851,0.444515,20.6991,0.139719,1.75118,0.0630721,
0.664936,-26.5911,0.444527,20.703,0.138384,1.75135,0.0609902,
0.664984,-26.597,0.444454,20.7068,0.136131,1.75219,0.0576826,
0.665012,-26.6028,0.444421,20.7107,0.133548,1.75358,0.0538295,
0.665026,-26.6085,0.444496,20.7147,0.131016,1.75531,0.0498905,
0.664965,-26.6142,0.444624,20.7187,0.128769,1.75722,0.0461628,
0.666526,-26.6208,0.44518,20.7224,0.135898,1.75495,0.0571676,
0.666958,-26.6273,0.445828,20.726,0.139349,1.7531,0.0615095,
0.667142,-26.6337,0.446103,20.7298,0.140078,1.75192,0.0621736,
0.667272,-26.6399,0.446105,20.7335,0.13904,1.75152,0.0606104,
0.667379,-26.6459,0.446004,20.7373,0.137044,1.75187,0.057783,
0.667465,-26.6518,0.445927,20.7412,0.134672,1.75284,0.0543572,
0.667533,-26.6576,0.445947,20.7451,0.132302,1.75425,0.0507844,
0.667521,-26.6634,0.446012,20.749,0.130174,1.75593,0.0473591,
0.669424,-26.6708,0.446534,20.7524,0.139651,1.74995,0.0622266,
0.670061,-26.678,0.447005,20.7557,0.144269,1.74534,0.0687486,
0.67038,-26.6848,0.447006,20.7592,0.145356,1.74244,0.0704532,
0.670592,-26.6911,0.446692,20.7628,0.144136,1.74128,0.0691244,
0.670733,-26.6971,0.446282,20.7666,0.14163,1.7417,0.0659756,
0.67081,-26.7028,0.445933,20.7704,0.138576,1.74339,0.0618653,
0.670829,-26.7084,0.445736,20.7742,0.135463,1.74599,0.0573927,
0.670806,-26.7138,0.445728,20.7782,0.132593,1.74915,0.0529635,
0.670757,-26.7191,0.445911,20.7822,0.130132,1.75254,0.0488393,
0.670631,-26.7246,0.446184,20.7862,0.128163,1.75591,0.0451758,
0.672432,-26.7318,0.446936,20.7896,0.138028,1.75114,0.0601331,
0.672982,-26.7387,0.447617,20.793,0.143046,1.74749,0.0668155,
0.673229,-26.7453,0.447805,20.7966,0.144527,1.7453,0.0687289,
0.673385,-26.7516,0.447649,20.8002,0.143675,1.74461,0.0676364,
0.673484,-26.7575,0.447366,20.804,0.141501,1.74528,0.0647351,
0.673532,-26.7632,0.447116,20.8078,0.138737,1.74704,0.0608726,
0.673536,-26.7688,0.446991,20.8117,0.135871,1.74956,0.0566404,
0.673507,-26.7742,0.447032,20.8157,0.133206,1.75252,0.0524393,
0.67339,-26.7797,0.447161,20.8196,0.130922,1.75563,0.0485276,
0.674879,-26.786,0.447747,20.8233,0.138107,1.75439,0.0594328,
0.675242,-26.7923,0.448426,20.827,0.141592,1.75352,0.0636499,
0.675357,-26.7985,0.448737,20.8307,0.142362,1.75322,0.0641986,
0.675422,-26.8045,0.448776,20.8345,0.141376,1.75356,0.0625435,
0.675468,-26.8104,0.44871,20.8383,0.139442,1.75449,0.0596532,
0.675499,-26.8162,0.448663,20.8422,0.137138,1.75587,0.0561943,
0.675517,-26.8219,0.448705,20.8461,0.134841,1.75753,0.0526167,
0.675532,-26.8276,0.448866,20.85,0.132773,1.7593,0.0492115,
0.675482,-26.8334,0.449065,20.854,0.131059,1.76102,0.0461544,
0.677036,-26.84,0.449673,20.8576,0.13868,1.75835,0.0577832,
0.677485,-26.8466,0.450329,20.8612,0.142535,1.75608,0.0627108,
0.677695,-26.8531,0.450587,20.8649,0.143618,1.75446,0.0639285,
0.677856,-26.8594,0.450547,20.8686,0.142883,1.75361,0.0628833,
0.677996,-26.8655,0.450384,20.8723,0.141143,1.75351,0.0605323,
0.678116,-26.8714,0.450227,20.8761,0.138978,1.75404,0.057536,
0.678216,-26.8773,0.450152,20.8799,0.136769,1.75504,0.0543421,
0.678302,-26.883,0.450194,20.8838,0.134747,1.75633,0.051243,
0.678381,-26.8888,0.450357,20.8876,0.133032,1.75774,0.0484184,
0.678397,-26.8947,0.45055,20.8915,0.131688,1.75914,0.0459672,
0.680296,-26.9022,0.451176,20.8948,0.141865,1.7527,0.0616986,
0.680961,-26.9095,0.451695,20.8981,0.147092,1.74762,0.0690603,
0.681322,-26.9163,0.451708,20.9015,0.148726,1.74422,0.0715749,
0.681583,-26.9228,0.45137,20.905,0.147987,1.74254,0.0710138,
0.681778,-26.9289,0.450903,20.9086,0.145892,1.74245,0.0685768,
0.68191,-26.9347,0.450471,20.9123,0.143178,1.74365,0.0651113,
0.681984,-26.9403,0.450167,20.9161,0.140337,1.74581,0.0612086,
0.68201,-26.9458,0.450036,20.92,0.137672,1.74858,0.0572698,
0.682003,-26.9512,0.450085,20.9239,0.135357,1.75166,0.0535551,
0.681979,-26.9566,0.4503,20.9278,0.133469,1.75478,0.0502214,
0.681954,-26.962,0.450654,20.9317,0.132027,1.75773,0.0473513,
0.681873,-26.9676,0.451034,20.9357,0.131021,1.76038,0.0449747,
0.683682,-26.975,0.451841,20.939,0.141596,1.75481,0.0608965,
0.684274,-26.9821,0.452513,20.9423,0.147167,1.7504,0.0684362,
0.684573,-26.9889,0.452652,20.9458,0.149102,1.74745,0.0711256,
0.684785,-26.9953,0.452416,20.9493,0.148625,1.74604,0.0707363,
0.684942,-27.0014,0.452026,20.953,0.146755,1.74605,0.0684666,
0.685047,-27.0072,0.45165,20.9567,0.144228,1.74723,0.0651618,
0.685103,-27.0128,0.451384,20.9605,0.141541,1.74925,0.0614115,
0.685118,-27.0183,0.451274,20.9643,0.139002,1.75181,0.0576151,
0.685105,-27.0238,0.45133,20.9682,0.136785,1.75461,0.0540317,
0.685081,-27.0293,0.451541,20.9721,0.134972,1.75743,0.0508174,
0.685058,-27.0348,0.451883,20.976,0.133585,1.76005,0.0480543,
0.685051,-27.0404,0.452325,20.98,0.132604,1.76236,0.0457723,
0.685001,-27.0461,0.452756,20.9839,0.132001,1.76428,0.0439655,
0.686836,-27.0536,0.453586,20.9872,0.142875,1.75798,0.0603422,
0.687464,-27.0609,0.45425,20.9905,0.148671,1.75288,0.0682799,
0.687805,-27.0678,0.454362,20.9939,0.15078,1.74929,0.0713215,
0.688062,-27.0743,0.454083,20.9974,0.150435,1.7473,0.0712439,
0.688265,-27.0805,0.45364,21.001,0.148661,1.74678,0.0692479,
0.688414,-27.0864,0.453201,21.0047,0.146203,1.74751,0.0661809,
0.68851,-27.0921,0.452868,21.0084,0.143561,1.74915,0.0626339,
0.688563,-27.0976,0.452688,21.0122,0.141046,1.7514,0.0590081,
0.688584,-27.1031,0.452675,21.0161,0.138837,1.75398,0.0555644,
0.688587,-27.1086,0.452817,21.0199,0.137021,1.75662,0.0524609,
0.688586,-27.1142,0.453092,21.0238,0.135619,1.75915,0.0497823,
0.688596,-27.1197,0.453473,21.0277,0.134617,1.76141,0.0475609,
0.688556,-27.1255,0.453847,21.0316,0.133986,1.76332,0.0457938,
0.690087,-27.1321,0.454581,21.0352,0.142511,1.76056,0.0584975,
0.690548,-27.1388,0.455292,21.0387,0.147105,1.75819,0.0643966,
0.690781,-27.1452,0.45556,21.0423,0.148809,1.75641,0.0664913,
0.69097,-27.1516,0.455491,21.0459,0.148594,1.75535,0.0662305,
0.691141,-27.1577,0.455266,21.0495,0.147276,1.75501,0.0645702,
0.69129,-27.1637,0.45502,21.0532,0.145444,1.75531,0.0621704,
0.691416,-27.1696,0.454835,21.057,0.143488,1.75608,0.0594797,
0.691522,-27.1755,0.454751,21.0607,0.141646,1.75716,0.0567936,
0.691615,-27.1813,0.454779,21.0645,0.140049,1.75841,0.0542962,
0.691703,-27.1871,0.454914,21.0683,0.138758,1.75969,0.0520926,
0.691793,-27.1929,0.455139,21.0721,0.137784,1.76089,0.0502324,
0.691895,-27.1987,0.455436,21.0759,0.137111,1.76194,0.0487275,
0.692014,-27.2046,0.455783,21.0797,0.136704,1.76278,0.0475652,
0.692087,-27.2106,0.456079,21.0835,0.136533,1.7634,0.0467176,
0.693696,-27.2175,0.456702,21.0869,0.145265,1.75964,0.0599754,
0.694243,-27.2243,0.457279,21.0904,0.149981,1.75649,0.066336,
0.694555,-27.2309,0.457409,21.0939,0.151755,1.75413,0.0688058,
0.694813,-27.2373,0.457204,21.0974,0.151572,1.75268,0.0688439,
0.695041,-27.2435,0.456847,21.101,0.150258,1.75212,0.0674141,
0.695236,-27.2496,0.456476,21.1046,0.148407,1.75236,0.0651827,
0.695395,-27.2555,0.456175,21.1083,0.146414,1.7532,0.0626049,
0.695522,-27.2613,0.455985,21.112,0.144522,1.75447,0.0599818,
0.695624,-27.2671,0.455918,21.1157,0.142866,1.75598,0.0575038,
0.695711,-27.2728,0.455968,21.1195,0.141509,1.7576,0.0552821,
0.695791,-27.2786,0.456121,21.1232,0.140465,1.75918,0.0533723,
0.695873,-27.2844,0.456355,21.127,0.139721,1.76064,0.0517923,
0.695965,-27.2902,0.45665,21.1308,0.139245,1.7619,0.0505349,
0.696073,-27.2961,0.456985,21.1345,0.138997,1.76293,0.0495774,
0.6962,-27.302,0.457343,21.1383,0.138935,1.76371,0.0488883,
0.696283,-27.308,0.457628,21.142,0.13903,1.76426,0.0484322,
0.697878,-27.315,0.458225,21.1455,0.147894,1.76044,0.0618872,
0.698421,-27.3218,0.45876,21.1489,0.152675,1.75728,0.0683789,
0.69873,-27.3284,0.458844,21.1523,0.154481,1.75494,0.0709359,
0.698982,-27.3349,0.458593,21.1558,0.154312,1.75354,0.0710322,
0.699202,-27.3411,0.458191,21.1594,0.153,1.75304,0.06964,
0.699386,-27.3471,0.457776,21.163,0.151144,1.75334,0.0674307,
0.699533,-27.353,0.457432,21.1666,0.149139,1.75424,0.0648622,
0.699646,-27.3589,0.457201,21.1703,0.14723,1.75558,0.0622375,
0.699732,-27.3646,0.457095,21.174,0.145554,1.75716,0.0597483,
0.699801,-27.3704,0.457109,21.1778,0.144174,1.75884,0.0575067,
0.699861,-27.3761,0.457227,21.1815,0.143106,1.76047,0.0555697,
0.699922,-27.3819,0.457429,21.1853,0.142334,1.76198,0.0539559,
0.699992,-27.3878,0.457694,21.189,0.14183,1.76329,0.0526597,
0.700077,-27.3936,0.458002,21.1928,0.141553,1.76436,0.0516594,
0.70018,-27.3996,0.458334,21.1965,0.141462,1.76517,0.0509251,
0.700305,-27.4056,0.458675,21.2003,0.141519,1.76572,0.0504224,
0.700453,-27.4116,0.459014,21.204,0.141686,1.76603,0.0501161,
0.700625,-27.4177,0.459342,21.2077,0.141932,1.76613,0.0499723,
0.70082,-27.4238,0.459651,21.2114,0.142232,1.76603,0.0499597,
0.70097,-27.43,0.459858,21.2151,0.142574,1.76579,0.0500501,
0.702605,-27.4371,0.46036,21.2184,0.151517,1.76134,0.0638013,
0.703196,-27.444,0.460785,21.2218,0.156303,1.75772,0.0705047,
0.703547,-27.4507,0.46076,21.2252,0.158082,1.75504,0.0732149,
0.703836,-27.4572,0.460405,21.2286,0.157871,1.7534,0.0734243,
0.704086,-27.4634,0.459904,21.2322,0.15651,1.75276,0.0721165,
0.704289,-27.4695,0.459391,21.2357,0.154601,1.75297,0.06997,
0.70439,-27.4749,0.458994,21.2395,0.152241,1.75619,0.0668073,
0.704368,-27.4798,0.458808,21.2435,0.149819,1.7619,0.0630585,
0.704235,-27.4843,0.458862,21.2476,0.147561,1.7695,0.0590427,
0.704011,-27.4886,0.459154,21.2519,0.14559,1.77841,0.0549857,
0.703716,-27.4927,0.459665,21.2563,0.143968,1.78813,0.0510425,
0.703373,-27.4968,0.460365,21.2608,0.14271,1.79819,0.0473149,
0.703001,-27.5009,0.461223,21.2654,0.141803,1.80823,0.0438652,
0.70262,-27.5051,0.462203,21.2701,0.141216,1.81797,0.0407262,
0.702245,-27.5094,0.463274,21.2748,0.140911,1.82717,0.0379098,
0.701891,-27.5139,0.464406,21.2795,0.140841,1.83569,0.035413,
0.701569,-27.5186,0.465571,21.2843,0.140963,1.84344,0.0332225,
0.701287,-27.5234,0.466747,21.2891,0.141234,1.85036,0.0313185,
0.701052,-27.5284,0.467916,21.2938,0.141615,1.85644,0.0296772,
0.70087,-27.5335,0.469061,21.2986,0.142073,1.86172,0.028273,
0.700742,-27.5388,0.470173,21.3034,0.142578,1.86623,0.0270797,
0.700669,-27.5443,0.471242,21.3082,0.143107,1.87004,0.0260717,
0.700652,-27.5499,0.472263,21.3129,0.14364,1.87323,0.0252247,
0.700688,-27.5555,0.473233,21.3177,0.144163,1.87587,0.0245162,
0.700776,-27.5613,0.47415,21.3224,0.144665,1.87804,0.0239256,
0.700912,-27.5671,0.475016,21.3272,0.145138,1.87982,0.0234344,
0.701094,-27.573,0.475832,21.3319,0.145577,1.88128,0.0230266,
0.701318,-27.579,0.4766,21.3366,0.14598,1.88249,0.0226878,
0.701579,-27.5849,0.477324,21.3414,0.146346,1.88352,0.022406,
0.701875,-27.5909,0.478006,21.3461,0.146675,1.88441,0.0221711,
0.702201,-27.5969,0.478651,21.3508,0.146971,1.88522,0.0219745,
0.702554,-27.6029,0.479262,21.3556,0.147234,1.88597,0.0218092,
0.702932,-27.6089,0.479842,21.3603,0.147468,1.8867,0.0216696,
0.703325,-27.6149,0.480389,21.365,0.147676,1.88743,0.0215515,
0.703667,-27.6206,0.480969,21.3699,0.147564,1.8895,0.0208323,
0.703956,-27.6261,0.481611,21.3748,0.147247,1.89275,0.0196397,
0.704196,-27.6313,0.482331,21.3798,0.146814,1.89699,0.0180957,
0.704396,-27.6364,0.483134,21.3849,0.146331,1.90201,0.0163047,
0.704564,-27.6414,0.48402,21.3901,0.145846,1.90761,0.0143531,
0.704706,-27.6464,0.484987,21.3954,0.145394,1.91358,0.0123107,
0.704833,-27.6513,0.486027,21.4007,0.144997,1.91978,0.0102332,
0.704952,-27.6561,0.487133,21.4061,0.144666,1.92606,0.00816337,
0.705069,-27.661,0.488296,21.4115,0.144406,1.9323,0.0061334,
0.705193,-27.666,0.489504,21.4169,0.144218,1.9384,0.0041666,
0.70533,-27.671,0.490749,21.4224,0.144095,1.9443,0.00227902,
0.705484,-27.676,0.49202,21.428,0.144032,1.94994,0.000480839,
0.705661,-27.6811,0.49331,21.4335,0.144019,1.95529,-0.00122233,
0.705864,-27.6862,0.49461,21.4391,0.144049,1.96033,-0.00282845,
0.706096,-27.6914,0.495914,21.4447,0.144112,1.96504,-0.00433815,
0.706359,-27.6967,0.497215,21.4503,0.1442,1.96944,-0.00575399,
0.706655,-27.702,0.498511,21.456,0.144306,1.97353,-0.00707992,
0.706984,-27.7074,0.499796,21.4616,0.144422,1.97734,-0.00832189,
0.707347,-27.7128,0.501067,21.4673,0.144543,1.98087,-0.00948498,
0.707744,-27.7183,0.502324,21.473,0.144664,1.98417,-0.0105746,
0.708174,-27.7238,0.503565,21.4787,0.144783,1.98724,-0.0115961,
0.708635,-27.7293,0.504788,21.4844,0.144895,1.99012,-0.0125549,
0.709128,-27.7349,0.505994,21.4901,0.144999,1.99284,-0.0134561,
0.709651,-27.7405,0.507183,21.4959,0.145095,1.9954,-0.0143045,
0.710202,-27.7461,0.508355,21.5016,0.14518,1.99785,-0.0151046,
0.710781,-27.7517,0.509512,21.5074,0.145255,2.00019,-0.0158604,
0.711384,-27.7573,0.510653,21.5132,0.14532,2.00245,-0.0165758,
0.712012,-27.763,0.51178,21.519,0.145376,2.00464,-0.0172541,
0.712662,-27.7686,0.512894,21.5248,0.145422,2.00678,-0.0178981,
0.713332,-27.7742,0.513995,21.5306,0.145459,2.00888,-0.0185106,
0.714023,-27.7799,0.515086,21.5364,0.145489,2.01094,-0.0190938,
0.714731,-27.7855,0.516167,21.5423,0.145513,2.01298,-0.0196499,
0.715456,-27.7911,0.51724,21.5482,0.14553,2.01501,-0.0201807,
0.716197,-27.7968,0.518304,21.554,0.145544,2.01702,-0.0206878,
0.716952,-27.8024,0.519361,21.5599,0.145553,2.01903,-0.0211726,
0.717721,-27.808,0.520412,21.5658,0.145559,2.02104,-0.0216365,
0.718502,-27.8136,0.521457,21.5717,0.145562,2.02304,-0.0220806,
0.719294,-27.8192,0.522497,21.5777,0.145564,2.02505,-0.0225061,
0.720098,-27.8248,0.523533,21.5836,0.145565,2.02707,-0.022914,
0.720911,-27.8304,0.524566,21.5896,0.145566,2.02909,-0.0233053,
0.721733,-27.836,0.525595,21.5956,0.145566,2.03111,-0.023681,
0.722564,-27.8416,0.526621,21.6015,0.145567,2.03315,-0.024042,
0.723403,-27.8472,0.527646,21.6075,0.145568,2.0352,-0.0243892,
0.724249,-27.8527,0.528668,21.6136,0.14557,2.03726,-0.0247236,
0.7251,-27.8583,0.529685,21.6196,0.145573,2.03933,-0.0250461,
0.72593,-27.8638,0.530724,21.6257,0.145452,2.04181,-0.0256061,
0.72674,-27.8692,0.531794,21.6318,0.145251,2.04465,-0.0263526,
0.727553,-27.8745,0.532924,21.6379,0.145002,2.04781,-0.0272365,
0.728079,-27.8799,0.534007,21.6441,0.143098,2.05088,-0.0307245,
0.728582,-27.8853,0.534988,21.6502,0.140283,2.05403,-0.0353894,
0.729088,-27.8906,0.535981,21.6565,0.137106,2.05741,-0.0405719,
0.729596,-27.8958,0.537073,21.6627,0.133945,2.06111,-0.0458526,
0.730104,-27.9009,0.538311,21.6691,0.131031,2.06512,-0.0509672,
0.730615,-27.906,0.539708,21.6755,0.128485,2.06941,-0.0557593,
0.731134,-27.9109,0.541259,21.682,0.126351,2.0739,-0.060147,
0.731671,-27.9159,0.542946,21.6885,0.12463,2.07854,-0.0640992,
0.732231,-27.9208,0.544746,21.6951,0.123292,2.08324,-0.0676178,
0.732824,-27.9258,0.546633,21.7017,0.12229,2.08795,-0.0707255,
0.733453,-27.9307,0.548584,21.7083,0.121576,2.09262,-0.0734572,
0.734123,-27.9356,0.550579,21.715,0.121096,2.0972,-0.0758534,
0.734836,-27.9406,0.552599,21.7217,0.120803,2.10168,-0.0779568,
0.735595,-27.9456,0.55463,21.7285,0.120653,2.10603,-0.0798096,
0.736399,-27.9506,0.55666,21.7353,0.120608,2.11026,-0.0814511,
0.737247,-27.9556,0.558682,21.7421,0.120635,2.11436,-0.082917,
0.738138,-27.9606,0.560689,21.7489,0.12071,2.11834,-0.0842395,
0.73907,-27.9657,0.562678,21.7558,0.120811,2.12221,-0.0854463,
0.740041,-27.9708,0.564648,21.7626,0.120921,2.126,-0.0865616,
0.741048,-27.9758,0.566597,21.7695,0.12103,2.12971,-0.0876056,
0.742088,-27.9809,0.568526,21.7765,0.121129,2.13337,-0.0885952,
0.743159,-27.986,0.570438,21.7834,0.121212,2.137,-0.0895443,
0.744257,-27.991,0.572333,21.7904,0.121275,2.14062,-0.090464,
0.745382,-27.9961,0.574215,21.7974,0.121316,2.14423,-0.0913629,
0.746529,-28.0012,0.576085,21.8044,0.121337,2.14785,-0.0922479,
0.747698,-28.0062,0.577947,21.8115,0.121337,2.15149,-0.093124,
0.748885,-28.0112,0.579802,21.8186,0.121318,2.15517,-0.0939947,
0.75009,-28.0163,0.581653,21.8257,0.121281,2.15889,-0.0948625,
0.751311,-28.0213,0.583501,21.8329,0.12123,2.16265,-0.0957288,
0.752546,-28.0262,0.58535,21.8401,0.121166,2.16647,-0.0965943,
0.753793,-28.0312,0.587199,21.8473,0.121092,2.17033,-0.0974592,
0.755045,-28.0362,0.589056,21.8545,0.120954,2.17406,-0.0984063,
0.756306,-28.0412,0.590921,21.8618,0.120766,2.17771,-0.0994165,
0.757576,-28.0462,0.592798,21.8691,0.120543,2.18131,-0.100471,
0.758856,-28.0512,0.594687,21.8765,0.120299,2.18488,-0.101554,
0.760146,-28.0561,0.596592,21.8838,0.120045,2.18847,-0.102652,
0.761448,-28.0611,0.598513,21.8912,0.119791,2.19208,-0.103754,
0.76276,-28.066,0.600451,21.8986,0.119542,2.19574,-0.104852,
0.764084,-28.0709,0.602404,21.9061,0.119304,2.19944,-0.10594,
0.765419,-28.0758,0.604373,21.9136,0.119079,2.20321,-0.107014,
0.766766,-28.0807,0.606358,21.9211,0.118869,2.20704,-0.10807,
0.768125,-28.0855,0.608356,21.9287,0.118674,2.21095,-0.109106,
0.769496,-28.0904,0.610369,21.9362,0.118495,2.21492,-0.110123,
0.770878,-28.0952,0.612394,21.9439,0.118331,2.21896,-0.111118,
0.772273,-28.0999,0.614432,21.9515,0.118182,2.22306,-0.112093,
0.773679,-28.1047,0.61648,21.9592,0.118047,2.22723,-0.113048,
0.775096,-28.1095,0.61854,21.9669,0.117924,2.23146,-0.113983,
0.776526,-28.1142,0.620609,21.9747,0.117813,2.23575,-0.114899,
0.777966,-28.1189,0.622688,21.9825,0.117712,2.24009,-0.115798,
0.779417,-28.1236,0.624776,21.9903,0.117621,2.24448,-0.116679,
0.78088,-28.1283,0.626873,21.9982,0.117538,2.24891,-0.117543,
0.782353,-28.133,0.628979,22.0061,0.117464,2.25339,-0.118392,
0.783837,-28.1377,0.631092,22.0141,0.117397,2.2579,-0.119226,
0.785332,-28.1423,0.633213,22.022,0.117336,2.26245,-0.120045,
0.786836,-28.147,0.635341,22.03,0.117281,2.26703,-0.120851,
0.788351,-28.1516,0.637477,22.0381,0.117232,2.27164,-0.121642,
0.789876,-28.1562,0.63962,22.0462,0.117189,2.27627,-0.122421,
0.791411,-28.1609,0.64177,22.0543,0.11715,2.28093,-0.123186,
0.792956,-28.1655,0.643927,22.0624,0.117116,2.2856,-0.123939,
0.794509,-28.1701,0.646089,22.0706,0.117087,2.2903,-0.12468,
0.796069,-28.1747,0.648261,22.0788,0.117037,2.29495,-0.125446,
0.797636,-28.1793,0.650442,22.0871,0.116972,2.29957,-0.12623,
0.799211,-28.1839,0.652631,22.0954,0.116898,2.30417,-0.127024,
0.800788,-28.1885,0.654836,22.1037,0.116788,2.3087,-0.127876,
0.802371,-28.1931,0.657056,22.1121,0.116653,2.31318,-0.128768,
0.803959,-28.1978,0.659292,22.1204,0.116505,2.31765,-0.129686,
0.805556,-28.2024,0.661546,22.1288,0.116352,2.32211,-0.130616,
0.807161,-28.207,0.663816,22.1373,0.116203,2.32658,-0.131547,
0.808776,-28.2116,0.666103,22.1458,0.116062,2.33106,-0.132472,
0.810401,-28.2161,0.668405,22.1543,0.115934,2.33558,-0.133383,
0.812036,-28.2207,0.670722,22.1628,0.11582,2.34013,-0.134276,
0.813683,-28.2252,0.673053,22.1714,0.115722,2.34472,-0.135148,
0.815341,-28.2298,0.675396,22.1801,0.11564,2.34935,-0.135997,
0.817011,-28.2343,0.67775,22.1887,0.115574,2.35402,-0.136821,
0.818692,-28.2388,0.680115,22.1974,0.115523,2.35874,-0.137621,
0.820386,-28.2433,0.68249,22.2061,0.115486,2.36349,-0.138395,
0.822092,-28.2478,0.684873,22.2149,0.115463,2.36829,-0.139143,
0.82381,-28.2523,0.687263,22.2237,0.115452,2.37312,-0.139868,
0.82554,-28.2568,0.689661,22.2326,0.115453,2.37799,-0.140568,
0.827281,-28.2612,0.692065,22.2414,0.115465,2.38288,-0.141245,
0.829035,-28.2657,0.694474,22.2503,0.115486,2.38781,-0.141898,
0.8308,-28.2701,0.696889,22.2593,0.115516,2.39276,-0.14253,
0.832576,-28.2746,0.699309,22.2683,0.115554,2.39773,-0.14314,
0.834363,-28.279,0.701733,22.2773,0.115599,2.40272,-0.143728,
0.836162,-28.2834,0.704161,22.2863,0.115652,2.40773,-0.144296,
0.837972,-28.2878,0.706593,22.2954,0.115711,2.41275,-0.144842,
0.839792,-28.2922,0.709029,22.3046,0.115777,2.41777,-0.145369,
0.841622,-28.2966,0.711468,22.3137,0.115849,2.42281,-0.145875,
0.843464,-28.301,0.713909,22.3229,0.115926,2.42785,-0.14636,
0.845315,-28.3055,0.716353,22.3321,0.11601,2.4329,-0.146826,
0.847176,-28.3099,0.7188,22.3414,0.116099,2.43794,-0.147271,
0.849048,-28.3143,0.721249,22.3507,0.116193,2.44299,-0.147696,
0.850929,-28.3187,0.7237,22.36,0.116294,2.44804,-0.148101,
0.85282,-28.3231,0.726153,22.3694,0.116399,2.45308,-0.148485,
0.85472,-28.3274,0.728608,22.3788,0.116511,2.45811,-0.148848,
0.85663,-28.3318,0.731063,22.3882,0.116627,2.46314,-0.149191,
0.858549,-28.3362,0.73352,22.3977,0.11675,2.46817,-0.149513,
0.860477,-28.3406,0.735978,22.4072,0.116878,2.47319,-0.149814,
0.862414,-28.345,0.738436,22.4167,0.117012,2.4782,-0.150094,
0.864359,-28.3494,0.740894,22.4263,0.117151,2.4832,-0.150353,
0.866311,-28.3538,0.743348,22.4359,0.117296,2.48819,-0.15059,
0.868209,-28.3581,0.745856,22.4455,0.117167,2.49396,-0.151367,
0.870055,-28.3621,0.748441,22.4553,0.116844,2.50047,-0.152593,
0.871856,-28.3661,0.751114,22.4652,0.116399,2.50761,-0.154171,
0.873619,-28.3699,0.753882,22.4751,0.115891,2.51527,-0.15601,
0.87535,-28.3737,0.756748,22.4852,0.115367,2.52334,-0.158034,
0.877058,-28.3774,0.759709,22.4953,0.114863,2.53171,-0.160175,
0.878751,-28.3811,0.762761,22.5055,0.114405,2.54029,-0.162376,
0.880437,-28.3848,0.765896,22.5157,0.11401,2.54898,-0.164591,
0.882123,-28.3885,0.769107,22.5261,0.113689,2.55769,-0.166783,
0.883817,-28.3921,0.772382,22.5364,0.113448,2.56636,-0.168921,
0.885525,-28.3958,0.775713,22.5469,0.113285,2.57493,-0.170981,
0.887255,-28.3996,0.779089,22.5574,0.113199,2.58334,-0.172946,
0.88901,-28.4033,0.7825,22.5679,0.113186,2.59156,-0.174804,
0.890796,-28.4071,0.785937,22.5785,0.113238,2.59956,-0.176545,
0.892617,-28.411,0.789391,22.5892,0.113349,2.60732,-0.178162,
0.894476,-28.4149,0.792854,22.5999,0.113512,2.61481,-0.179654,
0.896375,-28.4188,0.796319,22.6106,0.113719,2.62203,-0.181019,
0.898317,-28.4228,0.799781,22.6214,0.113964,2.62899,-0.182257,
0.900302,-28.4268,0.803233,22.6322,0.114239,2.63567,-0.183371,
0.902331,-28.4309,0.806671,22.643,0.11454,2.64209,-0.184362,
0.904404,-28.4351,0.810091,22.6538,0.11486,2.64826,-0.185235,
0.906522,-28.4392,0.813491,22.6647,0.115196,2.65418,-0.185993,
0.908684,-28.4435,0.816868,22.6756,0.115544,2.65987,-0.186641,
0.910888,-28.4477,0.820219,22.6866,0.115899,2.66535,-0.187182,
0.913169,-28.452,0.823545,22.6979,0.116271,2.67047,-0.187575,
0.916515,-28.457,0.825269,22.7097,0.113549,2.66083,-0.188332,
0.920558,-28.4622,0.826007,22.7218,0.108679,2.64069,-0.18953,
0.925158,-28.4675,0.826073,22.734,0.102107,2.61233,-0.19121,
0.930288,-28.4726,0.825603,22.7462,0.0941072,2.5779,-0.193292,
0.935862,-28.477,0.824791,22.7585,0.0849775,2.54016,-0.195827,
0.941781,-28.4804,0.823831,22.7709,0.0750183,2.50163,-0.198862,
0.947959,-28.4824,0.82289,22.7835,0.0645179,2.46421,-0.202385,
0.954324,-28.4829,0.822109,22.7965,0.05374,2.42931,-0.206338,
0.960823,-28.4817,0.821599,22.8098,0.0429218,2.3979,-0.210631,
0.967416,-28.4787,0.821448,22.8236,0.0322756,2.37062,-0.21514,
0.974077,-28.4739,0.821719,22.8379,0.02199,2.34779,-0.219719,
0.980791,-28.4673,0.822455,22.8527,0.0122329,2.32948,-0.224204,
0.987552,-28.459,0.823682,22.868,0.00315249,2.31557,-0.228419,
0.994356,-28.4491,0.825412,22.8839,-0.00512094,2.30579,-0.232181,
1.00121,-28.4377,0.827644,22.9004,-0.0124826,2.29968,-0.23532,
1.00811,-28.425,0.830369,22.9173,-0.0188438,2.29678,-0.237673,
1.01507,-28.411,0.833572,22.9348,-0.0241344,2.29662,-0.239101,
1.02209,-28.396,0.837232,22.9526,-0.0282961,2.29879,-0.239477,
1.02916,-28.3801,0.841322,22.9709,-0.0312844,2.30284,-0.238688,
1.0363,-28.3635,0.845809,22.9896,-0.0330696,2.30835,-0.236635,
1.0435,-28.3462,0.850653,23.0085,-0.0336342,2.31486,-0.233229,
1.05077,-28.3286,0.8558,23.0277,-0.0329156,2.32196,-0.228296,
1.0581,-28.3108,0.861209,23.0471,-0.0308024,2.3292,-0.221637,
1.06545,-28.293,0.866854,23.0664,-0.0272246,2.33614,-0.213165,
1.07276,-28.2757,0.872714,23.0856,-0.0221732,2.34233,-0.202903,
1.07997,-28.2589,0.878763,23.1045,-0.0156796,2.34742,-0.190934,
1.08702,-28.243,0.884976,23.123,-0.00781928,2.35117,-0.17741,
1.09409,-28.2285,0.891039,23.1409,0.00104037,2.35051,-0.162133,
1.10139,-28.2159,0.896565,23.1581,0.0103467,2.34202,-0.144982,
1.10894,-28.2048,0.901466,23.1747,0.0197555,2.32649,-0.12637,
1.11668,-28.1951,0.905725,23.1907,0.028974,2.30514,-0.106804,
1.12454,-28.1864,0.90938,23.206,0.0377671,2.27954,-0.0868315,
1.13241,-28.1785,0.912516,23.2207,0.0459572,2.25144,-0.0670142,
1.14018,-28.1712,0.915254,23.2349,0.0534184,2.22263,-0.0479062,
1.14772,-28.1642,0.917795,23.2486,0.0600717,2.19482,-0.0300369,
1.15507,-28.1569,0.920154,23.2616,0.0689536,2.17352,-0.00949945,
1.16213,-28.1494,0.922236,23.2743,0.0793448,2.15951,0.0126679,
1.1687,-28.1414,0.924117,23.2865,0.0905803,2.15413,0.035129,
1.17454,-28.1329,0.925944,23.2986,0.102049,2.15845,0.0565303,
1.17954,-28.1241,0.927754,23.3101,0.113324,2.1722,0.0761147,
1.18096,-28.1134,0.932747,23.3209,0.126872,2.21825,0.0890285,
1.18035,-28.1024,0.939123,23.3313,0.140534,2.28461,0.0968679,
1.1783,-28.0918,0.94629,23.3417,0.153883,2.36364,0.100883,
1.17514,-28.0822,0.954006,23.3523,0.166976,2.44991,0.102149,
1.17115,-28.0738,0.962109,23.3632,0.17991,2.53936,0.101537,
1.16656,-28.0669,0.970446,23.3743,0.192714,2.62889,0.0997145,
1.16156,-28.0617,0.978872,23.3856,0.205341,2.71611,0.0971652,
1.15634,-28.0583,0.987246,23.3971,0.217693,2.79922,0.09423,
1.15103,-28.0567,0.995442,23.4088,0.22965,2.87687,0.0911406,
1.14577,-28.057,1.00335,23.4206,0.241087,2.94813,0.0880506,
1.14066,-28.0591,1.01088,23.4325,0.251886,3.01239,0.0850573,
1.13576,-28.0629,1.01797,23.4444,0.261951,3.06935,0.0822193,
1.13116,-28.0684,1.02455,23.4563,0.271204,3.11892,0.0795703,
1.12688,-28.0755,1.0306,23.4682,0.279596,3.16121,0.077131,
1.12297,-28.084,1.03609,23.48,0.287099,3.1965,0.0749125,
1.11945,-28.0937,1.04102,23.4917,0.293703,3.22516,0.0729199,
1.11633,-28.1046,1.04538,23.5033,0.299418,3.24765,0.0711541,
1.11361,-28.1165,1.04919,23.5148,0.30427,3.2645,0.0696139,
1.11129,-28.1292,1.05246,23.5263,0.308292,3.27624,0.0682967,
1.10937,-28.1427,1.05521,23.5376,0.311531,3.28344,0.0671991,
1.10783,-28.1566,1.05748,23.5489,0.314036,3.28665,0.0663163,
1.10666,-28.171,1.0593,23.5601,0.315862,3.28639,0.0656424,
1.10584,-28.1858,1.06069,23.5712,0.317066,3.28317,0.0651715,
1.10535,-28.2007,1.06168,23.5822,0.317705,3.27745,0.0648953,
1.10517,-28.2157,1.06232,23.5932,0.317836,3.26965,0.0648041,
1.10528,-28.2308,1.06264,23.6041,0.317514,3.26018,0.0648859,
1.10565,-28.2458,1.06266,23.6149,0.31679,3.24938,0.0651272,
1.10626,-28.2608,1.06243,23.6258,0.315716,3.23757,0.0655126,
1.10708,-28.2756,1.06198,23.6365,0.314339,3.22505,0.0660173,
1.10809,-28.2901,1.06134,23.6473,0.312702,3.21207,0.0666243,
1.10926,-28.3045,1.06054,23.658,0.310847,3.19886,0.0673153,
1.11057,-28.3186,1.05961,23.6687,0.308815,3.1856,0.0680723,
1.112,-28.3324,1.05859,23.6794,0.306643,3.17247,0.0688768,
1.11352,-28.3459,1.0575,23.69,0.304366,3.15961,0.0697107,
1.11512,-28.3591,1.05636,23.7007,0.302017,3.14717,0.0705566,
1.11676,-28.372,1.0552,23.7113,0.299625,3.13525,0.071398,
1.11844,-28.3846,1.05404,23.7219,0.297218,3.12395,0.0722194,
1.12013,-28.3969,1.0529,23.7325,0.29482,3.11334,0.0730061,
1.12182,-28.4089,1.0518,23.743,0.292455,3.10351,0.0737452,
1.12349,-28.4206,1.05076,23.7536,0.290143,3.09449,0.0744253,
1.12513,-28.4321,1.0498,23.7641,0.2879,3.08633,0.0750357,
1.12674,-28.4433,1.04892,23.7746,0.285743,3.07905,0.0755684,
1.12828,-28.4543,1.04813,23.7851,0.283684,3.07268,0.0760176,
1.12977,-28.4651,1.04745,23.7956,0.281735,3.06722,0.0763789,
1.1312,-28.4757,1.04688,23.8061,0.279906,3.06265,0.0766502,
1.13255,-28.486,1.04642,23.8166,0.278202,3.05897,0.0768308,
1.13383,-28.4963,1.04609,23.827,0.276629,3.05614,0.0769216,
1.13503,-28.5064,1.04587,23.8375,0.275189,3.05414,0.076925,
1.13615,-28.5163,1.04577,23.8479,0.273885,3.05292,0.0768446,
1.1372,-28.5262,1.0458,23.8583,0.272714,3.05244,0.0766852,
1.13817,-28.536,1.04593,23.8687,0.271675,3.05264,0.0764524,
1.13906,-28.5457,1.04618,23.8791,0.270765,3.05347,0.0761526,
1.13989,-28.5554,1.04653,23.8894,0.269978,3.05487,0.0757928,
1.14062,-28.5649,1.04692,23.8997,0.269309,3.05675,0.0753823,
1.14133,-28.5714,1.04767,23.9112,0.268735,3.07348,0.0740114,
1.14167,-28.5753,1.04917,23.9238,0.268789,3.10404,0.0715703,
1.14155,-28.5769,1.05149,23.9374,0.269625,3.14641,0.0682081,
1.14101,-28.5768,1.05462,23.952,0.271245,3.19835,0.0641044,
1.14009,-28.5754,1.05846,23.9673,0.2736,3.25762,0.0594404,
1.13884,-28.5733,1.06295,23.9835,0.276632,3.32215,0.0543895,
1.13732,-28.5706,1.068,24.0003,0.280268,3.39002,0.0491101,
1.13558,-28.5679,1.07353,24.0177,0.284432,3.45952,0.043743,
1.13368,-28.5652,1.07945,24.0356,0.289034,3.52915,0.0384082,
1.13167,-28.563,1.08566,24.0541,0.293981,3.59758,0.0332051,
1.12961,-28.5614,1.09208,24.0729,0.299171,3.66371,0.0282126,
1.12755,-28.5605,1.09863,24.0919,0.304505,3.72659,0.023491,
1.12554,-28.5606,1.10522,24.1114,0.309885,3.78544,0.0190836,
1.12378,-28.562,1.11162,24.131,0.315471,3.83473,0.0160414,
1.12234,-28.5648,1.1177,24.1508,0.320953,3.87532,0.0140804,
1.12143,-28.5688,1.12379,24.1704,0.32607,3.90783,0.0129602,
1.11827,-28.5785,1.12424,24.1875,0.301254,3.91603,-0.0254449,
1.11567,-28.5913,1.11999,24.2035,0.255701,3.90866,-0.0861743,
1.11364,-28.6059,1.1137,24.2191,0.197566,3.89069,-0.160984,
1.11154,-28.6216,1.10726,24.2345,0.133461,3.86561,-0.243901,
1.11213,-28.6411,1.10861,24.2485,0.107358,3.81931,-0.277936,
1.11307,-28.6606,1.11582,24.2625,0.106171,3.76988,-0.283039,
1.11406,-28.6787,1.12647,24.277,0.121136,3.72411,-0.269487,
1.11554,-28.6947,1.13872,24.292,0.145182,3.6852,-0.244522,
1.11489,-28.7119,1.14618,24.3054,0.145723,3.64369,-0.249755,
1.11485,-28.729,1.14834,24.3183,0.128102,3.6026,-0.274085,
1.11827,-28.7468,1.15244,24.331,0.129636,3.55598,-0.269259,
1.1226,-28.765,1.15832,24.3432,0.143726,3.5043,-0.247547,
1.12772,-28.7831,1.16519,24.3551,0.164643,3.45179,-0.216193,
1.13027,-28.806,1.1665,24.3641,0.161246,3.37693,-0.215123,
1.1364,-28.8292,1.16706,24.3727,0.167949,3.29789,-0.194602,
1.14396,-28.8507,1.1683,24.3814,0.180315,3.2243,-0.165284,
1.14871,-28.8752,1.16479,24.3878,0.170254,3.13614,-0.165158,
1.15656,-28.8985,1.16123,24.3942,0.170469,3.05087,-0.14705,
1.16508,-28.9187,1.15857,24.4011,0.176992,2.97694,-0.120887,
1.17401,-28.9356,1.15684,24.4086,0.186595,2.91654,-0.0914907,
1.18001,-28.9526,1.15138,24.415,0.175676,2.85849,-0.0906585,
1.18811,-28.9681,1.1463,24.4215,0.173349,2.80511,-0.0759446,
1.19647,-28.9809,1.14224,24.4286,0.176169,2.76219,-0.0553745,
1.2049,-28.9913,1.13955,24.4364,0.182028,2.73042,-0.0323454,
1.21017,-29.0023,1.13347,24.4429,0.167833,2.69833,-0.0377335,
1.21729,-29.0126,1.12813,24.4496,0.162623,2.66787,-0.0292034,
1.22453,-29.021,1.12417,24.4568,0.163105,2.64475,-0.0144436,
1.23184,-29.0279,1.12202,24.4646,0.167214,2.62981,0.00331314,
1.23548,-29.0389,1.11597,24.4701,0.150297,2.59561,-0.00787449,
1.24164,-29.0494,1.1104,24.4756,0.142896,2.56266,-0.00327799,
1.24804,-29.0577,1.1064,24.4819,0.141959,2.53816,0.00850782,
1.25452,-29.0641,1.10455,24.4889,0.145426,2.52338,0.0239608,
1.25728,-29.0744,1.09906,24.4937,0.128755,2.49065,0.0113086,
1.26252,-29.0838,1.09418,24.4987,0.12191,2.46093,0.014604,
1.26801,-29.0907,1.09099,24.5045,0.121767,2.44119,0.0252237,
1.27348,-29.0954,1.08989,24.5112,0.126197,2.43245,0.039606,
1.27578,-29.1004,1.08585,24.5171,0.112212,2.42428,0.027343,
1.27976,-29.105,1.08302,24.5232,0.108182,2.41777,0.0296666,
1.28383,-29.1078,1.08183,24.5301,0.110558,2.41836,0.0389138,
1.28809,-29.1094,1.08273,24.5377,0.117064,2.42672,0.0517796,
1.28997,-29.1166,1.0797,24.5419,0.102917,2.41436,0.0380111,
1.29093,-29.126,1.07165,24.545,0.0704632,2.39327,0.00315641,
1.29443,-29.1352,1.06668,24.5485,0.0568801,2.37004,-0.00542816,
1.29796,-29.142,1.06531,24.5533,0.056279,2.35576,-0.000153217,
1.30095,-29.1457,1.06666,24.5594,0.0643996,2.35334,0.0131663,
1.30348,-29.1466,1.06957,24.5668,0.0775553,2.36286,0.0307083,
1.30614,-29.1452,1.07375,24.5751,0.0929267,2.38311,0.0498304,
1.30585,-29.1445,1.07391,24.5825,0.0871077,2.40279,0.0399127,
1.3082,-29.1445,1.07529,24.5902,0.089347,2.42142,0.0434794,
1.30818,-29.1492,1.07178,24.5951,0.0712437,2.42101,0.0215675,
1.31037,-29.1539,1.07016,24.6006,0.0668747,2.41857,0.0196727,
1.31269,-29.1565,1.07098,24.6074,0.0715266,2.42319,0.0275948,
1.31463,-29.1568,1.07367,24.6153,0.0820665,2.4369,0.0408545,
1.31681,-29.1555,1.07821,24.6242,0.0957177,2.45944,0.0565941,
1.31692,-29.1602,1.0779,24.6297,0.0862134,2.45982,0.0436403,
1.31631,-29.1674,1.07177,24.6339,0.0563111,2.45014,0.00782939,
1.31824,-29.1745,1.06889,24.6387,0.0453903,2.43757,-0.0016726,
1.32024,-29.1791,1.06967,24.6449,0.0473383,2.43357,0.00255939,
1.32178,-29.1807,1.07317,24.6525,0.0578757,2.44106,0.0147594,
1.32294,-29.1794,1.07821,24.6614,0.0733053,2.46005,0.0311615,
1.32449,-29.1764,1.08467,24.6714,0.0907836,2.48925,0.0491618,
1.32401,-29.1794,1.08534,24.6777,0.0832776,2.49528,0.0369307,
1.32325,-29.1815,1.08144,24.6846,0.0585697,2.50479,0.00496051,
1.3246,-29.184,1.08071,24.6918,0.0511512,2.51095,-0.00348488,
1.32602,-29.1847,1.08326,24.7001,0.0553904,2.5229,0.000643353,
1.32708,-29.1832,1.08814,24.7096,0.0672821,2.54281,0.0121591,
1.32843,-29.1805,1.09505,24.7202,0.0833611,2.57055,0.0276274,
1.32737,-29.184,1.0955,24.727,0.0746886,2.57402,0.013272,
1.3286,-29.1873,1.09689,24.7345,0.0768485,2.57559,0.0160115,
1.33079,-29.1891,1.10072,24.7431,0.0855139,2.58399,0.0263554,
1.33095,-29.1958,1.09948,24.7488,0.0714138,2.57321,0.00861377,
1.33058,-29.2008,1.09467,24.7553,0.0425577,2.56882,-0.0269792,
1.3321,-29.2057,1.09407,24.7623,0.0340801,2.56224,-0.0361831,
1.33361,-29.2084,1.09731,24.7705,0.0391139,2.56331,-0.030998,
1.33478,-29.2083,1.10312,24.7801,0.052864,2.57451,-0.0172852,
1.33575,-29.2058,1.11018,24.7907,0.0713805,2.59566,0.00104313,
1.33727,-29.2018,1.11833,24.8024,0.0916804,2.62545,0.0212482,
1.33733,-29.2049,1.11985,24.8099,0.0844677,2.62888,0.00948116,
1.33704,-29.2112,1.11417,24.8157,0.0537337,2.6192,-0.0275057,
1.33926,-29.218,1.11217,24.8221,0.0434199,2.60412,-0.0365181,
1.34156,-29.2224,1.11404,24.8298,0.0466863,2.59643,-0.0309445,
1.34343,-29.2239,1.1187,24.839,0.0589504,2.59957,-0.0168081,
1.34556,-29.2231,1.12565,24.8495,0.0762138,2.61384,0.00193952,
1.34606,-29.2282,1.12662,24.8563,0.0676947,2.60667,-0.0100243,
1.34601,-29.2356,1.12082,24.8616,0.0366657,2.59039,-0.0466822,
1.3484,-29.2428,1.11911,24.8677,0.0272367,2.57131,-0.0543799,
1.35086,-29.247,1.12148,24.8754,0.032043,2.5621,-0.0469376,
1.3529,-29.2477,1.12671,24.8846,0.0461644,2.56595,-0.0306742,
1.35466,-29.2452,1.13343,24.8954,0.0654561,2.58279,-0.00971386,
1.35691,-29.2405,1.1414,24.9073,0.0867483,2.61111,0.0130631,
1.3577,-29.2426,1.14244,24.9151,0.0794727,2.61466,0.00262501,
1.35786,-29.2475,1.13641,24.9213,0.048515,2.60751,-0.0338845,
1.36086,-29.2522,1.13361,24.9282,0.0371539,2.59725,-0.0427762,
1.36393,-29.2544,1.13486,24.9366,0.0398454,2.59483,-0.0366579,
1.36693,-29.2539,1.13984,24.9465,0.0521283,2.60298,-0.021448,
1.36634,-29.2532,1.14131,24.956,0.0433696,2.61398,-0.036652,
1.36809,-29.2517,1.14419,24.9661,0.0470968,2.62572,-0.0330668,
1.37079,-29.249,1.14985,24.9772,0.0590132,2.64419,-0.0198614,
1.37111,-29.2516,1.15043,24.9849,0.0470196,2.64223,-0.036735,
1.37122,-29.2531,1.14623,24.9932,0.0173866,2.64454,-0.0737547,
1.37366,-29.2548,1.14613,25.0018,0.00931789,2.64309,-0.081979,
1.37615,-29.2546,1.15015,25.0117,0.0162856,2.64739,-0.0738118,
1.37828,-29.252,1.15692,25.0228,0.0331379,2.65988,-0.0555957,
1.38069,-29.248,1.16586,25.0352,0.0555245,2.68076,-0.0317027,
1.38092,-29.2502,1.16862,25.0434,0.0513256,2.67773,-0.0400699,
1.38121,-29.2518,1.1655,25.0521,0.0267112,2.67743,-0.0708437,
1.38471,-29.2534,1.16437,25.061,0.0191091,2.67353,-0.0758784,
1.38833,-29.2533,1.16684,25.071,0.0252624,2.6745,-0.0656295,
1.39146,-29.251,1.172,25.0822,0.0408834,2.68284,-0.0459492,
1.39467,-29.2475,1.17934,25.0946,0.0619518,2.6989,-0.0209886,
1.39492,-29.2495,1.18248,25.103,0.0594233,2.69514,-0.0272794,
1.39505,-29.2543,1.17798,25.1096,0.031895,2.68059,-0.0602278,
1.39924,-29.2591,1.17472,25.1168,0.020732,2.66145,-0.0664163,
1.40357,-29.2618,1.17532,25.1253,0.0238781,2.64851,-0.0568305,
1.40778,-29.2625,1.17982,25.1354,0.0372741,2.64523,-0.0374509,
1.40866,-29.2672,1.18136,25.1423,0.0304025,2.62869,-0.0467314,
1.4089,-29.2733,1.17643,25.1481,0.00113192,2.60676,-0.0812043,
1.41299,-29.2787,1.17359,25.1545,-0.00935188,2.58365,-0.0868765,
1.41713,-29.2813,1.17509,25.1625,-0.00404891,2.57007,-0.0755112,
1.42057,-29.2804,1.17997,25.1723,0.0124244,2.56917,-0.0535985,
1.42393,-29.277,1.1876,25.1837,0.0355135,2.58142,-0.0258162,
1.42401,-29.2778,1.19105,25.1915,0.0352814,2.57894,-0.0296283,
1.42412,-29.2772,1.18839,25.2,0.0133548,2.5829,-0.0576412,
1.42765,-29.2761,1.18737,25.2089,0.00724481,2.58615,-0.0610646,
1.43129,-29.2728,1.18995,25.2192,0.0144741,2.5968,-0.0499221,
1.43488,-29.268,1.19612,25.231,0.0310311,2.61673,-0.0297742,
1.43443,-29.2675,1.19803,25.2393,0.0257898,2.62062,-0.0401106,
1.43808,-29.2669,1.20038,25.2484,0.0300513,2.62467,-0.0322882,
1.43843,-29.2695,1.1985,25.2552,0.0137948,2.61688,-0.0524316,
1.44206,-29.2712,1.19778,25.263,0.0115851,2.60941,-0.0501304,
1.4463,-29.2709,1.20115,25.2726,0.0212035,2.61106,-0.0350565,
1.44635,-29.2737,1.20103,25.2795,0.0110613,2.60154,-0.0488367,
1.44959,-29.275,1.2016,25.2876,0.0132389,2.59489,-0.0422932,
1.45356,-29.274,1.20574,25.2975,0.0256601,2.5989,-0.0245667,
1.45408,-29.2765,1.20698,25.3045,0.0170942,2.59182,-0.0368515,
1.45369,-29.2801,1.20184,25.3106,-0.0143779,2.58102,-0.0755475,
1.45719,-29.2829,1.1993,25.3175,-0.0255662,2.56955,-0.0838308,
1.46069,-29.2826,1.20161,25.3263,-0.0196514,2.56826,-0.0738854,
1.46343,-29.2787,1.2077,25.337,-0.00153498,2.58023,-0.0524578,
1.46608,-29.2723,1.21678,25.3497,0.023868,2.60566,-0.0244762,
1.46539,-29.2708,1.22173,25.3585,0.0246592,2.61524,-0.0299343,
1.46437,-29.2714,1.21863,25.3657,-0.0011177,2.61702,-0.0642508,
1.46767,-29.2717,1.21696,25.3737,-0.00952569,2.61623,-0.0703299,
1.47115,-29.2694,1.21947,25.3835,-0.00266513,2.62365,-0.0596916,
1.47451,-29.2649,1.22621,25.3953,0.0151619,2.64221,-0.0385892,
1.47424,-29.2647,1.22972,25.4036,0.0106913,2.64659,-0.0490831,
1.47325,-29.2664,1.22605,25.4107,-0.0184253,2.64436,-0.0872167,
1.47646,-29.2678,1.22461,25.4185,-0.027596,2.63914,-0.0944993,
1.47978,-29.2665,1.22782,25.4281,-0.0198136,2.6423,-0.0832981,
1.48244,-29.2619,1.23463,25.4397,8.36825e-07,2.657,-0.0604721,
1.48508,-29.255,1.24428,25.4531,0.026934,2.68364,-0.0309922,
1.48437,-29.2536,1.24948,25.4624,0.0281976,2.69233,-0.0359821,
1.48344,-29.2546,1.24623,25.4699,0.00196955,2.69166,-0.0705125,
1.48692,-29.2556,1.24443,25.4782,-0.00655174,2.68713,-0.0761632,
1.49118,-29.2548,1.24775,25.4884,0.000424742,2.69006,-0.0647031,
1.49096,-29.2572,1.24784,25.4958,-0.0120733,2.68184,-0.0823938,
1.49405,-29.2582,1.24929,25.5044,-0.00935873,2.67517,-0.0761959,
1.49788,-29.257,1.2548,25.515,0.00560329,2.6787,-0.0564733,
1.49817,-29.2594,1.25719,25.5226,-0.00121512,2.67071,-0.0677581,
1.49759,-29.263,1.25276,25.5291,-0.0319531,2.65858,-0.106356,
1.50112,-29.266,1.2511,25.5365,-0.0410263,2.64496,-0.112458,
1.50472,-29.2657,1.25443,25.5458,-0.0320306,2.64143,-0.099047,
1.5076,-29.2617,1.26156,25.5571,-0.0103512,2.65134,-0.0734434,
1.51047,-29.2551,1.27159,25.5704,0.0187235,2.67502,-0.0409358,
1.51,-29.2536,1.27698,25.5797,0.0215258,2.68197,-0.0436251,
1.51008,-29.2547,1.2748,25.5871,-0.00386383,2.6806,-0.0765321,
1.50989,-29.2569,1.26598,25.594,-0.0526571,2.67549,-0.135531,
1.51386,-29.2594,1.26203,25.6013,-0.072502,2.66396,-0.153801,
1.51762,-29.2594,1.2649,25.6103,-0.0684528,2.65972,-0.146591,
1.52045,-29.256,1.27282,25.6214,-0.0474813,2.66734,-0.122806,
1.52265,-29.2491,1.28349,25.6343,-0.0162651,2.68802,-0.0890253,
1.52506,-29.24,1.29595,25.649,0.0199295,2.72106,-0.0501571,
1.52442,-29.237,1.30282,25.6591,0.0274869,2.73324,-0.0482464,
1.52392,-29.2372,1.30007,25.6671,0.00498804,2.734,-0.0776443,
1.52803,-29.2375,1.29821,25.6758,-0.000997067,2.73024,-0.0789485,
1.53297,-29.2361,1.30122,25.6863,0.00771311,2.7335,-0.0638763,
1.534,-29.2382,1.30136,25.6939,-0.00453728,2.72418,-0.0794155,
1.53442,-29.2383,1.29679,25.7028,-0.0353466,2.72322,-0.117185,
1.53806,-29.2381,1.29606,25.7121,-0.0429595,2.71975,-0.12254,
1.54157,-29.2354,1.30042,25.7229,-0.0321227,2.72382,-0.108055,
1.54491,-29.2302,1.30911,25.7355,-0.00876221,2.73831,-0.0810954,
1.54407,-29.2247,1.31531,25.7475,-0.00796022,2.7568,-0.0883862,
1.54277,-29.2188,1.31537,25.7594,-0.0298256,2.77877,-0.121804,
1.54556,-29.2138,1.31737,25.7711,-0.0322114,2.79379,-0.124644,
1.54876,-29.2078,1.3232,25.7837,-0.01865,2.81129,-0.108921,
1.5521,-29.201,1.3326,25.7977,0.00575912,2.83427,-0.0815637,
1.55221,-29.2005,1.33745,25.8074,0.00496641,2.83532,-0.0876446,
1.55212,-29.2032,1.33386,25.8152,-0.022776,2.82395,-0.122344,
1.55636,-29.2066,1.3323,25.8233,-0.0299091,2.80504,-0.12463,
1.56124,-29.2083,1.33604,25.833,-0.0197619,2.79136,-0.107586,
1.56143,-29.2093,1.33767,25.8424,-0.0279659,2.78219,-0.12026,
1.56525,-29.2097,1.34154,25.8524,-0.0204695,2.77312,-0.108602,
1.56536,-29.2091,1.34271,25.8624,-0.0316004,2.76994,-0.125237,
1.56871,-29.2081,1.34557,25.8727,-0.025965,2.76572,-0.116184,
1.57289,-29.2059,1.35231,25.8843,-0.00741137,2.76851,-0.0922034,
1.574,-29.2083,1.35506,25.8924,-0.012002,2.75562,-0.099481,
1.57455,-29.2127,1.35028,25.899,-0.0413966,2.7354,-0.134051,
1.57915,-29.2171,1.34821,25.906,-0.0485441,2.71115,-0.135161,
1.58376,-29.2188,1.35103,25.9147,-0.0374092,2.69532,-0.116331,
1.5882,-29.218,1.35836,25.9254,-0.0136993,2.69207,-0.0852134,
1.58936,-29.2211,1.36172,25.9326,-0.0134357,2.67619,-0.0862242,
1.58991,-29.2256,1.3573,25.9386,-0.038729,2.65582,-0.115494,
1.59448,-29.2292,1.3552,25.9453,-0.0435654,2.63513,-0.113611,
1.59961,-29.2299,1.35856,25.954,-0.0314924,2.6257,-0.0934854,
1.59989,-29.2288,1.3599,25.9627,-0.037971,2.6255,-0.103894,
1.60387,-29.2269,1.36372,25.9724,-0.0292147,2.62956,-0.0909305,
1.60416,-29.2277,1.36314,25.9796,-0.0418103,2.62461,-0.10768,
1.60796,-29.2273,1.36417,25.9877,-0.0374622,2.62162,-0.0981572,
1.61248,-29.2245,1.36968,25.9978,-0.0195053,2.6298,-0.0736849,
1.6135,-29.2253,1.37184,26.005,-0.024131,2.6271,-0.0811307,
1.61351,-29.2273,1.3669,26.0112,-0.0533301,2.62087,-0.116748,
1.6175,-29.2286,1.36499,26.0183,-0.0598838,2.6135,-0.118891,
1.62143,-29.2267,1.36829,26.0273,-0.0477431,2.6168,-0.101061,
1.62516,-29.2219,1.37645,26.0386,-0.0226713,2.63424,-0.0708949,
1.62528,-29.2211,1.3808,26.0466,-0.0217382,2.63936,-0.0744297,
1.62462,-29.2218,1.37725,26.0533,-0.0472868,2.63952,-0.107582,
1.62821,-29.222,1.37608,26.0608,-0.0518115,2.63817,-0.108471,
1.63253,-29.2198,1.38074,26.0706,-0.0387585,2.64701,-0.0902497,
1.63217,-29.2203,1.38179,26.0777,-0.0464837,2.64662,-0.103038,
1.6359,-29.2199,1.38534,26.0863,-0.0380815,2.64952,-0.0906116,
1.63569,-29.2216,1.38471,26.0928,-0.0510026,2.64522,-0.10848,
1.63894,-29.2216,1.38612,26.1007,-0.0458255,2.64398,-0.0990094,
1.64288,-29.2188,1.39239,26.111,-0.0262625,2.65525,-0.0739807,
1.64308,-29.2193,1.3954,26.1184,-0.0299174,2.65664,-0.0822142,
1.64222,-29.2208,1.39108,26.1249,-0.0591611,2.65499,-0.119901,
1.64558,-29.2216,1.38987,26.1323,-0.0650332,2.65223,-0.122854,
1.64897,-29.2189,1.39402,26.1419,-0.0516235,2.66031,-0.105048,
1.65223,-29.2133,1.40312,26.1539,-0.0249112,2.68269,-0.0744101,
1.65172,-29.2118,1.4083,26.1623,-0.0233679,2.69229,-0.0789613,
1.65133,-29.2122,1.40651,26.1694,-0.0494943,2.69626,-0.114304,
1.65035,-29.2133,1.39811,26.1762,-0.0993534,2.69835,-0.176761,
1.65371,-29.2148,1.39546,26.1834,-0.116259,2.6935,-0.19351,
1.65687,-29.2136,1.40033,26.1926,-0.106496,2.69647,-0.181644,
1.65913,-29.2086,1.41053,26.204,-0.0782194,2.71218,-0.151312,
1.66085,-29.1998,1.42348,26.2174,-0.0390538,2.74186,-0.109989,
1.66295,-29.1887,1.43807,26.2328,0.00508213,2.78472,-0.0632126,
1.662,-29.1842,1.44618,26.2433,0.0172811,2.80525,-0.0570166,
1.66211,-29.1833,1.44483,26.2515,-0.00365615,2.81308,-0.0850757,
1.6622,-29.1844,1.43539,26.2589,-0.0517741,2.81357,-0.142525,
1.66666,-29.1866,1.4308,26.2666,-0.0701246,2.8046,-0.157558,
1.67086,-29.1864,1.43326,26.2761,-0.0637867,2.80113,-0.146181,
1.67466,-29.1839,1.44185,26.2877,-0.0401337,2.80846,-0.117776,
1.67462,-29.1855,1.44685,26.2959,-0.0403167,2.80257,-0.123161,
1.6738,-29.1888,1.44382,26.3028,-0.0672011,2.79119,-0.158362,
1.67745,-29.1917,1.44364,26.3105,-0.0701828,2.7767,-0.157371,
1.68192,-29.1921,1.44958,26.3203,-0.0537319,2.77233,-0.13484,
1.68236,-29.1951,1.45239,26.3275,-0.0590167,2.7588,-0.144157,
1.68244,-29.1948,1.45018,26.3363,-0.0825363,2.75896,-0.174917,
1.68589,-29.1937,1.45197,26.3458,-0.081076,2.75895,-0.170771,
1.68938,-29.1895,1.45876,26.3571,-0.0604117,2.76896,-0.145545,
1.69293,-29.1828,1.46977,26.3704,-0.0272565,2.79199,-0.107522,
1.69299,-29.1813,1.47589,26.3797,-0.0215173,2.79827,-0.106301,
1.69352,-29.1824,1.47406,26.3872,-0.0453372,2.79622,-0.136903,
1.69368,-29.1846,1.46498,26.3941,-0.0941253,2.79046,-0.195324,
1.69816,-29.1875,1.46154,26.4013,-0.109947,2.77651,-0.20783,
1.70239,-29.1878,1.46556,26.4104,-0.0991271,2.77004,-0.191732,
1.70566,-29.1843,1.47485,26.4216,-0.0698871,2.77662,-0.157319,
1.70888,-29.1779,1.48775,26.4351,-0.0299563,2.79797,-0.112172,
1.70881,-29.1767,1.49509,26.4443,-0.019009,2.80197,-0.105059,
1.70944,-29.1782,1.4938,26.4517,-0.0390716,2.7975,-0.130737,
1.70985,-29.1809,1.48479,26.4584,-0.085155,2.78944,-0.185033,
1.7146,-29.184,1.48103,26.4656,-0.0997167,2.77429,-0.195027,
1.71911,-29.1842,1.48446,26.4746,-0.0886576,2.76748,-0.1776,
1.72324,-29.1814,1.49402,26.486,-0.059914,2.77438,-0.142725,
1.7236,-29.1826,1.49971,26.494,-0.0556834,2.76929,-0.142279,
1.72318,-29.1852,1.49704,26.5007,-0.0788093,2.75982,-0.172274,
1.72728,-29.1871,1.49704,26.5083,-0.0783795,2.74852,-0.166352,
1.73222,-29.1864,1.50305,26.5182,-0.0588737,2.74851,-0.139297,
1.73329,-29.1888,1.506,26.5253,-0.0620802,2.7395,-0.145255,
1.73321,-29.1919,1.50155,26.5315,-0.09085,2.72856,-0.180778,
1.73741,-29.1942,1.50077,26.5386,-0.0932819,2.71636,-0.177889,
1.74161,-29.1928,1.50569,26.548,-0.0745807,2.71629,-0.152099,
1.7457,-29.188,1.51566,26.5598,-0.0416639,2.73252,-0.112368,
1.74609,-29.1873,1.52113,26.5681,-0.0355905,2.73641,-0.109543,
1.74668,-29.1883,1.51904,26.575,-0.0587577,2.73552,-0.139022,
1.74667,-29.1898,1.50982,26.5815,-0.107016,2.73383,-0.197063,
1.75102,-29.1916,1.50645,26.5886,-0.121566,2.72605,-0.208397,
1.75509,-29.1902,1.51073,26.5977,-0.108946,2.72771,-0.190728,
1.75818,-29.1847,1.52043,26.6091,-0.0775937,2.74401,-0.154574,
1.76123,-29.176,1.53385,26.6229,-0.0354243,2.77631,-0.107657,
1.76083,-29.1727,1.54162,26.6325,-0.023353,2.79139,-0.100431,
1.76108,-29.1722,1.54054,26.6402,-0.0433873,2.79782,-0.127375,
1.76105,-29.1728,1.53152,26.6474,-0.0904442,2.8003,-0.184172,
1.76551,-29.1741,1.52786,26.6549,-0.105027,2.79472,-0.195181,
1.76973,-29.1727,1.53163,26.6644,-0.0931572,2.79685,-0.177803,
1.77358,-29.1684,1.54172,26.6764,-0.0630223,2.81219,-0.142323,
1.77349,-29.1683,1.54786,26.6849,-0.0584292,2.81443,-0.142807,
1.7733,-29.1696,1.54638,26.692,-0.082383,2.81121,-0.174975,
1.77351,-29.168,1.53989,26.7011,-0.123845,2.81996,-0.22659,
1.77722,-29.1667,1.53985,26.7104,-0.131094,2.82293,-0.232561,
1.78068,-29.1629,1.54696,26.7214,-0.111969,2.8334,-0.20996,
1.78399,-29.1566,1.55969,26.7347,-0.0754103,2.8559,-0.169338,
1.78363,-29.1552,1.56773,26.7439,-0.0658137,2.8625,-0.165417,
1.78277,-29.1561,1.56645,26.7517,-0.0858335,2.86135,-0.193562,
1.78745,-29.1571,1.56841,26.7602,-0.0822023,2.85542,-0.184476,
1.78785,-29.156,1.56827,26.7696,-0.0965507,2.85945,-0.204489,
1.79154,-29.154,1.57176,26.7798,-0.0866514,2.86304,-0.190267,
1.79595,-29.1499,1.58074,26.792,-0.058679,2.87642,-0.155777,
1.79663,-29.1502,1.58554,26.8006,-0.0566291,2.87557,-0.157221,
1.79743,-29.1526,1.58311,26.8078,-0.0829819,2.86844,-0.190184,
1.7976,-29.1556,1.57379,26.8147,-0.133652,2.85944,-0.250903,
1.80219,-29.1595,1.57104,26.8218,-0.147048,2.84138,-0.26044,
1.8065,-29.1605,1.57637,26.8307,-0.130997,2.83144,-0.238181,
1.80987,-29.1573,1.58723,26.842,-0.0949465,2.83585,-0.195722,
1.81327,-29.1509,1.60169,26.8557,-0.0475838,2.85667,-0.1416,
1.81342,-29.1498,1.60994,26.8649,-0.0313873,2.86031,-0.127854,
1.8144,-29.1513,1.60885,26.8723,-0.0482483,2.85581,-0.148884,
1.81582,-29.1534,1.60038,26.8791,-0.0929607,2.8481,-0.200355,
1.81808,-29.1516,1.58949,26.8885,-0.146599,2.85516,-0.261627,
1.82281,-29.1505,1.58771,26.8978,-0.15925,2.85505,-0.27187,
1.82677,-29.1471,1.5946,26.9087,-0.141115,2.86157,-0.24961,
1.82977,-29.1404,1.60696,26.9214,-0.102677,2.87984,-0.206558,
1.83286,-29.1313,1.62268,26.9364,-0.0529948,2.91157,-0.151445,
1.83275,-29.1285,1.63186,26.9466,-0.0353039,2.92233,-0.137266,
1.83362,-29.1289,1.63129,26.9546,-0.0514142,2.92179,-0.158128,
1.83534,-29.131,1.62355,26.9618,-0.0957904,2.91546,-0.209455,
1.83613,-29.1337,1.61034,26.969,-0.161633,2.90813,-0.286562,
1.84108,-29.1382,1.60591,26.9758,-0.182862,2.88705,-0.304659,
1.84545,-29.1403,1.61121,26.9845,-0.169379,2.87177,-0.285637,
1.84868,-29.1385,1.62307,26.9953,-0.132185,2.86995,-0.242531,
1.85187,-29.1334,1.63905,27.0086,-0.0813028,2.88457,-0.185096,
1.85188,-29.1334,1.64881,27.0176,-0.0609739,2.88311,-0.167143,
1.85276,-29.1356,1.64912,27.0249,-0.0734973,2.87445,-0.183539,
1.85352,-29.1386,1.64088,27.0316,-0.113833,2.86365,-0.230165,
1.85885,-29.142,1.63778,27.0387,-0.121522,2.84645,-0.230439,
1.864,-29.1421,1.64183,27.0478,-0.103026,2.83931,-0.202444,
1.86885,-29.1388,1.65194,27.0595,-0.066822,2.84803,-0.156865,
1.86987,-29.1395,1.65741,27.0676,-0.0580693,2.84464,-0.149149,
1.87104,-29.1417,1.65508,27.0745,-0.0793539,2.83717,-0.174694,
1.87157,-29.1443,1.64533,27.081,-0.126524,2.8299,-0.229765,
1.87651,-29.1471,1.64174,27.088,-0.13794,2.81609,-0.235424,
1.88113,-29.1466,1.64604,27.097,-0.120895,2.81257,-0.210623,
1.88515,-29.1426,1.65762,27.1086,-0.0834381,2.82597,-0.16615,
1.88645,-29.1435,1.66242,27.1164,-0.0776803,2.82312,-0.161586,
1.88781,-29.1461,1.65932,27.1231,-0.101981,2.81586,-0.190321,
1.88817,-29.1488,1.649,27.1296,-0.151392,2.80953,-0.248254,
1.89129,-29.152,1.64825,27.1365,-0.157413,2.79656,-0.251784,
1.89412,-29.1515,1.6558,27.1455,-0.134051,2.79591,-0.224072,
1.89706,-29.147,1.66964,27.1573,-0.0921638,2.81357,-0.17743,
1.89763,-29.1474,1.67608,27.1653,-0.0832972,2.81526,-0.17149,
1.89849,-29.1494,1.6741,27.1722,-0.10552,2.8127,-0.199434,
1.89824,-29.1511,1.66531,27.179,-0.152291,2.81274,-0.256404,
1.90253,-29.153,1.66308,27.1861,-0.161064,2.8063,-0.261086,
1.90733,-29.1522,1.67012,27.1956,-0.140211,2.81059,-0.233692,
1.90739,-29.1532,1.67497,27.2029,-0.140378,2.80914,-0.239333,
1.90666,-29.1504,1.67442,27.2122,-0.15999,2.82368,-0.268434,
1.90992,-29.1469,1.67855,27.222,-0.14905,2.83685,-0.254611,
1.91403,-29.141,1.68938,27.2341,-0.115313,2.86113,-0.215061,
1.91409,-29.139,1.69643,27.2429,-0.107681,2.87345,-0.212687,
1.91475,-29.1392,1.69485,27.2505,-0.131785,2.87842,-0.24434,
1.91434,-29.1397,1.68656,27.2581,-0.180123,2.88388,-0.30456,
1.91867,-29.1411,1.68533,27.2657,-0.187483,2.87915,-0.308388,
1.92278,-29.1395,1.69256,27.2755,-0.16317,2.88284,-0.277607,
1.92663,-29.1346,1.70646,27.2879,-0.117874,2.9016,-0.225196,
1.92647,-29.1339,1.71563,27.2968,-0.100915,2.90752,-0.211995,
1.92665,-29.1348,1.71634,27.3044,-0.115614,2.90855,-0.233342,
1.92641,-29.1362,1.7089,27.3118,-0.157822,2.90894,-0.285402,
1.93113,-29.1381,1.7074,27.3195,-0.162568,2.90092,-0.284565,
1.93575,-29.1367,1.71369,27.3293,-0.137926,2.90252,-0.251511,
1.94014,-29.1319,1.72631,27.3418,-0.0937921,2.92003,-0.198548,
1.94048,-29.1313,1.734,27.3507,-0.0791107,2.92447,-0.186209,
1.9411,-29.1324,1.73317,27.3583,-0.0967863,2.92402,-0.209395,
1.94121,-29.1339,1.72422,27.3656,-0.142384,2.92306,-0.264044,
1.9462,-29.136,1.72142,27.3733,-0.150224,2.91378,-0.265697,
1.95173,-29.1355,1.72783,27.3832,-0.12834,2.91432,-0.234969,
1.95252,-29.1376,1.73205,27.3908,-0.129078,2.90776,-0.239403,
1.95183,-29.1402,1.72859,27.3978,-0.156875,2.90101,-0.275785,
1.95606,-29.1423,1.72964,27.4054,-0.151437,2.89004,-0.26389,
1.96114,-29.1413,1.73828,27.4157,-0.120599,2.89192,-0.223664,
1.96181,-29.1431,1.74364,27.4232,-0.115167,2.88645,-0.220887,
1.96228,-29.1454,1.74198,27.4301,-0.138967,2.88073,-0.25173,
1.96184,-29.1471,1.73329,27.4371,-0.188111,2.87863,-0.312352,
1.96631,-29.1493,1.73181,27.4443,-0.195026,2.86871,-0.314837,
1.9706,-29.1479,1.73901,27.4538,-0.169281,2.86994,-0.281682,
1.97462,-29.1426,1.75308,27.4661,-0.121945,2.88886,-0.226376,
1.97448,-29.1411,1.76242,27.475,-0.104165,2.89657,-0.212262,
1.97532,-29.1418,1.76175,27.4824,-0.121869,2.8979,-0.235528,
1.97562,-29.1429,1.75255,27.4897,-0.168252,2.89919,-0.290943,
1.98061,-29.1443,1.75025,27.4974,-0.173809,2.89302,-0.290161,
1.98606,-29.1429,1.7576,27.5075,-0.148066,2.89797,-0.255395,
1.98656,-29.1439,1.76286,27.5152,-0.145359,2.89681,-0.256792,
1.98556,-29.1452,1.76018,27.5225,-0.170555,2.89611,-0.291133,
1.98965,-29.1459,1.76195,27.5304,-0.162202,2.89208,-0.276493,
1.99466,-29.1435,1.77135,27.5411,-0.128084,2.90124,-0.232959,
1.99515,-29.1439,1.77743,27.549,-0.120438,2.90263,-0.228417,
1.99604,-29.1455,1.77497,27.5561,-0.145472,2.90075,-0.259822,
1.99563,-29.1466,1.76581,27.5634,-0.195524,2.90304,-0.321436,
2.00015,-29.1481,1.76423,27.571,-0.201663,2.89689,-0.322867,
2.00443,-29.1459,1.77159,27.5808,-0.174117,2.9017,-0.287544,
2.00844,-29.14,1.78601,27.5936,-0.124464,2.92418,-0.229523,
2.00829,-29.138,1.7953,27.6027,-0.10598,2.93474,-0.214518,
2.00904,-29.1383,1.79439,27.6105,-0.123905,2.93849,-0.238084,
2.00998,-29.1384,1.78711,27.6181,-0.16984,2.94354,-0.293826,
2.00952,-29.1379,1.77457,27.6263,-0.237663,2.95325,-0.377186,
2.01375,-29.1394,1.77253,27.634,-0.251394,2.9474,-0.389184,
2.01752,-29.138,1.78135,27.6438,-0.224769,2.94884,-0.357236,
2.02025,-29.1322,1.7971,27.6562,-0.171754,2.9661,-0.297814,
2.02312,-29.1225,1.8169,27.6715,-0.104366,3.00217,-0.222763,
2.02265,-29.1185,1.82892,27.6821,-0.0745671,3.02009,-0.195597,
2.0232,-29.1172,1.8299,27.6909,-0.0834724,3.02935,-0.209029,
2.02476,-29.117,1.8225,27.699,-0.125252,3.03505,-0.258015,
2.02643,-29.1166,1.81036,27.7072,-0.192132,3.04164,-0.33699,
2.02628,-29.1157,1.79475,27.7162,-0.276946,3.05251,-0.440546,
2.0307,-29.1182,1.79212,27.7241,-0.298365,3.04116,-0.462175,
2.0344,-29.1186,1.80207,27.7338,-0.273037,3.03312,-0.432886,
2.03695,-29.115,1.81992,27.7459,-0.217081,3.03887,-0.37126,
2.03962,-29.1076,1.84214,27.7609,-0.144248,3.06268,-0.290818,
2.03913,-29.1058,1.8564,27.7713,-0.10838,3.06894,-0.256982,
2.03987,-29.1064,1.85931,27.7799,-0.111018,3.06726,-0.262914,
2.04182,-29.1079,1.85346,27.7878,-0.146644,3.06283,-0.303935,
2.04298,-29.1093,1.8407,27.7958,-0.207451,3.06004,-0.374478,
2.04891,-29.1127,1.83731,27.8036,-0.217841,3.04227,-0.377458,
2.05436,-29.113,1.84406,27.8134,-0.190372,3.03238,-0.339257,
2.05934,-29.1097,1.85848,27.826,-0.138297,3.03905,-0.275687,
2.06019,-29.1104,1.86749,27.835,-0.117638,3.03382,-0.255224,
2.06142,-29.1124,1.86726,27.8427,-0.131367,3.02528,-0.272344,
2.06217,-29.1144,1.85824,27.8503,-0.174688,3.01811,-0.322681,
2.06791,-29.1171,1.85604,27.8581,-0.17616,3.00201,-0.314729,
2.07423,-29.1169,1.86345,27.8683,-0.145946,2.99738,-0.272028,
2.0758,-29.1192,1.86783,27.876,-0.141614,2.98643,-0.268279,
2.07699,-29.1217,1.86518,27.8831,-0.167184,2.97652,-0.299427,
2.07703,-29.1235,1.85556,27.8905,-0.218366,2.9717,-0.361249,
2.08215,-29.1258,1.85394,27.8979,-0.222941,2.95763,-0.359256,
2.08702,-29.1245,1.86161,27.9076,-0.191908,2.955,-0.318198,
2.09162,-29.1191,1.87653,27.9203,-0.13772,2.97127,-0.253214,
2.09202,-29.1176,1.88585,27.9294,-0.116123,2.97636,-0.232929,
2.09278,-29.1174,1.88574,27.9372,-0.129919,2.97861,-0.251473,
2.09416,-29.1172,1.87833,27.9449,-0.174067,2.98219,-0.303994,
2.09422,-29.1163,1.86509,27.9531,-0.241561,2.99087,-0.385501,
2.0991,-29.1174,1.86235,27.9608,-0.254219,2.98393,-0.394366,
2.10346,-29.1156,1.87056,27.9706,-0.225842,2.98482,-0.358506,
2.10709,-29.11,1.88781,27.9834,-0.169478,3.00348,-0.29434,
2.10774,-29.1096,1.89725,27.9923,-0.149695,3.00531,-0.276244,
2.10875,-29.1107,1.89711,28.0001,-0.165009,3.00302,-0.296365,
2.11012,-29.1118,1.89004,28.0077,-0.20962,3.00247,-0.349702,
2.10998,-29.1118,1.87755,28.016,-0.276237,3.0079,-0.430928,
2.11453,-29.1139,1.87625,28.0236,-0.285114,2.99757,-0.436319,
2.11859,-29.113,1.88615,28.0333,-0.25159,2.99544,-0.395294,
2.12246,-29.1083,1.90425,28.046,-0.190682,3.01002,-0.325171,
2.12322,-29.1085,1.91462,28.0548,-0.166067,3.00883,-0.30101,
2.12437,-29.1101,1.91526,28.0625,-0.176798,3.00423,-0.315253,
2.12561,-29.1111,1.90824,28.0702,-0.217234,3.00192,-0.363047,
2.12722,-29.1066,1.89909,28.0809,-0.265222,3.02166,-0.420122,
2.13191,-29.103,1.90093,28.0913,-0.260709,3.03188,-0.410911,
2.13599,-29.0965,1.91249,28.1036,-0.21896,3.05066,-0.361106,
2.14001,-29.0871,1.9309,28.1186,-0.154476,3.08472,-0.286977,
2.14121,-29.0843,1.9403,28.1289,-0.130282,3.09595,-0.262365,
2.14291,-29.0842,1.93926,28.1375,-0.14365,3.09833,-0.278037,
2.14505,-29.0849,1.93069,28.1457,-0.18811,3.09851,-0.328556,
2.14544,-29.0851,1.9169,28.1544,-0.254843,3.10286,-0.407759,
2.15047,-29.0877,1.91414,28.1624,-0.264811,3.08927,-0.412218,
2.1557,-29.0884,1.9239,28.1725,-0.232933,3.0822,-0.370993,
2.15578,-29.0912,1.93175,28.1806,-0.223859,3.0699,-0.366245,
2.15437,-29.094,1.93124,28.188,-0.243332,3.05923,-0.395052,
2.15919,-29.0973,1.93747,28.1962,-0.223528,3.04263,-0.367069,
2.16001,-29.1014,1.94135,28.2032,-0.226648,3.02536,-0.373943,
2.15926,-29.1047,1.93785,28.2101,-0.256272,3.01313,-0.412872,
2.16389,-29.108,1.94065,28.2174,-0.242422,2.99411,-0.390186,
2.16951,-29.1077,1.95258,28.2274,-0.196819,2.98963,-0.331649,
2.17153,-29.1107,1.95866,28.2347,-0.183225,2.97595,-0.316091,
2.17329,-29.1138,1.95675,28.2414,-0.201693,2.96405,-0.337316,
2.17374,-29.1157,1.94714,28.2484,-0.247139,2.95892,-0.390727,
2.17746,-29.118,1.94872,28.2556,-0.238953,2.94618,-0.376165,
2.18196,-29.1168,1.96101,28.2655,-0.195816,2.94888,-0.323319,
2.18318,-29.1185,1.96734,28.2729,-0.185159,2.94331,-0.313651,
2.18427,-29.1201,1.96572,28.2798,-0.206616,2.94011,-0.340773,
2.18406,-29.1205,1.95649,28.2871,-0.254823,2.94394,-0.399836,
2.18729,-29.1217,1.95871,28.2945,-0.247806,2.93888,-0.388709,
2.19138,-29.1194,1.97185,28.3046,-0.204675,2.94832,-0.337709,
2.19219,-29.1201,1.97907,28.3123,-0.19392,2.94907,-0.329776,
2.19168,-29.1207,1.97642,28.3195,-0.215229,2.95168,-0.358541,
2.19605,-29.1213,1.9829,28.3276,-0.193657,2.95181,-0.32981,
2.19762,-29.1234,1.9846,28.3345,-0.200903,2.94835,-0.339958,
2.19747,-29.1246,1.97823,28.3414,-0.236277,2.94993,-0.383942,
2.20084,-29.1257,1.98164,28.349,-0.221763,2.94647,-0.363459,
2.20525,-29.1228,1.99472,28.3594,-0.175051,2.95951,-0.307117,
2.20644,-29.1232,2.00112,28.3672,-0.163378,2.96258,-0.296599,
2.20762,-29.1238,1.99897,28.3744,-0.185721,2.96668,-0.324666,
2.20755,-29.1233,1.98886,28.382,-0.236074,2.97676,-0.385981,
2.21103,-29.1238,1.99016,28.3898,-0.230881,2.97698,-0.376362,
2.21538,-29.1208,2.00248,28.4003,-0.189218,2.99093,-0.326409,
2.21626,-29.1211,2.00887,28.4083,-0.180874,2.99503,-0.32103,
2.21701,-29.1215,2.00718,28.4158,-0.20548,3.00005,-0.353379,
2.21648,-29.1209,1.9978,28.4236,-0.257213,3.01091,-0.418106,
2.21959,-29.1215,2.00029,28.4316,-0.251013,3.01004,-0.408782,
2.22374,-29.1192,2.01383,28.4421,-0.206506,3.02066,-0.356244,
2.2245,-29.1201,2.0213,28.45,-0.195361,3.02137,-0.348073,
2.22484,-29.1207,2.01986,28.4577,-0.217308,3.02294,-0.377546,
2.22579,-29.1147,2.01551,28.4687,-0.246768,3.05034,-0.415219,
2.22909,-29.1088,2.022,28.4799,-0.225613,3.07274,-0.390123,
2.23323,-29.1003,2.03776,28.4936,-0.172516,3.10717,-0.329018,
2.23431,-29.0974,2.04567,28.5035,-0.158037,3.12281,-0.316918,
2.23569,-29.0963,2.04395,28.5123,-0.180067,3.13241,-0.344979,
2.23733,-29.0953,2.03555,28.5209,-0.231746,3.14227,-0.407136,
2.23727,-29.0936,2.02202,28.5302,-0.30511,3.15683,-0.497329,
2.24227,-29.0951,2.02079,28.5385,-0.313784,3.14934,-0.5021,
2.24683,-29.0942,2.03163,28.5487,-0.275271,3.14656,-0.454381,
2.25108,-29.0897,2.05103,28.5619,-0.206886,3.15939,-0.3745,
2.25099,-29.0893,2.06449,28.5714,-0.173086,3.1596,-0.341919,
2.25227,-29.0911,2.06603,28.5794,-0.180187,3.15261,-0.351754,
2.25442,-29.093,2.05921,28.5872,-0.22023,3.14584,-0.397714,
2.25507,-29.0939,2.04648,28.5956,-0.283412,3.14533,-0.472694,
2.26093,-29.0973,2.04451,28.6032,-0.286575,3.12596,-0.467102,
2.26639,-29.0974,2.05361,28.6128,-0.246285,3.11485,-0.413331,
2.27127,-29.0934,2.07163,28.6255,-0.177521,3.12328,-0.330243,
2.27322,-29.0946,2.08058,28.6341,-0.150205,3.11442,-0.298738,
2.27562,-29.0973,2.07892,28.6415,-0.16167,3.10196,-0.30945,
2.27837,-29.0995,2.06968,28.6488,-0.20511,3.09239,-0.356608,
2.28068,-29.1002,2.05656,28.6565,-0.27251,3.09033,-0.434253,
2.28044,-29.099,2.04054,28.6653,-0.356433,3.09913,-0.536625,
2.28317,-29.1015,2.04211,28.6728,-0.362629,3.08483,-0.543592,
2.2854,-29.1013,2.05704,28.6821,-0.318015,3.07741,-0.494587,
2.28711,-29.0961,2.07921,28.6941,-0.242731,3.08848,-0.411834,
2.28988,-29.0864,2.10483,28.7094,-0.152514,3.12224,-0.31088,
2.29122,-29.0838,2.11756,28.7194,-0.112658,3.13113,-0.267583,
2.2939,-29.084,2.11715,28.7275,-0.117044,3.13083,-0.269987,
2.29744,-29.0849,2.10745,28.7351,-0.157328,3.12872,-0.311567,
2.30075,-29.085,2.09281,28.743,-0.224288,3.13067,-0.385842,
2.3016,-29.0838,2.07468,28.7518,-0.309686,3.14071,-0.486651,
2.30515,-29.0864,2.07377,28.7594,-0.320023,3.12736,-0.495678,
