0.00297694,0.000766317,-0.000118623,-0.00109485,-0.000538356,0.000279029,-0.000142242,0.000766317,0.00153186,0.00113868,0.000506902,-0.00134734,0.000278961,-4.13571e-05,-0.000118623,0.00113868,0.00293949,0.000711281,0.000400484,0.00236211,-0.000208992,-0.00109485,0.000506902,0.000711281,0.00254428,0.000556332,-0.00136366,9.45471e-06,-0.000538356,-0.00134734,0.000400484,0.000556332,0.0332656,0.000774982,-0.00216263,0.000279029,0.000278961,0.00236211,-0.00136366,0.000774982,0.0283847,0.000172047,-0.000142242,-4.13571e-05,-0.000208992,9.4547e-06,-0.00216263,0.000172047,0.0467718,
0.00297691,0,-0.000116006,0,-0.000542107,0.000276704,-0.000141941,0.000765026,0,0.00113929,0,-0.00134768,0.000274958,-4.11784e-05,-0.000116006,0,0.00294313,0,0.000399229,0.00236145,-0.00020903,-0.00109638,0,0.000710169,0,0.000549848,-0.00137031,1.05101e-05,-0.000542107,0,0.000399229,0,0.0332792,0.000779806,-0.00216295,0.000276704,0,0.00236145,0,0.000779806,0.0283907,0.000171962,-0.000141941,0,-0.00020903,0,-0.00216295,0.000171962,0.0467718,
0.00297859,0,-0.000112945,-0.00109741,-0.000547498,0.000274972,-0.000141618,0.000763693,0,0.00113944,0.000508216,-0.00134748,0.000270612,-4.09384e-05,-0.000112945,0,0.00294671,0.000709028,0.000398662,0.00236103,-0.000209001,-0.00109741,0,0.000709028,0.00254727,0.000540269,-0.00137923,1.18288e-05,-0.000547498,0,0.000398662,0.000540269,0.0332983,0.00078593,-0.00216321,0.000274972,0,0.00236103,-0.00137923,0.000785929,0.0284,0.000171701,-0.000141618,0,-0.000209001,1.18288e-05,-0.00216321,0.000171701,0.0467717,
0.00298175,0,-0.000110148,-0.00109768,-0.000553466,0.000274715,-0.000141326,0.00076262,0,0.00113904,0.000510257,-0.00134672,0.000266678,-4.06872e-05,-0.000110148,0,0.00294944,0.000708138,0.000398348,0.0023615,-0.000208824,-0.00109768,0,0.000708138,0.00254878,0.000529838,-0.00138803,1.31687e-05,-0.000553466,0,0.000398348,0.000529838,0.0333208,0.000792639,-0.00216346,0.000274715,0,0.0023615,-0.00138803,0.000792639,0.0284112,0.00017124,-0.000141326,0,-0.000208824,1.31687e-05,-0.00216346,0.00017124,0.0467716,
0.00298621,0,-0.000108188,-0.00109745,-0.000559152,0.000274891,-0.000141097,0.000761892,0,0.00113844,0.000512394,-0.00134597,0.000263206,-4.04648e-05,-0.000108188,0,0.00295231,0.000707516,0.000398691,0.00236121,-0.000208669,-0.00109745,0,0.000707516,0.00254987,0.000518936,-0.00139761,1.44841e-05,-0.000559152,0,0.000398691,0.000518936,0.0333405,0.000798546,-0.00216364,0.000274891,0,0.00236121,-0.00139761,0.000798546,0.0284219,0.000170763,-0.000141097,0,-0.000208669,1.44841e-05,-0.00216364,0.000170763,0.0467715,
0.0029917,0,-0.000106998,-0.00109685,-0.000564621,0.000275854,-0.000140912,0.000761459,0,0.00113768,0.00051455,-0.00134517,0.000259856,-4.02587e-05,-0.000106998,0,0.00295534,0.000707106,0.000398986,0.00236078,-0.000208457,-0.00109685,0,0.000707106,0.00255049,0.000507764,-0.00140748,1.57838e-05,-0.000564621,0,0.000398986,0.000507764,0.0333602,0.000804423,-0.00216377,0.000275854,0,0.00236078,-0.00140748,0.000804423,0.0284327,0.000170213,-0.000140912,0,-0.000208457,1.57838e-05,-0.00216377,0.000170213,0.0467715,
0.00299808,0,-0.000106501,-0.0010959,-0.000569794,0.000277263,-0.00014077,0.00076129,0,0.00113681,0.000516691,-0.00134437,0.000256768,-4.0075e-05,-0.000106502,0,0.00295852,0.000706891,0.000399515,0.00235994,-0.000208237,-0.0010959,0,0.000706891,0.00255072,0.000496411,-0.00141772,1.70549e-05,-0.000569794,0,0.000399515,0.000496411,0.0333785,0.00080988,-0.00216386,0.000277262,0,0.00235994,-0.00141772,0.00080988,0.0284431,0.000169644,-0.00014077,0,-0.000208237,1.70549e-05,-0.00216386,0.000169644,0.0467714,
0.00300519,0,-0.000106591,-0.00109467,-0.000574759,0.00027916,-0.00014066,0.000761341,0,0.00113583,0.000518832,-0.00134354,0.00025384,-3.99071e-05,-0.000106591,0,0.00296178,0.00070683,0.000400118,0.00235887,-0.000207988,-0.00109467,0,0.00070683,0.00255062,0.000484856,-0.00142824,1.831e-05,-0.000574759,0,0.000400118,0.000484856,0.0333963,0.000815192,-0.00216391,0.00027916,0,0.00235887,-0.00142824,0.000815192,0.0284535,0.000169043,-0.00014066,0,-0.000207988,1.831e-05,-0.00216391,0.000169043,0.0467713,
0.00301294,0,-0.000107193,-0.00109318,-0.00057952,0.000281431,-0.000140579,0.000761581,0,0.00113475,0.000520967,-0.00134269,0.000251083,-3.97544e-05,-0.000107193,0,0.00296514,0.000706905,0.00040083,0.00235756,-0.000207721,-0.00109318,0,0.000706905,0.00255023,0.000473148,-0.00143899,1.95463e-05,-0.00057952,0,0.00040083,0.000473148,0.0334133,0.000820292,-0.00216393,0.000281431,0,0.00235756,-0.00143899,0.000820292,0.0284638,0.00016843,-0.000140579,0,-0.000207721,1.95463e-05,-0.00216393,0.00016843,0.0467713,
0.00302124,0,-0.000108238,-0.00109146,-0.000584112,0.000284045,-0.000140521,0.000761982,0,0.0011336,0.000523099,-0.00134181,0.000248462,-3.96143e-05,-0.000108238,0,0.00296857,0.000707091,0.000401605,0.00235605,-0.000207433,-0.00109146,0,0.000707091,0.0025496,0.000461295,-0.00144994,2.07677e-05,-0.000584112,0,0.000401605,0.000461295,0.0334298,0.000825253,-0.00216391,0.000284045,0,0.00235605,-0.00144994,0.000825253,0.028474,0.000167806,-0.000140521,0,-0.000207433,2.07677e-05,-0.00216391,0.000167806,0.0467712,
0.00302983,0.000762466,-0.000109497,-0.00108957,-0.000588628,0.000286878,-0.000140475,0.000762466,0.00150677,0.00113238,0.000525294,-0.00134087,0.000245999,-3.94816e-05,-0.000109497,0.00113238,0.0029719,0.000707348,0.000402447,0.00235448,-0.000207129,-0.00108957,0.000525294,0.000707348,0.00254887,0.000449424,-0.00146085,2.19679e-05,-0.000588628,-0.00134087,0.000402447,0.000449424,0.0334459,0.000830077,-0.00216386,0.000286878,0.000245999,0.00235448,-0.00146085,0.000830077,0.0284841,0.000167183,-0.000140475,-3.94816e-05,-0.000207129,2.1968e-05,-0.00216386,0.000167183,0.0467712,
0.0030386,0.000763001,-0.000110901,-0.00108754,-0.000593097,0.000289865,-0.000140435,0.000763001,0.00150454,0.00113109,0.000527535,-0.00133986,0.000243651,-3.93541e-05,-0.000110901,0.00113109,0.00297516,0.000707646,0.000403317,0.00235289,-0.000206808,-0.00108754,0.000527535,0.000707646,0.00254808,0.000437534,-0.00147172,2.31534e-05,-0.000593097,-0.00133986,0.000403317,0.000437534,0.0334617,0.000834841,-0.00216377,0.000289865,0.000243651,0.00235289,-0.00147172,0.000834841,0.0284942,0.000166568,-0.000140435,-3.9354e-05,-0.000206808,2.31534e-05,-0.00216377,0.000166568,0.0467711,
0.00304749,0.000763569,-0.000112413,-0.00108542,-0.000597521,0.000292949,-0.000140398,0.000763569,0.00150234,0.00112977,0.000529804,-0.0013388,0.000241394,-3.92307e-05,-0.000112413,0.00112977,0.00297834,0.000707971,0.00040419,0.00235127,-0.000206474,-0.00108542,0.000529804,0.000707971,0.00254725,0.000425658,-0.00148253,2.43241e-05,-0.000597521,-0.0013388,0.00040419,0.000425658,0.0334772,0.00083954,-0.00216366,0.000292949,0.000241394,0.00235127,-0.00148253,0.00083954,0.0285043,0.000165968,-0.000140398,-3.92307e-05,-0.000206474,2.43241e-05,-0.00216366,0.000165968,0.046771,
0.00305645,0.000764154,-0.000114004,-0.00108321,-0.00060191,0.000296095,-0.000140362,0.000764154,0.00150017,0.00112843,0.000532091,-0.0013377,0.000239205,-3.91107e-05,-0.000114004,0.00112843,0.00298148,0.000708313,0.000405047,0.00234963,-0.000206128,-0.00108321,0.000532091,0.000708313,0.00254641,0.000413805,-0.00149328,2.54818e-05,-0.00060191,-0.0013377,0.000405047,0.000413805,0.0334925,0.000844189,-0.00216351,0.000296095,0.000239205,0.00234963,-0.00149328,0.000844189,0.0285143,0.00016539,-0.000140362,-3.91107e-05,-0.000206128,2.54818e-05,-0.00216351,0.00016539,0.0467709,
0.00306544,0.000764747,-0.000115654,-0.00108095,-0.000606267,0.000299277,-0.000140325,0.000764747,0.00149801,0.00112706,0.000534388,-0.00133656,0.000237072,-3.89934e-05,-0.000115654,0.00112706,0.00298458,0.000708665,0.000405876,0.00234795,-0.000205774,-0.00108095,0.000534388,0.000708665,0.00254555,0.000401984,-0.00150397,2.66271e-05,-0.000606267,-0.00133656,0.000405876,0.000401984,0.0335075,0.000848792,-0.00216334,0.000299277,0.000237072,0.00234795,-0.00150397,0.000848792,0.0285242,0.000164836,-0.000140325,-3.89934e-05,-0.000205774,2.66271e-05,-0.00216334,0.000164836,0.0467708,
0.00307445,0.000765341,-0.000117349,-0.00107863,-0.000610596,0.000302477,-0.000140287,0.000765341,0.00149587,0.00112569,0.00053669,-0.00133539,0.000234983,-3.88784e-05,-0.000117349,0.00112569,0.00298764,0.00070902,0.000406667,0.00234624,-0.000205412,-0.00107863,0.00053669,0.00070902,0.0025447,0.000390202,-0.00151459,2.77607e-05,-0.000610596,-0.00133539,0.000406667,0.000390202,0.0335223,0.000853354,-0.00216313,0.000302477,0.000234984,0.00234624,-0.00151459,0.000853354,0.028534,0.000164306,-0.000140287,-3.88784e-05,-0.000205412,2.77607e-05,-0.00216313,0.000164306,0.0467707,
0.00308346,0.000765932,-0.00011908,-0.00107627,-0.000614901,0.000305683,-0.000140247,0.000765932,0.00149374,0.0011243,0.000538993,-0.00133418,0.000232934,-3.87654e-05,-0.00011908,0.0011243,0.00299068,0.000709376,0.000407416,0.00234449,-0.000205042,-0.00107627,0.000538993,0.000709376,0.00254384,0.000378461,-0.00152514,2.88832e-05,-0.000614901,-0.00133418,0.000407416,0.000378461,0.0335368,0.000857877,-0.00216289,0.000305683,0.000232934,0.00234449,-0.00152514,0.000857877,0.0285438,0.000163802,-0.000140247,-3.87654e-05,-0.000205042,2.88832e-05,-0.00216289,0.000163802,0.0467706,
0.00309246,0.000766516,-0.000120838,-0.00107388,-0.000619183,0.000308886,-0.000140203,0.000766516,0.00149163,0.00112291,0.000541296,-0.00133295,0.000230917,-3.86543e-05,-0.000120838,0.00112291,0.00299369,0.00070973,0.00040812,0.00234272,-0.000204665,-0.00107388,0.000541296,0.00070973,0.002543,0.000366765,-0.00153562,2.99948e-05,-0.000619183,-0.00133295,0.00040812,0.000366765,0.0335511,0.000862365,-0.00216262,0.000308886,0.000230917,0.00234272,-0.00153562,0.000862365,0.0285535,0.000163324,-0.000140203,-3.86543e-05,-0.000204665,2.99948e-05,-0.00216262,0.000163324,0.0467705,
0.00310143,0.000767091,-0.000122621,-0.00107145,-0.000623442,0.000312081,-0.000140157,0.000767091,0.00148953,0.00112152,0.000543595,-0.00133169,0.000228932,-3.85449e-05,-0.000122621,0.00112152,0.00299668,0.000710081,0.000408777,0.00234092,-0.000204281,-0.00107145,0.000543595,0.000710081,0.00254216,0.000355114,-0.00154604,3.10957e-05,-0.000623442,-0.00133169,0.000408777,0.000355114,0.0335652,0.000866816,-0.00216232,0.000312081,0.000228931,0.00234092,-0.00154604,0.000866816,0.0285631,0.000162869,-0.000140157,-3.85449e-05,-0.000204281,3.10957e-05,-0.00216232,0.00016287,0.0467704,
0.00311038,0.000767656,-0.000124425,-0.00106899,-0.00062768,0.000315262,-0.000140107,0.000767656,0.00148744,0.00112012,0.00054589,-0.0013304,0.000226974,-3.84373e-05,-0.000124425,0.00112012,0.00299965,0.000710427,0.000409385,0.00233908,-0.000203891,-0.00106899,0.00054589,0.000710427,0.00254133,0.00034351,-0.00155639,3.21861e-05,-0.00062768,-0.0013304,0.000409385,0.00034351,0.0335791,0.000871233,-0.00216199,0.000315262,0.000226974,0.00233908,-0.00155639,0.000871233,0.0285726,0.00016244,-0.000140107,-3.84373e-05,-0.000203891,3.21861e-05,-0.00216199,0.00016244,0.0467703,
0.00311931,0.000768211,-0.000126246,-0.0010665,-0.000631897,0.000318429,-0.000140053,0.000768211,0.00148536,0.00111872,0.000548181,-0.00132908,0.000225044,-3.83312e-05,-0.000126246,0.00111872,0.00300259,0.000710767,0.000409945,0.00233721,-0.000203494,-0.0010665,0.000548181,0.000710767,0.00254052,0.000331954,-0.00156667,3.32661e-05,-0.000631897,-0.00132908,0.000409945,0.000331954,0.0335927,0.000875615,-0.00216164,0.000318429,0.000225044,0.00233721,-0.00156667,0.000875615,0.0285821,0.000162032,-0.000140053,-3.83312e-05,-0.000203494,3.32661e-05,-0.00216164,0.000162032,0.0467701,
0.0031282,0.000768754,-0.000128085,-0.00106398,-0.000636093,0.000321577,-0.000139996,0.000768754,0.00148329,0.00111732,0.000550465,-0.00132774,0.000223139,-3.82268e-05,-0.000128085,0.00111732,0.00300552,0.000711103,0.000410457,0.00233531,-0.000203092,-0.00106398,0.000550465,0.000711103,0.00253972,0.000320445,-0.00157688,3.43359e-05,-0.000636093,-0.00132774,0.000410457,0.000320445,0.0336061,0.000879963,-0.00216125,0.000321577,0.000223139,0.00233531,-0.00157688,0.000879963,0.0285914,0.000161647,-0.000139996,-3.82268e-05,-0.000203092,3.43359e-05,-0.00216125,0.000161647,0.04677,
0.00313706,0.000769285,-0.00012994,-0.00106144,-0.000640268,0.000324707,-0.000139935,0.000769285,0.00148122,0.00111592,0.000552744,-0.00132638,0.00022126,-3.81239e-05,-0.00012994,0.00111592,0.00300843,0.000711432,0.00041092,0.00233338,-0.000202683,-0.00106144,0.000552744,0.000711432,0.00253894,0.000308984,-0.00158703,3.53954e-05,-0.000640268,-0.00132638,0.00041092,0.000308984,0.0336193,0.000884276,-0.00216083,0.000324707,0.00022126,0.00233338,-0.00158703,0.000884276,0.0286007,0.000161283,-0.000139935,-3.81239e-05,-0.000202683,3.53954e-05,-0.00216083,0.000161283,0.0467698,
0.00314589,0.000769804,-0.000131809,-0.00105887,-0.000644422,0.000327818,-0.000139869,0.000769804,0.00147917,0.00111452,0.000555017,-0.00132499,0.000219406,-3.80226e-05,-0.000131809,0.00111452,0.00301133,0.000711754,0.000411335,0.00233142,-0.000202268,-0.00105887,0.000555017,0.000711754,0.00253816,0.000297571,-0.00159712,3.64446e-05,-0.000644422,-0.00132499,0.000411335,0.000297571,0.0336323,0.000888555,-0.00216039,0.000327818,0.000219406,0.00233142,-0.00159712,0.000888555,0.0286099,0.000160939,-0.000139869,-3.80227e-05,-0.000202268,3.64446e-05,-0.00216039,0.000160939,0.0467697,
0.00315468,0.00077031,-0.000133694,-0.00105627,-0.000648555,0.000330908,-0.0001398,0.000770311,0.00147713,0.00111312,0.000557283,-0.00132357,0.000217576,-3.79231e-05,-0.000133694,0.00111312,0.0030142,0.000712071,0.000411704,0.00232943,-0.000201847,-0.00105627,0.000557283,0.000712071,0.00253741,0.000286207,-0.00160714,3.74837e-05,-0.000648555,-0.00132357,0.000411704,0.000286207,0.0336451,0.000892799,-0.00215991,0.000330908,0.000217576,0.00232943,-0.00160714,0.000892799,0.028619,0.000160613,-0.0001398,-3.79231e-05,-0.000201847,3.74837e-05,-0.00215991,0.000160613,0.0467695,
0.00316343,0.000770805,-0.000135592,-0.00105365,-0.000652666,0.000333979,-0.000139726,0.000770805,0.0014751,0.00111172,0.000559542,-0.00132213,0.000215771,-3.7825e-05,-0.000135592,0.00111172,0.00301706,0.000712381,0.000412026,0.00232741,-0.00020142,-0.00105365,0.000559542,0.000712381,0.00253666,0.00027489,-0.00161709,3.85126e-05,-0.000652666,-0.00132213,0.000412026,0.00027489,0.0336576,0.000897008,-0.00215941,0.000333979,0.000215771,0.00232741,-0.00161709,0.000897008,0.028628,0.000160306,-0.000139726,-3.7825e-05,-0.00020142,3.85126e-05,-0.00215941,0.000160306,0.0467693,
0.00317215,0.000771288,-0.000137505,-0.00105101,-0.000656755,0.000337029,-0.000139648,0.000771288,0.00147308,0.00111032,0.000561795,-0.00132067,0.00021399,-3.77287e-05,-0.000137505,0.00111032,0.0030199,0.000712685,0.000412302,0.00232536,-0.000200987,-0.00105101,0.000561795,0.000712685,0.00253593,0.000263621,-0.00162699,3.95314e-05,-0.000656755,-0.00132067,0.000412302,0.000263621,0.03367,0.000901182,-0.00215887,0.000337029,0.00021399,0.00232536,-0.00162699,0.000901182,0.028637,0.000160015,-0.000139648,-3.77287e-05,-0.000200987,3.95314e-05,-0.00215887,0.000160015,0.0467692,
0.00318084,0.000771759,-0.000139431,-0.00104834,-0.000660823,0.000340058,-0.000139566,0.000771759,0.00147107,0.00110892,0.00056404,-0.00131918,0.000212233,-3.76339e-05,-0.000139431,0.00110892,0.00302272,0.000712983,0.000412534,0.00232327,-0.000200548,-0.00104834,0.00056404,0.000712983,0.00253522,0.000252401,-0.00163681,4.054e-05,-0.000660823,-0.00131918,0.000412534,0.000252401,0.0336821,0.00090532,-0.00215831,0.000340058,0.000212233,0.00232327,-0.00163681,0.00090532,0.0286458,0.000159741,-0.000139566,-3.76339e-05,-0.000200548,4.054e-05,-0.00215831,0.000159741,0.046769,
0.00318948,0.000772219,-0.000141371,-0.00104564,-0.000664868,0.000343067,-0.00013948,0.000772219,0.00146907,0.00110752,0.000566279,-0.00131767,0.0002105,-3.75408e-05,-0.000141371,0.00110752,0.00302553,0.000713274,0.00041272,0.00232116,-0.000200103,-0.00104565,0.000566279,0.000713274,0.00253451,0.000241229,-0.00164658,4.15384e-05,-0.000664868,-0.00131767,0.00041272,0.000241229,0.0336941,0.000909424,-0.00215773,0.000343067,0.0002105,0.00232116,-0.00164658,0.000909424,0.0286546,0.000159482,-0.00013948,-3.75408e-05,-0.000200103,4.15384e-05,-0.00215773,0.000159482,0.0467688,
0.00319809,0.000772666,-0.000143324,-0.00104293,-0.00066889,0.000346056,-0.00013939,0.000772666,0.00146708,0.00110612,0.000568511,-0.00131613,0.000208792,-3.74493e-05,-0.000143324,0.00110612,0.00302832,0.000713559,0.000412863,0.00231902,-0.000199653,-0.00104293,0.000568511,0.000713559,0.00253383,0.000230105,-0.00165628,4.25268e-05,-0.00066889,-0.00131613,0.000412863,0.000230106,0.0337058,0.000913493,-0.00215711,0.000346056,0.000208792,0.00231902,-0.00165628,0.000913493,0.0286633,0.000159237,-0.00013939,-3.74494e-05,-0.000199653,4.25268e-05,-0.00215711,0.000159237,0.0467686,
0.00320667,0.000773102,-0.00014529,-0.00104019,-0.000672889,0.000349025,-0.000139295,0.000773102,0.00146509,0.00110472,0.000570736,-0.00131457,0.000207107,-3.73596e-05,-0.00014529,0.00110472,0.0030311,0.000713838,0.000412963,0.00231685,-0.000199196,-0.00104019,0.000570736,0.000713838,0.00253315,0.000219031,-0.00166592,4.35049e-05,-0.000672889,-0.00131457,0.000412963,0.000219031,0.0337173,0.000917526,-0.00215646,0.000349025,0.000207107,0.00231685,-0.00166592,0.000917526,0.0286719,0.000159006,-0.000139296,-3.73596e-05,-0.000199196,4.35049e-05,-0.00215646,0.000159006,0.0467684,
0.0032152,0.000773527,-0.00014727,-0.00103742,-0.000676866,0.000351974,-0.000139197,0.000773527,0.00146312,0.00110332,0.000572953,-0.00131299,0.000205446,-3.72715e-05,-0.00014727,0.00110332,0.00303386,0.000714112,0.00041302,0.00231464,-0.000198734,-0.00103742,0.000572953,0.000714112,0.00253249,0.000208004,-0.0016755,4.44729e-05,-0.000676866,-0.00131299,0.00041302,0.000208004,0.0337287,0.000921523,-0.00215579,0.000351974,0.000205446,0.00231464,-0.0016755,0.000921523,0.0286804,0.000158789,-0.000139197,-3.72715e-05,-0.000198734,4.44729e-05,-0.00215579,0.000158789,0.0467682,
0.0032237,0.00077394,-0.000149263,-0.00103463,-0.000680818,0.000354903,-0.000139094,0.00077394,0.00146116,0.00110192,0.000575164,-0.00131139,0.000203809,-3.71851e-05,-0.000149263,0.00110192,0.0030366,0.000714379,0.000413035,0.00231242,-0.000198267,-0.00103463,0.000575164,0.000714379,0.00253184,0.000197027,-0.00168502,4.54308e-05,-0.000680818,-0.00131139,0.000413035,0.000197027,0.0337398,0.000925485,-0.00215509,0.000354903,0.000203809,0.00231242,-0.00168502,0.000925485,0.0286889,0.000158583,-0.000139094,-3.71851e-05,-0.000198267,4.54308e-05,-0.00215509,0.000158583,0.046768,
0.00323217,0.000774343,-0.000151269,-0.00103182,-0.000684747,0.000357813,-0.000138987,0.000774343,0.0014592,0.00110053,0.000577367,-0.00130976,0.000202196,-3.71004e-05,-0.000151269,0.00110053,0.00303933,0.00071464,0.000413009,0.00231016,-0.000197793,-0.00103182,0.000577367,0.00071464,0.00253121,0.000186099,-0.00169447,4.63786e-05,-0.000684747,-0.00130976,0.000413009,0.000186099,0.0337507,0.000929412,-0.00215437,0.000357813,0.000202196,0.00231016,-0.00169447,0.000929412,0.0286972,0.00015839,-0.000138987,-3.71004e-05,-0.000197793,4.63786e-05,-0.00215437,0.00015839,0.0467678,
0.00324059,0.000774734,-0.000153288,-0.00102899,-0.000688652,0.000360703,-0.000138876,0.000774734,0.00145726,0.00109913,0.000579563,-0.00130811,0.000200607,-3.70174e-05,-0.000153288,0.00109913,0.00304204,0.000714896,0.000412942,0.00230787,-0.000197314,-0.00102899,0.000579563,0.000714896,0.00253059,0.000175219,-0.00170386,4.73162e-05,-0.000688652,-0.00130811,0.000412942,0.000175219,0.0337615,0.000933304,-0.00215361,0.000360703,0.000200607,0.00230787,-0.00170386,0.000933304,0.0287055,0.000158208,-0.000138876,-3.70174e-05,-0.000197314,4.73162e-05,-0.00215361,0.000158208,0.0467676,
0.00324898,0.000775114,-0.000155319,-0.00102614,-0.000692532,0.000363574,-0.000138761,0.000775114,0.00145533,0.00109773,0.000581752,-0.00130643,0.000199042,-3.69361e-05,-0.000155319,0.00109773,0.00304473,0.000715146,0.000412834,0.00230556,-0.00019683,-0.00102614,0.000581752,0.000715146,0.00252998,0.00016439,-0.00171319,4.82437e-05,-0.000692532,-0.00130643,0.000412834,0.00016439,0.033772,0.00093716,-0.00215284,0.000363574,0.000199042,0.00230556,-0.00171319,0.00093716,0.0287137,0.000158037,-0.000138761,-3.69362e-05,-0.00019683,4.82436e-05,-0.00215284,0.000158037,0.0467674,
0.00325733,0.000775483,-0.000157363,-0.00102326,-0.000696387,0.000366427,-0.000138642,0.000775483,0.0014534,0.00109634,0.000583933,-0.00130474,0.0001975,-3.68566e-05,-0.000157363,0.00109634,0.00304741,0.000715391,0.000412686,0.00230322,-0.00019634,-0.00102326,0.000583933,0.000715391,0.00252939,0.00015361,-0.00172246,4.91611e-05,-0.000696387,-0.00130474,0.000412686,0.00015361,0.0337824,0.000940981,-0.00215203,0.000366427,0.0001975,0.00230322,-0.00172246,0.000940981,0.0287219,0.000157876,-0.000138642,-3.68566e-05,-0.00019634,4.91611e-05,-0.00215203,0.000157876,0.0467671,
0.00326564,0.000775842,-0.00015942,-0.00102036,-0.000700218,0.00036926,-0.000138519,0.000775842,0.00145149,0.00109495,0.000586107,-0.00130302,0.000195982,-3.67787e-05,-0.00015942,0.00109495,0.00305008,0.000715629,0.000412499,0.00230085,-0.000195845,-0.00102036,0.000586107,0.000715629,0.00252881,0.000142879,-0.00173167,5.00683e-05,-0.000700218,-0.00130302,0.000412499,0.000142879,0.0337926,0.000944767,-0.0021512,0.00036926,0.000195982,0.00230085,-0.00173167,0.000944767,0.0287299,0.000157725,-0.000138519,-3.67787e-05,-0.000195845,5.00683e-05,-0.0021512,0.000157725,0.0467669,
0.00327391,0.00077619,-0.000161489,-0.00101744,-0.000704024,0.000372075,-0.000138392,0.00077619,0.00144958,0.00109355,0.000588274,-0.00130128,0.000194487,-3.67026e-05,-0.000161489,0.00109355,0.00305273,0.000715863,0.000412273,0.00229846,-0.000195345,-0.00101744,0.000588274,0.000715863,0.00252824,0.000132199,-0.00174081,5.09656e-05,-0.000704024,-0.00130128,0.000412273,0.000132199,0.0338025,0.000948519,-0.00215034,0.000372075,0.000194487,0.00229846,-0.00174081,0.000948519,0.0287379,0.000157583,-0.000138392,-3.67026e-05,-0.000195345,5.09656e-05,-0.00215034,0.000157583,0.0467667,
0.00328214,0.000776528,-0.00016357,-0.00101449,-0.000707804,0.000374871,-0.000138261,0.000776528,0.00144769,0.00109216,0.000590433,-0.00129951,0.000193016,-3.66281e-05,-0.00016357,0.00109216,0.00305536,0.000716091,0.000412009,0.00229604,-0.000194839,-0.00101449,0.000590433,0.000716091,0.00252769,0.000121569,-0.0017499,5.18528e-05,-0.000707804,-0.00129951,0.000412009,0.000121569,0.0338123,0.000952235,-0.00214946,0.000374871,0.000193016,0.00229604,-0.0017499,0.000952235,0.0287458,0.00015745,-0.000138261,-3.66281e-05,-0.000194839,5.18528e-05,-0.00214946,0.00015745,0.0467664,
0.00329033,0.000776855,-0.000165663,-0.00101153,-0.000711559,0.000377649,-0.000138126,0.000776855,0.0014458,0.00109077,0.000592585,-0.00129773,0.000191568,-3.65554e-05,-0.000165663,0.00109077,0.00305799,0.000716313,0.000411706,0.00229359,-0.000194329,-0.00101153,0.000592585,0.000716313,0.00252715,0.00011099,-0.00175892,5.27299e-05,-0.000711559,-0.00129773,0.000411706,0.00011099,0.033822,0.000955917,-0.00214856,0.000377649,0.000191568,0.00229359,-0.00175892,0.000955917,0.0287536,0.000157327,-0.000138126,-3.65554e-05,-0.000194329,5.27299e-05,-0.00214856,0.000157327,0.0467662,
0.00329849,0.000777172,-0.000167768,-0.00100854,-0.000715287,0.000380409,-0.000137987,0.000777172,0.00144393,0.00108938,0.000594729,-0.00129592,0.000190143,-3.64844e-05,-0.000167768,0.00108938,0.00306059,0.000716531,0.000411366,0.00229112,-0.000193813,-0.00100854,0.000594729,0.000716531,0.00252662,0.000100461,-0.00176788,5.3597e-05,-0.000715287,-0.00129592,0.000411366,0.000100461,0.0338314,0.000959564,-0.00214763,0.000380409,0.000190143,0.00229112,-0.00176788,0.000959564,0.0287614,0.000157211,-0.000137987,-3.64844e-05,-0.000193813,5.3597e-05,-0.00214763,0.000157211,0.046766,
0.00330661,0.000777479,-0.000169885,-0.00100554,-0.00071899,0.000383151,-0.000137845,0.000777479,0.00144206,0.001088,0.000596866,-0.0012941,0.000188742,-3.64151e-05,-0.000169885,0.001088,0.00306318,0.000716743,0.000410989,0.00228862,-0.000193293,-0.00100554,0.000596866,0.000716743,0.00252611,8.99832e-05,-0.00177678,5.44541e-05,-0.00071899,-0.0012941,0.000410989,8.99832e-05,0.0338406,0.000963178,-0.00214667,0.000383151,0.000188742,0.00228862,-0.00177678,0.000963178,0.0287691,0.000157103,-0.000137845,-3.64151e-05,-0.000193293,5.44541e-05,-0.00214667,0.000157103,0.0467657,
0.00331468,0.000777775,-0.000172013,-0.00100251,-0.000722667,0.000385875,-0.000137698,0.000777775,0.0014402,0.00108661,0.000598995,-0.00129225,0.000187363,-3.63476e-05,-0.000172013,0.00108661,0.00306576,0.00071695,0.000410576,0.0022861,-0.000192767,-0.00100251,0.000598995,0.00071695,0.00252561,7.95563e-05,-0.00178562,5.53012e-05,-0.000722667,-0.00129225,0.000410576,7.95563e-05,0.0338497,0.000966757,-0.00214569,0.000385875,0.000187363,0.0022861,-0.00178562,0.000966757,0.0287767,0.000157003,-0.000137698,-3.63475e-05,-0.000192767,5.53012e-05,-0.00214569,0.000157003,0.0467655,
0.00332272,0.000778062,-0.000174153,-0.000999462,-0.000726317,0.000388582,-0.000137548,0.000778062,0.00143835,0.00108522,0.000601116,-0.00129038,0.000186008,-3.62817e-05,-0.000174153,0.00108522,0.00306832,0.000717152,0.000410126,0.00228356,-0.000192237,-0.000999462,0.000601116,0.000717152,0.00252512,6.91807e-05,-0.0017944,5.61384e-05,-0.000726317,-0.00129038,0.000410126,6.91807e-05,0.0338586,0.000970303,-0.00214469,0.000388582,0.000186008,0.00228356,-0.0017944,0.000970303,0.0287842,0.00015691,-0.000137548,-3.62817e-05,-0.000192237,5.61384e-05,-0.00214469,0.00015691,0.0467652,
0.00333072,0.000778339,-0.000176303,-0.000996395,-0.00072994,0.000391272,-0.000137394,0.000778339,0.00143652,0.00108384,0.00060323,-0.00128849,0.000184675,-3.62175e-05,-0.000176303,0.00108384,0.00307087,0.000717349,0.00040964,0.00228099,-0.000191703,-0.000996395,0.00060323,0.000717349,0.00252464,5.88566e-05,-0.00180312,5.69657e-05,-0.00072994,-0.00128849,0.00040964,5.88565e-05,0.0338673,0.000973815,-0.00214367,0.000391272,0.000184675,0.00228099,-0.00180312,0.000973815,0.0287917,0.000156825,-0.000137394,-3.62175e-05,-0.000191703,5.69657e-05,-0.00214367,0.000156825,0.046765,
0.00333867,0.000778606,-0.000178465,-0.000993308,-0.000733537,0.000393944,-0.000137236,0.000778606,0.00143469,0.00108246,0.000605336,-0.00128659,0.000183365,-3.61551e-05,-0.000178465,0.00108246,0.00307341,0.000717541,0.000409119,0.00227839,-0.000191163,-0.000993308,0.000605336,0.000717541,0.00252418,4.85841e-05,-0.00181178,5.7783e-05,-0.000733537,-0.00128659,0.000409119,4.8584e-05,0.0338759,0.000977294,-0.00214262,0.000393944,0.000183365,0.00227839,-0.00181178,0.000977294,0.028799,0.000156746,-0.000137236,-3.61551e-05,-0.000191163,5.7783e-05,-0.00214262,0.000156746,0.0467647,
0.00334659,0.000778864,-0.000180638,-0.000990201,-0.000737106,0.0003966,-0.000137075,0.000778864,0.00143287,0.00108108,0.000607434,-0.00128466,0.000182078,-3.60943e-05,-0.000180638,0.00108108,0.00307593,0.000717728,0.000408562,0.00227578,-0.000190619,-0.000990201,0.000607434,0.000717728,0.00252372,3.83633e-05,-0.00182038,5.85905e-05,-0.000737106,-0.00128466,0.000408562,3.83633e-05,0.0338843,0.00098074,-0.00214155,0.0003966,0.000182078,0.00227578,-0.00182038,0.00098074,0.0288063,0.000156674,-0.000137075,-3.60943e-05,-0.00019062,5.85905e-05,-0.00214155,0.000156674,0.0467645,
0.00335447,0.000779112,-0.000182822,-0.000987075,-0.000740649,0.000399238,-0.00013691,0.000779112,0.00143106,0.0010797,0.000609524,-0.00128271,0.000180813,-3.60353e-05,-0.000182822,0.0010797,0.00307844,0.00071791,0.000407972,0.00227314,-0.000190071,-0.000987075,0.000609524,0.00071791,0.00252329,2.81946e-05,-0.00182892,5.93882e-05,-0.000740649,-0.00128271,0.000407972,2.81947e-05,0.0338925,0.000984153,-0.00214045,0.000399238,0.000180813,0.00227314,-0.00182892,0.000984153,0.0288136,0.000156608,-0.00013691,-3.60353e-05,-0.000190071,5.93882e-05,-0.00214045,0.000156608,0.0467642,
0.00336231,0.00077935,-0.000185016,-0.00098393,-0.000744164,0.00040186,-0.000136741,0.00077935,0.00142926,0.00107832,0.000611607,-0.00128074,0.00017957,-3.59779e-05,-0.000185016,0.00107832,0.00308093,0.000718087,0.000407347,0.00227048,-0.000189519,-0.00098393,0.000611607,0.000718087,0.00252286,1.80781e-05,-0.00183739,6.01761e-05,-0.000744164,-0.00128074,0.000407347,1.80781e-05,0.0339005,0.000987534,-0.00213934,0.00040186,0.00017957,0.00227048,-0.00183739,0.000987534,0.0288207,0.000156548,-0.000136741,-3.59779e-05,-0.000189519,6.0176e-05,-0.00213934,0.000156548,0.046764,
0.0033701,0.00077958,-0.000187221,-0.000980766,-0.000747652,0.000404466,-0.000136569,0.00077958,0.00142747,0.00107694,0.000613681,-0.00127875,0.00017835,-3.59222e-05,-0.000187221,0.00107694,0.00308341,0.000718259,0.000406688,0.00226779,-0.000188962,-0.000980766,0.000613681,0.000718259,0.00252244,8.01384e-06,-0.00184581,6.09542e-05,-0.000747652,-0.00127875,0.000406688,8.01381e-06,0.0339084,0.000990883,-0.0021382,0.000404466,0.00017835,0.00226779,-0.00184581,0.000990883,0.0288278,0.000156495,-0.000136569,-3.59222e-05,-0.000188962,6.09542e-05,-0.0021382,0.000156495,0.0467637,
0.00337786,0.000779799,-0.000189435,-0.000977584,-0.000751112,0.000407055,-0.000136393,0.000779799,0.00142569,0.00107557,0.000615748,-0.00127674,0.000177152,-3.58682e-05,-0.000189435,0.00107557,0.00308588,0.000718427,0.000405996,0.00226509,-0.000188401,-0.000977584,0.000615748,0.000718427,0.00252204,-1.9979e-06,-0.00185417,6.17226e-05,-0.000751112,-0.00127674,0.000405996,-1.9979e-06,0.0339161,0.0009942,-0.00213704,0.000407055,0.000177152,0.00226509,-0.00185417,0.0009942,0.0288349,0.000156447,-0.000136393,-3.58682e-05,-0.000188401,6.17226e-05,-0.00213704,0.000156447,0.0467634,
0.00338557,0.00078001,-0.00019166,-0.000974384,-0.000754544,0.000409628,-0.000136214,0.00078001,0.00142391,0.00107419,0.000617807,-0.00127472,0.000175976,-3.58159e-05,-0.00019166,0.00107419,0.00308834,0.00071859,0.000405271,0.00226236,-0.000187836,-0.000974384,0.000617807,0.00071859,0.00252165,-1.1957e-05,-0.00186247,6.24814e-05,-0.000754544,-0.00127472,0.000405271,-1.1957e-05,0.0339237,0.000997486,-0.00213586,0.000409628,0.000175976,0.00226236,-0.00186247,0.000997486,0.0288418,0.000156404,-0.000136214,-3.58159e-05,-0.000187836,6.24814e-05,-0.00213586,0.000156404,0.0467632,
0.00339324,0.000780212,-0.000193895,-0.000971166,-0.000757949,0.000412184,-0.000136032,0.000780212,0.00142215,0.00107282,0.000619858,-0.00127267,0.000174821,-3.57652e-05,-0.000193895,0.00107282,0.00309078,0.000718748,0.000404514,0.00225961,-0.000187267,-0.000971166,0.000619858,0.000718748,0.00252127,-2.18634e-05,-0.00187071,6.32304e-05,-0.000757949,-0.00127267,0.000404514,-2.18634e-05,0.033931,0.00100074,-0.00213466,0.000412184,0.000174821,0.00225961,-0.00187071,0.00100074,0.0288487,0.000156367,-0.000136032,-3.57652e-05,-0.000187267,6.32304e-05,-0.00213466,0.000156367,0.0467629,
0.00340088,0.000780404,-0.000196139,-0.00096793,-0.000761325,0.000414725,-0.000135846,0.000780404,0.0014204,0.00107145,0.000621901,-0.00127061,0.000173689,-3.57162e-05,-0.000196139,0.00107145,0.00309321,0.000718902,0.000403724,0.00225684,-0.000186695,-0.00096793,0.000621901,0.000718902,0.0025209,-3.17169e-05,-0.00187888,6.39699e-05,-0.000761325,-0.00127061,0.000403724,-3.17169e-05,0.0339383,0.00100396,-0.00213344,0.000414725,0.000173689,0.00225684,-0.00187888,0.00100396,0.0288555,0.000156335,-0.000135846,-3.57162e-05,-0.000186695,6.39699e-05,-0.00213344,0.000156335,0.0467626,
0.00340847,0.000780588,-0.000198393,-0.000964677,-0.000764673,0.000417251,-0.000135657,0.000780588,0.00141865,0.00107009,0.000623936,-0.00126853,0.000172578,-3.56687e-05,-0.000198393,0.00107009,0.00309562,0.000719051,0.000402902,0.00225405,-0.000186118,-0.000964677,0.000623936,0.000719051,0.00252055,-4.15173e-05,-0.001887,6.46999e-05,-0.000764673,-0.00126853,0.000402902,-4.15173e-05,0.0339454,0.00100716,-0.0021322,0.000417251,0.000172578,0.00225405,-0.001887,0.00100716,0.0288622,0.000156308,-0.000135657,-3.56687e-05,-0.000186118,6.46999e-05,-0.0021322,0.000156308,0.0467623,
0.00341602,0.000780763,-0.000200656,-0.000961407,-0.000767994,0.00041976,-0.000135465,0.000780763,0.00141692,0.00106872,0.000625963,-0.00126643,0.000171488,-3.5623e-05,-0.000200656,0.00106872,0.00309803,0.000719196,0.000402049,0.00225124,-0.000185538,-0.000961407,0.000625963,0.000719196,0.00252021,-5.12646e-05,-0.00189506,6.54203e-05,-0.000767994,-0.00126643,0.000402049,-5.12646e-05,0.0339523,0.00101032,-0.00213094,0.00041976,0.000171488,0.00225124,-0.00189506,0.00101032,0.0288689,0.000156286,-0.000135465,-3.5623e-05,-0.000185538,6.54203e-05,-0.00213094,0.000156286,0.0467621,
0.00342352,0.000780929,-0.000202929,-0.000958119,-0.000771285,0.000422254,-0.000135269,0.000780929,0.00141519,0.00106735,0.000627982,-0.00126432,0.00017042,-3.55789e-05,-0.000202929,0.00106735,0.00310042,0.000719336,0.000401165,0.00224841,-0.000184954,-0.000958119,0.000627982,0.000719336,0.00251987,-6.09587e-05,-0.00190307,6.61313e-05,-0.000771285,-0.00126432,0.000401165,-6.09587e-05,0.033959,0.00101345,-0.00212965,0.000422254,0.00017042,0.00224841,-0.00190307,0.00101345,0.0288755,0.000156268,-0.000135269,-3.55789e-05,-0.000184954,6.61313e-05,-0.00212965,0.000156268,0.0467618,
0.00343099,0.000781087,-0.00020521,-0.000954816,-0.000774549,0.000424733,-0.000135071,0.000781087,0.00141347,0.00106599,0.000629993,-0.00126218,0.000169373,-3.55364e-05,-0.00020521,0.00106599,0.0031028,0.000719472,0.00040025,0.00224557,-0.000184367,-0.000954816,0.000629993,0.000719472,0.00251955,-7.05994e-05,-0.00191101,6.68328e-05,-0.000774549,-0.00126218,0.00040025,-7.05994e-05,0.0339656,0.00101656,-0.00212835,0.000424733,0.000169373,0.00224557,-0.00191101,0.00101656,0.028882,0.000156256,-0.000135071,-3.55364e-05,-0.000184367,6.68328e-05,-0.00212835,0.000156255,0.0467615,
0.00343841,0.000781236,-0.000207501,-0.000951495,-0.000777784,0.000427197,-0.000134869,0.000781236,0.00141177,0.00106463,0.000631996,-0.00126003,0.000168347,-3.54954e-05,-0.000207501,0.00106463,0.00310517,0.000719603,0.000399305,0.0022427,-0.000183777,-0.000951495,0.000631996,0.000719603,0.00251925,-8.01866e-05,-0.00191889,6.7525e-05,-0.000777784,-0.00126003,0.000399305,-8.01866e-05,0.0339721,0.00101963,-0.00212703,0.000427197,0.000168347,0.0022427,-0.00191889,0.00101963,0.0288885,0.000156247,-0.000134869,-3.54954e-05,-0.000183777,6.7525e-05,-0.00212703,0.000156247,0.0467612,
0.00344579,0.000781376,-0.000209799,-0.000948159,-0.00078099,0.000429646,-0.000134664,0.000781376,0.00141007,0.00106327,0.00063399,-0.00125786,0.000167341,-3.54561e-05,-0.000209799,0.00106327,0.00310753,0.00071973,0.00039833,0.00223981,-0.000183183,-0.000948159,0.00063399,0.00071973,0.00251895,-8.97203e-05,-0.00192671,6.82079e-05,-0.00078099,-0.00125786,0.00039833,-8.97203e-05,0.0339784,0.00102268,-0.00212569,0.000429646,0.000167341,0.00223981,-0.00192671,0.00102268,0.0288949,0.000156243,-0.000134664,-3.54561e-05,-0.000183183,6.82079e-05,-0.00212569,0.000156243,0.0467609,
0.00345313,0.000781508,-0.000212107,-0.000944807,-0.000784168,0.00043208,-0.000134456,0.000781508,0.00140838,0.00106192,0.000635977,-0.00125568,0.000166357,-3.54184e-05,-0.000212107,0.00106192,0.00310987,0.000719853,0.000397325,0.00223691,-0.000182585,-0.000944807,0.000635977,0.000719853,0.00251866,-9.92004e-05,-0.00193448,6.88815e-05,-0.000784168,-0.00125568,0.000397325,-9.92004e-05,0.0339846,0.0010257,-0.00212434,0.00043208,0.000166357,0.00223691,-0.00193448,0.0010257,0.0289013,0.000156243,-0.000134456,-3.54184e-05,-0.000182585,6.88815e-05,-0.00212434,0.000156243,0.0467606,
0.00346043,0.000781632,-0.000214422,-0.00094144,-0.000787317,0.000434499,-0.000134245,0.000781632,0.0014067,0.00106056,0.000637955,-0.00125347,0.000165393,-3.53823e-05,-0.000214422,0.00106056,0.0031122,0.000719971,0.000396291,0.00223398,-0.000181985,-0.00094144,0.000637955,0.000719971,0.00251839,-0.000108627,-0.00194219,6.95458e-05,-0.000787317,-0.00125347,0.000396291,-0.000108627,0.0339906,0.00102868,-0.00212296,0.000434499,0.000165393,0.00223398,-0.00194219,0.00102868,0.0289075,0.000156247,-0.000134245,-3.53823e-05,-0.000181985,6.95458e-05,-0.00212296,0.000156247,0.0467603,
0.00346768,0.000781748,-0.000216746,-0.000938057,-0.000790437,0.000436903,-0.000134031,0.000781748,0.00140503,0.00105921,0.000639925,-0.00125126,0.00016445,-3.53477e-05,-0.000216746,0.00105921,0.00311453,0.000720085,0.000395228,0.00223104,-0.000181382,-0.000938057,0.000639925,0.000720085,0.00251812,-0.000117999,-0.00194984,7.0201e-05,-0.000790437,-0.00125126,0.000395228,-0.000117999,0.0339965,0.00103165,-0.00212157,0.000436903,0.00016445,0.00223104,-0.00194984,0.00103165,0.0289137,0.000156256,-0.000134031,-3.53477e-05,-0.000181382,7.0201e-05,-0.00212157,0.000156256,0.0467601,
0.0034749,0.000781855,-0.000219078,-0.00093466,-0.000793528,0.000439293,-0.000133814,0.000781855,0.00140336,0.00105786,0.000641887,-0.00124902,0.000163527,-3.53147e-05,-0.000219078,0.00105786,0.00311684,0.000720194,0.000394137,0.00222808,-0.000180775,-0.00093466,0.000641887,0.000720194,0.00251787,-0.000127318,-0.00195743,7.08471e-05,-0.000793528,-0.00124902,0.000394137,-0.000127318,0.0340022,0.00103458,-0.00212016,0.000439293,0.000163527,0.00222808,-0.00195743,0.00103458,0.0289199,0.000156268,-0.000133814,-3.53147e-05,-0.000180775,7.08471e-05,-0.00212016,0.000156268,0.0467598,
0.00348207,0.000781955,-0.000221418,-0.000931248,-0.000796591,0.000441669,-0.000133595,0.000781955,0.00140171,0.00105651,0.000643841,-0.00124677,0.000162624,-3.52832e-05,-0.000221418,0.00105651,0.00311913,0.0007203,0.000393017,0.00222511,-0.000180166,-0.000931248,0.000643841,0.0007203,0.00251763,-0.000136583,-0.00196496,7.14841e-05,-0.000796591,-0.00124677,0.000393017,-0.000136583,0.0340078,0.00103749,-0.00211873,0.000441669,0.000162624,0.00222511,-0.00196496,0.00103749,0.028926,0.000156283,-0.000133595,-3.52832e-05,-0.000180166,7.14841e-05,-0.00211873,0.000156283,0.0467595,
0.00348919,0.000782047,-0.000223765,-0.000927821,-0.000799624,0.000444031,-0.000133372,0.000782047,0.00140007,0.00105517,0.000645787,-0.00124451,0.000161741,-3.52532e-05,-0.000223765,0.00105517,0.00312142,0.000720401,0.00039187,0.00222212,-0.000179554,-0.000927821,0.000645787,0.000720401,0.0025174,-0.000145794,-0.00197244,7.21121e-05,-0.000799624,-0.00124451,0.00039187,-0.000145794,0.0340133,0.00104037,-0.00211729,0.000444031,0.000161741,0.00222212,-0.00197244,0.00104037,0.028932,0.000156303,-0.000133372,-3.52532e-05,-0.000179554,7.21121e-05,-0.00211729,0.000156303,0.0467592,
0.00349628,0.00078213,-0.000226119,-0.00092438,-0.000802628,0.000446378,-0.000133147,0.00078213,0.00139843,0.00105382,0.000647724,-0.00124223,0.000160879,-3.52248e-05,-0.000226119,0.00105382,0.0031237,0.000720498,0.000390695,0.00221911,-0.000178939,-0.00092438,0.000647724,0.000720498,0.00251718,-0.000154951,-0.00197986,7.27311e-05,-0.000802628,-0.00124223,0.000390695,-0.000154951,0.0340186,0.00104322,-0.00211582,0.000446378,0.000160879,0.00221911,-0.00197986,0.00104322,0.0289379,0.000156326,-0.000133147,-3.52248e-05,-0.000178939,7.27311e-05,-0.00211582,0.000156326,0.0467589,
0.00350332,0.000782206,-0.000228481,-0.000920926,-0.000805604,0.000448712,-0.000132919,0.000782206,0.0013968,0.00105248,0.000649653,-0.00123993,0.000160036,-3.51978e-05,-0.000228481,0.00105248,0.00312597,0.000720591,0.000389493,0.00221608,-0.000178322,-0.000920926,0.000649653,0.000720591,0.00251697,-0.000164054,-0.00198722,7.33412e-05,-0.000805604,-0.00123993,0.000389493,-0.000164054,0.0340237,0.00104605,-0.00211435,0.000448712,0.000160036,0.00221608,-0.00198722,0.00104605,0.0289438,0.000156352,-0.000132919,-3.51978e-05,-0.000178322,7.33412e-05,-0.00211435,0.000156352,0.0467586,
0.00351032,0.000782275,-0.00023085,-0.000917457,-0.00080855,0.000451031,-0.000132688,0.000782275,0.00139518,0.00105114,0.000651574,-0.00123762,0.000159212,-3.51724e-05,-0.00023085,0.00105114,0.00312822,0.00072068,0.000388265,0.00221304,-0.000177702,-0.000917457,0.000651574,0.00072068,0.00251677,-0.000173103,-0.00199452,7.39425e-05,-0.00080855,-0.00123762,0.000388265,-0.000173103,0.0340288,0.00104885,-0.00211285,0.000451031,0.000159212,0.00221304,-0.00199452,0.00104885,0.0289497,0.000156382,-0.000132688,-3.51724e-05,-0.000177702,7.39425e-05,-0.00211285,0.000156382,0.0467583,
