0.00260154,0.000433158,4.82573e-05,-0.00138953,-9.10141e-05,4.55582e-05,0.000123039,0.000433158,0.00104513,0.00109434,0.000105479,-0.000945459,-0.000138453,6.07201e-05,4.82573e-05,0.00109434,0.00398441,0.000484186,-0.00194328,-0.000648347,5.06137e-05,-0.00138953,0.000105479,0.000484186,0.00290493,0.00168705,0.000685782,2.05102e-05,-9.10141e-05,-0.000945459,-0.00194328,0.00168705,0.0266569,0.000895002,0.0012271,4.55582e-05,-0.000138453,-0.000648347,0.000685782,0.000895002,0.0251108,0.000385837,0.000123039,6.07201e-05,5.06137e-05,2.05102e-05,0.0012271,0.000385837,0.0466823,
0.00260069,0,5.08063e-05,-0.00138905,-9.31783e-05,0,0.000122789,0.000432972,0,0.00109569,0.000108119,-0.000950962,0,6.04047e-05,5.08064e-05,0,0.00398042,0.000485563,-0.00194031,0,5.02413e-05,-0.00138905,0,0.000485563,0.00290573,0.00168412,0,2.04439e-05,-9.31782e-05,0,-0.00194031,0.00168412,0.0266512,0,0.00122637,4.72097e-05,0,-0.000650231,0.00068751,0.000899163,0,0.000386443,0.000122789,0,5.02413e-05,2.0444e-05,0.00122637,0,0.0466822,
0.00260082,0,5.34925e-05,-0.00138826,-9.65746e-05,0,0.000122401,0.000433097,0,0.00109727,0.000111287,-0.000957215,0,6.00102e-05,5.34925e-05,0,0.00397559,0.000487379,-0.00193725,0,4.9666e-05,-0.00138826,0,0.000487379,0.00290607,0.00168125,0,2.02772e-05,-9.65745e-05,0,-0.00193725,0.00168125,0.0266406,0,0.00122407,4.93338e-05,0,-0.000653359,0.000690152,0.000904553,0,0.000387204,0.000122401,0,4.96659e-05,2.02772e-05,0.00122407,0,0.0466819,
0.00260224,0,5.5653e-05,-0.00138733,-0.000100539,5.12351e-05,0.000122005,0.00043361,0,0.00109879,0.000114119,-0.000964506,-0.000137389,5.95614e-05,5.5653e-05,0,0.00397086,0.00048936,-0.00193323,-0.000656042,4.90774e-05,-0.00138733,0,0.00048936,0.00290565,0.00167833,0.000693513,2.01955e-05,-0.000100539,0,-0.00193323,0.00167833,0.0266307,0.000910006,0.00122191,5.12351e-05,0,-0.000656042,0.000693513,0.000910006,0.0251258,0.000388036,0.000122005,0,4.90774e-05,2.01955e-05,0.00122191,0.000388036,0.0466817,
0.00260486,0,5.72168e-05,-0.00138614,-0.000105113,5.32261e-05,0.000121557,0.000434647,0,0.00110039,0.000116789,-0.000971177,-0.000136557,5.91744e-05,5.72168e-05,0,0.00396594,0.000491511,-0.00192966,-0.000659471,4.84057e-05,-0.00138614,0,0.000491511,0.00290456,0.00167615,0.000696973,2.00667e-05,-0.000105113,0,-0.00192966,0.00167615,0.0266183,0.000915734,0.00121904,5.32261e-05,0,-0.000659471,0.000696973,0.000915734,0.0251319,0.00038899,0.000121557,0,4.84057e-05,2.00667e-05,0.00121904,0.00038899,0.0466813,
0.00260863,0,5.83365e-05,-0.00138481,-0.000110163,5.49783e-05,0.000121115,0.000436037,0,0.00110194,0.000119212,-0.000978618,-0.000135888,5.87511e-05,5.83364e-05,0,0.00396107,0.000493827,-0.00192532,-0.000662495,4.77328e-05,-0.00138481,0,0.000493827,0.00290283,0.00167392,0.00070087,2.00237e-05,-0.000110163,0,-0.00192532,0.00167392,0.026607,0.000921381,0.00121641,5.49783e-05,0,-0.000662495,0.00070087,0.000921381,0.025138,0.000389965,0.000121115,0,4.77328e-05,2.00236e-05,0.00121641,0.000389965,0.0466809,
0.00261336,0,5.90718e-05,-0.0013833,-0.000115607,5.65573e-05,0.000120684,0.000437747,0,0.00110344,0.000121521,-0.000985815,-0.000135288,5.83623e-05,5.90718e-05,0,0.00395622,0.000496262,-0.00192108,-0.000665572,4.70532e-05,-0.0013833,0,0.000496262,0.00290065,0.00167203,0.000704729,2.00054e-05,-0.000115607,0,-0.00192108,0.00167203,0.0265958,0.000926904,0.00121379,5.65573e-05,0,-0.000665573,0.000704729,0.000926904,0.0251441,0.000390977,0.000120684,0,4.70531e-05,2.00054e-05,0.00121379,0.000390977,0.0466806,
0.00261896,0,5.94632e-05,-0.00138166,-0.000121438,5.79992e-05,0.000120246,0.000439722,0,0.00110488,0.000123686,-0.000993278,-0.000134694,5.79631e-05,5.94632e-05,0,0.00395142,0.000498812,-0.00191655,-0.000668544,4.63604e-05,-0.00138166,0,0.000498812,0.00289799,0.00167022,0.000708885,2.00208e-05,-0.000121438,0,-0.00191655,0.00167022,0.0265848,0.000932421,0.00121116,5.79992e-05,0,-0.000668544,0.000708885,0.000932421,0.0251504,0.000392008,0.000120246,0,4.63604e-05,2.00208e-05,0.00121116,0.000392008,0.0466802,
0.00262531,0,5.95518e-05,-0.00137988,-0.000127563,5.92884e-05,0.000119816,0.000441934,0,0.00110628,0.000125749,-0.00100071,-0.000134174,5.75771e-05,5.95519e-05,0,0.00394665,0.000501456,-0.00191194,-0.000671458,4.56664e-05,-0.00137988,0,0.000501456,0.00289497,0.00166858,0.000713094,2.00652e-05,-0.000127563,0,-0.00191194,0.00166858,0.0265741,0.000937835,0.00120859,5.92885e-05,0,-0.000671458,0.000713094,0.000937835,0.0251566,0.00039305,0.000119816,0,4.56664e-05,2.00652e-05,0.00120859,0.00039305,0.0466798,
0.00263231,0,5.93683e-05,-0.00137798,-0.000133967,6.04672e-05,0.00011938,0.000444349,0,0.00110762,0.000127715,-0.00100824,-0.000133669,5.71901e-05,5.93683e-05,0,0.00394191,0.000504185,-0.00190716,-0.000674315,4.49643e-05,-0.00137798,0,0.000504185,0.00289161,0.00166701,0.000717478,2.01318e-05,-0.000133967,0,-0.00190716,0.00166701,0.0265636,0.000943222,0.00120601,6.04671e-05,0,-0.000674315,0.000717478,0.000943222,0.0251629,0.000394098,0.00011938,0,4.49643e-05,2.01318e-05,0.00120601,0.000394098,0.0466795,
0.00263987,0,5.89416e-05,-0.00137597,-0.000140594,6.15302e-05,0.000118945,0.000446946,0,0.00110892,0.000129601,-0.00101579,-0.000133214,5.68088e-05,5.89416e-05,0,0.00393721,0.000506986,-0.00190228,-0.000677112,4.42606e-05,-0.00137597,0,0.000506986,0.00288796,0.00166552,0.000721943,2.02206e-05,-0.000140594,0,-0.00190228,0.00166552,0.0265534,0.000948539,0.00120348,6.15302e-05,0,-0.000677112,0.000721943,0.000948539,0.0251691,0.000395145,0.000118945,0,4.42606e-05,2.02206e-05,0.00120348,0.000395145,0.0466791,
0.00264793,0,5.82951e-05,-0.00137386,-0.000147423,6.25004e-05,0.000118507,0.0004497,0,0.00111017,0.000131419,-0.00102337,-0.000132784,5.64286e-05,5.82951e-05,0,0.00393253,0.000509851,-0.00189728,-0.000679862,4.35529e-05,-0.00137386,0,0.000509851,0.00288406,0.00166407,0.000726523,2.03268e-05,-0.000147423,0,-0.00189728,0.00166407,0.0265432,0.000953818,0.00120096,6.25004e-05,0,-0.000679862,0.000726523,0.000953818,0.0251754,0.000396188,0.000118507,0,4.35528e-05,2.03268e-05,0.00120096,0.000396188,0.0466787,
0.00265643,0,5.74497e-05,-0.00137164,-0.000154419,6.33809e-05,0.000118066,0.000452595,0,0.00111139,0.000133178,-0.00103097,-0.000132392,5.60513e-05,5.74497e-05,0,0.00392789,0.000512771,-0.00189218,-0.000682562,4.28437e-05,-0.00137164,0,0.000512771,0.00287994,0.00166266,0.000731181,2.04494e-05,-0.000154419,0,-0.00189218,0.00166266,0.0265334,0.000959045,0.00119848,6.3381e-05,0,-0.000682562,0.000731181,0.000959045,0.0251818,0.000397223,0.000118066,0,4.28437e-05,2.04494e-05,0.00119848,0.000397223,0.0466783,
0.0026653,0,5.64228e-05,-0.00136934,-0.000161562,6.41839e-05,0.00011762,0.000455614,0,0.00111255,0.000134887,-0.00103858,-0.000132028,5.56753e-05,5.64228e-05,0,0.00392327,0.000515738,-0.00188698,-0.000685219,4.21327e-05,-0.00136934,0,0.000515738,0.00287563,0.00166127,0.000735923,2.05855e-05,-0.000161562,0,-0.00188698,0.00166127,0.0265236,0.000964232,0.00119601,6.41839e-05,0,-0.000685219,0.000735923,0.000964232,0.0251881,0.000398246,0.00011762,0,4.21327e-05,2.05855e-05,0.00119601,0.000398246,0.046678,
0.00267451,0,5.523e-05,-0.00136694,-0.000168828,6.49143e-05,0.000117171,0.000458742,0,0.00111369,0.000136555,-0.00104619,-0.000131696,5.53009e-05,5.523e-05,0,0.00391867,0.000518747,-0.00188169,-0.000687833,4.1421e-05,-0.00136694,0,0.000518747,0.00287114,0.00165988,0.000740731,2.07339e-05,-0.000168828,0,-0.00188169,0.00165988,0.0265141,0.000969376,0.00119357,6.49143e-05,0,-0.000687833,0.000740731,0.000969376,0.0251945,0.000399256,0.000117171,0,4.1421e-05,2.0734e-05,0.00119357,0.000399256,0.0466776,
0.002684,0.000461963,5.38964e-05,-0.00136446,-0.0001762,6.55826e-05,0.000116716,0.000461963,0.00107793,0.00111478,0.000138197,-0.00105379,-0.000131394,5.49274e-05,5.38964e-05,0.00111478,0.00391409,0.000521791,-0.00187632,-0.000690412,4.07087e-05,-0.00136446,0.000138197,0.000521791,0.00286652,0.00165847,0.000745598,2.08922e-05,-0.0001762,-0.00105379,-0.00187632,0.00165847,0.0265048,0.000974484,0.00119116,6.55826e-05,-0.000131394,-0.000690412,0.000745598,0.000974484,0.0252009,0.00040025,0.000116716,5.49273e-05,4.07087e-05,2.08922e-05,0.00119116,0.00040025,0.0466772,
0.00269364,0.000465232,5.24982e-05,-0.0013619,-0.000183644,6.62113e-05,0.000116257,0.000465232,0.00108048,0.00111584,0.000139865,-0.00106136,-0.00013113,5.45541e-05,5.24982e-05,0.00111584,0.00390949,0.000524866,-0.00187089,-0.000692987,3.99958e-05,-0.0013619,0.000139865,0.000524866,0.00286184,0.00165702,0.000750478,2.10551e-05,-0.000183644,-0.00106136,-0.00187089,0.00165702,0.0264955,0.000979571,0.00118876,6.62113e-05,-0.00013113,-0.000692987,0.000750478,0.000979571,0.0252074,0.000401222,0.000116257,5.45541e-05,3.99958e-05,2.10551e-05,0.00118876,0.000401222,0.0466769,
0.00270337,0.000468536,5.10408e-05,-0.00135928,-0.000191125,6.68121e-05,0.000115793,0.000468536,0.00108303,0.00111688,0.00014155,-0.0010689,-0.000130898,5.41813e-05,5.10408e-05,0.00111688,0.00390487,0.000527957,-0.00186542,-0.000695557,3.92831e-05,-0.00135928,0.00014155,0.000527957,0.00285712,0.00165551,0.000755371,2.12202e-05,-0.000191125,-0.0010689,-0.00186542,0.00165551,0.0264865,0.000984639,0.00118638,6.68122e-05,-0.000130898,-0.000695557,0.000755371,0.000984639,0.0252138,0.00040217,0.000115793,5.41813e-05,3.92831e-05,2.12202e-05,0.00118638,0.00040217,0.0466765,
0.00271317,0.000471866,4.95316e-05,-0.00135661,-0.000198618,6.73898e-05,0.000115322,0.000471866,0.00108559,0.00111789,0.000143251,-0.00107638,-0.000130696,5.38087e-05,4.95316e-05,0.00111789,0.00390026,0.000531059,-0.0018599,-0.000698119,3.85717e-05,-0.00135661,0.000143251,0.000531059,0.00285238,0.00165394,0.000760271,2.13868e-05,-0.000198618,-0.00107638,-0.0018599,0.00165394,0.0264775,0.000989685,0.00118402,6.73898e-05,-0.000130696,-0.000698119,0.000760271,0.000989685,0.0252203,0.000403094,0.000115322,5.38087e-05,3.85717e-05,2.13868e-05,0.00118402,0.000403094,0.0466762,
0.002723,0.000475213,4.79753e-05,-0.00135389,-0.000206111,6.79481e-05,0.000114846,0.000475213,0.00108816,0.00111887,0.000144965,-0.00108382,-0.000130521,5.34364e-05,4.79753e-05,0.00111887,0.00389563,0.000534164,-0.00185433,-0.00070067,3.7862e-05,-0.00135389,0.000144965,0.000534164,0.00284764,0.00165231,0.000765177,2.15538e-05,-0.000206111,-0.00108382,-0.00185433,0.00165231,0.0264687,0.000994709,0.00118168,6.79481e-05,-0.000130521,-0.00070067,0.000765177,0.000994709,0.0252268,0.000403994,0.000114846,5.34364e-05,3.7862e-05,2.15539e-05,0.00118168,0.000403994,0.0466758,
0.00273284,0.000478574,4.63751e-05,-0.00135112,-0.000213593,6.84888e-05,0.000114364,0.000478574,0.00109073,0.00111983,0.00014669,-0.0010912,-0.000130373,5.30642e-05,4.63751e-05,0.00111983,0.00389101,0.00053727,-0.00184872,-0.00070321,3.71545e-05,-0.00135112,0.000146691,0.00053727,0.00284289,0.00165061,0.000770088,2.17209e-05,-0.000213593,-0.0010912,-0.00184872,0.00165061,0.02646,0.00099971,0.00117935,6.84888e-05,-0.000130373,-0.00070321,0.000770088,0.00099971,0.0252333,0.000404869,0.000114364,5.30643e-05,3.71545e-05,2.17208e-05,0.00117935,0.000404869,0.0466755,
0.00274269,0.000481943,4.47331e-05,-0.00134831,-0.000221058,6.90133e-05,0.000113877,0.000481943,0.00109331,0.00112076,0.000148428,-0.00109853,-0.000130249,5.26924e-05,4.47331e-05,0.00112076,0.00388639,0.000540373,-0.00184307,-0.000705737,3.64494e-05,-0.00134831,0.000148428,0.000540373,0.00283814,0.00164885,0.000775003,2.18875e-05,-0.000221058,-0.00109853,-0.00184307,0.00164885,0.0264514,0.00100469,0.00117705,6.90133e-05,-0.000130249,-0.000705736,0.000775003,0.00100469,0.0252398,0.00040572,0.000113877,5.26924e-05,3.64494e-05,2.18875e-05,0.00117705,0.00040572,0.0466752,
0.00275254,0.00048532,4.30508e-05,-0.00134546,-0.000228501,6.95222e-05,0.000113383,0.00048532,0.00109588,0.00112166,0.000150176,-0.0011058,-0.000130149,5.23206e-05,4.30508e-05,0.00112166,0.00388178,0.000543474,-0.00183738,-0.00070825,3.57468e-05,-0.00134546,0.000150176,0.000543474,0.0028334,0.00164702,0.000779921,2.20535e-05,-0.000228501,-0.0011058,-0.00183738,0.00164702,0.026443,0.00100964,0.00117476,6.95222e-05,-0.000130149,-0.00070825,0.000779921,0.00100964,0.0252464,0.000406549,0.000113384,5.23206e-05,3.57468e-05,2.20535e-05,0.00117476,0.000406549,0.0466748,
0.00276239,0.000488703,4.1329e-05,-0.00134256,-0.000235919,7.0016e-05,0.000112885,0.000488703,0.00109846,0.00112254,0.000151936,-0.00111301,-0.000130073,5.19491e-05,4.13289e-05,0.00112254,0.00387717,0.000546569,-0.00183164,-0.00071075,3.50469e-05,-0.00134256,0.000151936,0.000546569,0.00282867,0.00164512,0.000784841,2.22188e-05,-0.000235919,-0.00111301,-0.00183164,0.00164512,0.0264346,0.00101457,0.00117249,7.00159e-05,-0.000130073,-0.00071075,0.000784841,0.00101457,0.0252529,0.000407355,0.000112885,5.19491e-05,3.50469e-05,2.22188e-05,0.00117249,0.000407355,0.0466745,
0.00277222,0.000492091,3.95682e-05,-0.00133963,-0.000243309,7.04947e-05,0.00011238,0.000492091,0.00110103,0.00112339,0.000153705,-0.00112017,-0.000130021,5.15777e-05,3.95682e-05,0.00112339,0.00387256,0.000549659,-0.00182587,-0.000713235,3.43497e-05,-0.00133963,0.000153705,0.000549659,0.00282395,0.00164316,0.000789764,2.23832e-05,-0.000243309,-0.00112017,-0.00182587,0.00164316,0.0264264,0.00101948,0.00117025,7.04947e-05,-0.000130021,-0.000713235,0.000789764,0.00101948,0.0252595,0.00040814,0.00011238,5.15777e-05,3.43497e-05,2.23832e-05,0.00117025,0.00040814,0.0466742,
0.00278205,0.000495483,3.77689e-05,-0.00133665,-0.00025067,7.09583e-05,0.00011187,0.000495483,0.0011036,0.00112422,0.000155486,-0.00112727,-0.000129991,5.12066e-05,3.77688e-05,0.00112422,0.00386796,0.000552743,-0.00182005,-0.000715706,3.36553e-05,-0.00133665,0.000155486,0.000552743,0.00281924,0.00164114,0.000794688,2.25467e-05,-0.00025067,-0.00112727,-0.00182005,0.00164114,0.0264183,0.00102437,0.00116801,7.09584e-05,-0.000129991,-0.000715706,0.000794688,0.00102437,0.0252661,0.000408905,0.00011187,5.12066e-05,3.36553e-05,2.25467e-05,0.00116801,0.000408905,0.0466739,
0.00279186,0.000498877,3.59312e-05,-0.00133364,-0.000258,7.14068e-05,0.000111355,0.000498877,0.00110617,0.00112502,0.000157277,-0.00113431,-0.000129985,5.08357e-05,3.59313e-05,0.00112502,0.00386337,0.00055582,-0.0018142,-0.000718162,3.29637e-05,-0.00133364,0.000157277,0.00055582,0.00281454,0.00163905,0.000799613,2.27093e-05,-0.000258,-0.00113431,-0.0018142,0.00163905,0.0264102,0.00102923,0.0011658,7.14069e-05,-0.000129985,-0.000718162,0.000799613,0.00102923,0.0252727,0.00040965,0.000111355,5.08357e-05,3.29637e-05,2.27092e-05,0.0011658,0.00040965,0.0466736,
0.00280165,0.000502275,3.40555e-05,-0.00133059,-0.000265297,7.18401e-05,0.000110834,0.000502275,0.00110874,0.00112579,0.000159078,-0.0011413,-0.000130001,5.0465e-05,3.40555e-05,0.00112579,0.00385879,0.00055889,-0.0018083,-0.000720604,3.22749e-05,-0.00133059,0.000159078,0.00055889,0.00280985,0.00163689,0.00080454,2.28708e-05,-0.000265297,-0.0011413,-0.0018083,0.00163689,0.0264023,0.00103407,0.00116361,7.184e-05,-0.000130001,-0.000720604,0.00080454,0.00103407,0.0252793,0.000410377,0.000110834,5.0465e-05,3.22749e-05,2.28708e-05,0.00116361,0.000410377,0.0466733,
0.00281143,0.000505674,3.21417e-05,-0.00132749,-0.000272561,7.22578e-05,0.000110309,0.000505674,0.00111131,0.00112654,0.000160889,-0.00114823,-0.00013004,5.00945e-05,3.21417e-05,0.00112654,0.00385421,0.000561953,-0.00180237,-0.00072303,3.1589e-05,-0.00132749,0.000160889,0.000561953,0.00280517,0.00163468,0.000809467,2.30313e-05,-0.000272561,-0.00114823,-0.00180237,0.00163468,0.0263945,0.00103888,0.00116143,7.22578e-05,-0.00013004,-0.00072303,0.000809467,0.00103888,0.025286,0.000411085,0.000110309,5.00945e-05,3.1589e-05,2.30313e-05,0.00116143,0.000411085,0.046673,
0.0028212,0.000509076,3.01899e-05,-0.00132436,-0.00027979,7.26599e-05,0.000109778,0.000509076,0.00111388,0.00112727,0.000162711,-0.00115511,-0.000130101,4.97243e-05,3.01899e-05,0.00112727,0.00384964,0.000565008,-0.0017964,-0.000725441,3.09059e-05,-0.00132436,0.000162711,0.000565008,0.00280051,0.00163239,0.000814394,2.31908e-05,-0.00027979,-0.00115511,-0.0017964,0.00163239,0.0263868,0.00104367,0.00115927,7.26599e-05,-0.000130101,-0.000725441,0.000814394,0.00104367,0.0252926,0.000411777,0.000109778,4.97243e-05,3.09059e-05,2.31908e-05,0.00115927,0.000411777,0.0466727,
0.00283095,0.000512479,2.82002e-05,-0.00132119,-0.000286984,7.30462e-05,0.000109242,0.000512479,0.00111644,0.00112796,0.000164544,-0.00116192,-0.000130184,4.93543e-05,2.82002e-05,0.00112796,0.00384507,0.000568055,-0.0017904,-0.000727836,3.02257e-05,-0.00132119,0.000164544,0.000568055,0.00279586,0.00163005,0.000819322,2.33492e-05,-0.000286984,-0.00116192,-0.0017904,0.00163005,0.0263792,0.00104844,0.00115712,7.30462e-05,-0.000130184,-0.000727836,0.000819322,0.00104844,0.0252993,0.000412452,0.000109242,4.93543e-05,3.02257e-05,2.33492e-05,0.00115712,0.000412452,0.0466724,
0.00284067,0.000515883,2.61728e-05,-0.00131799,-0.000294141,7.34164e-05,0.000108702,0.000515883,0.00111901,0.00112864,0.000166386,-0.00116868,-0.00013029,4.89846e-05,2.61728e-05,0.00112864,0.00384052,0.000571094,-0.00178435,-0.000730217,2.95484e-05,-0.00131799,0.000166386,0.000571094,0.00279122,0.00162764,0.000824249,2.35066e-05,-0.000294141,-0.00116868,-0.00178435,0.00162764,0.0263717,0.00105319,0.00115499,7.34164e-05,-0.00013029,-0.000730217,0.000824249,0.00105319,0.025306,0.000413112,0.000108702,4.89846e-05,2.95484e-05,2.35066e-05,0.00115499,0.000413112,0.0466721,
0.00285038,0.000519287,2.41075e-05,-0.00131474,-0.000301262,7.37703e-05,0.000108157,0.000519288,0.00112157,0.00112928,0.000168239,-0.00117539,-0.000130418,4.86152e-05,2.41075e-05,0.00112928,0.00383597,0.000574124,-0.00177827,-0.000732581,2.8874e-05,-0.00131474,0.000168239,0.000574124,0.0027866,0.00162517,0.000829175,2.36628e-05,-0.000301262,-0.00117539,-0.00177827,0.00162517,0.0263643,0.00105792,0.00115288,7.37703e-05,-0.000130418,-0.000732581,0.000829175,0.00105792,0.0253127,0.000413756,0.000108157,4.86152e-05,2.88741e-05,2.36628e-05,0.00115288,0.000413756,0.0466718,
0.00286008,0.000522693,2.20045e-05,-0.00131146,-0.000308344,7.41078e-05,0.000107606,0.000522693,0.00112412,0.00112991,0.000170103,-0.00118204,-0.000130567,4.8246e-05,2.20045e-05,0.00112991,0.00383144,0.000577145,-0.00177216,-0.00073493,2.82026e-05,-0.00131146,0.000170103,0.000577145,0.00278199,0.00162264,0.000834101,2.38179e-05,-0.000308344,-0.00118204,-0.00177216,0.00162264,0.026357,0.00106262,0.00115079,7.41078e-05,-0.000130567,-0.00073493,0.000834101,0.00106262,0.0253194,0.000414386,0.000107606,4.82459e-05,2.82026e-05,2.38179e-05,0.00115079,0.000414386,0.0466715,
0.00286975,0.000526098,1.98638e-05,-0.00130814,-0.000315387,7.44286e-05,0.000107052,0.000526098,0.00112668,0.0011305,0.000171977,-0.00118863,-0.000130738,4.7877e-05,1.98639e-05,0.0011305,0.00382691,0.000580157,-0.00176601,-0.000737263,2.7534e-05,-0.00130814,0.000171977,0.000580157,0.0027774,0.00162006,0.000839025,2.39719e-05,-0.000315387,-0.00118863,-0.00176601,0.00162006,0.0263498,0.0010673,0.00114871,7.44286e-05,-0.000130738,-0.000737263,0.000839025,0.0010673,0.0253261,0.000415002,0.000107052,4.78771e-05,2.7534e-05,2.39719e-05,0.00114871,0.000415002,0.0466712,
0.0028794,0.000529503,1.76856e-05,-0.00130478,-0.000322391,7.47326e-05,0.000106492,0.000529503,0.00112923,0.00113107,0.000173861,-0.00119517,-0.000130931,4.75084e-05,1.76856e-05,0.00113107,0.00382239,0.00058316,-0.00175982,-0.000739581,2.68685e-05,-0.00130478,0.000173861,0.00058316,0.00277282,0.00161741,0.000843947,2.41246e-05,-0.000322391,-0.00119517,-0.00175982,0.00161741,0.0263427,0.00107196,0.00114664,7.47326e-05,-0.000130931,-0.000739581,0.000843947,0.00107196,0.0253328,0.000415604,0.000106492,4.75084e-05,2.68685e-05,2.41246e-05,0.00114664,0.000415604,0.046671,
0.00288902,0.000532907,1.54698e-05,-0.00130138,-0.000329354,7.50195e-05,0.000105929,0.000532907,0.00113178,0.00113162,0.000175756,-0.00120165,-0.000131146,4.71401e-05,1.54698e-05,0.00113162,0.00381788,0.000586153,-0.0017536,-0.000741882,2.62058e-05,-0.00130138,0.000175756,0.000586153,0.00276825,0.0016147,0.000848868,2.42762e-05,-0.000329354,-0.00120165,-0.0017536,0.0016147,0.0263357,0.0010766,0.0011446,7.50195e-05,-0.000131146,-0.000741882,0.000848868,0.0010766,0.0253395,0.000416193,0.000105929,4.71401e-05,2.62058e-05,2.42762e-05,0.0011446,0.000416193,0.0466707,
0.00289863,0.000536311,1.32167e-05,-0.00129795,-0.000336276,7.52893e-05,0.000105361,0.000536311,0.00113433,0.00113214,0.000177661,-0.00120807,-0.000131381,4.6772e-05,1.32167e-05,0.00113214,0.00381337,0.000589137,-0.00174734,-0.000744168,2.55462e-05,-0.00129795,0.000177661,0.000589137,0.0027637,0.00161193,0.000853786,2.44267e-05,-0.000336276,-0.00120807,-0.00174734,0.00161193,0.0263287,0.00108121,0.00114256,7.52893e-05,-0.000131381,-0.000744168,0.000853786,0.00108121,0.0253463,0.00041677,0.000105361,4.6772e-05,2.55462e-05,2.44266e-05,0.00114256,0.00041677,0.0466704,
0.00290821,0.000539713,1.09261e-05,-0.00129448,-0.000343156,7.55418e-05,0.000104788,0.000539713,0.00113687,0.00113264,0.000179577,-0.00121444,-0.000131638,4.64043e-05,1.09261e-05,0.00113264,0.00380888,0.00059211,-0.00174105,-0.000746437,2.48895e-05,-0.00129448,0.000179577,0.00059211,0.00275917,0.00160911,0.000858702,2.45758e-05,-0.000343156,-0.00121444,-0.00174105,0.00160911,0.0263219,0.00108581,0.00114055,7.55418e-05,-0.000131638,-0.000746437,0.000858702,0.00108581,0.0253531,0.000417334,0.000104788,4.64043e-05,2.48895e-05,2.45758e-05,0.00114055,0.000417334,0.0466701,
0.00291777,0.000543113,8.59837e-06,-0.00129097,-0.000349993,7.57767e-05,0.000104212,0.000543113,0.00113941,0.00113311,0.000181502,-0.00122076,-0.000131916,4.6037e-05,8.5984e-06,0.00113311,0.0038044,0.000595073,-0.00173473,-0.00074869,2.42359e-05,-0.00129097,0.000181502,0.000595073,0.00275465,0.00160623,0.000863614,2.47238e-05,-0.000349993,-0.00122076,-0.00173473,0.00160623,0.0263151,0.00109038,0.00113854,7.57767e-05,-0.000131916,-0.00074869,0.000863614,0.00109038,0.0253598,0.000417887,0.000104212,4.60369e-05,2.42359e-05,2.47237e-05,0.00113854,0.000417887,0.0466699,
0.00292731,0.000546512,6.23351e-06,-0.00128742,-0.000356786,7.59941e-05,0.000103631,0.000546512,0.00114195,0.00113356,0.000183439,-0.00122702,-0.000132215,4.56698e-05,6.23351e-06,0.00113356,0.00379993,0.000598026,-0.00172837,-0.000750927,2.35853e-05,-0.00128742,0.000183439,0.000598026,0.00275015,0.00160329,0.000868524,2.48704e-05,-0.000356786,-0.00122702,-0.00172837,0.00160329,0.0263084,0.00109493,0.00113655,7.5994e-05,-0.000132215,-0.000750927,0.000868524,0.00109493,0.0253666,0.000418428,0.000103631,4.56699e-05,2.35853e-05,2.48704e-05,0.00113655,0.000418428,0.0466696,
0.00293682,0.000549908,3.8316e-06,-0.00128384,-0.000363535,7.61936e-05,0.000103046,0.000549908,0.00114448,0.00113398,0.000185386,-0.00123322,-0.000132535,4.53031e-05,3.83157e-06,0.00113398,0.00379547,0.000600967,-0.00172199,-0.000753148,2.29377e-05,-0.00128384,0.000185386,0.000600967,0.00274567,0.0016003,0.00087343,2.50157e-05,-0.000363535,-0.00123322,-0.00172199,0.0016003,0.0263018,0.00109947,0.00113458,7.61936e-05,-0.000132535,-0.000753148,0.00087343,0.00109947,0.0253734,0.000418959,0.000103046,4.5303e-05,2.29377e-05,2.50157e-05,0.00113458,0.000418959,0.0466693,
0.00294631,0.000553301,1.3928e-06,-0.00128022,-0.000370239,7.63752e-05,0.000102457,0.000553301,0.00114701,0.00113438,0.000187343,-0.00123937,-0.000132875,4.49367e-05,1.3928e-06,0.00113438,0.00379102,0.000603898,-0.00171557,-0.000755352,2.22933e-05,-0.00128022,0.000187343,0.000603898,0.0027412,0.00159726,0.000878332,2.51597e-05,-0.000370239,-0.00123937,-0.00171557,0.00159726,0.0262953,0.00110398,0.00113262,7.63752e-05,-0.000132875,-0.000755352,0.000878332,0.00110398,0.0253802,0.000419478,0.000102457,4.49366e-05,2.22932e-05,2.51597e-05,0.00113262,0.000419478,0.0466691,
0.00295577,0.000556692,-1.08277e-06,-0.00127657,-0.000376897,7.65388e-05,0.000101865,0.000556692,0.00114953,0.00113476,0.00018931,-0.00124546,-0.000133236,4.45705e-05,-1.08277e-06,0.00113476,0.00378658,0.000606817,-0.00170912,-0.00075754,2.16518e-05,-0.00127657,0.00018931,0.000606817,0.00273675,0.00159416,0.00088323,2.53024e-05,-0.000376897,-0.00124546,-0.00170912,0.00159416,0.0262888,0.00110847,0.00113068,7.65388e-05,-0.000133236,-0.00075754,0.00088323,0.00110847,0.025387,0.000419988,0.000101865,4.45706e-05,2.16518e-05,2.53024e-05,0.00113068,0.000419988,0.0466688,
0.0029652,0.000560079,-3.59496e-06,-0.00127288,-0.000383509,7.66843e-05,0.000101268,0.000560079,0.00115205,0.00113511,0.000191288,-0.0012515,-0.000133617,4.42048e-05,-3.59499e-06,0.00113511,0.00378215,0.000609724,-0.00170264,-0.000759711,2.10135e-05,-0.00127288,0.000191288,0.000609724,0.00273232,0.001591,0.000888123,2.54437e-05,-0.000383509,-0.0012515,-0.00170264,0.001591,0.0262825,0.00111295,0.00112875,7.66843e-05,-0.000133617,-0.000759711,0.000888123,0.00111295,0.0253938,0.000420487,0.000101268,4.42048e-05,2.10135e-05,2.54437e-05,0.00112875,0.000420487,0.0466686,
0.0029746,0.000563462,-6.14364e-06,-0.00126915,-0.000390073,7.68116e-05,0.000100668,0.000563462,0.00115457,0.00113544,0.000193276,-0.00125748,-0.000134018,4.38394e-05,-6.14364e-06,0.00113544,0.00377773,0.00061262,-0.00169613,-0.000761866,2.03783e-05,-0.00126915,0.000193276,0.00061262,0.00272791,0.00158779,0.000893012,2.55836e-05,-0.000390073,-0.00125748,-0.00169613,0.00158779,0.0262762,0.0011174,0.00112683,7.68116e-05,-0.000134018,-0.000761866,0.000893012,0.0011174,0.0254007,0.000420976,0.000100668,4.38394e-05,2.03784e-05,2.55836e-05,0.00112683,0.000420976,0.0466683,
0.00298398,0.000566842,-8.72866e-06,-0.00126539,-0.000396589,7.69204e-05,0.000100064,0.000566842,0.00115708,0.00113574,0.000195274,-0.00126341,-0.000134439,4.34744e-05,-8.72868e-06,0.00113574,0.00377333,0.000615503,-0.00168959,-0.000764003,1.97463e-05,-0.00126539,0.000195274,0.000615503,0.00272351,0.00158454,0.000897896,2.57221e-05,-0.000396589,-0.00126341,-0.00168959,0.00158454,0.02627,0.00112183,0.00112493,7.69204e-05,-0.000134439,-0.000764003,0.000897895,0.00112183,0.0254075,0.000421456,0.000100064,4.34743e-05,1.97463e-05,2.5722e-05,0.00112493,0.000421456,0.0466681,
0.00299333,0.000570217,-1.13499e-05,-0.0012616,-0.000403057,7.70109e-05,9.94565e-05,0.000570217,0.00115958,0.00113602,0.000197283,-0.00126929,-0.000134881,4.31097e-05,-1.13499e-05,0.00113602,0.00376894,0.000618374,-0.00168303,-0.000766125,1.91174e-05,-0.0012616,0.000197283,0.000618374,0.00271913,0.00158123,0.000902774,2.58591e-05,-0.000403057,-0.00126929,-0.00168303,0.00158123,0.0262638,0.00112625,0.00112304,7.70109e-05,-0.00013488,-0.000766125,0.000902774,0.00112625,0.0254143,0.000421926,9.94565e-05,4.31097e-05,1.91174e-05,2.58591e-05,0.00112304,0.000421926,0.0466678,
0.00300264,0.000573587,-1.40071e-05,-0.00125776,-0.000409475,7.70828e-05,9.88455e-05,0.000573587,0.00116209,0.00113627,0.000199301,-0.00127511,-0.000135341,4.27454e-05,-1.4007e-05,0.00113627,0.00376456,0.000621233,-0.00167643,-0.000768229,1.84917e-05,-0.00125776,0.000199301,0.000621233,0.00271477,0.00157787,0.000907646,2.59947e-05,-0.000409475,-0.00127511,-0.00167643,0.00157787,0.0262577,0.00113064,0.00112116,7.70828e-05,-0.000135341,-0.000768229,0.000907646,0.00113064,0.0254212,0.000422387,9.88455e-05,4.27454e-05,1.84917e-05,2.59947e-05,0.00112116,0.000422387,0.0466676,
0.00301193,0.000576953,-1.67001e-05,-0.0012539,-0.000415843,7.71361e-05,9.82311e-05,0.000576953,0.00116458,0.00113651,0.00020133,-0.00128087,-0.000135822,4.23815e-05,-1.67001e-05,0.00113651,0.00376019,0.000624078,-0.00166981,-0.000770316,1.78691e-05,-0.0012539,0.00020133,0.000624078,0.00271043,0.00157446,0.000912512,2.61288e-05,-0.000415843,-0.00128087,-0.00166981,0.00157446,0.0262517,0.00113502,0.0011193,7.71361e-05,-0.000135822,-0.000770316,0.000912512,0.00113502,0.025428,0.00042284,9.8231e-05,4.23814e-05,1.78691e-05,2.61288e-05,0.0011193,0.00042284,0.0466673,
0.00302119,0.000580313,-1.94288e-05,-0.00125,-0.000422161,7.71708e-05,9.76133e-05,0.000580313,0.00116707,0.00113672,0.000203369,-0.00128658,-0.000136321,4.20179e-05,-1.94288e-05,0.00113672,0.00375583,0.000626911,-0.00166316,-0.000772387,1.72498e-05,-0.00125,0.000203369,0.000626911,0.00270611,0.001571,0.000917373,2.62613e-05,-0.000422161,-0.00128658,-0.00166316,0.001571,0.0262458,0.00113938,0.00111745,7.71707e-05,-0.000136322,-0.000772387,0.000917373,0.00113938,0.0254349,0.000423283,9.76132e-05,4.20179e-05,1.72498e-05,2.62613e-05,0.00111745,0.000423283,0.0466671,
0.00303041,0.000583667,-2.2193e-05,-0.00124606,-0.000428428,7.71867e-05,9.69921e-05,0.000583667,0.00116956,0.0011369,0.000205418,-0.00129224,-0.00013684,4.16547e-05,-2.2193e-05,0.0011369,0.00375149,0.00062973,-0.00165648,-0.00077444,1.66337e-05,-0.00124606,0.000205418,0.00062973,0.00270181,0.00156749,0.000922226,2.63924e-05,-0.000428428,-0.00129224,-0.00165648,0.00156749,0.0262399,0.00114372,0.00111562,7.71867e-05,-0.00013684,-0.00077444,0.000922226,0.00114372,0.0254417,0.000423719,9.69921e-05,4.16547e-05,1.66336e-05,2.63923e-05,0.00111562,0.000423719,0.0466669,
0.00303961,0.000587015,-2.49925e-05,-0.00124209,-0.000434643,7.71838e-05,9.63678e-05,0.000587015,0.00117204,0.00113706,0.000207477,-0.00129784,-0.000137379,4.1292e-05,-2.49925e-05,0.00113706,0.00374716,0.000632536,-0.00164978,-0.000776477,1.60208e-05,-0.00124209,0.000207477,0.000632536,0.00269753,0.00156393,0.000927073,2.65218e-05,-0.000434643,-0.00129784,-0.00164978,0.00156393,0.0262341,0.00114804,0.00111379,7.71838e-05,-0.000137378,-0.000776477,0.000927073,0.00114804,0.0254486,0.000424146,9.63678e-05,4.1292e-05,1.60207e-05,2.65218e-05,0.00111379,0.000424145,0.0466666,
0.00304877,0.000590357,-2.7827e-05,-0.00123809,-0.000440805,7.71621e-05,9.57403e-05,0.000590357,0.00117452,0.0011372,0.000209546,-0.00130338,-0.000137935,4.09296e-05,-2.7827e-05,0.0011372,0.00374284,0.000635328,-0.00164305,-0.000778496,1.54111e-05,-0.00123809,0.000209546,0.000635328,0.00269327,0.00156033,0.000931912,2.66498e-05,-0.000440805,-0.00130338,-0.00164305,0.00156033,0.0262284,0.00115234,0.00111198,7.71621e-05,-0.000137935,-0.000778496,0.000931912,0.00115234,0.0254555,0.000424564,9.57403e-05,4.09296e-05,1.54111e-05,2.66497e-05,0.00111198,0.000424564,0.0466664,
0.00305789,0.000593692,-3.06964e-05,-0.00123405,-0.000446915,7.71214e-05,9.51098e-05,0.000593692,0.00117699,0.00113732,0.000211624,-0.00130888,-0.000138511,4.05677e-05,-3.06964e-05,0.00113732,0.00373854,0.000638106,-0.0016363,-0.000780498,1.48048e-05,-0.00123405,0.000211624,0.000638106,0.00268903,0.00155668,0.000936744,2.67761e-05,-0.000446915,-0.00130888,-0.0016363,0.00155668,0.0262227,0.00115663,0.00111018,7.71214e-05,-0.000138511,-0.000780498,0.000936744,0.00115663,0.0254624,0.000424975,9.51098e-05,4.05677e-05,1.48048e-05,2.67761e-05,0.00111018,0.000424975,0.0466661,
0.00306698,0.00059702,-3.36005e-05,-0.00122998,-0.000452971,7.70619e-05,9.44763e-05,0.00059702,0.00117945,0.00113741,0.000213713,-0.00131432,-0.000139105,4.02061e-05,-3.36006e-05,0.00113741,0.00373425,0.00064087,-0.00162952,-0.000782482,1.42017e-05,-0.00122998,0.000213713,0.00064087,0.00268481,0.00155299,0.000941568,2.69008e-05,-0.000452971,-0.00131432,-0.00162952,0.00155299,0.0262171,0.0011609,0.0011084,7.70619e-05,-0.000139106,-0.000782482,0.000941568,0.0011609,0.0254693,0.000425378,9.44763e-05,4.02061e-05,1.42017e-05,2.69008e-05,0.0011084,0.000425378,0.0466659,
0.00307604,0.000600341,-3.65391e-05,-0.00122588,-0.000458972,7.69833e-05,9.38399e-05,0.000600341,0.00118191,0.00113749,0.000215811,-0.0013197,-0.000139718,3.9845e-05,-3.65391e-05,0.00113749,0.00372997,0.000643619,-0.00162272,-0.00078445,1.3602e-05,-0.00122588,0.000215811,0.000643619,0.00268061,0.00154925,0.000946384,2.70238e-05,-0.000458972,-0.0013197,-0.00162272,0.00154925,0.0262115,0.00116515,0.00110662,7.69833e-05,-0.000139718,-0.00078445,0.000946384,0.00116515,0.0254761,0.000425774,9.38398e-05,3.9845e-05,1.3602e-05,2.70238e-05,0.00110662,0.000425774,0.0466657,
0.00308506,0.000603653,-3.95119e-05,-0.00122175,-0.00046492,7.68858e-05,9.32006e-05,0.000603653,0.00118436,0.00113754,0.000217919,-0.00132503,-0.000140349,3.94843e-05,-3.95119e-05,0.00113754,0.00372571,0.000646354,-0.0016159,-0.0007864,1.30055e-05,-0.00122175,0.000217919,0.000646354,0.00267643,0.00154547,0.000951192,2.71452e-05,-0.00046492,-0.00132503,-0.0016159,0.00154547,0.026206,0.00116939,0.00110486,7.68858e-05,-0.000140349,-0.0007864,0.000951192,0.00116939,0.025483,0.000426162,9.32006e-05,3.94843e-05,1.30055e-05,2.71452e-05,0.00110486,0.000426162,0.0466655,
0.00309405,0.000606958,-4.25188e-05,-0.00121758,-0.000470812,7.67692e-05,9.25585e-05,0.000606958,0.00118681,0.00113756,0.000220037,-0.00133031,-0.000140998,3.9124e-05,-4.25188e-05,0.00113756,0.00372146,0.000649074,-0.00160905,-0.000788332,1.24124e-05,-0.00121758,0.000220037,0.000649074,0.00267228,0.00154164,0.000955991,2.72649e-05,-0.000470812,-0.00133031,-0.00160905,0.00154164,0.0262005,0.0011736,0.00110311,7.67693e-05,-0.000140998,-0.000788332,0.000955991,0.0011736,0.0254899,0.000426542,9.25585e-05,3.9124e-05,1.24124e-05,2.72649e-05,0.00110311,0.000426542,0.0466652,
0.00310299,0.000610255,-4.55594e-05,-0.00121338,-0.000476648,7.66337e-05,9.19138e-05,0.000610255,0.00118924,0.00113757,0.000222164,-0.00133553,-0.000141665,3.87642e-05,-4.55594e-05,0.00113757,0.00371723,0.000651778,-0.00160218,-0.000790248,1.18226e-05,-0.00121338,0.000222164,0.000651778,0.00266814,0.00153777,0.000960781,2.73829e-05,-0.000476648,-0.00133553,-0.00160218,0.00153777,0.0261951,0.0011778,0.00110137,7.66336e-05,-0.000141665,-0.000790248,0.000960781,0.0011778,0.0254968,0.000426916,9.19138e-05,3.87642e-05,1.18227e-05,2.73829e-05,0.00110137,0.000426916,0.046665,
0.0031119,0.000613543,-4.86335e-05,-0.00120915,-0.000482428,7.64791e-05,9.12664e-05,0.000613543,0.00119168,0.00113755,0.0002243,-0.0013407,-0.00014235,3.84048e-05,-4.86335e-05,0.00113755,0.00371301,0.000654468,-0.00159529,-0.000792145,1.12362e-05,-0.00120915,0.000224301,0.000654468,0.00266403,0.00153386,0.000965563,2.74992e-05,-0.000482428,-0.0013407,-0.00159529,0.00153386,0.0261898,0.00118199,0.00109964,7.6479e-05,-0.00014235,-0.000792145,0.000965563,0.00118199,0.0255037,0.000427282,9.12664e-05,3.84048e-05,1.12362e-05,2.74992e-05,0.00109964,0.000427282,0.0466648,
0.00312078,0.000616822,-5.1741e-05,-0.00120489,-0.000488152,7.63054e-05,9.06165e-05,0.000616822,0.0011941,0.00113751,0.000226446,-0.00134582,-0.000143052,3.80459e-05,-5.17409e-05,0.00113751,0.00370881,0.000657141,-0.00158838,-0.000794025,1.06532e-05,-0.00120489,0.000226446,0.000657141,0.00265994,0.00152991,0.000970334,2.76137e-05,-0.000488152,-0.00134582,-0.00158838,0.00152991,0.0261845,0.00118615,0.00109793,7.63054e-05,-0.000143052,-0.000794025,0.000970334,0.00118615,0.0255106,0.000427641,9.06165e-05,3.80459e-05,1.06532e-05,2.76137e-05,0.00109793,0.000427641,0.0466646,
0.00312961,0.000620092,-5.48815e-05,-0.00120059,-0.000493818,7.61127e-05,8.99641e-05,0.000620092,0.00119652,0.00113745,0.000228602,-0.00135089,-0.000143772,3.76874e-05,-5.48815e-05,0.00113745,0.00370462,0.000659799,-0.00158145,-0.000795887,1.00736e-05,-0.00120059,0.000228602,0.000659799,0.00265588,0.00152592,0.000975097,2.77265e-05,-0.000493818,-0.00135089,-0.00158145,0.00152592,0.0261793,0.0011903,0.00109622,7.61127e-05,-0.000143772,-0.000795887,0.000975097,0.0011903,0.0255175,0.000427994,8.99641e-05,3.76874e-05,1.00736e-05,2.77265e-05,0.00109622,0.000427994,0.0466644,
0.0031384,0.000623352,-5.80547e-05,-0.00119627,-0.000499427,7.5901e-05,8.93093e-05,0.000623352,0.00119893,0.00113737,0.000230766,-0.0013559,-0.000144509,3.73294e-05,-5.80547e-05,0.00113737,0.00370045,0.000662442,-0.0015745,-0.000797732,9.49732e-06,-0.00119627,0.000230766,0.000662442,0.00265183,0.00152189,0.000979849,2.78375e-05,-0.000499427,-0.0013559,-0.0015745,0.00152189,0.0261741,0.00119444,0.00109453,7.5901e-05,-0.000144509,-0.000797732,0.000979849,0.00119444,0.0255244,0.00042834,8.93093e-05,3.73294e-05,9.49735e-06,2.78375e-05,0.00109453,0.00042834,0.0466641,
0.00314716,0.000626602,-6.12605e-05,-0.00119192,-0.000504978,7.56702e-05,8.86522e-05,0.000626602,0.00120134,0.00113726,0.00023294,-0.00136085,-0.000145263,3.69719e-05,-6.12605e-05,0.00113726,0.00369629,0.000665068,-0.00156753,-0.000799559,8.9245e-06,-0.00119192,0.00023294,0.000665068,0.00264781,0.00151782,0.000984591,2.79467e-05,-0.000504978,-0.00136085,-0.00156753,0.00151782,0.0261689,0.00119856,0.00109285,7.56702e-05,-0.000145263,-0.000799559,0.000984591,0.00119856,0.0255313,0.000428679,8.86522e-05,3.69719e-05,8.92453e-06,2.79468e-05,0.00109285,0.000428679,0.0466639,
0.00315587,0.000629842,-6.44986e-05,-0.00118753,-0.000510471,7.54205e-05,8.79928e-05,0.000629842,0.00120374,0.00113714,0.000235122,-0.00136576,-0.000146034,3.66149e-05,-6.44986e-05,0.00113714,0.00369215,0.000667677,-0.00156054,-0.000801368,8.35512e-06,-0.00118753,0.000235122,0.000667677,0.00264381,0.00151371,0.000989322,2.80541e-05,-0.000510471,-0.00136576,-0.00156054,0.00151371,0.0261638,0.00120266,0.00109118,7.54206e-05,-0.000146034,-0.000801368,0.000989322,0.00120266,0.0255383,0.000429011,8.79928e-05,3.66149e-05,8.35509e-06,2.80541e-05,0.00109118,0.000429011,0.0466637,
0.00316455,0.000633072,-6.77686e-05,-0.00118312,-0.000515905,7.51518e-05,8.73312e-05,0.000633072,0.00120613,0.00113699,0.000237314,-0.00137061,-0.000146822,3.62584e-05,-6.77686e-05,0.00113699,0.00368802,0.00067027,-0.00155354,-0.000803159,7.78919e-06,-0.00118312,0.000237314,0.00067027,0.00263984,0.00150957,0.000994043,2.81597e-05,-0.000515905,-0.00137061,-0.00155354,0.00150957,0.0261588,0.00120675,0.00108952,7.51518e-05,-0.000146822,-0.000803159,0.000994043,0.00120675,0.0255452,0.000429337,8.73312e-05,3.62584e-05,7.78921e-06,2.81598e-05,0.00108952,0.000429338,0.0466635,
0.00317318,0.000636291,-7.10704e-05,-0.00117868,-0.000521279,7.48641e-05,8.66675e-05,0.000636291,0.00120851,0.00113683,0.000239514,-0.00137541,-0.000147626,3.59024e-05,-7.10704e-05,0.00113683,0.00368391,0.000672847,-0.00154651,-0.000804932,7.22669e-06,-0.00117868,0.000239514,0.000672847,0.00263588,0.00150538,0.000998753,2.82635e-05,-0.000521279,-0.00137541,-0.00154651,0.00150538,0.0261538,0.00121082,0.00108787,7.48641e-05,-0.000147626,-0.000804932,0.000998753,0.00121082,0.0255521,0.000429657,8.66675e-05,3.59023e-05,7.22672e-06,2.82635e-05,0.00108787,0.000429657,0.0466633,
0.00318177,0.000639499,-7.44036e-05,-0.00117421,-0.000526594,7.45576e-05,8.60018e-05,0.000639499,0.00121088,0.00113664,0.000241723,-0.00138016,-0.000148447,3.55468e-05,-7.44036e-05,0.00113664,0.00367982,0.000675406,-0.00153947,-0.000806688,6.66764e-06,-0.00117421,0.000241723,0.000675406,0.00263196,0.00150117,0.00100345,2.83654e-05,-0.000526594,-0.00138016,-0.00153947,0.00150117,0.0261488,0.00121488,0.00108623,7.45576e-05,-0.000148447,-0.000806688,0.00100345,0.00121488,0.025559,0.000429971,8.60018e-05,3.55468e-05,6.66767e-06,2.83654e-05,0.00108623,0.000429971,0.0466631,
0.00319031,0.000642695,-7.7768e-05,-0.00116971,-0.000531849,7.42321e-05,8.5334e-05,0.000642695,0.00121325,0.00113643,0.000243941,-0.00138485,-0.000149284,3.51918e-05,-7.7768e-05,0.00113643,0.00367574,0.000677949,-0.00153242,-0.000808425,6.11208e-06,-0.00116971,0.000243941,0.000677949,0.00262805,0.00149691,0.00100814,2.84654e-05,-0.000531849,-0.00138485,-0.00153242,0.00149691,0.0261439,0.00121892,0.0010846,7.42321e-05,-0.000149284,-0.000808425,0.00100814,0.00121892,0.0255659,0.000430278,8.53341e-05,3.51918e-05,6.11211e-06,2.84654e-05,0.0010846,0.000430278,0.0466629,
0.00319882,0.00064588,-8.11632e-05,-0.00116518,-0.000537044,7.38879e-05,8.46644e-05,0.00064588,0.00121561,0.0011362,0.000246167,-0.00138949,-0.000150137,3.48374e-05,-8.11632e-05,0.0011362,0.00367169,0.000680474,-0.00152535,-0.000810144,5.56e-06,-0.00116518,0.000246167,0.000680474,0.00262417,0.00149263,0.00101282,2.85635e-05,-0.000537044,-0.00138949,-0.00152535,0.00149263,0.026139,0.00122294,0.00108298,7.38878e-05,-0.000150137,-0.000810144,0.00101282,0.00122294,0.0255728,0.00043058,8.46644e-05,3.48374e-05,5.56e-06,2.85635e-05,0.00108298,0.00043058,0.0466627,
