0.00215907,-0.000315587,-0.00139947,-0.000798192,-0.000823925,-0.00162653,3.70141e-05,-0.000315587,0.00116768,-0.000543925,0.00123314,0.000142804,-0.000364758,4.84299e-05,-0.00139947,-0.000543925,0.00403279,-0.000170185,-0.0011969,-0.00134221,-2.8988e-05,-0.000798192,0.00123314,-0.000170185,0.00298042,0.00022938,-0.000566314,-0.000126866,-0.000823925,0.000142804,-0.0011969,0.00022938,0.0343963,0.00281759,-0.00131695,-0.00162653,-0.000364758,-0.00134221,-0.000566314,0.00281759,0.0285654,8.92903e-05,3.70141e-05,4.84299e-05,-2.8988e-05,-0.000126866,-0.00131695,8.92903e-05,0.0466736,
0.00216002,-0.000315519,-0.00140091,-0.000798784,-0.000822285,-0.0016247,3.67359e-05,-0.000315519,0.00116845,-0.000545108,0.00123258,0.000141712,-0.000365368,4.84762e-05,-0.00140091,-0.000545108,0.00403054,-0.000170403,-0.00119578,-0.0013447,-2.90358e-05,-0.000798784,0.00123258,-0.000170403,0.00297854,0.000231811,-0.000559739,-0.000127166,-0.000822285,0.000141712,-0.00119578,0.000231811,0.0343935,0.00281608,-0.00131578,-0.0016247,-0.000365368,-0.0013447,-0.000559739,0.00281608,0.0285677,8.82225e-05,3.67359e-05,4.84762e-05,-2.90358e-05,-0.000127166,-0.00131578,8.82225e-05,0.0466735,
0.00216121,-0.000315654,-0.00140196,-0.000799948,-0.000820592,-0.00162263,3.6372e-05,-0.000315654,0.00116926,-0.000546583,0.00123179,0.000139993,-0.000366894,4.85388e-05,-0.00140196,-0.000546583,0.00402857,-0.000170659,-0.00119495,-0.00134702,-2.90957e-05,-0.000799948,0.00123179,-0.000170659,0.00297625,0.000235859,-0.000552253,-0.000127601,-0.000820592,0.000139993,-0.00119495,0.000235859,0.0343876,0.00281467,-0.00131333,-0.00162263,-0.000366894,-0.00134702,-0.000552253,0.00281467,0.0285698,8.72731e-05,3.6372e-05,4.85388e-05,-2.90957e-05,-0.000127601,-0.00131333,8.72731e-05,0.0466734,
0.00216278,-0.000315987,-0.00140276,-0.000801466,-0.000818966,-0.00162039,3.59741e-05,-0.000315987,0.00117011,-0.000548294,0.00123082,0.000138032,-0.000368783,4.86007e-05,-0.00140276,-0.000548294,0.00402672,-0.000170927,-0.0011944,-0.00134917,-2.91022e-05,-0.000801466,0.00123082,-0.000170927,0.00297366,0.000241018,-0.00054526,-0.000128138,-0.000818966,0.000138032,-0.0011944,0.000241018,0.0343791,0.00281311,-0.00130975,-0.00162039,-0.000368783,-0.00134917,-0.00054526,0.00281311,0.0285714,8.63713e-05,3.59741e-05,4.86007e-05,-2.91022e-05,-0.000128138,-0.00130975,8.63713e-05,0.0466731,
0.00216474,-0.000316505,-0.00140337,-0.000803232,-0.000817445,-0.00161806,3.55607e-05,-0.000316505,0.00117099,-0.000550191,0.0012297,0.000135948,-0.00037086,4.8656e-05,-0.00140337,-0.000550191,0.00402494,-0.000171205,-0.0011941,-0.00135116,-2.90387e-05,-0.000803232,0.0012297,-0.000171205,0.00297081,0.000247096,-0.000539135,-0.000128756,-0.000817445,0.000135948,-0.0011941,0.000247096,0.0343681,0.00281146,-0.00130513,-0.00161806,-0.00037086,-0.00135116,-0.000539135,0.00281146,0.0285729,8.55403e-05,3.55607e-05,4.8656e-05,-2.90387e-05,-0.000128756,-0.00130513,8.55402e-05,0.0466727,
0.00216712,-0.000317179,-0.00140386,-0.000805204,-0.000815975,-0.00161564,3.51147e-05,-0.000317179,0.0011719,-0.000552227,0.00122847,0.000133641,-0.000373216,4.87048e-05,-0.00140386,-0.000552227,0.00402319,-0.000171525,-0.00119399,-0.00135307,-2.89322e-05,-0.000805204,0.00122847,-0.000171525,0.00296772,0.000254156,-0.000533272,-0.000129458,-0.000815975,0.000133641,-0.00119399,0.000254156,0.0343546,0.00280973,-0.00129954,-0.00161564,-0.000373216,-0.00135307,-0.000533272,0.00280973,0.028574,8.47469e-05,3.51147e-05,4.87048e-05,-2.89322e-05,-0.000129458,-0.00129954,8.47468e-05,0.0466723,
0.00216986,-0.000317895,-0.00140442,-0.000807067,-0.000814525,-0.00161326,3.46506e-05,-0.000317895,0.00117284,-0.000554185,0.00122725,0.00013113,-0.000375625,4.873e-05,-0.00140442,-0.000554185,0.00402136,-0.000171893,-0.00119401,-0.00135499,-2.87715e-05,-0.000807067,0.00122725,-0.000171893,0.00296459,0.000262129,-0.000527674,-0.000130244,-0.000814525,0.00013113,-0.00119401,0.000262129,0.0343388,0.00280796,-0.00129301,-0.00161326,-0.000375625,-0.00135499,-0.000527674,0.00280796,0.0285749,8.39946e-05,3.46506e-05,4.873e-05,-2.87716e-05,-0.000130244,-0.00129301,8.39946e-05,0.0466718,
0.0021731,-0.000318669,-0.00140513,-0.000808877,-0.000812979,-0.00161079,3.41381e-05,-0.000318669,0.00117386,-0.00055613,0.00122601,0.000128241,-0.000378252,4.87324e-05,-0.00140513,-0.00055613,0.00401932,-0.000172348,-0.00119413,-0.00135705,-2.85632e-05,-0.000808877,0.00122601,-0.000172348,0.00296127,0.000271454,-0.000521722,-0.000131145,-0.000812979,0.000128241,-0.00119413,0.000271454,0.0343196,0.00280619,-0.00128527,-0.00161079,-0.000378252,-0.00135705,-0.000521722,0.00280619,0.0285757,8.32616e-05,3.41381e-05,4.87324e-05,-2.85632e-05,-0.000131145,-0.00128527,8.32616e-05,0.0466712,
0.00217685,-0.00031952,-0.00140596,-0.00081061,-0.000811511,-0.00160837,3.36118e-05,-0.00031952,0.00117493,-0.000558058,0.00122477,0.000125361,-0.000380835,4.87274e-05,-0.00140596,-0.000558058,0.00401709,-0.000172917,-0.00119419,-0.00135924,-2.83411e-05,-0.00081061,0.00122477,-0.000172917,0.00295782,0.000280966,-0.000515774,-0.000132047,-0.000811511,0.000125361,-0.00119419,0.000280966,0.0342997,0.00280445,-0.00127736,-0.00160837,-0.000380835,-0.00135924,-0.000515774,0.00280445,0.0285764,8.25254e-05,3.36118e-05,4.87274e-05,-2.83411e-05,-0.000132047,-0.00127736,8.25254e-05,0.0466706,
0.00218105,-0.000320444,-0.0014069,-0.000812262,-0.000810156,-0.00160605,3.30793e-05,-0.000320444,0.00117602,-0.00055996,0.00122352,0.000122574,-0.000383332,4.872e-05,-0.0014069,-0.00055996,0.00401472,-0.000173604,-0.00119416,-0.00136153,-2.81207e-05,-0.000812262,0.00122352,-0.000173604,0.00295427,0.000290356,-0.000509832,-0.00013292,-0.000810156,0.000122574,-0.00119416,0.000290356,0.03428,0.00280274,-0.00126959,-0.00160605,-0.000383332,-0.00136153,-0.000509832,0.00280274,0.0285772,8.17753e-05,3.30793e-05,4.87199e-05,-2.81208e-05,-0.00013292,-0.00126959,8.17753e-05,0.0466701,
0.00218566,-0.000321432,-0.00140794,-0.000813831,-0.000808886,-0.00160379,3.25401e-05,-0.000321432,0.00117715,-0.000561831,0.00122228,0.000119834,-0.000385766,4.87064e-05,-0.00140794,-0.000561831,0.00401223,-0.000174388,-0.00119407,-0.0013639,-2.7895e-05,-0.000813831,0.00122228,-0.000174388,0.00295063,0.000299787,-0.000503937,-0.00013378,-0.000808886,0.000119834,-0.00119407,0.000299787,0.03426,0.00280104,-0.0012618,-0.00160379,-0.000385766,-0.0013639,-0.000503937,0.00280104,0.0285779,8.10177e-05,3.25401e-05,4.87063e-05,-2.7895e-05,-0.00013378,-0.0012618,8.10177e-05,0.0466695,
0.00219062,-0.000322479,-0.00140905,-0.000815321,-0.000807697,-0.00160161,3.19962e-05,-0.000322479,0.00117829,-0.000563668,0.00122104,0.000117159,-0.000388136,4.86884e-05,-0.00140905,-0.000563669,0.00400963,-0.000175266,-0.00119392,-0.00136633,-2.76704e-05,-0.000815321,0.00122104,-0.000175266,0.00294692,0.000309178,-0.000498056,-0.00013462,-0.000807698,0.000117159,-0.00119392,0.000309178,0.03424,0.00279937,-0.00125406,-0.00160161,-0.000388136,-0.00136633,-0.000498056,0.00279937,0.0285786,8.02493e-05,3.19961e-05,4.86884e-05,-2.76703e-05,-0.00013462,-0.00125406,8.02493e-05,0.046669,
0.00219589,-0.00032358,-0.00141023,-0.000816735,-0.000806579,-0.00159949,3.14483e-05,-0.00032358,0.00117947,-0.000565474,0.0012198,0.000114539,-0.000390446,4.86653e-05,-0.00141023,-0.000565474,0.00400693,-0.000176225,-0.00119372,-0.0013688,-2.7445e-05,-0.000816735,0.0012198,-0.000176225,0.00294315,0.000318562,-0.000492212,-0.000135444,-0.000806579,0.000114539,-0.00119372,0.000318562,0.0342198,0.00279772,-0.00124635,-0.00159949,-0.000390446,-0.0013688,-0.000492212,0.00279772,0.0285793,7.94725e-05,3.14483e-05,4.86652e-05,-2.7445e-05,-0.000135444,-0.00124635,7.94724e-05,0.0466684,
0.00220144,-0.00032473,-0.00141148,-0.000818076,-0.000805522,-0.00159742,3.08977e-05,-0.00032473,0.00118066,-0.000567249,0.00121857,0.000111978,-0.000392698,4.86376e-05,-0.00141148,-0.000567249,0.00400415,-0.00017726,-0.00119346,-0.00137132,-2.72212e-05,-0.000818076,0.00121857,-0.00017726,0.00293932,0.000327917,-0.000486393,-0.000136251,-0.000805522,0.000111978,-0.00119346,0.000327917,0.0341995,0.00279607,-0.00123868,-0.00159742,-0.000392698,-0.00137132,-0.000486393,0.00279607,0.0285799,7.86868e-05,3.08977e-05,4.86376e-05,-2.72212e-05,-0.000136251,-0.00123868,7.86868e-05,0.0466679,
0.00220724,-0.000325926,-0.00141277,-0.000819347,-0.000804521,-0.00159541,3.03452e-05,-0.000325926,0.00118187,-0.000568994,0.00121734,0.000109474,-0.000394894,4.86055e-05,-0.00141277,-0.000568994,0.0040013,-0.000178362,-0.00119314,-0.00137386,-2.69991e-05,-0.000819347,0.00121734,-0.000178362,0.00293544,0.000337247,-0.000480605,-0.000137042,-0.000804521,0.000109474,-0.00119314,0.000337247,0.0341791,0.00279444,-0.00123104,-0.00159541,-0.000394894,-0.00137386,-0.000480605,0.00279444,0.0285805,7.78935e-05,3.03452e-05,4.86055e-05,-2.6999e-05,-0.000137042,-0.00123104,7.78935e-05,0.0466674,
0.00221326,-0.000327163,-0.00141411,-0.000820552,-0.000803567,-0.00159343,2.97914e-05,-0.000327163,0.00118309,-0.000570711,0.00121611,0.000107028,-0.000397037,4.85692e-05,-0.00141411,-0.000570712,0.00399839,-0.000179527,-0.00119277,-0.00137641,-2.67793e-05,-0.000820552,0.00121611,-0.000179527,0.00293152,0.000346547,-0.000474847,-0.000137817,-0.000803567,0.000107028,-0.00119277,0.000346547,0.0341586,0.00279281,-0.00122345,-0.00159343,-0.000397037,-0.00137641,-0.000474847,0.00279281,0.0285811,7.70927e-05,2.97915e-05,4.85692e-05,-2.67793e-05,-0.000137817,-0.00122345,7.70928e-05,0.0466669,
0.00221948,-0.00032844,-0.00141548,-0.000821694,-0.000802655,-0.00159149,2.92371e-05,-0.00032844,0.00118434,-0.000572402,0.00121488,0.000104637,-0.00039913,4.85288e-05,-0.00141548,-0.000572402,0.00399541,-0.000180747,-0.00119236,-0.00137898,-2.65624e-05,-0.000821694,0.00121488,-0.000180747,0.00292756,0.000355817,-0.000469118,-0.000138578,-0.000802655,0.000104637,-0.00119236,0.000355817,0.034138,0.0027912,-0.0012159,-0.00159149,-0.00039913,-0.00137898,-0.000469118,0.0027912,0.0285817,7.62854e-05,2.92371e-05,4.85288e-05,-2.65624e-05,-0.000138578,-0.0012159,7.62854e-05,0.0466665,
0.00222585,-0.000329753,-0.00141687,-0.000822787,-0.000801778,-0.00158958,2.86826e-05,-0.000329753,0.00118559,-0.000574072,0.00121366,0.000102297,-0.000401189,4.84847e-05,-0.00141687,-0.000574072,0.00399241,-0.000182013,-0.00119191,-0.00138154,-2.63499e-05,-0.000822787,0.00121366,-0.000182013,0.00292357,0.000365064,-0.00046342,-0.000139324,-0.000801778,0.000102297,-0.00119191,0.000365064,0.0341173,0.00278958,-0.00120838,-0.00158958,-0.000401189,-0.00138154,-0.00046342,0.00278958,0.0285822,7.54725e-05,2.86826e-05,4.84847e-05,-2.63499e-05,-0.000139324,-0.00120838,7.54725e-05,0.046666,
0.0022323,-0.000331099,-0.00141823,-0.000823859,-0.000800922,-0.00158768,2.81288e-05,-0.000331099,0.00118685,-0.000575729,0.00121242,9.99969e-05,-0.000403241,4.84373e-05,-0.00141823,-0.000575729,0.00398943,-0.000183305,-0.00119144,-0.00138405,-2.61442e-05,-0.000823859,0.00121242,-0.000183305,0.00291956,0.0003743,-0.000457756,-0.000140057,-0.000800922,9.99968e-05,-0.00119144,0.0003743,0.0340965,0.00278795,-0.00120089,-0.00158768,-0.000403241,-0.00138405,-0.000457756,0.00278795,0.0285827,7.46551e-05,2.81288e-05,4.84373e-05,-2.61441e-05,-0.000140057,-0.00120089,7.4655e-05,0.0466656,
0.0022388,-0.000332471,-0.00141957,-0.000824904,-0.000800077,-0.00158578,2.75769e-05,-0.000332471,0.00118812,-0.000577373,0.00121118,9.77413e-05,-0.000405277,4.83865e-05,-0.00141957,-0.000577373,0.00398645,-0.000184618,-0.00119095,-0.00138652,-2.59447e-05,-0.000824904,0.00121118,-0.000184618,0.00291554,0.000383514,-0.000452125,-0.000140778,-0.000800077,9.77413e-05,-0.00119095,0.000383514,0.0340756,0.00278631,-0.00119344,-0.00158578,-0.000405277,-0.00138652,-0.000452125,0.00278631,0.0285831,7.38327e-05,2.75769e-05,4.83865e-05,-2.59446e-05,-0.000140778,-0.00119344,7.38327e-05,0.0466651,
0.00224534,-0.000333863,-0.0014209,-0.000825922,-0.000799232,-0.00158389,2.70272e-05,-0.000333863,0.00118939,-0.000579005,0.00120994,9.55276e-05,-0.000407295,4.83324e-05,-0.0014209,-0.000579005,0.00398348,-0.000185946,-0.00119044,-0.00138894,-2.57514e-05,-0.000825922,0.00120994,-0.000185946,0.00291151,0.00039271,-0.000446517,-0.000141487,-0.000799232,9.55276e-05,-0.00119044,0.00039271,0.0340545,0.00278465,-0.00118601,-0.00158389,-0.000407295,-0.00138894,-0.000446517,0.00278465,0.0285835,7.30057e-05,2.70272e-05,4.83324e-05,-2.57514e-05,-0.000141487,-0.00118601,7.30057e-05,0.0466647,
0.00225189,-0.000335273,-0.00142221,-0.000826913,-0.000798383,-0.00158198,2.64803e-05,-0.000335273,0.00119067,-0.000580625,0.00120869,9.33556e-05,-0.000409294,4.82749e-05,-0.00142221,-0.000580625,0.00398053,-0.000187285,-0.0011899,-0.00139132,-2.55644e-05,-0.000826913,0.00120869,-0.000187285,0.00290748,0.000401886,-0.000440928,-0.000142185,-0.000798383,9.33556e-05,-0.0011899,0.000401886,0.0340334,0.00278299,-0.00117862,-0.00158198,-0.000409294,-0.00139132,-0.000440928,0.00278299,0.0285838,7.21742e-05,2.64802e-05,4.82748e-05,-2.55644e-05,-0.000142185,-0.00117862,7.21742e-05,0.0466643,
0.00225844,-0.000336696,-0.00142351,-0.000827875,-0.000797525,-0.00158007,2.59362e-05,-0.000336696,0.00119195,-0.000582233,0.00120744,9.12245e-05,-0.000411272,4.8214e-05,-0.00142351,-0.000582233,0.00397759,-0.000188633,-0.00118934,-0.00139365,-2.53833e-05,-0.000827875,0.00120744,-0.000188633,0.00290345,0.000411041,-0.000435356,-0.000142872,-0.000797525,9.12245e-05,-0.00118934,0.000411041,0.0340122,0.00278131,-0.00117126,-0.00158007,-0.000411272,-0.00139365,-0.000435356,0.00278131,0.0285841,7.13388e-05,2.59362e-05,4.8214e-05,-2.53833e-05,-0.000142872,-0.00117126,7.13388e-05,0.0466639,
0.002265,-0.000338132,-0.00142479,-0.000828808,-0.000796657,-0.00157815,2.53953e-05,-0.000338132,0.00119324,-0.000583829,0.00120619,8.91341e-05,-0.00041323,4.815e-05,-0.00142479,-0.000583829,0.00397465,-0.000189988,-0.00118876,-0.00139594,-2.52082e-05,-0.000828808,0.00120619,-0.000189988,0.00289942,0.000420176,-0.000429798,-0.000143548,-0.000796657,8.91341e-05,-0.00118876,0.000420176,0.0339909,0.00277962,-0.00116393,-0.00157815,-0.00041323,-0.00139594,-0.000429797,0.00277962,0.0285844,7.04999e-05,2.53952e-05,4.81499e-05,-2.52082e-05,-0.000143548,-0.00116393,7.04999e-05,0.0466635,
0.00227156,-0.000339579,-0.00142605,-0.000829713,-0.000795776,-0.00157622,2.48576e-05,-0.000339579,0.00119453,-0.000585412,0.00120494,8.70838e-05,-0.000415167,4.80827e-05,-0.00142605,-0.000585412,0.00397173,-0.000191349,-0.00118815,-0.00139818,-2.50389e-05,-0.000829713,0.00120494,-0.000191349,0.00289539,0.00042929,-0.000424252,-0.000144214,-0.000795776,8.70838e-05,-0.00118815,0.00042929,0.0339695,0.00277791,-0.00115663,-0.00157622,-0.000415167,-0.00139818,-0.000424252,0.00277791,0.0285846,6.96579e-05,2.48576e-05,4.80827e-05,-2.5039e-05,-0.000144214,-0.00115663,6.96579e-05,0.0466631,
0.0022781,-0.000341037,-0.0014273,-0.00083059,-0.000794882,-0.00157427,2.43233e-05,-0.000341037,0.00119583,-0.000586984,0.00120368,8.50733e-05,-0.000417082,4.80123e-05,-0.0014273,-0.000586984,0.00396883,-0.000192714,-0.00118752,-0.00140038,-2.48753e-05,-0.00083059,0.00120368,-0.000192714,0.00289137,0.000438382,-0.000418718,-0.00014487,-0.000794882,8.50733e-05,-0.00118752,0.000438382,0.0339479,0.00277619,-0.00114937,-0.00157427,-0.000417082,-0.00140038,-0.000418719,0.00277619,0.0285848,6.88136e-05,2.43233e-05,4.80124e-05,-2.48753e-05,-0.00014487,-0.00114937,6.88137e-05,0.0466627,
0.00228464,-0.000342505,-0.00142853,-0.000831437,-0.000793974,-0.00157232,2.37924e-05,-0.000342505,0.00119713,-0.000588545,0.00120242,8.31024e-05,-0.000418975,4.7939e-05,-0.00142853,-0.000588545,0.00396593,-0.000194083,-0.00118686,-0.00140254,-2.47172e-05,-0.000831437,0.00120242,-0.000194083,0.00288735,0.000447452,-0.000413196,-0.000145516,-0.000793974,8.31024e-05,-0.00118686,0.000447452,0.0339263,0.00277446,-0.00114213,-0.00157232,-0.000418975,-0.00140254,-0.000413196,0.00277446,0.028585,6.79673e-05,2.37923e-05,4.7939e-05,-2.47172e-05,-0.000145516,-0.00114213,6.79672e-05,0.0466623,
0.00229116,-0.000343982,-0.00142975,-0.000832256,-0.000793054,-0.00157035,2.32649e-05,-0.000343982,0.00119844,-0.000590094,0.00120116,8.11708e-05,-0.000420847,4.78628e-05,-0.00142975,-0.000590094,0.00396304,-0.000195456,-0.00118619,-0.00140466,-2.45646e-05,-0.000832256,0.00120116,-0.000195456,0.00288333,0.000456498,-0.000407685,-0.000146153,-0.000793054,8.11707e-05,-0.00118619,0.000456498,0.0339046,0.00277272,-0.00113492,-0.00157035,-0.000420847,-0.00140466,-0.000407685,0.00277272,0.0285851,6.71195e-05,2.32649e-05,4.78628e-05,-2.45646e-05,-0.000146153,-0.00113492,6.71194e-05,0.0466619,
0.00229767,-0.000345468,-0.00143095,-0.000833046,-0.00079212,-0.00156837,2.2741e-05,-0.000345468,0.00119975,-0.000591631,0.0011999,7.92782e-05,-0.000422696,4.77837e-05,-0.00143095,-0.000591631,0.00396017,-0.000196832,-0.00118548,-0.00140673,-2.44172e-05,-0.000833046,0.0011999,-0.000196832,0.00287932,0.000465521,-0.000402185,-0.000146781,-0.00079212,7.92782e-05,-0.00118548,0.000465521,0.0338829,0.00277097,-0.00112775,-0.00156837,-0.000422696,-0.00140673,-0.000402185,0.00277097,0.0285852,6.62706e-05,2.27409e-05,4.77837e-05,-2.44172e-05,-0.000146781,-0.00112775,6.62705e-05,0.0466616,
0.00230417,-0.000346963,-0.00143214,-0.000833808,-0.000791173,-0.00156639,2.22206e-05,-0.000346963,0.00120107,-0.000593158,0.00119864,7.74243e-05,-0.000424524,4.7702e-05,-0.00143214,-0.000593158,0.00395731,-0.00019821,-0.00118476,-0.00140876,-2.4275e-05,-0.000833808,0.00119864,-0.00019821,0.00287532,0.00047452,-0.000396695,-0.000147399,-0.000791173,7.74243e-05,-0.00118476,0.00047452,0.033861,0.0027692,-0.0011206,-0.00156639,-0.000424524,-0.00140876,-0.000396695,0.0027692,0.0285853,6.54211e-05,2.22206e-05,4.7702e-05,-2.4275e-05,-0.000147399,-0.0011206,6.54211e-05,0.0466612,
0.00231065,-0.000348466,-0.00143331,-0.000834541,-0.000790214,-0.00156439,2.17037e-05,-0.000348466,0.00120239,-0.000594673,0.00119737,7.5609e-05,-0.00042633,4.76175e-05,-0.00143331,-0.000594673,0.00395446,-0.000199591,-0.00118401,-0.00141075,-2.41378e-05,-0.000834541,0.00119737,-0.000199591,0.00287132,0.000483494,-0.000391216,-0.000148008,-0.000790214,7.5609e-05,-0.00118401,0.000483494,0.0338391,0.00276743,-0.00111349,-0.00156439,-0.00042633,-0.00141075,-0.000391216,0.00276743,0.0285854,6.45713e-05,2.17037e-05,4.76176e-05,-2.41378e-05,-0.000148008,-0.00111349,6.45713e-05,0.0466609,
0.00231711,-0.000349978,-0.00143447,-0.000835245,-0.000789243,-0.00156238,2.11904e-05,-0.000349978,0.00120371,-0.000596177,0.00119611,7.38319e-05,-0.000428114,4.75306e-05,-0.00143447,-0.000596177,0.00395163,-0.000200975,-0.00118324,-0.00141269,-2.40056e-05,-0.000835245,0.00119611,-0.000200975,0.00286733,0.000492443,-0.000385748,-0.000148609,-0.000789243,7.38319e-05,-0.00118324,0.000492443,0.033817,0.00276564,-0.00110641,-0.00156238,-0.000428114,-0.00141269,-0.000385748,0.00276564,0.0285854,6.37218e-05,2.11904e-05,4.75306e-05,-2.40056e-05,-0.000148609,-0.00110641,6.37218e-05,0.0466605,
0.00232357,-0.000351498,-0.00143562,-0.000835922,-0.00078826,-0.00156036,2.06807e-05,-0.000351498,0.00120504,-0.000597671,0.00119484,7.20927e-05,-0.000429876,4.74412e-05,-0.00143562,-0.000597671,0.0039488,-0.000202361,-0.00118244,-0.00141459,-2.38781e-05,-0.000835922,0.00119484,-0.000202361,0.00286334,0.000501367,-0.00038029,-0.000149201,-0.00078826,7.20927e-05,-0.00118244,0.000501367,0.033795,0.00276384,-0.00109935,-0.00156036,-0.000429876,-0.00141459,-0.00038029,0.00276384,0.0285854,6.28728e-05,2.06807e-05,4.74412e-05,-2.38782e-05,-0.000149201,-0.00109935,6.28728e-05,0.0466602,
0.00233,-0.000353027,-0.00143675,-0.00083657,-0.000787267,-0.00155833,2.01746e-05,-0.000353027,0.00120638,-0.000599154,0.00119357,7.03913e-05,-0.000431616,4.73495e-05,-0.00143675,-0.000599154,0.00394599,-0.000203749,-0.00118162,-0.00141646,-2.37554e-05,-0.00083657,0.00119357,-0.000203749,0.00285936,0.000510264,-0.000374844,-0.000149785,-0.000787267,7.03913e-05,-0.00118162,0.000510264,0.0337728,0.00276203,-0.00109233,-0.00155833,-0.000431616,-0.00141646,-0.000374844,0.00276203,0.0285854,6.20247e-05,2.01746e-05,4.73495e-05,-2.37554e-05,-0.000149785,-0.00109233,6.20246e-05,0.0466599,
0.00233642,-0.000354563,-0.00143786,-0.00083719,-0.000786264,-0.0015563,1.9672e-05,-0.000354563,0.00120772,-0.000600626,0.0011923,6.87273e-05,-0.000433335,4.72554e-05,-0.00143786,-0.000600626,0.00394319,-0.000205139,-0.00118078,-0.00141828,-2.36373e-05,-0.00083719,0.0011923,-0.000205139,0.00285538,0.000519135,-0.000369408,-0.00015036,-0.000786264,6.87273e-05,-0.00118078,0.000519135,0.0337506,0.00276021,-0.00108533,-0.0015563,-0.000433335,-0.00141828,-0.000369408,0.00276021,0.0285853,6.11776e-05,1.9672e-05,4.72554e-05,-2.36373e-05,-0.00015036,-0.00108533,6.11776e-05,0.0466596,
0.00234283,-0.000356107,-0.00143897,-0.000837783,-0.00078525,-0.00155425,1.91731e-05,-0.000356107,0.00120906,-0.000602088,0.00119102,6.71004e-05,-0.000435032,4.71591e-05,-0.00143897,-0.000602088,0.0039404,-0.000206531,-0.00117992,-0.00142006,-2.35237e-05,-0.000837783,0.00119102,-0.000206531,0.00285142,0.000527979,-0.000363983,-0.000150928,-0.00078525,6.71004e-05,-0.00117992,0.000527979,0.0337283,0.00275838,-0.00107836,-0.00155425,-0.000435032,-0.00142006,-0.000363983,0.00275838,0.0285852,6.0332e-05,1.91731e-05,4.71592e-05,-2.35236e-05,-0.000150928,-0.00107836,6.0332e-05,0.0466592,
0.00234922,-0.00035766,-0.00144005,-0.000838347,-0.000784228,-0.0015522,1.86777e-05,-0.00035766,0.0012104,-0.000603539,0.00118975,6.55104e-05,-0.000436708,4.70607e-05,-0.00144005,-0.000603539,0.00393762,-0.000207924,-0.00117904,-0.0014218,-2.34144e-05,-0.000838347,0.00118975,-0.000207924,0.00284746,0.000536797,-0.000358569,-0.000151487,-0.000784228,6.55104e-05,-0.00117904,0.000536796,0.033706,0.00275654,-0.00107143,-0.0015522,-0.000436708,-0.0014218,-0.000358569,0.00275654,0.0285851,5.94881e-05,1.86778e-05,4.70607e-05,-2.34144e-05,-0.000151487,-0.00107143,5.94881e-05,0.0466589,
0.0023556,-0.00035922,-0.00144113,-0.000838884,-0.000783197,-0.00155014,1.8186e-05,-0.00035922,0.00121175,-0.000604981,0.00118847,6.3957e-05,-0.000438363,4.69602e-05,-0.00144113,-0.000604981,0.00393486,-0.00020932,-0.00117813,-0.00142351,-2.33095e-05,-0.000838884,0.00118847,-0.00020932,0.0028435,0.000545586,-0.000353166,-0.000152038,-0.000783197,6.3957e-05,-0.00117813,0.000545586,0.0336836,0.00275469,-0.00106452,-0.00155014,-0.000438363,-0.00142351,-0.000353166,0.0027547,0.028585,5.86461e-05,1.8186e-05,4.69602e-05,-2.33095e-05,-0.000152038,-0.00106452,5.86461e-05,0.0466586,
0.00236196,-0.000360788,-0.00144219,-0.000839393,-0.000782158,-0.00154807,1.76978e-05,-0.000360788,0.00121311,-0.000606412,0.00118719,6.24398e-05,-0.000439996,4.68577e-05,-0.00144219,-0.000606412,0.0039321,-0.000210717,-0.0011772,-0.00142517,-2.32087e-05,-0.000839393,0.00118719,-0.000210717,0.00283956,0.000554348,-0.000347774,-0.000152582,-0.000782158,6.24398e-05,-0.0011772,0.000554348,0.0336611,0.00275284,-0.00105764,-0.00154807,-0.000439996,-0.00142517,-0.000347774,0.00275284,0.0285848,5.78063e-05,1.76978e-05,4.68577e-05,-2.32087e-05,-0.000152582,-0.00105764,5.78064e-05,0.0466583,
0.0023683,-0.000362363,-0.00144324,-0.000839875,-0.000781111,-0.001546,1.72132e-05,-0.000362363,0.00121446,-0.000607834,0.00118591,6.09587e-05,-0.000441609,4.67533e-05,-0.00144324,-0.000607834,0.00392936,-0.000212115,-0.00117625,-0.00142679,-2.3112e-05,-0.000839875,0.00118591,-0.000212115,0.00283562,0.000563082,-0.000342393,-0.000153118,-0.000781111,6.09586e-05,-0.00117625,0.000563082,0.0336386,0.00275097,-0.00105079,-0.001546,-0.000441609,-0.00142679,-0.000342393,0.00275097,0.0285846,5.69689e-05,1.72132e-05,4.67533e-05,-2.3112e-05,-0.000153118,-0.00105079,5.69689e-05,0.046658,
0.00237463,-0.000363947,-0.00144427,-0.000840329,-0.000780058,-0.00154392,1.67321e-05,-0.000363947,0.00121582,-0.000609245,0.00118463,5.95131e-05,-0.0004432,4.6647e-05,-0.00144427,-0.000609245,0.00392663,-0.000213516,-0.00117528,-0.00142838,-2.30194e-05,-0.000840329,0.00118463,-0.000213516,0.00283169,0.000571787,-0.000337024,-0.000153646,-0.000780058,5.95131e-05,-0.00117528,0.000571787,0.033616,0.00274909,-0.00104397,-0.00154392,-0.0004432,-0.00142838,-0.000337024,0.00274909,0.0285844,5.6134e-05,1.67321e-05,4.6647e-05,-2.30194e-05,-0.000153646,-0.00104397,5.6134e-05,0.0466577,
0.00238094,-0.000365537,-0.00144529,-0.000840756,-0.000778998,-0.00154183,1.62546e-05,-0.000365537,0.00121719,-0.000610647,0.00118335,5.8103e-05,-0.000444771,4.65388e-05,-0.00144529,-0.000610647,0.00392391,-0.000214917,-0.00117428,-0.00142993,-2.29307e-05,-0.000840756,0.00118335,-0.000214917,0.00282776,0.000580464,-0.000331665,-0.000154168,-0.000778998,5.8103e-05,-0.00117428,0.000580464,0.0335934,0.0027472,-0.00103717,-0.00154183,-0.000444771,-0.00142993,-0.000331665,0.0027472,0.0285841,5.53018e-05,1.62546e-05,4.65388e-05,-2.29307e-05,-0.000154168,-0.00103717,5.53018e-05,0.0466574,
0.00238724,-0.000367135,-0.0014463,-0.000841156,-0.000777932,-0.00153974,1.57807e-05,-0.000367135,0.00121855,-0.00061204,0.00118207,5.6728e-05,-0.000446321,4.64289e-05,-0.0014463,-0.00061204,0.0039212,-0.00021632,-0.00117327,-0.00143144,-2.28458e-05,-0.000841156,0.00118207,-0.00021632,0.00282385,0.000589112,-0.000326318,-0.000154681,-0.000777932,5.6728e-05,-0.00117327,0.000589112,0.0335708,0.00274531,-0.00103041,-0.00153974,-0.000446321,-0.00143144,-0.000326318,0.00274531,0.0285838,5.44725e-05,1.57807e-05,4.6429e-05,-2.28458e-05,-0.000154681,-0.00103041,5.44725e-05,0.0466571,
0.00239353,-0.000368741,-0.00144729,-0.000841529,-0.00077686,-0.00153765,1.53103e-05,-0.000368741,0.00121992,-0.000613423,0.00118078,5.53877e-05,-0.00044785,4.63174e-05,-0.00144729,-0.000613423,0.0039185,-0.000217724,-0.00117224,-0.00143291,-2.27647e-05,-0.000841529,0.00118078,-0.000217724,0.00281994,0.000597731,-0.000320982,-0.000155188,-0.00077686,5.53877e-05,-0.00117224,0.000597731,0.0335481,0.0027434,-0.00102367,-0.00153765,-0.00044785,-0.00143291,-0.000320982,0.0027434,0.0285835,5.36462e-05,1.53104e-05,4.63174e-05,-2.27647e-05,-0.000155188,-0.00102367,5.36463e-05,0.0466569,
0.00239979,-0.000370353,-0.00144827,-0.000841875,-0.000775783,-0.00153554,1.48435e-05,-0.000370353,0.0012213,-0.000614797,0.00117949,5.40819e-05,-0.000449359,4.62041e-05,-0.00144827,-0.000614797,0.00391581,-0.000219129,-0.00117118,-0.00143435,-2.26873e-05,-0.000841875,0.00117949,-0.000219129,0.00281604,0.000606321,-0.000315658,-0.000155687,-0.000775783,5.40819e-05,-0.00117118,0.000606321,0.0335254,0.00274148,-0.00101696,-0.00153554,-0.000449359,-0.00143435,-0.000315658,0.00274148,0.0285832,5.28231e-05,1.48435e-05,4.62041e-05,-2.26874e-05,-0.000155687,-0.00101696,5.28231e-05,0.0466566,
0.00240605,-0.000371973,-0.00144924,-0.000842194,-0.000774702,-0.00153344,1.43802e-05,-0.000371973,0.00122267,-0.000616162,0.00117821,5.28102e-05,-0.000450847,4.60893e-05,-0.00144924,-0.000616162,0.00391314,-0.000220535,-0.00117011,-0.00143575,-2.26135e-05,-0.000842194,0.00117821,-0.000220535,0.00281214,0.000614881,-0.000310344,-0.00015618,-0.000774702,5.28102e-05,-0.00117011,0.000614881,0.0335026,0.00273956,-0.00101028,-0.00153344,-0.000450847,-0.00143575,-0.000310344,0.00273956,0.0285828,5.20032e-05,1.43802e-05,4.60893e-05,-2.26135e-05,-0.00015618,-0.00101028,5.20032e-05,0.0466563,
0.00241228,-0.0003736,-0.00145019,-0.000842487,-0.000773617,-0.00153133,1.39205e-05,-0.0003736,0.00122405,-0.000617518,0.00117692,5.15724e-05,-0.000452315,4.59729e-05,-0.00145019,-0.000617518,0.00391047,-0.000221942,-0.00116901,-0.00143711,-2.25432e-05,-0.000842487,0.00117692,-0.000221942,0.00280826,0.000623411,-0.000305042,-0.000156665,-0.000773617,5.15724e-05,-0.00116901,0.000623411,0.0334798,0.00273763,-0.00100363,-0.00153133,-0.000452315,-0.00143711,-0.000305042,0.00273763,0.0285824,5.11868e-05,1.39205e-05,4.59729e-05,-2.25432e-05,-0.000156665,-0.00100363,5.11868e-05,0.0466561,
0.00241851,-0.000375233,-0.00145113,-0.000842753,-0.000772527,-0.00152922,1.34643e-05,-0.000375233,0.00122544,-0.000618864,0.00117563,5.03682e-05,-0.000453763,4.58551e-05,-0.00145113,-0.000618864,0.00390782,-0.000223349,-0.0011679,-0.00143844,-2.24764e-05,-0.000842753,0.00117563,-0.000223349,0.00280438,0.000631911,-0.000299752,-0.000157144,-0.000772527,5.03682e-05,-0.0011679,0.000631911,0.033457,0.00273568,-0.000997004,-0.00152922,-0.000453763,-0.00143844,-0.000299752,0.00273568,0.0285819,5.03739e-05,1.34642e-05,4.5855e-05,-2.24764e-05,-0.000157144,-0.000997004,5.03739e-05,0.0466558,
0.00242471,-0.000376874,-0.00145206,-0.000842993,-0.000771435,-0.0015271,1.30115e-05,-0.000376874,0.00122682,-0.000620202,0.00117433,4.91971e-05,-0.000455191,4.57358e-05,-0.00145206,-0.000620202,0.00390518,-0.000224758,-0.00116676,-0.00143973,-2.24129e-05,-0.000842993,0.00117433,-0.000224758,0.00280051,0.000640381,-0.000294473,-0.000157616,-0.000771435,4.91971e-05,-0.00116676,0.000640381,0.0334341,0.00273373,-0.000990407,-0.0015271,-0.000455191,-0.00143973,-0.000294473,0.00273373,0.0285815,4.95646e-05,1.30115e-05,4.57358e-05,-2.24129e-05,-0.000157616,-0.000990407,4.95646e-05,0.0466555,
0.0024309,-0.000378521,-0.00145297,-0.000843207,-0.00077034,-0.00152498,1.25623e-05,-0.000378521,0.00122821,-0.000621531,0.00117304,4.80591e-05,-0.000456599,4.56151e-05,-0.00145297,-0.000621531,0.00390254,-0.000226167,-0.00116561,-0.00144099,-2.23528e-05,-0.000843207,0.00117304,-0.000226167,0.00279665,0.000648821,-0.000289205,-0.000158081,-0.00077034,4.80591e-05,-0.00116561,0.000648821,0.0334112,0.00273177,-0.000983837,-0.00152498,-0.000456599,-0.00144099,-0.000289205,0.00273177,0.028581,4.87589e-05,1.25623e-05,4.56151e-05,-2.23528e-05,-0.000158081,-0.000983837,4.87589e-05,0.0466553,
0.00243708,-0.000380175,-0.00145387,-0.000843394,-0.000769242,-0.00152286,1.21166e-05,-0.000380175,0.0012296,-0.000622852,0.00117174,4.69536e-05,-0.000457987,4.54931e-05,-0.00145387,-0.000622852,0.00389992,-0.000227577,-0.00116444,-0.00144221,-2.22959e-05,-0.000843394,0.00117174,-0.000227577,0.0027928,0.00065723,-0.000283949,-0.00015854,-0.000769242,4.69537e-05,-0.00116444,0.00065723,0.0333883,0.00272981,-0.000977294,-0.00152286,-0.000457987,-0.00144221,-0.000283949,0.00272981,0.0285805,4.7957e-05,1.21166e-05,4.54931e-05,-2.22958e-05,-0.00015854,-0.000977294,4.7957e-05,0.046655,
0.00244324,-0.000381835,-0.00145476,-0.000843555,-0.000768142,-0.00152074,1.16744e-05,-0.000381835,0.001231,-0.000624164,0.00117045,4.58805e-05,-0.000459356,4.53698e-05,-0.00145476,-0.000624164,0.00389731,-0.000228987,-0.00116325,-0.0014434,-2.22421e-05,-0.000843555,0.00117045,-0.000228987,0.00278895,0.000665609,-0.000278704,-0.000158992,-0.000768142,4.58805e-05,-0.00116325,0.000665609,0.0333654,0.00272783,-0.000970779,-0.00152074,-0.000459356,-0.0014434,-0.000278704,0.00272783,0.0285799,4.71589e-05,1.16744e-05,4.53698e-05,-2.22421e-05,-0.000158992,-0.000970779,4.71589e-05,0.0466548,
0.00244938,-0.000383502,-0.00145564,-0.000843691,-0.000767041,-0.00151862,1.12357e-05,-0.000383502,0.00123239,-0.000625468,0.00116915,4.48396e-05,-0.000460705,4.52452e-05,-0.00145564,-0.000625468,0.00389471,-0.000230397,-0.00116204,-0.00144456,-2.21915e-05,-0.000843691,0.00116915,-0.000230397,0.00278512,0.000673955,-0.000273471,-0.000159437,-0.000767041,4.48396e-05,-0.00116204,0.000673955,0.0333424,0.00272584,-0.000964292,-0.00151862,-0.000460705,-0.00144456,-0.000273471,0.00272584,0.0285793,4.63647e-05,1.12357e-05,4.52453e-05,-2.21915e-05,-0.000159437,-0.000964292,4.63647e-05,0.0466545,
0.00245551,-0.000385175,-0.0014565,-0.000843801,-0.000765939,-0.00151649,1.08004e-05,-0.000385175,0.00123379,-0.000626764,0.00116785,4.38306e-05,-0.000462034,4.51194e-05,-0.0014565,-0.000626764,0.00389213,-0.000231808,-0.00116081,-0.00144568,-2.21438e-05,-0.000843801,0.00116785,-0.000231808,0.00278129,0.000682271,-0.000268251,-0.000159877,-0.000765939,4.38306e-05,-0.00116081,0.000682271,0.0333194,0.00272385,-0.000957832,-0.00151649,-0.000462034,-0.00144568,-0.000268251,0.00272385,0.0285787,4.55747e-05,1.08004e-05,4.51194e-05,-2.21438e-05,-0.000159877,-0.000957832,4.55747e-05,0.0466543,
0.00246162,-0.000386855,-0.00145736,-0.000843885,-0.000764834,-0.00151436,1.03685e-05,-0.000386855,0.00123519,-0.000628051,0.00116655,4.28516e-05,-0.000463345,4.49924e-05,-0.00145736,-0.000628051,0.00388955,-0.000233219,-0.00115956,-0.00144676,-2.20992e-05,-0.000843885,0.00116655,-0.000233219,0.00277747,0.00069056,-0.000263039,-0.00016031,-0.000764834,4.28517e-05,-0.00115956,0.00069056,0.0332964,0.00272185,-0.000951396,-0.00151436,-0.000463345,-0.00144676,-0.000263039,0.00272185,0.0285781,4.47885e-05,1.03685e-05,4.49924e-05,-2.20992e-05,-0.00016031,-0.000951396,4.47885e-05,0.046654,
0.00246772,-0.00038854,-0.00145819,-0.000843943,-0.000763731,-0.00151223,9.94016e-06,-0.00038854,0.0012366,-0.00062933,0.00116525,4.19056e-05,-0.000464636,4.48644e-05,-0.00145819,-0.00062933,0.00388698,-0.000234631,-0.0011583,-0.00144782,-2.20576e-05,-0.000843943,0.00116525,-0.000234631,0.00277366,0.000698811,-0.000257842,-0.000160736,-0.000763731,4.19056e-05,-0.0011583,0.000698811,0.0332734,0.00271984,-0.000944993,-0.00151223,-0.000464636,-0.00144782,-0.000257842,0.00271984,0.0285774,4.40064e-05,9.94016e-06,4.48644e-05,-2.20575e-05,-0.000160736,-0.000944993,4.40064e-05,0.0466538,
0.0024738,-0.000390232,-0.00145902,-0.000843977,-0.000762626,-0.0015101,9.51511e-06,-0.000390232,0.001238,-0.000630601,0.00116394,4.09887e-05,-0.000465909,4.47351e-05,-0.00145902,-0.000630601,0.00388442,-0.000236042,-0.00115702,-0.00144884,-2.20186e-05,-0.000843977,0.00116394,-0.000236042,0.00276987,0.000707038,-0.000252654,-0.000161157,-0.000762626,4.09886e-05,-0.00115702,0.000707038,0.0332503,0.00271782,-0.00093861,-0.0015101,-0.000465909,-0.00144884,-0.000252654,0.00271782,0.0285768,4.32284e-05,9.51511e-06,4.47351e-05,-2.20186e-05,-0.000161157,-0.00093861,4.32284e-05,0.0466536,
0.00247986,-0.000391929,-0.00145984,-0.000843985,-0.000761522,-0.00150797,9.09356e-06,-0.000391929,0.00123941,-0.000631865,0.00116264,4.01035e-05,-0.000467161,4.46049e-05,-0.00145984,-0.000631865,0.00388188,-0.000237454,-0.00115572,-0.00144983,-2.19826e-05,-0.000843985,0.00116264,-0.000237454,0.00276607,0.000715227,-0.000247478,-0.000161571,-0.000761522,4.01035e-05,-0.00115572,0.000715227,0.0332273,0.00271579,-0.00093226,-0.00150797,-0.000467161,-0.00144983,-0.000247478,0.00271579,0.028576,4.24544e-05,9.09356e-06,4.46049e-05,-2.19826e-05,-0.000161571,-0.00093226,4.24544e-05,0.0466533,
0.00248591,-0.000393633,-0.00146064,-0.000843968,-0.000760418,-0.00150584,8.67539e-06,-0.000393633,0.00124082,-0.00063312,0.00116133,3.92478e-05,-0.000468396,4.44736e-05,-0.00146064,-0.00063312,0.00387934,-0.000238865,-0.00115441,-0.00145079,-2.19492e-05,-0.000843968,0.00116133,-0.000238865,0.00276229,0.000723389,-0.000242315,-0.00016198,-0.000760418,3.92478e-05,-0.00115441,0.000723389,0.0332042,0.00271376,-0.000925932,-0.00150584,-0.000468396,-0.00145079,-0.000242315,0.00271376,0.0285753,4.16848e-05,8.67539e-06,4.44736e-05,-2.19492e-05,-0.00016198,-0.000925932,4.16848e-05,0.0466531,
0.00249194,-0.000395342,-0.00146143,-0.000843926,-0.000759316,-0.00150371,8.26064e-06,-0.000395342,0.00124224,-0.000634368,0.00116003,3.84224e-05,-0.000469612,4.43414e-05,-0.00146143,-0.000634368,0.00387682,-0.000240276,-0.00115307,-0.00145171,-2.19185e-05,-0.000843926,0.00116003,-0.000240276,0.00275852,0.000731517,-0.000237163,-0.000162382,-0.000759316,3.84224e-05,-0.00115307,0.000731517,0.0331812,0.00271171,-0.000919634,-0.00150371,-0.000469612,-0.00145171,-0.000237163,0.00271171,0.0285745,4.09193e-05,8.26064e-06,4.43414e-05,-2.19185e-05,-0.000162382,-0.000919634,4.09193e-05,0.0466529,
0.00249796,-0.000397056,-0.00146221,-0.00084386,-0.000758211,-0.00150158,7.849e-06,-0.000397056,0.00124365,-0.000635609,0.00115872,3.76237e-05,-0.000470812,4.42078e-05,-0.00146221,-0.000635609,0.0038743,-0.000241686,-0.00115173,-0.00145261,-2.18901e-05,-0.00084386,0.00115872,-0.000241686,0.00275476,0.000739626,-0.00023202,-0.000162779,-0.000758211,3.76237e-05,-0.00115173,0.000739626,0.033158,0.00270966,-0.000913348,-0.00150158,-0.000470812,-0.00145261,-0.00023202,0.00270966,0.0285737,4.01582e-05,7.849e-06,4.42078e-05,-2.18901e-05,-0.000162779,-0.000913348,4.01582e-05,0.0466527,
0.00250396,-0.000398777,-0.00146297,-0.000843768,-0.000757116,-0.00149945,7.44116e-06,-0.000398777,0.00124507,-0.000636842,0.00115741,3.68617e-05,-0.000471987,4.40746e-05,-0.00146297,-0.000636842,0.00387179,-0.000243098,-0.00115036,-0.00145347,-2.18656e-05,-0.000843768,0.00115741,-0.000243098,0.00275101,0.000747665,-0.00022689,-0.000163168,-0.000757116,3.68617e-05,-0.00115036,0.000747665,0.033135,0.00270761,-0.00090713,-0.00149945,-0.000471987,-0.00145347,-0.00022689,0.00270761,0.0285729,3.94006e-05,7.44116e-06,4.40746e-05,-2.18656e-05,-0.000163168,-0.00090713,3.94006e-05,0.0466525,
0.00250994,-0.000400502,-0.00146373,-0.000843652,-0.000756013,-0.00149732,7.0364e-06,-0.000400502,0.00124649,-0.000638067,0.0011561,3.61198e-05,-0.000473151,4.39387e-05,-0.00146373,-0.000638067,0.0038693,-0.000244507,-0.00114898,-0.0014543,-2.18414e-05,-0.000843652,0.0011561,-0.000244507,0.00274727,0.000755724,-0.000221778,-0.000163555,-0.000756013,3.61198e-05,-0.00114898,0.000755724,0.0331118,0.00270553,-0.000900883,-0.00149732,-0.000473151,-0.0014543,-0.000221778,0.00270553,0.0285721,3.86488e-05,7.0364e-06,4.39387e-05,-2.18414e-05,-0.000163555,-0.000900883,3.86487e-05,0.0466522,
0.00251591,-0.000402233,-0.00146447,-0.000843512,-0.00075492,-0.0014952,6.63505e-06,-0.000402233,0.00124791,-0.000639286,0.00115478,3.54147e-05,-0.00047429,4.38038e-05,-0.00146447,-0.000639286,0.00386682,-0.000245918,-0.00114758,-0.00145511,-2.18221e-05,-0.000843512,0.00115478,-0.000245917,0.00274353,0.0007637,-0.000216667,-0.000163932,-0.00075492,3.54147e-05,-0.00114758,0.0007637,0.0330888,0.00270346,-0.000894718,-0.0014952,-0.00047429,-0.00145511,-0.000216667,0.00270346,0.0285712,3.78996e-05,6.63505e-06,4.38038e-05,-2.18221e-05,-0.000163932,-0.000894718,3.78996e-05,0.046652,
0.00252186,-0.000403969,-0.0014652,-0.000843347,-0.000753824,-0.00149307,6.23712e-06,-0.000403969,0.00124933,-0.000640497,0.00115347,3.47322e-05,-0.000475416,4.36666e-05,-0.0014652,-0.000640497,0.00386434,-0.000247326,-0.00114617,-0.00145588,-2.18031e-05,-0.000843347,0.00115347,-0.000247326,0.00273981,0.000771683,-0.00021158,-0.000164306,-0.000753824,3.47321e-05,-0.00114617,0.000771683,0.0330657,0.00270138,-0.000888534,-0.00149307,-0.000475416,-0.00145588,-0.00021158,0.00270138,0.0285703,3.71561e-05,6.23709e-06,4.36666e-05,-2.18031e-05,-0.000164306,-0.000888534,3.71561e-05,0.0466518,
0.0025278,-0.000405711,-0.00146592,-0.000843159,-0.000752734,-0.00149095,5.8423e-06,-0.000405711,0.00125075,-0.000641701,0.00115216,3.40811e-05,-0.000476521,4.35296e-05,-0.00146592,-0.000641701,0.00386188,-0.000248735,-0.00114474,-0.00145662,-2.17879e-05,-0.000843159,0.00115216,-0.000248735,0.00273609,0.00077961,-0.000206494,-0.000164673,-0.000752734,3.40812e-05,-0.00114474,0.00077961,0.0330426,0.00269929,-0.000882406,-0.00149095,-0.000476521,-0.00145662,-0.000206494,0.00269929,0.0285694,3.6416e-05,5.84227e-06,4.35296e-05,-2.17879e-05,-0.000164673,-0.000882406,3.6416e-05,0.0466516,
0.00253372,-0.000407457,-0.00146663,-0.000842946,-0.000751645,-0.00148883,5.45089e-06,-0.000407457,0.00125218,-0.000642897,0.00115084,3.34562e-05,-0.00047761,4.33913e-05,-0.00146663,-0.000642897,0.00385942,-0.000250142,-0.0011433,-0.00145733,-2.17741e-05,-0.000842946,0.00115084,-0.000250142,0.00273239,0.000787517,-0.000201427,-0.000165035,-0.000751645,3.34562e-05,-0.0011433,0.000787517,0.0330195,0.00269719,-0.000876288,-0.00148883,-0.00047761,-0.00145733,-0.000201427,0.00269719,0.0285684,3.56808e-05,5.45092e-06,4.33913e-05,-2.17741e-05,-0.000165035,-0.000876288,3.56808e-05,0.0466514,
