0.00434007,0.000652851,-0.000409366,-0.000253667,-0.00114052,0.000564976,-9.65827e-05,0.000652851,0.000842816,0.000724786,8.18851e-05,-0.0014184,-0.00036801,4.73156e-05,-0.000409366,0.000724786,0.00448038,0.000282326,-0.00126179,0.000350822,-0.000107326,-0.000253667,8.18851e-05,0.000282326,0.00185901,0.00030988,0.00271862,5.74745e-05,-0.00114052,-0.0014184,-0.00126179,0.00030988,0.0306922,0.0017236,-0.000173232,0.000564976,-0.00036801,0.000350822,0.00271862,0.0017236,0.0287914,0.000170215,-9.65827e-05,4.73156e-05,-0.000107326,5.74745e-05,-0.000173232,0.000170215,0.0466172,
0.00433852,0.000653451,-0.000409172,-0.000258218,-0.0011392,0.000567371,-9.61393e-05,0.000653451,0.000844493,0.000726637,8.3657e-05,-0.00142304,-0.000368726,4.72245e-05,-0.000409172,0.000726637,0.00447827,0.000285282,-0.00125962,0.000350899,-0.000107072,-0.000258218,8.3657e-05,0.000285282,0.00185999,0.000303089,0.00271366,5.82118e-05,-0.0011392,-0.00142304,-0.00125962,0.000303089,0.0306688,0.00171898,-0.000166343,0.000567371,-0.000368726,0.000350899,0.00271366,0.00171898,0.0287839,0.000169321,-9.61393e-05,4.72244e-05,-0.000107072,5.82118e-05,-0.000166343,0.000169321,0.0466171,
0.00433653,0.00065434,-0.000409087,-0.00026372,-0.00113753,0.000571621,-9.56491e-05,0.00065434,0.000846615,0.000728899,8.50799e-05,-0.00142883,-0.00037136,4.70433e-05,-0.000409087,0.000728899,0.00447585,0.000288202,-0.00125672,0.000352979,-0.000106788,-0.00026372,8.50799e-05,0.000288202,0.00186057,0.000293312,0.00270599,5.93411e-05,-0.00113753,-0.00142883,-0.00125672,0.000293312,0.0306427,0.00171276,-0.000158905,0.000571621,-0.00037136,0.000352979,0.00270599,0.00171276,0.0287759,0.000168682,-9.56491e-05,4.70433e-05,-0.000106788,5.93411e-05,-0.000158905,0.000168682,0.0466171,
0.00433432,0.000655187,-0.000408876,-0.000270009,-0.00113569,0.000576042,-9.51454e-05,0.000655187,0.000848744,0.000731238,8.6373e-05,-0.00143453,-0.000373597,4.6862e-05,-0.000408876,0.000731238,0.00447338,0.000291171,-0.00125381,0.00035487,-0.000106506,-0.000270009,8.6373e-05,0.000291171,0.00186132,0.000284084,0.00269843,6.0432e-05,-0.00113569,-0.00143453,-0.00125381,0.000284084,0.030616,0.00170644,-0.000151372,0.000576042,-0.000373597,0.00035487,0.00269843,0.00170644,0.0287677,0.000168014,-9.51454e-05,4.6862e-05,-0.000106506,6.0432e-05,-0.000151372,0.000168014,0.0466171,
0.00433198,0.000655941,-0.000408539,-0.000276804,-0.00113377,0.000580641,-9.46583e-05,0.000655941,0.000850826,0.000733573,8.7579e-05,-0.00143996,-0.000375758,4.66806e-05,-0.000408539,0.000733573,0.00447088,0.000294173,-0.00125092,0.000356741,-0.000106252,-0.000276804,8.7579e-05,0.000294173,0.00186218,0.000275194,0.00269089,6.15038e-05,-0.00113377,-0.00143996,-0.00125092,0.000275194,0.0305905,0.00170021,-0.000144213,0.000580641,-0.000375758,0.000356741,0.00269089,0.00170021,0.0287599,0.000167302,-9.46583e-05,4.66807e-05,-0.000106252,6.15038e-05,-0.000144213,0.000167302,0.0466171,
0.00432954,0.000656623,-0.000408118,-0.000283908,-0.00113187,0.00058534,-9.4159e-05,0.000656624,0.000852884,0.000735896,8.87272e-05,-0.00144533,-0.000377892,4.65e-05,-0.000408118,0.000735897,0.00446838,0.000297175,-0.00124803,0.000358643,-0.000105993,-0.000283908,8.87272e-05,0.000297175,0.0018631,0.00026635,0.00268322,6.25745e-05,-0.00113187,-0.00144533,-0.00124803,0.00026635,0.030565,0.00169387,-0.000137063,0.00058534,-0.000377892,0.000358643,0.00268322,0.00169387,0.028752,0.000166597,-9.4159e-05,4.65e-05,-0.000105993,6.25746e-05,-0.000137063,0.000166597,0.0466171,
0.00432703,0.000657248,-0.000407629,-0.000291204,-0.00112998,0.000590068,-9.366e-05,0.000657248,0.000854915,0.000738207,8.98421e-05,-0.00145058,-0.000379964,4.63198e-05,-0.000407629,0.000738207,0.00446586,0.00030018,-0.00124516,0.000360535,-0.000105742,-0.000291204,8.98421e-05,0.00030018,0.00186409,0.000257641,0.00267555,6.36297e-05,-0.00112998,-0.00145058,-0.00124516,0.000257641,0.0305398,0.00168755,-0.000130039,0.000590068,-0.000379964,0.000360535,0.00267555,0.00168755,0.0287442,0.000165881,-9.366e-05,4.63198e-05,-0.000105742,6.36297e-05,-0.000130039,0.000165882,0.0466171,
0.00432445,0.000657825,-0.000407089,-0.000298608,-0.00112814,0.000594804,-9.31558e-05,0.000657825,0.000856929,0.000740505,9.09376e-05,-0.00145576,-0.000382007,4.61395e-05,-0.000407089,0.000740505,0.00446333,0.000303178,-0.00124227,0.000362445,-0.00010549,-0.000298608,9.09376e-05,0.000303178,0.00186514,0.00024896,0.00266782,6.46758e-05,-0.00112814,-0.00145576,-0.00124227,0.00024896,0.0305147,0.00168118,-0.000123061,0.000594804,-0.000382007,0.000362445,0.00266782,0.00168118,0.0287364,0.000165169,-9.31558e-05,4.61395e-05,-0.00010549,6.46758e-05,-0.000123061,0.000165169,0.0466171,
0.00432181,0.000658364,-0.000406509,-0.000306067,-0.00112635,0.000599519,-9.26489e-05,0.000658364,0.000858929,0.00074279,9.20243e-05,-0.00146086,-0.000384012,4.59588e-05,-0.000406509,0.00074279,0.00446079,0.00030617,-0.00123938,0.000364364,-0.000105239,-0.000306067,9.20243e-05,0.00030617,0.00186623,0.000240316,0.00266005,6.57094e-05,-0.00112635,-0.00146086,-0.00123938,0.000240316,0.0304898,0.00167479,-0.00011614,0.000599519,-0.000384012,0.000364364,0.00266005,0.00167479,0.0287286,0.000164456,-9.26488e-05,4.59587e-05,-0.000105239,6.57093e-05,-0.00011614,0.000164456,0.0466171,
0.00431913,0.000658869,-0.000405895,-0.000313544,-0.00112462,0.000604201,-9.21386e-05,0.000658869,0.000860916,0.000745063,9.31084e-05,-0.0014659,-0.000385988,4.57774e-05,-0.000405895,0.000745063,0.00445824,0.000309152,-0.00123647,0.000366298,-0.000104988,-0.000313544,9.31085e-05,0.000309152,0.00186737,0.000231683,0.00265226,6.67311e-05,-0.00112462,-0.0014659,-0.00123647,0.000231683,0.0304649,0.00166837,-0.000109264,0.000604201,-0.000385988,0.000366298,0.00265226,0.00166837,0.0287208,0.000163746,-9.21387e-05,4.57774e-05,-0.000104988,6.67311e-05,-0.000109264,0.000163746,0.0466172,
0.00431641,0.000659344,-0.000405252,-0.000321016,-0.00112294,0.00060884,-9.16259e-05,0.000659344,0.000862894,0.000747324,9.41947e-05,-0.00147087,-0.000387933,4.55952e-05,-0.000405252,0.000747324,0.00445567,0.000312123,-0.00123354,0.000368243,-0.000104737,-0.000321016,9.41947e-05,0.000312123,0.00186854,0.000223059,0.00264443,6.77404e-05,-0.00112294,-0.00147087,-0.00123354,0.000223059,0.0304401,0.00166192,-0.000102431,0.00060884,-0.000387933,0.000368243,0.00264443,0.00166192,0.028713,0.000163039,-9.16259e-05,4.55952e-05,-0.000104737,6.77404e-05,-0.000102431,0.000163039,0.0466172,
0.00431366,0.000659792,-0.000404584,-0.000328467,-0.00112133,0.00061343,-9.11108e-05,0.000659792,0.000864861,0.000749572,9.52858e-05,-0.00147579,-0.000389849,4.54122e-05,-0.000404584,0.000749572,0.00445309,0.000315084,-0.0012306,0.000370202,-0.000104485,-0.000328467,9.52859e-05,0.000315084,0.00186976,0.000214438,0.00263657,6.87372e-05,-0.00112133,-0.00147579,-0.0012306,0.000214438,0.0304155,0.00165546,-9.56397e-05,0.00061343,-0.000389849,0.000370202,0.00263657,0.00165546,0.0287051,0.000162334,-9.11107e-05,4.54122e-05,-0.000104485,6.87372e-05,-9.56397e-05,0.000162334,0.0466172,
0.00431087,0.000660215,-0.000403893,-0.000335886,-0.00111978,0.000617968,-9.05936e-05,0.000660215,0.00086682,0.000751809,9.63838e-05,-0.00148065,-0.000391736,4.52283e-05,-0.000403893,0.000751809,0.0044505,0.000318032,-0.00122764,0.000372174,-0.000104233,-0.000335886,9.63838e-05,0.000318032,0.00187101,0.000205818,0.0026287,6.97211e-05,-0.00111978,-0.00148065,-0.00122764,0.000205818,0.0303908,0.00164897,-8.88889e-05,0.000617968,-0.000391736,0.000372174,0.0026287,0.00164897,0.0286972,0.000161632,-9.05936e-05,4.52283e-05,-0.000104233,6.97211e-05,-8.88889e-05,0.000161632,0.0466172,
0.00430804,0.000660615,-0.00040318,-0.000343267,-0.00111829,0.000622449,-9.00746e-05,0.000660615,0.00086877,0.000754033,9.74899e-05,-0.00148545,-0.000393596,4.50435e-05,-0.00040318,0.000754033,0.0044479,0.000320968,-0.00122466,0.000374158,-0.00010398,-0.000343266,9.74899e-05,0.000320968,0.0018723,0.000197199,0.0026208,7.06922e-05,-0.00111829,-0.00148545,-0.00122466,0.000197199,0.0303663,0.00164247,-8.21787e-05,0.000622449,-0.000393596,0.000374158,0.0026208,0.00164247,0.0286893,0.000160933,-9.00746e-05,4.50435e-05,-0.00010398,7.06922e-05,-8.21787e-05,0.000160933,0.0466173,
0.00430519,0.000660993,-0.000402446,-0.000350604,-0.00111686,0.000626874,-8.95541e-05,0.000660993,0.000870713,0.000756246,9.86047e-05,-0.0014902,-0.000395427,4.48577e-05,-0.000402446,0.000756246,0.00444529,0.000323891,-0.00122167,0.000376154,-0.000103727,-0.000350604,9.86047e-05,0.000323891,0.00187362,0.000188581,0.00261288,7.16503e-05,-0.00111686,-0.0014902,-0.00122167,0.000188581,0.0303419,0.00163594,-7.55093e-05,0.000626874,-0.000395427,0.000376154,0.00261288,0.00163594,0.0286813,0.000160236,-8.95541e-05,4.48577e-05,-0.000103727,7.16503e-05,-7.55093e-05,0.000160236,0.0466173,
0.00430231,0.000661348,-0.000401693,-0.000357897,-0.0011155,0.000631242,-8.90322e-05,0.000661348,0.000872647,0.000758446,9.97289e-05,-0.00149489,-0.00039723,4.46711e-05,-0.000401693,0.000758446,0.00444267,0.000326801,-0.00121865,0.000378161,-0.000103474,-0.000357897,9.97289e-05,0.000326801,0.00187498,0.000179966,0.00260494,7.25953e-05,-0.0011155,-0.00149489,-0.00121865,0.000179966,0.0303175,0.0016294,-6.88809e-05,0.000631242,-0.00039723,0.000378161,0.00260494,0.0016294,0.0286734,0.000159541,-8.90323e-05,4.4671e-05,-0.000103474,7.25953e-05,-6.88809e-05,0.000159541,0.0466173,
0.0042994,0.000661683,-0.00040092,-0.000365142,-0.0011142,0.000635551,-8.85093e-05,0.000661683,0.000874574,0.000760635,0.000100863,-0.00149952,-0.000399006,4.44836e-05,-0.00040092,0.000760635,0.00444003,0.000329699,-0.00121562,0.00038018,-0.00010322,-0.000365142,0.000100863,0.000329699,0.00187637,0.000171354,0.00259699,7.35274e-05,-0.0011142,-0.00149952,-0.00121562,0.000171354,0.0302932,0.00162284,-6.22938e-05,0.000635551,-0.000399006,0.00038018,0.00259699,0.00162284,0.0286654,0.000158849,-8.85093e-05,4.44835e-05,-0.00010322,7.35274e-05,-6.22938e-05,0.000158849,0.0466174,
0.00429647,0.000661998,-0.000400129,-0.00037234,-0.00111296,0.000639803,-8.79854e-05,0.000661998,0.000876492,0.000762811,0.000102006,-0.0015041,-0.000400754,4.42952e-05,-0.000400129,0.000762811,0.00443738,0.000332583,-0.00121256,0.000382208,-0.000102966,-0.00037234,0.000102006,0.000332583,0.00187779,0.000162746,0.00258902,7.44464e-05,-0.00111296,-0.0015041,-0.00121256,0.000162746,0.030269,0.00161626,-5.57484e-05,0.000639803,-0.000400754,0.000382208,0.00258902,0.00161626,0.0286573,0.000158158,-8.79853e-05,4.42952e-05,-0.000102966,7.44464e-05,-5.57484e-05,0.000158158,0.0466174,
0.00429351,0.000662293,-0.000399319,-0.000379488,-0.00111178,0.000643997,-8.74606e-05,0.000662293,0.000878403,0.000764976,0.000103159,-0.00150862,-0.000402474,4.4106e-05,-0.000399319,0.000764976,0.00443472,0.000335453,-0.00120949,0.000384247,-0.000102711,-0.000379488,0.000103159,0.000335453,0.00187925,0.000154145,0.00258105,7.53524e-05,-0.00111178,-0.00150862,-0.00120949,0.000154145,0.0302449,0.00160967,-4.92448e-05,0.000643997,-0.000402474,0.000384247,0.00258105,0.00160967,0.0286493,0.000157469,-8.74606e-05,4.41059e-05,-0.000102711,7.53524e-05,-4.92448e-05,0.000157469,0.0466175,
0.00429053,0.000662568,-0.000398492,-0.000386588,-0.00111066,0.000648133,-8.69353e-05,0.000662568,0.000880306,0.000767129,0.000104322,-0.00151309,-0.000404166,4.3916e-05,-0.000398492,0.000767129,0.00443206,0.00033831,-0.0012064,0.000386296,-0.000102456,-0.000386588,0.000104322,0.00033831,0.00188073,0.000145551,0.00257306,7.62454e-05,-0.00111066,-0.00151309,-0.0012064,0.000145551,0.0302209,0.00160306,-4.27833e-05,0.000648133,-0.000404166,0.000386296,0.00257306,0.00160306,0.0286412,0.000156782,-8.69353e-05,4.3916e-05,-0.000102456,7.62454e-05,-4.27833e-05,0.000156781,0.0466175,
0.00428752,0.000662825,-0.000397647,-0.000393638,-0.0011096,0.000652212,-8.64094e-05,0.000662825,0.000882201,0.00076927,0.000105495,-0.0015175,-0.000405831,4.37252e-05,-0.000397647,0.00076927,0.00442938,0.000341154,-0.0012033,0.000388353,-0.000102201,-0.000393638,0.000105495,0.000341154,0.00188225,0.000136967,0.00256506,7.71254e-05,-0.0011096,-0.0015175,-0.0012033,0.000136967,0.030197,0.00159644,-3.6364e-05,0.000652212,-0.000405831,0.000388353,0.00256506,0.00159644,0.0286331,0.000156095,-8.64094e-05,4.37253e-05,-0.000102201,7.71255e-05,-3.6364e-05,0.000156095,0.0466176,
0.00428449,0.000663064,-0.000396784,-0.000400639,-0.0011086,0.000656235,-8.58832e-05,0.000663064,0.000884089,0.000771399,0.000106678,-0.00152186,-0.000407469,4.35338e-05,-0.000396784,0.000771399,0.00442669,0.000343983,-0.00120017,0.00039042,-0.000101946,-0.000400639,0.000106678,0.000343983,0.0018838,0.000128392,0.00255706,7.79926e-05,-0.0011086,-0.00152186,-0.00120017,0.000128392,0.0301731,0.00158981,-2.99871e-05,0.000656235,-0.000407469,0.00039042,0.00255706,0.00158981,0.028625,0.000155411,-8.58832e-05,4.35338e-05,-0.000101946,7.79926e-05,-2.99871e-05,0.000155411,0.0466176,
0.00428143,0.000663284,-0.000395904,-0.000407591,-0.00110766,0.000660202,-8.53567e-05,0.000663284,0.000885968,0.000773516,0.00010787,-0.00152617,-0.00040908,4.33417e-05,-0.000395904,0.000773516,0.00442399,0.000346799,-0.00119703,0.000392494,-0.00010169,-0.000407591,0.00010787,0.000346799,0.00188539,0.00011983,0.00254904,7.8847e-05,-0.00110766,-0.00152617,-0.00119703,0.00011983,0.0301494,0.00158316,-2.36526e-05,0.000660202,-0.00040908,0.000392494,0.00254904,0.00158316,0.0286169,0.000154727,-8.53567e-05,4.33417e-05,-0.00010169,7.8847e-05,-2.36526e-05,0.000154727,0.0466177,
0.00427836,0.000663487,-0.000395007,-0.000414494,-0.00110678,0.000664113,-8.48302e-05,0.000663487,0.00088784,0.000775621,0.000109071,-0.00153042,-0.000410664,4.31489e-05,-0.000395007,0.000775621,0.00442127,0.0003496,-0.00119388,0.000394577,-0.000101434,-0.000414494,0.000109071,0.0003496,0.001887,0.00011128,0.00254103,7.96885e-05,-0.00110678,-0.00153042,-0.00119388,0.00011128,0.0301257,0.00157649,-1.73607e-05,0.000664113,-0.000410664,0.000394577,0.00254103,0.00157649,0.0286088,0.000154044,-8.48301e-05,4.31489e-05,-0.000101434,7.96885e-05,-1.73607e-05,0.000154044,0.0466178,
0.00427526,0.000663673,-0.000394093,-0.000421349,-0.00110596,0.000667969,-8.43035e-05,0.000663673,0.000889703,0.000777715,0.000110282,-0.00153462,-0.000412221,4.29556e-05,-0.000394093,0.000777715,0.00441855,0.000352388,-0.0011907,0.000396668,-0.000101178,-0.000421349,0.000110282,0.000352388,0.00188864,0.000102745,0.002533,8.05174e-05,-0.00110596,-0.00153462,-0.0011907,0.000102745,0.0301022,0.00156982,-1.11112e-05,0.000667969,-0.000412221,0.000396668,0.002533,0.00156982,0.0286006,0.000153362,-8.43036e-05,4.29556e-05,-0.000101178,8.05174e-05,-1.11112e-05,0.000153362,0.0466178,
0.00427214,0.000663842,-0.000393162,-0.000428155,-0.00110519,0.000671771,-8.3777e-05,0.000663842,0.000891559,0.000779796,0.000111502,-0.00153876,-0.000413752,4.27617e-05,-0.000393162,0.000779796,0.00441582,0.000355161,-0.00118751,0.000398766,-0.000100921,-0.000428155,0.000111502,0.000355161,0.00189031,9.42245e-05,0.00252498,8.13337e-05,-0.00110519,-0.00153876,-0.00118751,9.42246e-05,0.0300787,0.00156313,-4.90424e-06,0.000671771,-0.000413752,0.000398766,0.00252498,0.00156313,0.0285924,0.000152682,-8.3777e-05,4.27616e-05,-0.000100921,8.13337e-05,-4.90424e-06,0.000152682,0.0466179,
0.004269,0.000663994,-0.000392216,-0.000434913,-0.00110448,0.000675518,-8.32507e-05,0.000663994,0.000893407,0.000781866,0.000112731,-0.00154286,-0.000415256,4.25672e-05,-0.000392216,0.000781866,0.00441308,0.00035792,-0.00118431,0.000400871,-0.000100664,-0.000434913,0.000112731,0.00035792,0.00189201,8.5721e-05,0.00251695,8.21374e-05,-0.00110448,-0.00154286,-0.00118431,8.5721e-05,0.0300553,0.00155643,1.26027e-06,0.000675518,-0.000415256,0.000400871,0.00251695,0.00155643,0.0285842,0.000152002,-8.32507e-05,4.25672e-05,-0.000100664,8.21375e-05,1.26027e-06,0.000152002,0.046618,
0.00426585,0.00066413,-0.000391253,-0.000441622,-0.00110383,0.000679212,-8.27247e-05,0.00066413,0.000895247,0.000783924,0.000113969,-0.0015469,-0.000416734,4.23722e-05,-0.000391253,0.000783924,0.00441033,0.000360664,-0.00118109,0.000402982,-0.000100407,-0.000441622,0.000113969,0.000360664,0.00189374,7.72351e-05,0.00250892,8.29287e-05,-0.00110383,-0.0015469,-0.00118109,7.72351e-05,0.030032,0.00154972,7.38237e-06,0.000679212,-0.000416734,0.000402982,0.00250892,0.00154972,0.028576,0.000151322,-8.27247e-05,4.23722e-05,-0.000100407,8.29287e-05,7.38237e-06,0.000151322,0.046618,
0.00426267,0.000664251,-0.000390274,-0.000448283,-0.00110322,0.000682854,-8.2199e-05,0.000664251,0.000897079,0.000785971,0.000115216,-0.00155089,-0.000418186,4.21768e-05,-0.000390274,0.000785971,0.00440757,0.000363393,-0.00117785,0.000405101,-0.00010015,-0.000448283,0.000115216,0.000363393,0.0018955,6.87677e-05,0.00250089,8.37077e-05,-0.00110322,-0.00155089,-0.00117785,6.87677e-05,0.0300089,0.001543,1.34622e-05,0.000682854,-0.000418186,0.000405101,0.00250089,0.001543,0.0285678,0.000150644,-8.2199e-05,4.21768e-05,-0.00010015,8.37077e-05,1.34622e-05,0.000150644,0.0466181,
0.00425947,0.000664356,-0.000389279,-0.000454897,-0.00110268,0.000686442,-8.16739e-05,0.000664356,0.000898903,0.000788005,0.000116471,-0.00155483,-0.000419612,4.1981e-05,-0.000389279,0.000788005,0.00440481,0.000366108,-0.0011746,0.000407225,-9.98922e-05,-0.000454897,0.000116471,0.000366108,0.00189729,6.032e-05,0.00249286,8.44743e-05,-0.00110268,-0.00155483,-0.0011746,6.032e-05,0.0299858,0.00153626,1.94998e-05,0.000686442,-0.000419612,0.000407225,0.00249286,0.00153626,0.0285595,0.000149966,-8.16739e-05,4.1981e-05,-9.98921e-05,8.44743e-05,1.94998e-05,0.000149966,0.0466182,
0.00425626,0.000664446,-0.000388269,-0.000461462,-0.00110219,0.000689979,-8.11493e-05,0.000664446,0.00090072,0.000790028,0.000117735,-0.00155871,-0.000421013,4.17847e-05,-0.000388269,0.000790028,0.00440203,0.000368808,-0.00117133,0.000409355,-9.96342e-05,-0.000461462,0.000117735,0.000368808,0.0018991,5.18929e-05,0.00248483,8.52288e-05,-0.00110219,-0.00155871,-0.00117133,5.18929e-05,0.0299628,0.00152952,2.54953e-05,0.000689979,-0.000421013,0.000409355,0.00248483,0.00152952,0.0285513,0.000149288,-8.11493e-05,4.17847e-05,-9.96341e-05,8.52288e-05,2.54954e-05,0.000149288,0.0466183,
0.00425303,0.000664522,-0.000387244,-0.000467981,-0.00110175,0.000693465,-8.06255e-05,0.000664522,0.000902528,0.00079204,0.000119008,-0.00156255,-0.000422389,4.15881e-05,-0.000387244,0.00079204,0.00439924,0.000371493,-0.00116805,0.000411491,-9.93759e-05,-0.000467981,0.000119008,0.000371493,0.00190094,4.34872e-05,0.00247681,8.59712e-05,-0.00110175,-0.00156255,-0.00116805,4.34872e-05,0.0299398,0.00152277,3.14489e-05,0.000693465,-0.000422389,0.000411491,0.00247681,0.00152277,0.028543,0.000148611,-8.06254e-05,4.15881e-05,-9.93759e-05,8.59712e-05,3.1449e-05,0.000148611,0.0466184,
0.00424979,0.000664583,-0.000386203,-0.000474451,-0.00110136,0.0006969,-8.01023e-05,0.000664583,0.000904328,0.000794039,0.000120289,-0.00156634,-0.000423739,4.13912e-05,-0.000386203,0.000794039,0.00439645,0.000374163,-0.00116476,0.000413633,-9.91174e-05,-0.000474451,0.000120289,0.000374163,0.00190281,3.51039e-05,0.00246879,8.67016e-05,-0.00110136,-0.00156634,-0.00116476,3.51039e-05,0.029917,0.001516,3.73607e-05,0.0006969,-0.000423739,0.000413633,0.00246879,0.001516,0.0285347,0.000147935,-8.01023e-05,4.13912e-05,-9.91173e-05,8.67016e-05,3.73607e-05,0.000147935,0.0466185,
0.00424652,0.00066463,-0.000385148,-0.000480875,-0.00110103,0.000700285,-7.958e-05,0.00066463,0.000906121,0.000796027,0.000121579,-0.00157008,-0.000425065,4.1194e-05,-0.000385148,0.000796027,0.00439365,0.000376817,-0.00116146,0.000415779,-9.88585e-05,-0.000480875,0.000121579,0.000376817,0.0019047,2.67439e-05,0.00246077,8.74202e-05,-0.00110103,-0.00157008,-0.00116146,2.67439e-05,0.0298943,0.00150923,4.32308e-05,0.000700285,-0.000425065,0.000415779,0.00246077,0.00150923,0.0285264,0.000147259,-7.95799e-05,4.1194e-05,-9.88585e-05,8.74202e-05,4.32308e-05,0.000147259,0.0466185,
0.00424324,0.000664663,-0.000384078,-0.000487251,-0.00110074,0.000703621,-7.90585e-05,0.000664663,0.000907906,0.000798003,0.000122876,-0.00157377,-0.000426367,4.09965e-05,-0.000384078,0.000798003,0.00439084,0.000379457,-0.00115814,0.00041793,-9.85994e-05,-0.000487251,0.000122876,0.000379457,0.00190662,1.84079e-05,0.00245276,8.8127e-05,-0.00110074,-0.00157377,-0.00115814,1.84079e-05,0.0298717,0.00150245,4.90594e-05,0.000703621,-0.000426366,0.00041793,0.00245276,0.00150245,0.0285181,0.000146583,-7.90585e-05,4.09965e-05,-9.85994e-05,8.8127e-05,4.90594e-05,0.000146583,0.0466186,
0.00423995,0.000664683,-0.000382994,-0.000493581,-0.00110051,0.000706907,-7.8538e-05,0.000664683,0.000909683,0.000799968,0.000124182,-0.00157741,-0.000427644,4.07988e-05,-0.000382994,0.000799968,0.00438802,0.000382081,-0.0011548,0.000420086,-9.83398e-05,-0.000493581,0.000124182,0.000382081,0.00190857,1.00966e-05,0.00244475,8.8822e-05,-0.00110051,-0.00157741,-0.0011548,1.00966e-05,0.0298491,0.00149567,5.48466e-05,0.000706907,-0.000427644,0.000420086,0.00244475,0.00149567,0.0285098,0.000145908,-7.85381e-05,4.07987e-05,-9.83399e-05,8.8822e-05,5.48466e-05,0.000145908,0.0466187,
0.00423664,0.00066469,-0.000381896,-0.000499863,-0.00110033,0.000710145,-7.80186e-05,0.00066469,0.000911452,0.000801921,0.000125495,-0.001581,-0.000428896,4.06008e-05,-0.000381896,0.000801921,0.00438519,0.000384689,-0.00115146,0.000422246,-9.80801e-05,-0.000499863,0.000125495,0.000384689,0.00191054,1.811e-06,0.00243675,8.95055e-05,-0.00110033,-0.001581,-0.00115146,1.811e-06,0.0298267,0.00148887,6.05928e-05,0.000710145,-0.000428896,0.000422247,0.00243675,0.00148887,0.0285015,0.000145234,-7.80186e-05,4.06008e-05,-9.808e-05,8.95055e-05,6.05928e-05,0.000145234,0.0466188,
0.00423332,0.000664684,-0.000380784,-0.000506099,-0.00110019,0.000713335,-7.75003e-05,0.000664684,0.000913213,0.000803862,0.000126816,-0.00158454,-0.000430125,4.04027e-05,-0.000380784,0.000803862,0.00438235,0.000387282,-0.0011481,0.000424411,-9.78199e-05,-0.000506099,0.000126816,0.000387282,0.00191253,-6.44837e-06,0.00242876,9.01776e-05,-0.00110019,-0.00158454,-0.0011481,-6.44834e-06,0.0298044,0.00148207,6.62979e-05,0.000713335,-0.000430125,0.000424411,0.00242876,0.00148207,0.0284932,0.000144559,-7.75003e-05,4.04027e-05,-9.78199e-05,9.01776e-05,6.62979e-05,0.000144559,0.0466189,
0.00422999,0.000664665,-0.000379658,-0.000512289,-0.00110011,0.000716477,-7.69833e-05,0.000664665,0.000914966,0.000805792,0.000128145,-0.00158804,-0.000431331,4.02045e-05,-0.000379658,0.000805792,0.00437951,0.00038986,-0.00114473,0.000426579,-9.75595e-05,-0.000512289,0.000128145,0.00038986,0.00191455,-1.46807e-05,0.00242077,9.08382e-05,-0.00110011,-0.00158804,-0.00114473,-1.46807e-05,0.0297821,0.00147526,7.19622e-05,0.000716477,-0.000431331,0.000426579,0.00242077,0.00147526,0.0284848,0.000143885,-7.69833e-05,4.02045e-05,-9.75595e-05,9.08382e-05,7.19622e-05,0.000143885,0.046619,
0.00422664,0.000664634,-0.000378519,-0.000518432,-0.00110007,0.000719573,-7.64674e-05,0.000664634,0.000916712,0.00080771,0.000129481,-0.00159149,-0.000432513,4.00061e-05,-0.000378519,0.00080771,0.00437666,0.000392421,-0.00114135,0.000428751,-9.72987e-05,-0.000518432,0.000129481,0.000392421,0.0019166,-2.28854e-05,0.0024128,9.14876e-05,-0.00110007,-0.00159149,-0.00114135,-2.28854e-05,0.0297599,0.00146844,7.75859e-05,0.000719573,-0.000432513,0.000428751,0.0024128,0.00146844,0.0284765,0.000143211,-7.64674e-05,4.00061e-05,-9.72987e-05,9.14877e-05,7.7586e-05,0.000143211,0.0466192,
0.00422328,0.000664592,-0.000377366,-0.000524529,-0.00110008,0.000722622,-7.59529e-05,0.000664592,0.000918449,0.000809617,0.000130825,-0.00159489,-0.000433672,3.98076e-05,-0.000377366,0.000809617,0.00437381,0.000394967,-0.00113796,0.000430926,-9.70376e-05,-0.000524529,0.000130825,0.000394967,0.00191866,-3.10617e-05,0.00240483,9.21259e-05,-0.00110008,-0.00159489,-0.00113796,-3.10617e-05,0.0297379,0.00146161,8.31693e-05,0.000722622,-0.000433672,0.000430926,0.00240483,0.00146161,0.0284681,0.000142538,-7.59529e-05,3.98077e-05,-9.70376e-05,9.21259e-05,8.31693e-05,0.000142538,0.0466193,
0.0042199,0.000664538,-0.000376201,-0.00053058,-0.00110014,0.000725626,-7.54398e-05,0.000664538,0.000920179,0.000811512,0.000132175,-0.00159825,-0.000434808,3.96091e-05,-0.000376201,0.000811512,0.00437094,0.000397497,-0.00113456,0.000433104,-9.67762e-05,-0.00053058,0.000132175,0.000397497,0.00192075,-3.9209e-05,0.00239688,9.27531e-05,-0.00110014,-0.00159825,-0.00113456,-3.9209e-05,0.0297159,0.00145479,8.87125e-05,0.000725626,-0.000434808,0.000433104,0.00239688,0.00145479,0.0284597,0.000141865,-7.54398e-05,3.96091e-05,-9.67761e-05,9.27531e-05,8.87125e-05,0.000141865,0.0466194,
0.00421652,0.000664472,-0.000375023,-0.000536585,-0.00110024,0.000728584,-7.49282e-05,0.000664472,0.000921901,0.000813396,0.000133533,-0.00160156,-0.000435922,3.94106e-05,-0.000375022,0.000813396,0.00436807,0.000400012,-0.00113115,0.000435285,-9.65144e-05,-0.000536585,0.000133533,0.000400012,0.00192287,-4.73268e-05,0.00238893,9.33693e-05,-0.00110024,-0.00160156,-0.00113115,-4.73268e-05,0.029694,0.00144795,9.42156e-05,0.000728584,-0.000435922,0.000435285,0.00238893,0.00144795,0.0284513,0.000141192,-7.49281e-05,3.94106e-05,-9.65144e-05,9.33694e-05,9.42156e-05,0.000141192,0.0466195,
0.00421312,0.000664396,-0.000373832,-0.000542544,-0.00110039,0.000731498,-7.4418e-05,0.000664396,0.000923616,0.000815269,0.000134898,-0.00160483,-0.000437013,3.9212e-05,-0.000373832,0.000815269,0.00436519,0.00040251,-0.00112772,0.000437469,-9.62522e-05,-0.000542544,0.000134898,0.00040251,0.001925,-5.54143e-05,0.002381,9.39747e-05,-0.00110039,-0.00160483,-0.00112772,-5.54143e-05,0.0296722,0.00144111,9.96789e-05,0.000731498,-0.000437012,0.000437469,0.002381,0.00144111,0.028443,0.000140519,-7.4418e-05,3.9212e-05,-9.62522e-05,9.39747e-05,9.96789e-05,0.000140519,0.0466196,
0.00420972,0.000664309,-0.000372629,-0.000548458,-0.00110058,0.000734368,-7.39094e-05,0.000664309,0.000925322,0.00081713,0.00013627,-0.00160805,-0.000438081,3.90135e-05,-0.000372629,0.00081713,0.00436231,0.000404992,-0.00112429,0.000439655,-9.59897e-05,-0.000548458,0.00013627,0.000404992,0.00192716,-6.34712e-05,0.00237308,9.45694e-05,-0.00110058,-0.00160805,-0.00112429,-6.34712e-05,0.0296506,0.00143427,0.000105103,0.000734368,-0.000438081,0.000439655,0.00237308,0.00143427,0.0284346,0.000139847,-7.39094e-05,3.90135e-05,-9.59898e-05,9.45694e-05,0.000105103,0.000139847,0.0466197,
0.0042063,0.000664211,-0.000371413,-0.000554327,-0.00110082,0.000737194,-7.34025e-05,0.000664211,0.000927021,0.000818979,0.000137649,-0.00161123,-0.000439128,3.8815e-05,-0.000371413,0.000818979,0.00435942,0.000407458,-0.00112085,0.000441843,-9.57269e-05,-0.000554327,0.000137649,0.000407458,0.00192934,-7.14967e-05,0.00236517,9.51535e-05,-0.00110082,-0.00161123,-0.00112085,-7.14967e-05,0.029629,0.00142742,0.000110487,0.000737194,-0.000439128,0.000441843,0.00236517,0.00142742,0.0284262,0.000139175,-7.34025e-05,3.8815e-05,-9.57269e-05,9.51536e-05,0.000110487,0.000139175,0.0466199,
0.00420287,0.000664103,-0.000370186,-0.00056015,-0.0011011,0.000739977,-7.28971e-05,0.000664103,0.000928713,0.000820817,0.000139034,-0.00161436,-0.000440153,3.86166e-05,-0.000370186,0.000820817,0.00435652,0.000409908,-0.0011174,0.000444034,-9.54637e-05,-0.00056015,0.000139034,0.000409908,0.00193154,-7.94904e-05,0.00235727,9.57271e-05,-0.0011011,-0.00161436,-0.0011174,-7.94904e-05,0.0296074,0.00142057,0.000115832,0.000739977,-0.000440153,0.000444034,0.00235727,0.00142057,0.0284178,0.000138503,-7.28971e-05,3.86166e-05,-9.54636e-05,9.57271e-05,0.000115832,0.000138503,0.04662,
0.00419944,0.000663985,-0.000368948,-0.000565928,-0.00110143,0.000742717,-7.23936e-05,0.000663985,0.000930396,0.000822644,0.000140425,-0.00161745,-0.000441157,3.84182e-05,-0.000368947,0.000822644,0.00435362,0.000412342,-0.00111393,0.000446226,-9.52001e-05,-0.000565928,0.000140425,0.000412342,0.00193376,-8.74518e-05,0.00234939,9.62903e-05,-0.00110143,-0.00161745,-0.00111393,-8.74518e-05,0.029586,0.00141371,0.000121139,0.000742718,-0.000441157,0.000446226,0.00234939,0.00141371,0.0284094,0.000137832,-7.23936e-05,3.84182e-05,-9.52001e-05,9.62902e-05,0.000121139,0.000137832,0.0466201,
0.00419599,0.000663858,-0.000367697,-0.000571661,-0.0011018,0.000745416,-7.18918e-05,0.000663858,0.000932072,0.00082446,0.000141823,-0.0016205,-0.000442139,3.822e-05,-0.000367697,0.00082446,0.00435071,0.00041476,-0.00111046,0.000448419,-9.49362e-05,-0.000571662,0.000141823,0.00041476,0.001936,-9.53803e-05,0.00234152,9.68431e-05,-0.0011018,-0.0016205,-0.00111046,-9.53803e-05,0.0295647,0.00140685,0.000126406,0.000745416,-0.000442139,0.00044842,0.00234152,0.00140685,0.028401,0.000137161,-7.18918e-05,3.822e-05,-9.49362e-05,9.68431e-05,0.000126406,0.000137161,0.0466202,
0.00419254,0.000663721,-0.000366436,-0.00057735,-0.0011022,0.000748073,-7.13918e-05,0.000663721,0.00093374,0.000826264,0.000143227,-0.0016235,-0.0004431,3.8022e-05,-0.000366436,0.000826264,0.0043478,0.000417161,-0.00110699,0.000450615,-9.46719e-05,-0.00057735,0.000143227,0.000417161,0.00193825,-0.000103276,0.00233367,9.73858e-05,-0.0011022,-0.0016235,-0.00110699,-0.000103276,0.0295435,0.00139999,0.000131635,0.000748073,-0.0004431,0.000450615,0.00233367,0.00139999,0.0283926,0.00013649,-7.13918e-05,3.8022e-05,-9.46719e-05,9.73858e-05,0.000131635,0.00013649,0.0466204,
0.00418908,0.000663575,-0.000365163,-0.000582994,-0.00110265,0.000750689,-7.08937e-05,0.000663575,0.000935401,0.000828057,0.000144637,-0.00162646,-0.00044404,3.78241e-05,-0.000365163,0.000828057,0.00434488,0.000419547,-0.0011035,0.000452811,-9.44072e-05,-0.000582994,0.000144637,0.000419547,0.00194053,-0.000111137,0.00232584,9.79184e-05,-0.00110265,-0.00162646,-0.0011035,-0.000111137,0.0295224,0.00139312,0.000136826,0.000750689,-0.00044404,0.000452811,0.00232584,0.00139312,0.0283842,0.000135819,-7.08937e-05,3.78241e-05,-9.44072e-05,9.79185e-05,0.000136826,0.000135819,0.0466205,
0.00418561,0.00066342,-0.00036388,-0.000588594,-0.00110314,0.000753265,-7.03975e-05,0.00066342,0.000937054,0.000829839,0.000146053,-0.00162938,-0.00044496,3.76264e-05,-0.00036388,0.000829839,0.00434195,0.000421915,-0.0011,0.000455008,-9.41422e-05,-0.000588594,0.000146053,0.000421915,0.00194283,-0.000118964,0.00231802,9.8441e-05,-0.00110314,-0.00162938,-0.0011,-0.000118964,0.0295013,0.00138626,0.000141978,0.000753265,-0.00044496,0.000455008,0.00231802,0.00138626,0.0283757,0.000135149,-7.03976e-05,3.76264e-05,-9.41422e-05,9.8441e-05,0.000141978,0.000135149,0.0466206,
0.00418214,0.000663256,-0.000362586,-0.00059415,-0.00110367,0.000755801,-6.99033e-05,0.000663256,0.000938699,0.000831609,0.000147475,-0.00163225,-0.000445859,3.74289e-05,-0.000362586,0.000831609,0.00433902,0.000424268,-0.0010965,0.000457205,-9.38769e-05,-0.00059415,0.000147475,0.000424268,0.00194515,-0.000126757,0.00231021,9.89538e-05,-0.00110367,-0.00163225,-0.0010965,-0.000126757,0.0294804,0.00137939,0.000147093,0.000755801,-0.000445859,0.000457205,0.00231021,0.00137939,0.0283673,0.000134478,-6.99034e-05,3.74289e-05,-9.38769e-05,9.89538e-05,0.000147093,0.000134478,0.0466208,
0.00417865,0.000663084,-0.000361282,-0.000599662,-0.00110424,0.000758297,-6.94111e-05,0.000663084,0.000940337,0.000833369,0.000148903,-0.00163509,-0.000446739,3.72316e-05,-0.000361282,0.000833369,0.00433609,0.000426604,-0.00109299,0.000459404,-9.36111e-05,-0.000599662,0.000148903,0.000426604,0.00194748,-0.000134515,0.00230243,9.94569e-05,-0.00110424,-0.00163509,-0.00109299,-0.000134515,0.0294595,0.00137252,0.00015217,0.000758297,-0.000446739,0.000459404,0.00230243,0.00137252,0.0283589,0.000133809,-6.94111e-05,3.72316e-05,-9.36111e-05,9.94569e-05,0.00015217,0.000133809,0.0466209,
0.00417516,0.000662903,-0.000359968,-0.00060513,-0.00110485,0.000760755,-6.8921e-05,0.000662903,0.000941967,0.000835117,0.000150336,-0.00163788,-0.000447598,3.70346e-05,-0.000359968,0.000835117,0.00433315,0.000428924,-0.00108948,0.000461602,-9.3345e-05,-0.00060513,0.000150336,0.000428924,0.00194983,-0.000142237,0.00229466,9.99502e-05,-0.00110485,-0.00163788,-0.00108948,-0.000142237,0.0294387,0.00136565,0.00015721,0.000760755,-0.000447598,0.000461602,0.00229466,0.00136565,0.0283505,0.000133139,-6.89209e-05,3.70346e-05,-9.33449e-05,9.99503e-05,0.00015721,0.000133139,0.046621,
0.00417167,0.000662714,-0.000358643,-0.000610554,-0.0011055,0.000763174,-6.84328e-05,0.000662714,0.00094359,0.000836854,0.000151775,-0.00164064,-0.000448437,3.68379e-05,-0.000358643,0.000836854,0.0043302,0.000431227,-0.00108595,0.000463801,-9.30785e-05,-0.000610554,0.000151775,0.000431227,0.0019522,-0.000149923,0.00228691,0.000100434,-0.0011055,-0.00164064,-0.00108595,-0.000149923,0.0294181,0.00135878,0.000162212,0.000763174,-0.000448437,0.000463801,0.00228691,0.00135878,0.0283421,0.00013247,-6.84328e-05,3.68379e-05,-9.30785e-05,0.000100434,0.000162212,0.00013247,0.0466212,
0.00416817,0.000662518,-0.000357309,-0.000615935,-0.00110618,0.000765556,-6.79469e-05,0.000662518,0.000945206,0.00083858,0.000153219,-0.00164335,-0.000449257,3.66414e-05,-0.000357309,0.00083858,0.00432725,0.000433514,-0.00108242,0.000465999,-9.28117e-05,-0.000615935,0.000153219,0.000433514,0.00195459,-0.000157574,0.00227918,0.000100909,-0.00110618,-0.00164335,-0.00108242,-0.000157574,0.0293975,0.00135191,0.000167177,0.000765556,-0.000449257,0.000465999,0.00227918,0.00135191,0.0283336,0.000131801,-6.79468e-05,3.66415e-05,-9.28116e-05,0.000100909,0.000167177,0.000131801,0.0466213,
0.00416466,0.000662314,-0.000355965,-0.000621273,-0.0011069,0.0007679,-6.7463e-05,0.000662314,0.000946813,0.000840295,0.000154668,-0.00164603,-0.000450057,3.64453e-05,-0.000355965,0.000840295,0.0043243,0.000435784,-0.00107889,0.000468198,-9.25444e-05,-0.000621273,0.000154668,0.000435784,0.00195699,-0.000165187,0.00227147,0.000101374,-0.0011069,-0.00164603,-0.00107889,-0.000165187,0.029377,0.00134504,0.000172106,0.0007679,-0.000450057,0.000468198,0.00227147,0.00134504,0.0283252,0.000131132,-6.7463e-05,3.64453e-05,-9.25445e-05,0.000101374,0.000172106,0.000131132,0.0466215,
0.00416115,0.000662103,-0.000354612,-0.000626568,-0.00110766,0.000770207,-6.69814e-05,0.000662103,0.000948414,0.000841999,0.000156122,-0.00164866,-0.000450839,3.62495e-05,-0.000354612,0.000841999,0.00432134,0.000438038,-0.00107534,0.000470395,-9.22769e-05,-0.000626568,0.000156122,0.000438038,0.00195941,-0.000172764,0.00226377,0.00010183,-0.00110766,-0.00164866,-0.00107534,-0.000172764,0.0293566,0.00133817,0.000176998,0.000770207,-0.000450839,0.000470395,0.00226377,0.00133817,0.0283168,0.000130464,-6.69814e-05,3.62495e-05,-9.22769e-05,0.00010183,0.000176998,0.000130464,0.0466216,
0.00415764,0.000661884,-0.00035325,-0.00063182,-0.00110845,0.000772478,-6.6502e-05,0.000661884,0.000950007,0.000843692,0.000157581,-0.00165126,-0.000451601,3.60541e-05,-0.00035325,0.000843692,0.00431838,0.000440275,-0.0010718,0.000472592,-9.2009e-05,-0.00063182,0.000157581,0.000440275,0.00196185,-0.000180304,0.0022561,0.000102276,-0.00110845,-0.00165126,-0.0010718,-0.000180304,0.0293363,0.00133131,0.000181853,0.000772478,-0.000451601,0.000472592,0.0022561,0.00133131,0.0283084,0.000129796,-6.6502e-05,3.60541e-05,-9.2009e-05,0.000102276,0.000181853,0.000129796,0.0466218,
0.00415412,0.000661659,-0.000351879,-0.000637029,-0.00110928,0.000774713,-6.60249e-05,0.000661659,0.000951592,0.000845374,0.000159045,-0.00165381,-0.000452345,3.5859e-05,-0.000351879,0.000845374,0.00431541,0.000442496,-0.00106824,0.000474788,-9.17407e-05,-0.000637029,0.000159045,0.000442496,0.0019643,-0.000187807,0.00224845,0.000102714,-0.00110928,-0.00165381,-0.00106824,-0.000187807,0.0293161,0.00132444,0.000186673,0.000774713,-0.000452345,0.000474788,0.00224845,0.00132444,0.0283,0.000129128,-6.60249e-05,3.5859e-05,-9.17407e-05,0.000102714,0.000186673,0.000129128,0.0466219,
0.00415059,0.000661427,-0.000350499,-0.000642196,-0.00111014,0.000776913,-6.555e-05,0.000661427,0.00095317,0.000847045,0.000160514,-0.00165633,-0.00045307,3.56644e-05,-0.000350499,0.000847045,0.00431244,0.0004447,-0.00106468,0.000476983,-9.14721e-05,-0.000642196,0.000160514,0.0004447,0.00196677,-0.000195271,0.00224081,0.000103143,-0.00111014,-0.00165633,-0.00106468,-0.000195271,0.029296,0.00131758,0.000191456,0.000776913,-0.00045307,0.000476983,0.00224081,0.00131758,0.0282916,0.000128461,-6.555e-05,3.56644e-05,-9.14721e-05,0.000103143,0.000191456,0.000128461,0.0466221,
0.00414706,0.000661188,-0.00034911,-0.00064732,-0.00111103,0.000779078,-6.50774e-05,0.000661188,0.000954741,0.000848705,0.000161987,-0.00165881,-0.000453777,3.54701e-05,-0.00034911,0.000848705,0.00430947,0.000446888,-0.00106112,0.000479177,-9.1203e-05,-0.00064732,0.000161987,0.000446888,0.00196925,-0.000202698,0.0022332,0.000103563,-0.00111103,-0.00165881,-0.00106112,-0.000202698,0.0292759,0.00131071,0.000196204,0.000779078,-0.000453777,0.000479177,0.0022332,0.00131071,0.0282832,0.000127794,-6.50774e-05,3.54701e-05,-9.1203e-05,0.000103563,0.000196204,0.000127794,0.0466222,
0.00414353,0.000660943,-0.000347713,-0.000652403,-0.00111196,0.000781208,-6.46072e-05,0.000660943,0.000956305,0.000850354,0.000163464,-0.00166125,-0.000454466,3.52763e-05,-0.000347713,0.000850354,0.00430649,0.000449059,-0.00105755,0.000481369,-9.09337e-05,-0.000652403,0.000163464,0.000449059,0.00197174,-0.000210087,0.00222561,0.000103975,-0.00111196,-0.00166125,-0.00105755,-0.000210087,0.029256,0.00130385,0.000200917,0.000781208,-0.000454466,0.000481369,0.00222561,0.00130385,0.0282748,0.000127127,-6.46072e-05,3.52763e-05,-9.09337e-05,0.000103974,0.000200917,0.000127127,0.0466224,
0.00414,0.000660692,-0.000346308,-0.000657444,-0.00111292,0.000783305,-6.41394e-05,0.000660692,0.000957861,0.000851992,0.000164946,-0.00166366,-0.000455137,3.50829e-05,-0.000346308,0.000851992,0.00430351,0.000451214,-0.00105398,0.00048356,-9.0664e-05,-0.000657444,0.000164946,0.000451214,0.00197425,-0.000217437,0.00221804,0.000104377,-0.00111292,-0.00166366,-0.00105398,-0.000217437,0.0292361,0.001297,0.000205594,0.000783305,-0.000455137,0.00048356,0.00221804,0.001297,0.0282664,0.000126461,-6.41394e-05,3.50829e-05,-9.0664e-05,0.000104377,0.000205594,0.000126461,0.0466226,
0.00413647,0.000660435,-0.000344895,-0.000662443,-0.00111392,0.000785368,-6.36739e-05,0.000660435,0.00095941,0.00085362,0.000166432,-0.00166603,-0.00045579,3.489e-05,-0.000344895,0.00085362,0.00430052,0.000453352,-0.00105041,0.000485749,-9.0394e-05,-0.000662443,0.000166432,0.000453352,0.00197677,-0.000224748,0.0022105,0.000104772,-0.00111392,-0.00166603,-0.00105041,-0.000224748,0.0292164,0.00129014,0.000210236,0.000785368,-0.00045579,0.000485749,0.0022105,0.00129014,0.028258,0.000125795,-6.3674e-05,3.489e-05,-9.0394e-05,0.000104772,0.000210236,0.000125795,0.0466227,
0.00413293,0.000660172,-0.000343474,-0.000667401,-0.00111494,0.000787398,-6.32109e-05,0.000660172,0.000960951,0.000855237,0.000167922,-0.00166836,-0.000456426,3.46975e-05,-0.000343474,0.000855237,0.00429754,0.000455474,-0.00104683,0.000487936,-9.01236e-05,-0.000667401,0.000167922,0.000455474,0.00197931,-0.000232021,0.00220297,0.000105158,-0.00111494,-0.00166836,-0.00104683,-0.000232021,0.0291967,0.00128329,0.000214844,0.000787398,-0.000456426,0.000487936,0.00220297,0.00128329,0.0282496,0.00012513,-6.32109e-05,3.46975e-05,-9.01236e-05,0.000105158,0.000214844,0.00012513,0.0466229,
0.00412939,0.000659903,-0.000342046,-0.000672318,-0.001116,0.000789396,-6.27503e-05,0.000659903,0.000962486,0.000856843,0.000169416,-0.00167065,-0.000457045,3.45055e-05,-0.000342046,0.000856843,0.00429455,0.00045758,-0.00104324,0.000490121,-8.98529e-05,-0.000672318,0.000169416,0.00045758,0.00198186,-0.000239254,0.00219547,0.000105535,-0.001116,-0.00167065,-0.00104324,-0.000239254,0.0291771,0.00127645,0.000219416,0.000789396,-0.000457045,0.000490121,0.00219547,0.00127645,0.0282412,0.000124465,-6.27504e-05,3.45055e-05,-8.98529e-05,0.000105535,0.000219416,0.000124465,0.046623,
