0.00155334,-0.000229999,-0.00125721,0.000904786,-0.000159366,0.0001706,3.73489e-05,-0.000229999,0.00119543,-0.000687831,-0.00113034,-0.000148825,0.000123086,-4.648e-05,-0.00125721,-0.000687831,0.00400218,-3.15155e-06,-0.00196754,0.000374588,9.03933e-05,0.000904786,-0.00113034,-3.15155e-06,0.00321516,-0.001134,-0.00170249,4.68613e-05,-0.000159366,-0.000148825,-0.00196754,-0.001134,0.0265103,0.000488317,0.00019901,0.0001706,0.000123086,0.000374588,-0.00170249,0.000488317,0.0264374,0.000421652,3.73489e-05,-4.648e-05,9.03933e-05,4.68613e-05,0.00019901,0.000421652,0.0466203,
0.00155446,-0.000228846,-0.00126033,0.000902998,-0.000161448,0.000166046,3.71969e-05,-0.000228846,0.00119616,-0.000687344,-0.00113103,-0.000148486,0.000124855,-4.67701e-05,-0.00126033,-0.000687344,0.00399941,-2.66392e-06,-0.00196697,0.000372156,9.07338e-05,0.000902998,-0.00113103,-2.66392e-06,0.00321486,-0.00113243,-0.00170372,4.66158e-05,-0.000161448,-0.000148486,-0.00196697,-0.00113243,0.0264993,0.000489206,0.000203654,0.000166046,0.000124855,0.000372156,-0.00170372,0.000489206,0.0264295,0.000421475,3.71969e-05,-4.67701e-05,9.07339e-05,4.66158e-05,0.000203654,0.000421475,0.0466206,
0.00155604,-0.000227637,-0.0012639,0.000901033,-0.00016461,0.000160737,3.70178e-05,-0.000227637,0.00119694,-0.000686714,-0.00113182,-0.000148094,0.000126423,-4.70712e-05,-0.0012639,-0.000686714,0.00399635,-1.99443e-06,-0.00196643,0.000368631,9.10957e-05,0.000901033,-0.00113182,-1.99446e-06,0.00321444,-0.00112996,-0.0017057,4.62775e-05,-0.00016461,-0.000148094,-0.00196643,-0.00112996,0.0264889,0.000490832,0.000208358,0.000160737,0.000126423,0.000368631,-0.0017057,0.000490832,0.0264215,0.000421264,3.70178e-05,-4.70711e-05,9.10957e-05,4.62775e-05,0.000208358,0.000421264,0.0466208,
0.00155774,-0.000226455,-0.00126755,0.000898984,-0.000167762,0.000155641,3.68444e-05,-0.000226455,0.00119769,-0.000685982,-0.00113266,-0.000147709,0.000127991,-4.73652e-05,-0.00126755,-0.000685982,0.00399332,-1.28905e-06,-0.00196572,0.000365229,9.14404e-05,0.000898984,-0.00113266,-1.28902e-06,0.00321402,-0.00112759,-0.00170765,4.59536e-05,-0.000167762,-0.000147709,-0.00196572,-0.00112759,0.0264788,0.00049245,0.000212918,0.000155641,0.000127991,0.000365229,-0.00170765,0.00049245,0.0264138,0.000421104,3.68444e-05,-4.73652e-05,9.14404e-05,4.59537e-05,0.000212918,0.000421104,0.046621,
0.00155952,-0.000225314,-0.00127118,0.000896936,-0.000171049,0.000150586,3.66728e-05,-0.000225314,0.00119842,-0.000685185,-0.00113351,-0.000147374,0.000129559,-4.76591e-05,-0.00127118,-0.000685185,0.00399038,-5.52669e-07,-0.001965,0.000361757,9.17775e-05,0.000896936,-0.00113351,-5.52725e-07,0.00321359,-0.00112517,-0.00170949,4.56222e-05,-0.000171049,-0.000147374,-0.001965,-0.00112517,0.0264687,0.00049405,0.000217529,0.000150586,0.000129559,0.000361757,-0.00170949,0.00049405,0.026406,0.000420992,3.66728e-05,-4.76591e-05,9.17775e-05,4.56222e-05,0.000217529,0.000420992,0.0466213,
0.00156137,-0.000224206,-0.00127478,0.000894884,-0.0001744,0.000145623,3.65046e-05,-0.000224207,0.00119912,-0.000684336,-0.00113438,-0.000147063,0.000131115,-4.79493e-05,-0.00127478,-0.000684336,0.0039875,2.03837e-07,-0.00196425,0.000358277,9.21049e-05,0.000894884,-0.00113438,2.03837e-07,0.00321317,-0.00112273,-0.00171128,4.52905e-05,-0.0001744,-0.000147063,-0.00196425,-0.00112273,0.0264589,0.00049567,0.000222105,0.000145623,0.000131115,0.000358277,-0.00171128,0.00049567,0.0263982,0.00042093,3.65046e-05,-4.79493e-05,9.21049e-05,4.52905e-05,0.000222105,0.00042093,0.0466215,
0.00156327,-0.000223128,-0.00127837,0.000892831,-0.000177813,0.000140724,3.63385e-05,-0.000223128,0.0011998,-0.000683444,-0.00113525,-0.000146772,0.000132671,-4.82375e-05,-0.00127837,-0.000683444,0.00398469,9.76996e-07,-0.00196349,0.000354778,9.24241e-05,0.000892831,-0.00113525,9.76996e-07,0.00321274,-0.00112028,-0.001713,4.4957e-05,-0.000177813,-0.000146772,-0.00196349,-0.00112028,0.0264491,0.000497297,0.000226672,0.000140724,0.000132671,0.000354778,-0.001713,0.000497297,0.0263904,0.000420915,3.63385e-05,-4.82375e-05,9.24241e-05,4.4957e-05,0.000226672,0.000420915,0.0466217,
0.00156522,-0.000222075,-0.00128193,0.000890778,-0.000181269,0.000135889,3.61743e-05,-0.000222075,0.00120045,-0.000682518,-0.00113612,-0.000146494,0.000134228,-4.85233e-05,-0.00128193,-0.000682518,0.00398193,1.76256e-06,-0.00196271,0.000351269,9.27355e-05,0.000890778,-0.00113612,1.76259e-06,0.00321231,-0.0011178,-0.00171466,4.46227e-05,-0.000181269,-0.000146494,-0.00196271,-0.0011178,0.0264395,0.000498941,0.000231219,0.000135889,0.000134228,0.000351269,-0.00171466,0.000498941,0.0263827,0.000420944,3.61743e-05,-4.85233e-05,9.27355e-05,4.46227e-05,0.000231219,0.000420944,0.0466219,
0.0015672,-0.000221041,-0.00128547,0.000888726,-0.000184759,0.000131109,3.60115e-05,-0.000221041,0.00120109,-0.000681562,-0.001137,-0.000146225,0.000135791,-4.88072e-05,-0.00128547,-0.000681562,0.00397921,2.55762e-06,-0.00196191,0.000347752,9.30396e-05,0.000888726,-0.001137,2.55762e-06,0.00321188,-0.00111531,-0.00171628,4.42877e-05,-0.000184759,-0.000146225,-0.00196191,-0.00111531,0.0264301,0.000500599,0.000235748,0.000131109,0.000135791,0.000347752,-0.00171628,0.000500599,0.0263751,0.000421015,3.60115e-05,-4.88072e-05,9.30396e-05,4.42877e-05,0.000235749,0.000421015,0.0466221,
0.00156921,-0.000220026,-0.00128899,0.000886674,-0.000188275,0.000126379,3.58498e-05,-0.000220026,0.0012017,-0.000680582,-0.00113787,-0.00014596,0.000137362,-4.90893e-05,-0.00128899,-0.000680582,0.00397653,3.35959e-06,-0.00196109,0.000344228,9.33368e-05,0.000886674,-0.00113787,3.35959e-06,0.00321145,-0.00111281,-0.00171786,4.39521e-05,-0.000188275,-0.00014596,-0.00196109,-0.00111281,0.0264207,0.000502273,0.000240259,0.000126379,0.000137362,0.000344228,-0.00171786,0.000502273,0.0263675,0.000421125,3.58498e-05,-4.90892e-05,9.33368e-05,4.39522e-05,0.000240259,0.000421125,0.0466222,
0.00157124,-0.000219025,-0.00129249,0.000884624,-0.000191811,0.000121696,3.56888e-05,-0.000219025,0.00120231,-0.000679583,-0.00113874,-0.000145695,0.000138944,-4.93696e-05,-0.00129249,-0.000679583,0.00397388,4.16656e-06,-0.00196026,0.000340699,9.36276e-05,0.000884624,-0.00113874,4.16658e-06,0.00321101,-0.00111029,-0.00171941,4.36163e-05,-0.000191811,-0.000145695,-0.00196026,-0.00111029,0.0264115,0.000503964,0.000244752,0.000121696,0.000138944,0.000340699,-0.00171941,0.000503964,0.0263599,0.000421271,3.56888e-05,-4.93696e-05,9.36276e-05,4.36163e-05,0.000244752,0.000421271,0.0466224,
0.0015733,-0.000218038,-0.00129598,0.000882575,-0.000195359,0.000117055,3.55282e-05,-0.000218038,0.00120289,-0.000678566,-0.00113961,-0.000145429,0.000140538,-4.96483e-05,-0.00129598,-0.000678566,0.00397125,4.97691e-06,-0.00195942,0.000337168,9.39121e-05,0.000882575,-0.00113961,4.97691e-06,0.00321058,-0.00110776,-0.00172091,4.32802e-05,-0.000195359,-0.000145429,-0.00195942,-0.00110776,0.0264024,0.000505671,0.000249226,0.000117055,0.000140538,0.000337168,-0.00172091,0.000505671,0.0263523,0.000421451,3.55282e-05,-4.96483e-05,9.39121e-05,4.32802e-05,0.000249226,0.000421451,0.0466226,
0.00157538,-0.000217062,-0.00129944,0.000880527,-0.000198917,0.000112455,3.5368e-05,-0.000217062,0.00120346,-0.000677534,-0.00114047,-0.00014516,0.000142145,-4.99255e-05,-0.00129944,-0.000677534,0.00396864,5.78929e-06,-0.00195857,0.000333634,9.41907e-05,0.000880527,-0.00114047,5.78929e-06,0.00321013,-0.00110522,-0.00172239,4.2944e-05,-0.000198917,-0.000145159,-0.00195857,-0.00110522,0.0263934,0.000507395,0.000253682,0.000112455,0.000142146,0.000333634,-0.00172239,0.000507395,0.0263449,0.000421662,3.5368e-05,-4.99255e-05,9.41907e-05,4.2944e-05,0.000253682,0.000421662,0.0466227,
0.00157748,-0.000216097,-0.00130289,0.000878481,-0.00020248,0.000107893,3.52078e-05,-0.000216097,0.00120402,-0.00067649,-0.00114133,-0.000144885,0.000143767,-5.0201e-05,-0.00130289,-0.00067649,0.00396606,6.60264e-06,-0.00195771,0.0003301,9.44636e-05,0.000878481,-0.00114133,6.60264e-06,0.00320969,-0.00110266,-0.00172383,4.26079e-05,-0.00020248,-0.000144885,-0.00195771,-0.00110266,0.0263845,0.000509136,0.00025812,0.000107892,0.000143767,0.0003301,-0.00172383,0.000509136,0.0263374,0.0004219,3.52077e-05,-5.0201e-05,9.44636e-05,4.26078e-05,0.00025812,0.0004219,0.0466229,
0.00157959,-0.00021514,-0.00130631,0.000876438,-0.000206046,0.000103366,3.50474e-05,-0.00021514,0.00120456,-0.000675435,-0.00114218,-0.000144605,0.000145403,-5.0475e-05,-0.00130631,-0.000675435,0.00396349,7.41604e-06,-0.00195683,0.000326566,9.4731e-05,0.000876438,-0.00114218,7.41604e-06,0.00320924,-0.0011001,-0.00172525,4.22717e-05,-0.000206046,-0.000144605,-0.00195683,-0.0011001,0.0263757,0.000510893,0.000262541,0.000103366,0.000145403,0.000326566,-0.00172525,0.000510893,0.02633,0.000422165,3.50474e-05,-5.0475e-05,9.4731e-05,4.22717e-05,0.000262541,0.000422165,0.046623,
0.00158171,-0.000214192,-0.00130972,0.000874396,-0.000209612,9.88745e-05,3.48869e-05,-0.000214192,0.0012051,-0.00067437,-0.00114302,-0.000144318,0.000147055,-5.07475e-05,-0.00130972,-0.00067437,0.00396094,8.22883e-06,-0.00195594,0.000323032,9.4993e-05,0.000874396,-0.00114302,8.22883e-06,0.00320879,-0.00109753,-0.00172664,4.19356e-05,-0.000209612,-0.000144318,-0.00195594,-0.00109753,0.026367,0.000512666,0.000266946,9.88745e-05,0.000147055,0.000323032,-0.00172664,0.000512667,0.0263227,0.000422453,3.48869e-05,-5.07475e-05,9.4993e-05,4.19356e-05,0.000266946,0.000422453,0.0466232,
0.00158384,-0.000213252,-0.00131311,0.000872356,-0.000213176,9.44163e-05,3.47259e-05,-0.000213252,0.00120562,-0.000673297,-0.00114386,-0.000144024,0.000148723,-5.10184e-05,-0.00131311,-0.000673297,0.00395841,9.04044e-06,-0.00195505,0.000319499,9.52497e-05,0.000872356,-0.00114386,9.04044e-06,0.00320834,-0.00109495,-0.00172801,4.15997e-05,-0.000213176,-0.000144024,-0.00195505,-0.00109495,0.0263584,0.000514456,0.000271333,9.44163e-05,0.000148723,0.000319499,-0.00172801,0.000514456,0.0263154,0.000422762,3.47259e-05,-5.10185e-05,9.52497e-05,4.15997e-05,0.000271333,0.000422762,0.0466233,
0.00158599,-0.000212319,-0.00131648,0.000870318,-0.000216737,8.99907e-05,3.45645e-05,-0.000212319,0.00120613,-0.000672216,-0.00114469,-0.000143722,0.000150406,-5.12878e-05,-0.00131648,-0.000672216,0.00395589,9.85032e-06,-0.00195415,0.000315968,9.55014e-05,0.000870318,-0.00114469,9.85032e-06,0.00320788,-0.00109235,-0.00172935,4.1264e-05,-0.000216737,-0.000143722,-0.00195415,-0.00109235,0.0263499,0.00051626,0.000275705,8.99907e-05,0.000150406,0.000315968,-0.00172935,0.00051626,0.0263081,0.00042309,3.45645e-05,-5.12878e-05,9.55013e-05,4.1264e-05,0.000275704,0.00042309,0.0466235,
0.00158814,-0.000211392,-0.00131983,0.000868283,-0.000220293,8.55968e-05,3.44025e-05,-0.000211392,0.00120663,-0.000671129,-0.00114552,-0.000143411,0.000152106,-5.15555e-05,-0.00131983,-0.000671129,0.00395338,1.06581e-05,-0.00195323,0.00031244,9.5748e-05,0.000868283,-0.00114552,1.06581e-05,0.00320742,-0.00108975,-0.00173067,4.09285e-05,-0.000220293,-0.000143411,-0.00195323,-0.00108975,0.0263415,0.00051808,0.00028006,8.55968e-05,0.000152106,0.00031244,-0.00173067,0.00051808,0.0263009,0.000423435,3.44025e-05,-5.15555e-05,9.5748e-05,4.09284e-05,0.00028006,0.000423435,0.0466236,
0.00159029,-0.000210472,-0.00132316,0.00086625,-0.000223843,8.12342e-05,3.42399e-05,-0.000210472,0.00120712,-0.000670035,-0.00114633,-0.000143093,0.000153821,-5.18216e-05,-0.00132316,-0.000670035,0.00395088,1.14635e-05,-0.00195231,0.000308913,9.59897e-05,0.00086625,-0.00114633,1.14635e-05,0.00320695,-0.00108714,-0.00173197,4.05932e-05,-0.000223843,-0.000143093,-0.00195231,-0.00108714,0.0263332,0.000519914,0.0002844,8.12341e-05,0.000153822,0.000308913,-0.00173197,0.000519914,0.0262937,0.000423796,3.42399e-05,-5.18216e-05,9.59897e-05,4.05932e-05,0.0002844,0.000423796,0.0466237,
0.00159246,-0.000209558,-0.00132647,0.000864219,-0.000227387,7.6902e-05,3.40766e-05,-0.000209558,0.0012076,-0.000668935,-0.00114714,-0.000142765,0.000155553,-5.2086e-05,-0.00132647,-0.000668935,0.0039484,1.22662e-05,-0.00195138,0.00030539,9.62266e-05,0.000864219,-0.00114714,1.22662e-05,0.00320649,-0.00108452,-0.00173324,4.02582e-05,-0.000227387,-0.000142765,-0.00195138,-0.00108452,0.026325,0.000521762,0.000288725,7.6902e-05,0.000155553,0.00030539,-0.00173324,0.000521762,0.0262866,0.00042417,3.40766e-05,-5.20861e-05,9.62266e-05,4.02582e-05,0.000288725,0.00042417,0.0466239,
0.00159463,-0.00020865,-0.00132977,0.00086219,-0.000230923,7.26001e-05,3.39125e-05,-0.00020865,0.00120807,-0.00066783,-0.00114794,-0.000142429,0.0001573,-5.23488e-05,-0.00132977,-0.00066783,0.00394593,1.30661e-05,-0.00195045,0.000301869,9.64588e-05,0.00086219,-0.00114794,1.30661e-05,0.00320602,-0.00108189,-0.00173449,3.99236e-05,-0.000230923,-0.00014243,-0.00195045,-0.00108189,0.0263168,0.000523624,0.000293035,7.26001e-05,0.0001573,0.000301869,-0.00173449,0.000523624,0.0262795,0.000424556,3.39125e-05,-5.23488e-05,9.64588e-05,3.99236e-05,0.000293035,0.000424556,0.046624,
0.00159681,-0.000207748,-0.00133305,0.000860164,-0.000234452,6.8328e-05,3.37476e-05,-0.000207748,0.00120852,-0.00066672,-0.00114874,-0.000142085,0.000159064,-5.26098e-05,-0.00133305,-0.00066672,0.00394347,1.38628e-05,-0.0019495,0.000298352,9.66863e-05,0.000860164,-0.00114874,1.38628e-05,0.00320554,-0.00107926,-0.00173572,3.95892e-05,-0.000234452,-0.000142085,-0.0019495,-0.00107926,0.0263088,0.000525499,0.000297331,6.8328e-05,0.000159063,0.000298352,-0.00173572,0.000525499,0.0262724,0.000424952,3.37476e-05,-5.26098e-05,9.66863e-05,3.95892e-05,0.000297331,0.000424952,0.0466241,
0.00159899,-0.000206851,-0.00133631,0.00085814,-0.000237972,6.40853e-05,3.35819e-05,-0.000206851,0.00120897,-0.000665606,-0.00114952,-0.000141732,0.000160842,-5.28691e-05,-0.00133631,-0.000665606,0.00394101,1.46563e-05,-0.00194855,0.000294839,9.69092e-05,0.00085814,-0.00114952,1.46563e-05,0.00320507,-0.00107662,-0.00173693,3.92552e-05,-0.000237972,-0.000141732,-0.00194855,-0.00107662,0.0263008,0.000527387,0.000301612,6.40853e-05,0.000160842,0.000294839,-0.00173693,0.000527387,0.0262654,0.000425357,3.35819e-05,-5.28691e-05,9.69092e-05,3.92552e-05,0.000301612,0.000425357,0.0466242,
0.00160117,-0.000205959,-0.00133955,0.000856118,-0.000241483,5.98719e-05,3.34153e-05,-0.000205959,0.00120941,-0.000664487,-0.0011503,-0.00014137,0.000162636,-5.31266e-05,-0.00133955,-0.000664487,0.00393857,1.54465e-05,-0.00194759,0.00029133,9.71275e-05,0.000856118,-0.0011503,1.54465e-05,0.00320459,-0.00107396,-0.00173812,3.89215e-05,-0.000241483,-0.00014137,-0.00194759,-0.00107396,0.026293,0.000529288,0.000305879,5.98719e-05,0.000162636,0.00029133,-0.00173812,0.000529288,0.0262585,0.00042577,3.34153e-05,-5.31267e-05,9.71275e-05,3.89215e-05,0.000305879,0.00042577,0.0466244,
0.00160336,-0.000205073,-0.00134277,0.000854099,-0.000244985,5.56875e-05,3.32478e-05,-0.000205073,0.00120984,-0.000663364,-0.00115107,-0.000141,0.000164445,-5.33824e-05,-0.00134277,-0.000663364,0.00393614,1.62332e-05,-0.00194663,0.000287825,9.73413e-05,0.000854099,-0.00115107,1.62332e-05,0.00320411,-0.0010713,-0.00173928,3.85882e-05,-0.000244985,-0.000141,-0.00194663,-0.0010713,0.0262852,0.0005312,0.000310133,5.56875e-05,0.000164445,0.000287825,-0.00173928,0.0005312,0.0262516,0.00042619,3.32478e-05,-5.33824e-05,9.73414e-05,3.85882e-05,0.000310133,0.00042619,0.0466245,
0.00160556,-0.000204192,-0.00134598,0.000852082,-0.000248477,5.15319e-05,3.30793e-05,-0.000204192,0.00121026,-0.000662237,-0.00115184,-0.000140621,0.000166269,-5.36363e-05,-0.00134598,-0.000662237,0.00393372,1.70163e-05,-0.00194565,0.000284324,9.75507e-05,0.000852082,-0.00115184,1.70163e-05,0.00320363,-0.00106864,-0.00174043,3.82553e-05,-0.000248477,-0.000140621,-0.00194565,-0.00106864,0.0262775,0.000533123,0.000314373,5.15319e-05,0.000166269,0.000284324,-0.00174043,0.000533123,0.0262447,0.000426615,3.30793e-05,-5.36363e-05,9.75507e-05,3.82553e-05,0.000314373,0.000426615,0.0466246,
0.00160776,-0.000203317,-0.00134917,0.000850067,-0.00025196,4.74049e-05,3.29099e-05,-0.000203317,0.00121067,-0.000661107,-0.00115259,-0.000140234,0.000168107,-5.38883e-05,-0.00134917,-0.000661107,0.00393131,1.77958e-05,-0.00194468,0.000280828,9.77557e-05,0.000850067,-0.00115259,1.77958e-05,0.00320314,-0.00106596,-0.00174155,3.79228e-05,-0.00025196,-0.000140234,-0.00194468,-0.00106596,0.0262699,0.000535058,0.0003186,4.74049e-05,0.000168107,0.000280828,-0.00174155,0.000535058,0.0262379,0.000427044,3.29099e-05,-5.38883e-05,9.77557e-05,3.79228e-05,0.0003186,0.000427044,0.0466247,
0.00160996,-0.000202446,-0.00135234,0.000848055,-0.000255433,4.33064e-05,3.27395e-05,-0.000202446,0.00121108,-0.000659973,-0.00115334,-0.000139839,0.000169959,-5.41385e-05,-0.00135234,-0.000659973,0.00392891,1.85716e-05,-0.00194369,0.000277336,9.79564e-05,0.000848055,-0.00115334,1.85716e-05,0.00320265,-0.00106328,-0.00174266,3.75908e-05,-0.000255433,-0.000139839,-0.00194369,-0.00106328,0.0262624,0.000537003,0.000322813,4.33065e-05,0.000169959,0.000277336,-0.00174266,0.000537003,0.0262311,0.000427476,3.27395e-05,-5.41385e-05,9.79564e-05,3.75908e-05,0.000322813,0.000427476,0.0466248,
0.00161216,-0.000201581,-0.00135549,0.000846046,-0.000258896,3.92363e-05,3.25682e-05,-0.000201581,0.00121147,-0.000658836,-0.00115408,-0.000139435,0.000171826,-5.43867e-05,-0.00135549,-0.000658836,0.00392652,1.93436e-05,-0.0019427,0.00027385,9.81527e-05,0.000846046,-0.00115408,1.93437e-05,0.00320216,-0.00106059,-0.00174374,3.72592e-05,-0.000258896,-0.000139435,-0.0019427,-0.00106059,0.0262549,0.000538959,0.000327014,3.92363e-05,0.000171826,0.00027385,-0.00174374,0.000538959,0.0262243,0.000427911,3.25682e-05,-5.43867e-05,9.81527e-05,3.72591e-05,0.000327014,0.000427911,0.0466249,
0.00161437,-0.00020072,-0.00135862,0.000844039,-0.000262348,3.51943e-05,3.23959e-05,-0.00020072,0.00121186,-0.000657695,-0.00115481,-0.000139023,0.000173706,-5.46331e-05,-0.00135862,-0.000657695,0.00392413,2.01119e-05,-0.00194171,0.000270369,9.83447e-05,0.000844039,-0.00115481,2.01119e-05,0.00320167,-0.0010579,-0.00174481,3.6928e-05,-0.000262348,-0.000139023,-0.00194171,-0.0010579,0.0262476,0.000540924,0.000331201,3.51943e-05,0.000173706,0.000270369,-0.00174481,0.000540924,0.0262176,0.000428348,3.23959e-05,-5.46331e-05,9.83447e-05,3.6928e-05,0.000331201,0.000428348,0.046625,
0.00161658,-0.000199865,-0.00136174,0.000842035,-0.00026579,3.11805e-05,3.22226e-05,-0.000199865,0.00121223,-0.000656552,-0.00115554,-0.000138604,0.0001756,-5.48775e-05,-0.00136174,-0.000656552,0.00392176,2.08763e-05,-0.0019407,0.000266893,9.85326e-05,0.000842035,-0.00115554,2.08763e-05,0.00320117,-0.0010552,-0.00174585,3.65973e-05,-0.00026579,-0.000138604,-0.0019407,-0.0010552,0.0262403,0.000542899,0.000335376,3.11805e-05,0.0001756,0.000266893,-0.00174585,0.000542899,0.026211,0.000428786,3.22226e-05,-5.48774e-05,9.85326e-05,3.65973e-05,0.000335376,0.000428786,0.0466252,
0.00161879,-0.000199015,-0.00136484,0.000840033,-0.000269222,2.71946e-05,3.20483e-05,-0.000199015,0.0012126,-0.000655405,-0.00115625,-0.000138176,0.000177506,-5.51199e-05,-0.00136484,-0.000655405,0.0039194,2.16368e-05,-0.0019397,0.000263422,9.87162e-05,0.000840033,-0.00115625,2.16369e-05,0.00320067,-0.00105249,-0.00174688,3.6267e-05,-0.000269222,-0.000138176,-0.0019397,-0.00105249,0.0262331,0.000544882,0.000339538,2.71947e-05,0.000177506,0.000263423,-0.00174688,0.000544882,0.0262044,0.000429224,3.20483e-05,-5.51199e-05,9.87162e-05,3.6267e-05,0.000339538,0.000429224,0.0466253,
0.001621,-0.00019817,-0.00136792,0.000838034,-0.000272643,2.32367e-05,3.1873e-05,-0.00019817,0.00121296,-0.000654256,-0.00115696,-0.000137741,0.000179426,-5.53603e-05,-0.00136792,-0.000654256,0.00391704,2.23934e-05,-0.00193868,0.000259958,9.88957e-05,0.000838034,-0.00115696,2.23934e-05,0.00320017,-0.00104977,-0.00174788,3.59373e-05,-0.000272643,-0.000137741,-0.00193868,-0.00104977,0.026226,0.000546875,0.000343688,2.32367e-05,0.000179426,0.000259958,-0.00174788,0.000546875,0.0261978,0.000429661,3.18729e-05,-5.53603e-05,9.88957e-05,3.59373e-05,0.000343688,0.000429661,0.0466254,
0.00162322,-0.00019733,-0.00137098,0.000836037,-0.000276053,1.93065e-05,3.16967e-05,-0.00019733,0.00121331,-0.000653104,-0.00115767,-0.000137298,0.000181358,-5.55987e-05,-0.00137098,-0.000653104,0.0039147,2.31461e-05,-0.00193766,0.000256499,9.90711e-05,0.000836037,-0.00115767,2.31461e-05,0.00319967,-0.00104705,-0.00174887,3.5608e-05,-0.000276053,-0.000137298,-0.00193766,-0.00104705,0.0262189,0.000548875,0.000347825,1.93065e-05,0.000181358,0.000256499,-0.00174887,0.000548875,0.0261912,0.000430098,3.16967e-05,-5.55988e-05,9.90711e-05,3.5608e-05,0.000347825,0.000430098,0.0466255,
0.00162544,-0.000196495,-0.00137403,0.000834043,-0.000279453,1.54039e-05,3.15195e-05,-0.000196495,0.00121366,-0.00065195,-0.00115836,-0.000136848,0.000183302,-5.58352e-05,-0.00137403,-0.00065195,0.00391236,2.38949e-05,-0.00193664,0.000253046,9.92424e-05,0.000834043,-0.00115836,2.38949e-05,0.00319916,-0.00104433,-0.00174984,3.52793e-05,-0.000279453,-0.000136848,-0.00193664,-0.00104433,0.026212,0.000550884,0.00035195,1.54039e-05,0.000183302,0.000253046,-0.00174984,0.000550884,0.0261847,0.000430533,3.15195e-05,-5.58352e-05,9.92424e-05,3.52793e-05,0.000351951,0.000430533,0.0466256,
0.00162766,-0.000195665,-0.00137706,0.000832052,-0.000282842,1.1529e-05,3.13412e-05,-0.000195665,0.00121399,-0.000650793,-0.00115905,-0.00013639,0.000185258,-5.60696e-05,-0.00137706,-0.000650793,0.00391003,2.46396e-05,-0.00193561,0.000249599,9.94097e-05,0.000832052,-0.00115905,2.46396e-05,0.00319866,-0.0010416,-0.00175079,3.4951e-05,-0.000282842,-0.00013639,-0.00193561,-0.0010416,0.0262051,0.0005529,0.000356063,1.15289e-05,0.000185258,0.000249599,-0.00175079,0.0005529,0.0261783,0.000430966,3.13412e-05,-5.60696e-05,9.94098e-05,3.4951e-05,0.000356063,0.000430966,0.0466257,
0.00162988,-0.000194841,-0.00138007,0.000830064,-0.00028622,7.68147e-06,3.1162e-05,-0.000194841,0.00121432,-0.000649634,-0.00115973,-0.000135925,0.000187225,-5.6302e-05,-0.00138007,-0.000649634,0.00390772,2.53804e-05,-0.00193458,0.000246159,9.9573e-05,0.000830064,-0.00115973,2.53804e-05,0.00319815,-0.00103886,-0.00175172,3.46233e-05,-0.000286219,-0.000135925,-0.00193458,-0.00103886,0.0261983,0.000554924,0.000360164,7.68147e-06,0.000187225,0.000246159,-0.00175172,0.000554924,0.0261719,0.000431396,3.1162e-05,-5.6302e-05,9.9573e-05,3.46233e-05,0.000360164,0.000431396,0.0466258,
0.00163211,-0.000194021,-0.00138307,0.000828078,-0.000289586,3.86136e-06,3.09818e-05,-0.000194021,0.00121464,-0.000648473,-0.0011604,-0.000135453,0.000189205,-5.65323e-05,-0.00138307,-0.000648473,0.00390541,2.61171e-05,-0.00193354,0.000242725,9.97323e-05,0.000828078,-0.0011604,2.61171e-05,0.00319764,-0.00103612,-0.00175263,3.42961e-05,-0.000289586,-0.000135453,-0.00193354,-0.00103612,0.0261915,0.000556954,0.000364253,3.86136e-06,0.000189205,0.000242725,-0.00175263,0.000556954,0.0261655,0.000431824,3.09818e-05,-5.65323e-05,9.97323e-05,3.42962e-05,0.000364253,0.000431824,0.0466259,
0.00163433,-0.000193206,-0.00138605,0.000826095,-0.000292942,6.85285e-08,3.08007e-05,-0.000193206,0.00121495,-0.00064731,-0.00116107,-0.000134974,0.000191195,-5.67606e-05,-0.00138605,-0.00064731,0.00390311,2.68498e-05,-0.0019325,0.000239298,9.98876e-05,0.000826095,-0.00116107,2.68498e-05,0.00319713,-0.00103337,-0.00175352,3.39695e-05,-0.000292942,-0.000134974,-0.0019325,-0.00103337,0.0261849,0.000558991,0.000368329,6.85285e-08,0.000191195,0.000239298,-0.00175352,0.000558991,0.0261591,0.000432248,3.08007e-05,-5.67606e-05,9.98876e-05,3.39695e-05,0.000368329,0.000432248,0.046626,
0.00163656,-0.000192397,-0.00138901,0.000824115,-0.000296287,-3.6971e-06,3.06186e-05,-0.000192397,0.00121526,-0.000646144,-0.00116172,-0.000134488,0.000193195,-5.69868e-05,-0.00138901,-0.000646144,0.00390082,2.75784e-05,-0.00193145,0.000235877,0.000100039,0.000824115,-0.00116172,2.75784e-05,0.00319661,-0.00103061,-0.0017544,3.36435e-05,-0.000296287,-0.000134488,-0.00193145,-0.00103061,0.0261783,0.000561034,0.000372394,-3.6971e-06,0.000193195,0.000235877,-0.0017544,0.000561034,0.0261528,0.000432669,3.06186e-05,-5.69868e-05,0.000100039,3.36435e-05,0.000372394,0.000432669,0.0466262,
0.00163879,-0.000191592,-0.00139195,0.000822138,-0.000299621,-7.43564e-06,3.04356e-05,-0.000191592,0.00121555,-0.000644977,-0.00116237,-0.000133995,0.000195207,-5.72109e-05,-0.00139195,-0.000644977,0.00389853,2.8303e-05,-0.0019304,0.000232464,0.000100187,0.000822138,-0.00116237,2.8303e-05,0.0031961,-0.00102786,-0.00175525,3.3318e-05,-0.000299621,-0.000133995,-0.0019304,-0.00102786,0.0261718,0.000563083,0.000376446,-7.43564e-06,0.000195207,0.000232464,-0.00175525,0.000563083,0.0261466,0.000433085,3.04356e-05,-5.72109e-05,0.000100187,3.33181e-05,0.000376446,0.000433085,0.0466263,
0.00164101,-0.000190793,-0.00139488,0.000820164,-0.000302944,-1.11472e-05,3.02517e-05,-0.000190793,0.00121584,-0.000643808,-0.00116302,-0.000133496,0.000197228,-5.7433e-05,-0.00139488,-0.000643808,0.00389626,2.90235e-05,-0.00192934,0.000229057,0.00010033,0.000820163,-0.00116302,2.90235e-05,0.00319558,-0.00102509,-0.00175609,3.29931e-05,-0.000302944,-0.000133496,-0.00192934,-0.00102509,0.0261653,0.000565138,0.000380487,-1.11472e-05,0.000197228,0.000229057,-0.00175609,0.000565138,0.0261404,0.000433498,3.02517e-05,-5.7433e-05,0.00010033,3.29932e-05,0.000380487,0.000433498,0.0466264,
0.00164325,-0.000189999,-0.00139779,0.000818192,-0.000306256,-1.48318e-05,3.00668e-05,-0.000189999,0.00121613,-0.000642637,-0.00116366,-0.000132989,0.00019926,-5.7653e-05,-0.00139779,-0.000642637,0.003894,2.974e-05,-0.00192828,0.000225657,0.00010047,0.000818192,-0.00116366,2.974e-05,0.00319506,-0.00102232,-0.00175691,3.26689e-05,-0.000306256,-0.000132989,-0.00192828,-0.00102232,0.026159,0.000567198,0.000384516,-1.48318e-05,0.00019926,0.000225657,-0.00175691,0.000567198,0.0261342,0.000433906,3.00668e-05,-5.7653e-05,0.00010047,3.26688e-05,0.000384516,0.000433906,0.0466265,
0.00164548,-0.00018921,-0.00140069,0.000816224,-0.000309556,-1.84897e-05,2.98811e-05,-0.00018921,0.0012164,-0.000641465,-0.00116429,-0.000132477,0.000201301,-5.78709e-05,-0.00140069,-0.000641465,0.00389174,3.04524e-05,-0.00192721,0.000222265,0.000100606,0.000816224,-0.00116429,3.04524e-05,0.00319454,-0.00101955,-0.00175771,3.23452e-05,-0.000309556,-0.000132477,-0.00192721,-0.00101955,0.0261527,0.000569263,0.000388534,-1.84897e-05,0.000201301,0.000222265,-0.00175771,0.000569263,0.026128,0.000434309,2.98811e-05,-5.78709e-05,0.000100606,3.23452e-05,0.000388534,0.000434309,0.0466266,
0.00164771,-0.000188425,-0.00140357,0.000814258,-0.000312845,-2.21208e-05,2.96945e-05,-0.000188425,0.00121667,-0.000640291,-0.00116491,-0.000131957,0.000203352,-5.80867e-05,-0.00140357,-0.000640291,0.00388949,3.11606e-05,-0.00192615,0.00021888,0.000100739,0.000814258,-0.00116491,3.11607e-05,0.00319401,-0.00101677,-0.0017585,3.20221e-05,-0.000312845,-0.000131957,-0.00192615,-0.00101677,0.0261465,0.000571332,0.000392539,-2.21208e-05,0.000203352,0.00021888,-0.0017585,0.000571332,0.0261219,0.000434707,2.96945e-05,-5.80867e-05,0.000100739,3.20221e-05,0.000392539,0.000434707,0.0466267,
0.00164994,-0.000187646,-0.00140643,0.000812296,-0.000316123,-2.57254e-05,2.9507e-05,-0.000187646,0.00121693,-0.000639116,-0.00116552,-0.000131432,0.000205411,-5.83004e-05,-0.00140643,-0.000639116,0.00388726,3.18648e-05,-0.00192507,0.000215503,0.000100867,0.000812296,-0.00116552,3.18648e-05,0.00319349,-0.00101399,-0.00175926,3.16996e-05,-0.000316123,-0.000131432,-0.00192507,-0.00101399,0.0261403,0.000573407,0.000396533,-2.57254e-05,0.000205411,0.000215503,-0.00175926,0.000573407,0.0261159,0.000435101,2.9507e-05,-5.83004e-05,0.000100867,3.16996e-05,0.000396533,0.000435101,0.0466268,
0.00165217,-0.000186873,-0.00140927,0.000810337,-0.00031939,-2.93035e-05,2.93187e-05,-0.000186873,0.00121719,-0.000637939,-0.00116613,-0.0001309,0.00020748,-5.8512e-05,-0.00140927,-0.000637939,0.00388503,3.25649e-05,-0.001924,0.000212134,0.000100992,0.000810337,-0.00116613,3.25649e-05,0.00319296,-0.00101121,-0.00176001,3.13778e-05,-0.00031939,-0.0001309,-0.001924,-0.00101121,0.0261342,0.000575485,0.000400515,-2.93034e-05,0.00020748,0.000212134,-0.00176001,0.000575485,0.0261099,0.000435488,2.93187e-05,-5.8512e-05,0.000100992,3.13778e-05,0.000400515,0.000435488,0.0466269,
0.00165441,-0.000186104,-0.0014121,0.00080838,-0.000322645,-3.28551e-05,2.91295e-05,-0.000186104,0.00121743,-0.000636761,-0.00116673,-0.000130363,0.000209557,-5.87215e-05,-0.0014121,-0.000636761,0.00388281,3.32609e-05,-0.00192292,0.000208772,0.000101114,0.00080838,-0.00116673,3.32608e-05,0.00319243,-0.00100842,-0.00176074,3.10566e-05,-0.000322645,-0.000130363,-0.00192292,-0.00100842,0.0261282,0.000577567,0.000404486,-3.28551e-05,0.000209557,0.000208772,-0.00176074,0.000577567,0.0261039,0.000435871,2.91295e-05,-5.87215e-05,0.000101114,3.10566e-05,0.000404486,0.000435871,0.046627,
0.00165664,-0.00018534,-0.00141491,0.000806427,-0.000325889,-3.63805e-05,2.89395e-05,-0.00018534,0.00121768,-0.000635582,-0.00116733,-0.000129819,0.000211642,-5.89289e-05,-0.00141491,-0.000635582,0.00388059,3.39527e-05,-0.00192183,0.000205418,0.000101231,0.000806427,-0.00116733,3.39527e-05,0.0031919,-0.00100562,-0.00176146,3.0736e-05,-0.000325889,-0.000129819,-0.00192183,-0.00100562,0.0261222,0.000579653,0.000408445,-3.63805e-05,0.000211642,0.000205418,-0.00176146,0.000579653,0.0260979,0.000436248,2.89395e-05,-5.89289e-05,0.000101231,3.0736e-05,0.000408445,0.000436248,0.0466272,
0.00165888,-0.000184581,-0.00141771,0.000804477,-0.000329122,-3.98797e-05,2.87487e-05,-0.000184581,0.00121791,-0.000634402,-0.00116792,-0.000129269,0.000213736,-5.91342e-05,-0.00141771,-0.000634402,0.00387839,3.46404e-05,-0.00192075,0.000202072,0.000101345,0.000804477,-0.00116792,3.46404e-05,0.00319137,-0.00100282,-0.00176215,3.04162e-05,-0.000329122,-0.000129269,-0.00192075,-0.00100282,0.0261164,0.000581742,0.000412393,-3.98797e-05,0.000213736,0.000202072,-0.00176215,0.000581742,0.026092,0.000436619,2.87487e-05,-5.91342e-05,0.000101345,3.04162e-05,0.000412393,0.000436619,0.0466273,
0.00166111,-0.000183828,-0.00142049,0.00080253,-0.000332343,-4.33528e-05,2.85571e-05,-0.000183828,0.00121814,-0.000633221,-0.0011685,-0.000128714,0.000215837,-5.93374e-05,-0.00142049,-0.000633221,0.0038762,3.5324e-05,-0.00191965,0.000198734,0.000101456,0.00080253,-0.0011685,3.5324e-05,0.00319084,-0.00100002,-0.00176283,3.00969e-05,-0.000332343,-0.000128714,-0.00191965,-0.00100002,0.0261105,0.000583834,0.000416329,-4.33528e-05,0.000215837,0.000198734,-0.00176283,0.000583834,0.0260861,0.000436984,2.85572e-05,-5.93374e-05,0.000101456,3.00969e-05,0.000416329,0.000436984,0.0466274,
0.00166335,-0.000183079,-0.00142326,0.000800587,-0.000335553,-4.67999e-05,2.83648e-05,-0.000183079,0.00121836,-0.000632039,-0.00116907,-0.000128153,0.000217947,-5.95385e-05,-0.00142326,-0.000632039,0.00387401,3.60035e-05,-0.00191856,0.000195404,0.000101563,0.000800587,-0.00116907,3.60035e-05,0.00319031,-0.000997219,-0.0017635,2.97784e-05,-0.000335553,-0.000128153,-0.00191856,-0.000997219,0.0261048,0.000585929,0.000420253,-4.67999e-05,0.000217947,0.000195404,-0.0017635,0.000585929,0.0260803,0.000437343,2.83648e-05,-5.95385e-05,0.000101563,2.97783e-05,0.000420253,0.000437343,0.0466275,
0.00166559,-0.000182336,-0.00142601,0.000798646,-0.000338751,-5.02212e-05,2.81717e-05,-0.000182336,0.00121858,-0.000630856,-0.00116964,-0.000127586,0.000220063,-5.97375e-05,-0.00142601,-0.000630856,0.00387183,3.66789e-05,-0.00191746,0.000192083,0.000101666,0.000798646,-0.00116964,3.66788e-05,0.00318977,-0.000994411,-0.00176414,2.94605e-05,-0.000338751,-0.000127586,-0.00191746,-0.000994411,0.0260991,0.000588027,0.000424166,-5.02212e-05,0.000220063,0.000192083,-0.00176414,0.000588027,0.0260745,0.000437696,2.81717e-05,-5.97375e-05,0.000101666,2.94605e-05,0.000424166,0.000437696,0.0466276,
0.00166782,-0.000181598,-0.00142874,0.000796709,-0.000341938,-5.36167e-05,2.79778e-05,-0.000181598,0.00121879,-0.000629672,-0.0011702,-0.000127014,0.000222186,-5.99345e-05,-0.00142874,-0.000629672,0.00386966,3.73501e-05,-0.00191636,0.00018877,0.000101766,0.000796709,-0.0011702,3.73501e-05,0.00318923,-0.000991599,-0.00176477,2.91433e-05,-0.000341938,-0.000127014,-0.00191636,-0.000991599,0.0260935,0.000590127,0.000428068,-5.36167e-05,0.000222186,0.00018877,-0.00176477,0.000590127,0.0260688,0.000438043,2.79778e-05,-5.99345e-05,0.000101766,2.91433e-05,0.000428068,0.000438043,0.0466277,
0.00167006,-0.000180864,-0.00143146,0.000794775,-0.000345114,-5.69866e-05,2.77832e-05,-0.000180864,0.00121899,-0.000628488,-0.00117076,-0.000126437,0.000224317,-6.01293e-05,-0.00143146,-0.000628488,0.0038675,3.80171e-05,-0.00191526,0.000185466,0.000101863,0.000794775,-0.00117076,3.80172e-05,0.0031887,-0.000988785,-0.00176539,2.88268e-05,-0.000345114,-0.000126437,-0.00191526,-0.000988785,0.0260879,0.000592229,0.000431958,-5.69866e-05,0.000224317,0.000185466,-0.00176539,0.000592229,0.026063,0.000438384,2.77832e-05,-6.01293e-05,0.000101863,2.88268e-05,0.000431958,0.000438384,0.0466278,
0.00167229,-0.000180136,-0.00143416,0.000792844,-0.000348278,-6.03309e-05,2.7588e-05,-0.000180136,0.00121919,-0.000627303,-0.00117131,-0.000125854,0.000226454,-6.03221e-05,-0.00143416,-0.000627303,0.00386535,3.86801e-05,-0.00191415,0.00018217,0.000101956,0.000792844,-0.00117131,3.86801e-05,0.00318816,-0.000985967,-0.00176598,2.8511e-05,-0.000348278,-0.000125854,-0.00191415,-0.000985967,0.0260824,0.000594333,0.000435837,-6.03309e-05,0.000226454,0.00018217,-0.00176598,0.000594333,0.0260573,0.000438719,2.7588e-05,-6.0322e-05,0.000101956,2.8511e-05,0.000435837,0.000438719,0.046628,
0.00167453,-0.000179413,-0.00143685,0.000790917,-0.00035143,-6.36498e-05,2.7392e-05,-0.000179413,0.00121938,-0.000626117,-0.00117185,-0.000125266,0.000228597,-6.05127e-05,-0.00143685,-0.000626117,0.0038632,3.9339e-05,-0.00191304,0.000178883,0.000102046,0.000790917,-0.00117185,3.93389e-05,0.00318762,-0.000983147,-0.00176656,2.81959e-05,-0.00035143,-0.000125266,-0.00191304,-0.000983147,0.026077,0.000596439,0.000439704,-6.36498e-05,0.000228597,0.000178883,-0.00176656,0.000596439,0.0260517,0.000439047,2.7392e-05,-6.05128e-05,0.000102046,2.81959e-05,0.000439704,0.000439047,0.0466281,
0.00167676,-0.000178695,-0.00143952,0.000788993,-0.000354572,-6.69434e-05,2.71954e-05,-0.000178695,0.00121956,-0.000624931,-0.00117238,-0.000124672,0.000230747,-6.07013e-05,-0.00143952,-0.000624931,0.00386107,3.99936e-05,-0.00191193,0.000175605,0.000102132,0.000788993,-0.00117238,3.99936e-05,0.00318707,-0.000980324,-0.00176713,2.78815e-05,-0.000354572,-0.000124672,-0.00191193,-0.000980323,0.0260716,0.000598546,0.00044356,-6.69434e-05,0.000230747,0.000175605,-0.00176713,0.000598546,0.0260461,0.00043937,2.71954e-05,-6.07013e-05,0.000102132,2.78815e-05,0.00044356,0.00043937,0.0466282,
0.001679,-0.000177982,-0.00144217,0.000787073,-0.000357701,-7.02117e-05,2.69981e-05,-0.000177982,0.00121974,-0.000623745,-0.00117291,-0.000124074,0.000232903,-6.08879e-05,-0.00144217,-0.000623745,0.00385894,4.06442e-05,-0.00191082,0.000172336,0.000102215,0.000787073,-0.00117291,4.06443e-05,0.00318653,-0.000977498,-0.00176768,2.75679e-05,-0.000357701,-0.000124074,-0.00191082,-0.000977498,0.0260663,0.000600654,0.000447405,-7.02117e-05,0.000232903,0.000172336,-0.00176768,0.000600654,0.0260405,0.000439685,2.69981e-05,-6.08879e-05,0.000102215,2.75678e-05,0.000447405,0.000439685,0.0466283,
0.00168123,-0.000177274,-0.00144481,0.000785156,-0.000360819,-7.3455e-05,2.68002e-05,-0.000177274,0.00121992,-0.000622558,-0.00117343,-0.000123471,0.000235064,-6.10723e-05,-0.00144481,-0.000622558,0.00385682,4.12907e-05,-0.0019097,0.000169075,0.000102295,0.000785156,-0.00117343,4.12907e-05,0.00318599,-0.000974669,-0.00176821,2.72549e-05,-0.000360819,-0.000123471,-0.0019097,-0.000974669,0.0260611,0.000602763,0.000451238,-7.3455e-05,0.000235064,0.000169075,-0.00176821,0.000602763,0.026035,0.000439995,2.68002e-05,-6.10723e-05,0.000102295,2.72549e-05,0.000451238,0.000439995,0.0466284,
0.00168346,-0.000176571,-0.00144744,0.000783242,-0.000363926,-7.66733e-05,2.66017e-05,-0.000176571,0.00122009,-0.000621372,-0.00117395,-0.000122862,0.000237231,-6.12547e-05,-0.00144744,-0.000621372,0.00385471,4.1933e-05,-0.00190858,0.000165824,0.000102371,0.000783242,-0.00117395,4.1933e-05,0.00318544,-0.000971838,-0.00176872,2.69428e-05,-0.000363926,-0.000122862,-0.00190858,-0.000971838,0.0260559,0.000604872,0.00045506,-7.66734e-05,0.000237231,0.000165824,-0.00176872,0.000604872,0.0260295,0.000440298,2.66017e-05,-6.12547e-05,0.000102371,2.69427e-05,0.00045506,0.000440298,0.0466285,
0.0016857,-0.000175873,-0.00145005,0.000781332,-0.000367021,-7.98668e-05,2.64026e-05,-0.000175873,0.00122025,-0.000620184,-0.00117446,-0.000122249,0.000239403,-6.1435e-05,-0.00145005,-0.000620184,0.00385261,4.25713e-05,-0.00190746,0.000162582,0.000102444,0.000781332,-0.00117446,4.25712e-05,0.0031849,-0.000969005,-0.00176923,2.66313e-05,-0.000367021,-0.000122249,-0.00190746,-0.000969005,0.0260508,0.000606983,0.000458871,-7.98668e-05,0.000239403,0.000162582,-0.00176923,0.000606983,0.026024,0.000440594,2.64026e-05,-6.1435e-05,0.000102444,2.66313e-05,0.000458871,0.000440594,0.0466287,
0.00168793,-0.00017518,-0.00145264,0.000779425,-0.000370104,-8.30356e-05,2.62029e-05,-0.00017518,0.00122041,-0.000618997,-0.00117496,-0.000121632,0.00024158,-6.16133e-05,-0.00145264,-0.000618997,0.00385051,4.32053e-05,-0.00190633,0.00015935,0.000102514,0.000779425,-0.00117496,4.32053e-05,0.00318435,-0.000966169,-0.00176971,2.63206e-05,-0.000370104,-0.000121632,-0.00190633,-0.000966169,0.0260457,0.000609093,0.00046267,-8.30356e-05,0.000241581,0.00015935,-0.00176971,0.000609093,0.0260186,0.000440884,2.62029e-05,-6.16133e-05,0.000102514,2.63207e-05,0.00046267,0.000440884,0.0466288,
0.00169016,-0.000174492,-0.00145522,0.000777522,-0.000373176,-8.61797e-05,2.60026e-05,-0.000174492,0.00122056,-0.00061781,-0.00117546,-0.000121009,0.000243763,-6.17895e-05,-0.00145522,-0.00061781,0.00384843,4.38353e-05,-0.0019052,0.000156126,0.000102581,0.000777522,-0.00117546,4.38353e-05,0.0031838,-0.000963332,-0.00177018,2.60107e-05,-0.000373176,-0.000121009,-0.0019052,-0.000963332,0.0260407,0.000611204,0.000466458,-8.61797e-05,0.000243763,0.000156126,-0.00177018,0.000611204,0.0260132,0.000441168,2.60026e-05,-6.17896e-05,0.000102581,2.60107e-05,0.000466458,0.000441168,0.0466289,
0.00169239,-0.000173809,-0.00145779,0.000775622,-0.000376236,-8.92993e-05,2.58019e-05,-0.000173809,0.00122071,-0.000616623,-0.00117595,-0.000120383,0.00024595,-6.19637e-05,-0.00145779,-0.000616623,0.00384635,4.44612e-05,-0.00190407,0.000152912,0.000102645,0.000775622,-0.00117595,4.44612e-05,0.00318325,-0.000960492,-0.00177063,2.57016e-05,-0.000376236,-0.000120383,-0.00190407,-0.000960492,0.0260358,0.000613314,0.000470235,-8.92993e-05,0.00024595,0.000152912,-0.00177063,0.000613314,0.0260078,0.000441446,2.58019e-05,-6.19637e-05,0.000102645,2.57016e-05,0.000470235,0.000441446,0.046629,
0.00169462,-0.000173131,-0.00146034,0.000773726,-0.000379285,-9.23945e-05,2.56005e-05,-0.000173131,0.00122085,-0.000615436,-0.00117643,-0.000119751,0.000248141,-6.21359e-05,-0.00146034,-0.000615436,0.00384428,4.50829e-05,-0.00190294,0.000149708,0.000102705,0.000773726,-0.00117643,4.50829e-05,0.0031827,-0.000957651,-0.00177107,2.53931e-05,-0.000379285,-0.000119751,-0.00190294,-0.000957651,0.0260309,0.000615425,0.000474001,-9.23945e-05,0.000248141,0.000149708,-0.00177107,0.000615425,0.0260025,0.000441717,2.56005e-05,-6.21359e-05,0.000102705,2.53931e-05,0.000474001,0.000441717,0.0466291,
0.00169685,-0.000172458,-0.00146287,0.000771833,-0.000382322,-9.54655e-05,2.53987e-05,-0.000172458,0.00122099,-0.000614249,-0.00117691,-0.000119116,0.000250337,-6.2306e-05,-0.00146287,-0.000614249,0.00384221,4.57006e-05,-0.00190181,0.000146513,0.000102763,0.000771833,-0.00117691,4.57006e-05,0.00318215,-0.000954807,-0.0017715,2.50855e-05,-0.000382322,-0.000119116,-0.00190181,-0.000954807,0.026026,0.000617534,0.000477755,-9.54655e-05,0.000250337,0.000146513,-0.0017715,0.000617534,0.0259972,0.000441981,2.53987e-05,-6.2306e-05,0.000102763,2.50855e-05,0.000477755,0.000441981,0.0466293,
