0.00168293,0.000257044,-0.00127366,-0.000985658,-0.000403721,0.000686307,-7.93818e-06,0.000257044,0.0011956,0.000769203,-0.00104467,-0.00122432,0.000519541,1.9395e-06,-0.00127366,0.000769203,0.00393116,-6.99926e-05,-0.00135751,0.000819412,0.000112357,-0.000985658,-0.00104467,-6.99926e-05,0.00323888,-0.000894603,-0.000789319,1.64071e-05,-0.000403721,-0.00122432,-0.00135751,-0.000894603,0.0262003,-0.000749691,0.00140722,0.000686307,0.000519541,0.000819412,-0.000789319,-0.000749691,0.0247121,0.000143764,-7.93818e-06,1.93951e-06,0.000112357,1.64071e-05,0.00140722,0.000143764,0.0467055,
0.00168431,0.000256674,-0.00127439,-0.000986016,-0.000406272,0,-7.94753e-06,0.000256674,0.00119673,0.000771194,-0.00104386,-0.00122253,0,2.24548e-06,-0.00127439,0.000771194,0.00392818,-6.91807e-05,-0.00135823,0,0.000112308,-0.000986016,-0.00104386,-6.91807e-05,0.00323666,-0.000896583,0,1.65684e-05,-0.000406272,-0.00122253,-0.00135823,-0.000896583,0.0261964,0,0.00140387,0.000688754,0.000520003,0.000821151,-0.000795755,-0.000748594,0,0.000142568,-7.94753e-06,2.24548e-06,0.000112308,1.65684e-05,0.00140387,0,0.0467051,
0.00168612,0.00025641,-0.00127521,-0.000986489,-0.000409162,0,-7.91378e-06,0.00025641,0.00119791,0.000773243,-0.00104305,-0.00122056,0,2.56561e-06,-0.00127521,0.000773243,0.00392507,-6.84228e-05,-0.00135927,0,0.000112217,-0.000986489,-0.00104305,-6.84228e-05,0.0032341,-0.000898578,0,1.68696e-05,-0.000409162,-0.00122056,-0.00135927,-0.000898578,0.0261915,0,0.00139921,0.000691804,0.000519819,0.000823535,-0.000803069,-0.00074647,0,0.000141387,-7.91378e-06,2.56561e-06,0.000112217,1.68696e-05,0.00139921,0,0.0467047,
0.00168815,0.000256261,-0.00127595,-0.000987087,-0.00041236,0.000695055,-7.85372e-06,0.000256261,0.00119903,0.000775274,-0.00104224,-0.00121856,0.000519187,2.88486e-06,-0.00127595,0.000775274,0.00392208,-6.77248e-05,-0.00136062,0.00082611,0.00011212,-0.000987087,-0.00104224,-6.77248e-05,0.00323144,-0.000900423,-0.000810622,1.72261e-05,-0.00041236,-0.00121856,-0.00136062,-0.000900423,0.0261866,-0.000743837,0.00139403,0.000695055,0.000519187,0.00082611,-0.000810622,-0.000743837,0.0247295,0.000140252,-7.85372e-06,2.88486e-06,0.00011212,1.72261e-05,0.00139403,0.000140252,0.0467042,
0.00169036,0.000256194,-0.00127669,-0.000987726,-0.000415703,0.000698224,-7.78416e-06,0.000256194,0.00120016,0.000777265,-0.00104141,-0.00121663,0.000518628,3.20446e-06,-0.00127669,0.000777265,0.00391918,-6.70743e-05,-0.00136191,0.000828488,0.000112034,-0.000987726,-0.00104141,-6.70743e-05,0.00322875,-0.000902149,-0.000817938,1.75424e-05,-0.000415703,-0.00121663,-0.00136191,-0.000902149,0.0261822,-0.000741449,0.00138917,0.000698224,0.000518628,0.000828488,-0.000817938,-0.000741449,0.0247357,0.000139121,-7.78416e-06,3.20449e-06,0.000112034,1.75424e-05,0.00138917,0.000139121,0.0467037,
0.00169276,0.000256193,-0.00127746,-0.000988391,-0.000419155,0.00070143,-7.69967e-06,0.000256193,0.00120128,0.000779218,-0.00104059,-0.00121472,0.000517978,3.52413e-06,-0.00127746,0.000779218,0.00391633,-6.64677e-05,-0.00136323,0.000830863,0.000111949,-0.000988391,-0.00104059,-6.64677e-05,0.00322599,-0.00090379,-0.000825268,1.78627e-05,-0.000419155,-0.00121472,-0.00136323,-0.00090379,0.0261781,-0.000738982,0.00138424,0.00070143,0.000517978,0.000830863,-0.000825268,-0.000738982,0.024742,0.000138005,-7.69967e-06,3.52413e-06,0.000111949,1.78627e-05,0.00138424,0.000138005,0.0467032,
0.00169529,0.00025625,-0.00127822,-0.000989083,-0.000422705,0.000704617,-7.60458e-06,0.00025625,0.0012024,0.000781141,-0.00103977,-0.00121285,0.000517305,3.84384e-06,-0.00127822,0.000781141,0.00391353,-6.58955e-05,-0.00136454,0.000833164,0.000111868,-0.000989083,-0.00103977,-6.58955e-05,0.0032232,-0.000905346,-0.000832524,1.81713e-05,-0.000422705,-0.00121285,-0.00136454,-0.000905346,0.0261742,-0.000736556,0.0013794,0.000704617,0.000517305,0.000833164,-0.000832524,-0.000736556,0.0247483,0.000136897,-7.60458e-06,3.84381e-06,0.000111868,1.81713e-05,0.0013794,0.000136897,0.0467027,
0.00169794,0.000256355,-0.001279,-0.000989795,-0.000426326,0.000707799,-7.49895e-06,0.000256355,0.00120353,0.000783035,-0.00103895,-0.001211,0.00051659,4.16348e-06,-0.001279,0.000783035,0.00391077,-6.53527e-05,-0.00136587,0.000835426,0.000111791,-0.000989795,-0.00103895,-6.53527e-05,0.00322038,-0.000906829,-0.000839745,1.84754e-05,-0.000426326,-0.001211,-0.00136587,-0.000906829,0.0261706,-0.000734123,0.00137457,0.000707799,0.00051659,0.000835426,-0.000839745,-0.000734123,0.0247545,0.000135797,-7.49895e-06,4.1635e-06,0.000111791,1.84753e-05,0.00137457,0.000135797,0.0467022,
0.00170069,0.000256501,-0.00127977,-0.000990525,-0.000430006,0.000710962,-7.38434e-06,0.000256501,0.00120465,0.000784905,-0.00103814,-0.00120918,0.000515849,4.48304e-06,-0.00127977,0.000784905,0.00390805,-6.48341e-05,-0.00136719,0.000837638,0.000111717,-0.000990525,-0.00103814,-6.48341e-05,0.00321752,-0.000908247,-0.000846923,1.87727e-05,-0.000430006,-0.00120918,-0.00136719,-0.000908247,0.0261673,-0.0007317,0.00136978,0.000710962,0.000515849,0.000837638,-0.000846923,-0.0007317,0.0247607,0.000134702,-7.38432e-06,4.48303e-06,0.000111717,1.87727e-05,0.00136978,0.000134702,0.0467017,
0.00170352,0.000256683,-0.00128055,-0.000991267,-0.000433728,0.000714107,-7.26141e-06,0.000256683,0.00120577,0.000786752,-0.00103732,-0.00120737,0.000515081,4.80244e-06,-0.00128055,0.000786752,0.00390536,-6.43356e-05,-0.0013685,0.000839809,0.000111647,-0.000991267,-0.00103732,-6.43356e-05,0.00321464,-0.000909604,-0.000854065,1.90649e-05,-0.000433728,-0.00120737,-0.0013685,-0.000909604,0.0261642,-0.000729279,0.00136501,0.000714107,0.000515081,0.000839809,-0.000854065,-0.000729279,0.024767,0.000133611,-7.26141e-06,4.80244e-06,0.000111647,1.9065e-05,0.00136501,0.000133611,0.0467012,
0.00170642,0.000256895,-0.00128132,-0.00099202,-0.000437481,0.000717227,-7.13105e-06,0.000256895,0.0012069,0.000788579,-0.0010365,-0.00120559,0.000514293,5.12163e-06,-0.00128132,0.000788579,0.0039027,-6.38538e-05,-0.00136982,0.000841937,0.000111581,-0.00099202,-0.0010365,-6.38538e-05,0.00321173,-0.000910908,-0.000861174,1.93521e-05,-0.000437481,-0.00120559,-0.00136982,-0.000910908,0.0261614,-0.000726862,0.00136026,0.000717227,0.000514292,0.000841937,-0.000861174,-0.000726862,0.0247732,0.000132522,-7.13102e-06,5.12163e-06,0.000111581,1.93521e-05,0.00136026,0.000132522,0.0467007,
0.00170938,0.000257133,-0.00128209,-0.00099278,-0.000441256,0.000720322,-6.99379e-06,0.000257133,0.00120803,0.000790386,-0.00103568,-0.00120383,0.000513485,5.44054e-06,-0.00128209,0.000790386,0.00390006,-6.33859e-05,-0.00137113,0.000844027,0.000111518,-0.00099278,-0.00103568,-6.33859e-05,0.0032088,-0.000912162,-0.000868252,1.96346e-05,-0.000441256,-0.00120383,-0.00137113,-0.000912162,0.0261587,-0.000724447,0.00135554,0.000720322,0.000513485,0.000844027,-0.000868252,-0.000724447,0.0247794,0.000131436,-6.99379e-06,5.44059e-06,0.000111518,1.96346e-05,0.00135554,0.000131436,0.0467002,
0.00171238,0.000257392,-0.00128287,-0.000993545,-0.000445043,0.000723387,-6.85027e-06,0.000257392,0.00120917,0.000792176,-0.00103487,-0.00120208,0.000512662,5.75914e-06,-0.00128287,0.000792176,0.00389745,-6.29295e-05,-0.00137243,0.000846078,0.000111459,-0.000993545,-0.00103487,-6.29295e-05,0.00320586,-0.000913369,-0.000875301,1.99127e-05,-0.000445043,-0.00120208,-0.00137243,-0.000913369,0.0261563,-0.000722033,0.00135085,0.000723388,0.000512662,0.000846078,-0.000875301,-0.000722033,0.0247856,0.00013035,-6.85024e-06,5.75917e-06,0.000111459,1.99128e-05,0.00135085,0.00013035,0.0466997,
0.00171542,0.000257671,-0.00128364,-0.000994313,-0.000448837,0.000726423,-6.70089e-06,0.000257671,0.00121031,0.00079395,-0.00103405,-0.00120035,0.000511825,6.07742e-06,-0.00128364,0.00079395,0.00389486,-6.24825e-05,-0.00137373,0.000848093,0.000111404,-0.000994313,-0.00103405,-6.24825e-05,0.0032029,-0.000914534,-0.000882323,2.01868e-05,-0.000448838,-0.00120035,-0.00137373,-0.000914534,0.0261541,-0.00071962,0.00134617,0.000726423,0.000511825,0.000848093,-0.000882323,-0.00071962,0.0247918,0.000129265,-6.70086e-06,6.07742e-06,0.000111404,2.01868e-05,0.00134617,0.000129265,0.0466992,
0.00171849,0.000257966,-0.0012844,-0.000995083,-0.000452632,0.000729425,-6.5461e-06,0.000257966,0.00121145,0.000795707,-0.00103323,-0.00119864,0.000510975,6.39527e-06,-0.0012844,0.000795707,0.00389229,-6.20435e-05,-0.00137501,0.000850073,0.000111352,-0.000995083,-0.00103323,-6.20435e-05,0.00319993,-0.000915659,-0.00088932,2.04569e-05,-0.000452632,-0.00119864,-0.00137501,-0.000915659,0.0261521,-0.000717207,0.0013415,0.000729425,0.000510975,0.000850073,-0.00088932,-0.000717207,0.024798,0.000128179,-6.5461e-06,6.39527e-06,0.000111352,2.04569e-05,0.0013415,0.000128179,0.0466987,
0.00172158,0.000258275,-0.00128516,-0.000995853,-0.000456422,0.000732394,-6.38625e-06,0.000258275,0.0012126,0.00079745,-0.00103241,-0.00119693,0.000510115,6.71269e-06,-0.00128516,0.00079745,0.00388973,-6.1611e-05,-0.00137629,0.000852017,0.000111303,-0.000995853,-0.00103241,-6.1611e-05,0.00319695,-0.000916745,-0.000896292,2.07234e-05,-0.000456422,-0.00119693,-0.00137629,-0.000916745,0.0261503,-0.000714793,0.00133686,0.000732394,0.000510115,0.000852017,-0.000896292,-0.000714793,0.0248043,0.000127092,-6.38628e-06,6.71269e-06,0.000111303,2.07234e-05,0.00133686,0.000127092,0.0466982,
0.00172469,0.000258596,-0.00128592,-0.000996622,-0.000460204,0.000735328,-6.22161e-06,0.000258596,0.00121375,0.000799177,-0.0010316,-0.00119525,0.000509245,7.02963e-06,-0.00128592,0.000799177,0.0038872,-6.11837e-05,-0.00137757,0.000853928,0.000111258,-0.000996622,-0.0010316,-6.11837e-05,0.00319396,-0.000917796,-0.000903241,2.09863e-05,-0.000460204,-0.00119525,-0.00137757,-0.000917796,0.0261487,-0.000712379,0.00133222,0.000735328,0.000509245,0.000853928,-0.000903241,-0.000712379,0.0248105,0.000126004,-6.22163e-06,7.02965e-06,0.000111258,2.09863e-05,0.00133222,0.000126004,0.0466977,
0.00172782,0.000258928,-0.00128668,-0.000997389,-0.000463975,0.000738226,-6.05252e-06,0.000258928,0.0012149,0.000800891,-0.00103078,-0.00119357,0.000508366,7.34607e-06,-0.00128668,0.000800891,0.00388467,-6.07609e-05,-0.00137883,0.000855805,0.000111216,-0.000997388,-0.00103078,-6.07608e-05,0.00319097,-0.000918811,-0.000910168,2.12458e-05,-0.000463975,-0.00119357,-0.00137883,-0.000918811,0.0261473,-0.000709963,0.00132761,0.000738226,0.000508366,0.000855805,-0.000910168,-0.000709963,0.0248168,0.000124915,-6.05255e-06,7.34607e-06,0.000111216,2.12457e-05,0.00132761,0.000124915,0.0466972,
0.00173096,0.000259269,-0.00128743,-0.000998152,-0.000467731,0.000741087,-5.87913e-06,0.000259269,0.00121606,0.00080259,-0.00102996,-0.00119191,0.00050748,7.66195e-06,-0.00128743,0.00080259,0.00388217,-6.03415e-05,-0.00138008,0.00085765,0.000111177,-0.000998152,-0.00102996,-6.03415e-05,0.00318796,-0.000919794,-0.000917072,2.15019e-05,-0.000467731,-0.00119191,-0.00138008,-0.000919794,0.026146,-0.000707545,0.001323,0.000741087,0.00050748,0.00085765,-0.000917072,-0.000707545,0.024823,0.000123823,-5.87908e-06,7.66198e-06,0.000111177,2.1502e-05,0.001323,0.000123823,0.0466967,
0.00173411,0.000259619,-0.00128817,-0.000998913,-0.00047147,0.000743911,-5.70169e-06,0.000259619,0.00121723,0.000804276,-0.00102915,-0.00119026,0.000506587,7.97726e-06,-0.00128817,0.000804276,0.00387967,-5.99251e-05,-0.00138133,0.000859463,0.000111142,-0.000998913,-0.00102915,-5.99251e-05,0.00318495,-0.000920745,-0.000923955,2.17549e-05,-0.00047147,-0.00119026,-0.00138133,-0.000920745,0.026145,-0.000705125,0.00131841,0.000743911,0.000506587,0.000859463,-0.000923955,-0.000705125,0.0248293,0.00012273,-5.70172e-06,7.97723e-06,0.000111142,2.17549e-05,0.00131841,0.00012273,0.0466962,
0.00173726,0.000259976,-0.00128891,-0.000999669,-0.000475191,0.000746698,-5.52036e-06,0.000259976,0.00121839,0.000805949,-0.00102833,-0.00118862,0.000505687,8.29198e-06,-0.00128891,0.000805949,0.00387719,-5.9511e-05,-0.00138256,0.000861244,0.00011111,-0.000999669,-0.00102833,-5.9511e-05,0.00318194,-0.000921665,-0.000930818,2.20047e-05,-0.000475191,-0.00118862,-0.00138256,-0.000921665,0.0261441,-0.000702703,0.00131383,0.000746698,0.000505687,0.000861244,-0.000930818,-0.000702703,0.0248356,0.000121634,-5.52036e-06,8.29198e-06,0.00011111,2.20047e-05,0.00131383,0.000121634,0.0466957,
0.00174042,0.000260339,-0.00128965,-0.00100042,-0.000478892,0.000749446,-5.33532e-06,0.000260339,0.00121957,0.000807609,-0.00102752,-0.00118699,0.000504782,8.60606e-06,-0.00128965,0.000807609,0.00387472,-5.90988e-05,-0.00138379,0.000862994,0.000111081,-0.00100042,-0.00102752,-5.90988e-05,0.00317892,-0.000922555,-0.000937659,2.22514e-05,-0.000478892,-0.00118699,-0.00138379,-0.000922555,0.0261434,-0.000700278,0.00130926,0.000749446,0.000504782,0.000862994,-0.000937659,-0.000700278,0.0248419,0.000120536,-5.33534e-06,8.60606e-06,0.000111081,2.22514e-05,0.00130926,0.000120536,0.0466952,
0.00174358,0.000260708,-0.00129038,-0.00100117,-0.000482572,0.000752156,-5.14669e-06,0.000260708,0.00122075,0.000809255,-0.0010267,-0.00118538,0.000503872,8.91953e-06,-0.00129038,0.000809255,0.00387227,-5.86881e-05,-0.001385,0.000864713,0.000111056,-0.00100117,-0.0010267,-5.86881e-05,0.00317589,-0.000923416,-0.000944481,2.24952e-05,-0.000482572,-0.00118538,-0.001385,-0.000923416,0.0261428,-0.000697851,0.00130471,0.000752156,0.000503872,0.000864713,-0.000944481,-0.000697851,0.0248482,0.000119436,-5.14666e-06,8.91959e-06,0.000111056,2.24952e-05,0.00130471,0.000119436,0.0466947,
0.00174674,0.000261083,-0.0012911,-0.00100191,-0.000486229,0.000754828,-4.95462e-06,0.000261083,0.00122193,0.00081089,-0.00102589,-0.00118378,0.000502956,9.23234e-06,-0.0012911,0.00081089,0.00386982,-5.82785e-05,-0.00138621,0.000866401,0.000111033,-0.00100191,-0.00102589,-5.82785e-05,0.00317287,-0.000924248,-0.000951282,2.2736e-05,-0.000486229,-0.00118378,-0.00138621,-0.000924248,0.0261425,-0.000695421,0.00130016,0.000754828,0.000502956,0.000866401,-0.000951282,-0.00069542,0.0248546,0.000118333,-4.95459e-06,9.23234e-06,0.000111033,2.2736e-05,0.00130016,0.000118333,0.0466942,
0.0017499,0.000261463,-0.00129182,-0.00100264,-0.000489862,0.000757461,-4.75922e-06,0.000261463,0.00122311,0.000812511,-0.00102508,-0.00118218,0.000502036,9.54445e-06,-0.00129182,0.000812511,0.00386739,-5.78698e-05,-0.00138741,0.000868059,0.000111014,-0.00100264,-0.00102508,-5.78698e-05,0.00316984,-0.000925052,-0.000958064,2.29739e-05,-0.000489862,-0.00118218,-0.00138741,-0.000925052,0.0261423,-0.000692988,0.00129562,0.000757461,0.000502036,0.000868059,-0.000958064,-0.000692988,0.0248609,0.000117227,-4.75919e-06,9.54442e-06,0.000111014,2.29738e-05,0.00129562,0.000117227,0.0466938,
0.00175305,0.000261847,-0.00129254,-0.00100337,-0.000493472,0.000760055,-4.56055e-06,0.000261847,0.0012243,0.000814121,-0.00102427,-0.0011806,0.000501113,9.85589e-06,-0.00129254,0.000814121,0.00386497,-5.74618e-05,-0.0013886,0.000869687,0.000110997,-0.00100337,-0.00102427,-5.74618e-05,0.00316681,-0.000925829,-0.000964825,2.32089e-05,-0.000493472,-0.0011806,-0.0013886,-0.000925829,0.0261423,-0.000690552,0.0012911,0.000760055,0.000501112,0.000869687,-0.000964825,-0.000690552,0.0248673,0.000116119,-4.56057e-06,9.85589e-06,0.000110997,2.32089e-05,0.0012911,0.000116119,0.0466933,
0.00175621,0.000262236,-0.00129325,-0.00100409,-0.000497058,0.000762611,-4.35879e-06,0.000262235,0.0012255,0.000815718,-0.00102345,-0.00117903,0.000500185,1.01666e-05,-0.00129325,0.000815718,0.00386256,-5.70543e-05,-0.00138978,0.000871285,0.000110984,-0.00100409,-0.00102345,-5.70543e-05,0.00316378,-0.000926579,-0.000971567,2.34411e-05,-0.000497058,-0.00117903,-0.00138978,-0.000926579,0.0261424,-0.000688113,0.00128658,0.000762611,0.000500185,0.000871284,-0.000971567,-0.000688113,0.0248737,0.000115008,-4.35885e-06,1.01665e-05,0.000110984,2.34411e-05,0.00128658,0.000115008,0.0466928,
0.00175936,0.000262628,-0.00129395,-0.00100481,-0.000500619,0.000765128,-4.15401e-06,0.000262628,0.0012267,0.000817302,-0.00102264,-0.00117747,0.000499254,1.04766e-05,-0.00129395,0.000817302,0.00386016,-5.6647e-05,-0.00139095,0.000872853,0.000110973,-0.00100481,-0.00102264,-5.6647e-05,0.00316075,-0.000927302,-0.000978289,2.36705e-05,-0.000500619,-0.00117747,-0.00139095,-0.000927302,0.0261427,-0.000685671,0.00128207,0.000765128,0.000499254,0.000872853,-0.00097829,-0.000685671,0.02488,0.000113894,-4.15401e-06,1.04766e-05,0.000110973,2.36705e-05,0.00128207,0.000113894,0.0466923,
0.0017625,0.000263024,-0.00129465,-0.00100552,-0.000504155,0.000767607,-3.9462e-06,0.000263024,0.0012279,0.000818875,-0.00102183,-0.00117592,0.000498319,1.07858e-05,-0.00129465,0.000818875,0.00385777,-5.62401e-05,-0.00139211,0.000874392,0.000110966,-0.00100552,-0.00102183,-5.62401e-05,0.00315772,-0.000928,-0.000984992,2.38971e-05,-0.000504155,-0.00117592,-0.00139211,-0.000928,0.0261431,-0.000683226,0.00127757,0.000767607,0.000498319,0.000874392,-0.000984992,-0.000683226,0.0248864,0.000112778,-3.94623e-06,1.07858e-05,0.000110966,2.38971e-05,0.00127757,0.000112778,0.0466918,
0.00176564,0.000263423,-0.00129535,-0.00100622,-0.000507665,0.000770047,-3.73554e-06,0.000263423,0.00122911,0.000820436,-0.00102102,-0.00117438,0.000497382,1.10943e-05,-0.00129535,0.000820436,0.00385539,-5.58332e-05,-0.00139326,0.000875902,0.000110961,-0.00100622,-0.00102102,-5.58333e-05,0.00315468,-0.000928672,-0.000991675,2.41209e-05,-0.000507665,-0.00117438,-0.00139326,-0.000928672,0.0261437,-0.000680778,0.00127308,0.000770047,0.000497382,0.000875902,-0.000991675,-0.000680778,0.0248928,0.000111659,-3.73557e-06,1.10943e-05,0.000110961,2.41209e-05,0.00127308,0.000111659,0.0466914,
0.00176877,0.000263826,-0.00129604,-0.00100692,-0.00051115,0.000772449,-3.5221e-06,0.000263826,0.00123032,0.000821985,-0.00102021,-0.00117285,0.000496442,1.14021e-05,-0.00129604,0.000821985,0.00385302,-5.54264e-05,-0.0013944,0.000877383,0.000110959,-0.00100692,-0.00102021,-5.54264e-05,0.00315165,-0.000929318,-0.000998338,2.43421e-05,-0.00051115,-0.00117285,-0.0013944,-0.000929318,0.0261444,-0.000678328,0.0012686,0.000772449,0.000496442,0.000877383,-0.000998338,-0.000678327,0.0248993,0.000110538,-3.52207e-06,1.1402e-05,0.000110959,2.4342e-05,0.0012686,0.000110538,0.0466909,
0.0017719,0.000264232,-0.00129673,-0.00100761,-0.00051461,0.000774813,-3.30588e-06,0.000264232,0.00123153,0.000823522,-0.0010194,-0.00117133,0.000495499,1.1709e-05,-0.00129673,0.000823522,0.00385066,-5.50196e-05,-0.00139553,0.000878835,0.00011096,-0.00100761,-0.0010194,-5.50196e-05,0.00314862,-0.00092994,-0.00100498,2.45604e-05,-0.00051461,-0.00117133,-0.00139553,-0.00092994,0.0261453,-0.000675874,0.00126413,0.000774813,0.000495499,0.000878835,-0.00100498,-0.000675874,0.0249057,0.000109414,-3.30586e-06,1.17091e-05,0.00011096,2.45605e-05,0.00126413,0.000109414,0.0466904,
0.00177501,0.000264641,-0.00129741,-0.00100829,-0.000518044,0.00077714,-3.08698e-06,0.000264641,0.00123275,0.000825047,-0.0010186,-0.00116982,0.000494554,1.20152e-05,-0.00129741,0.000825047,0.00384831,-5.46128e-05,-0.00139665,0.000880259,0.000110963,-0.00100829,-0.0010186,-5.46127e-05,0.00314558,-0.000930536,-0.00101161,2.47761e-05,-0.000518044,-0.00116982,-0.00139665,-0.000930536,0.0261464,-0.000673417,0.00125966,0.00077714,0.000494554,0.000880259,-0.00101161,-0.000673417,0.0249121,0.000108287,-3.08692e-06,1.20152e-05,0.000110963,2.47761e-05,0.00125966,0.000108287,0.04669,
0.00177813,0.000265054,-0.00129809,-0.00100896,-0.000521453,0.000779429,-2.8654e-06,0.000265054,0.00123397,0.000826561,-0.00101779,-0.00116832,0.000493606,1.23206e-05,-0.00129809,0.000826561,0.00384597,-5.42058e-05,-0.00139776,0.000881654,0.000110969,-0.00100896,-0.00101779,-5.42058e-05,0.00314255,-0.000931109,-0.00101821,2.49891e-05,-0.000521453,-0.00116832,-0.00139776,-0.000931109,0.0261476,-0.000670958,0.0012552,0.000779429,0.000493606,0.000881654,-0.00101821,-0.000670958,0.0249186,0.000107158,-2.86543e-06,1.23206e-05,0.000110969,2.49891e-05,0.0012552,0.000107158,0.0466895,
0.00178123,0.000265469,-0.00129876,-0.00100963,-0.000524836,0.00078168,-2.64133e-06,0.000265469,0.0012352,0.000828063,-0.00101698,-0.00116684,0.000492657,1.26252e-05,-0.00129876,0.000828063,0.00384364,-5.37986e-05,-0.00139886,0.000883022,0.000110978,-0.00100963,-0.00101698,-5.37986e-05,0.00313952,-0.000931657,-0.00102479,2.51995e-05,-0.000524836,-0.00116684,-0.00139886,-0.000931657,0.0261489,-0.000668495,0.00125075,0.00078168,0.000492657,0.000883022,-0.00102479,-0.000668495,0.024925,0.000106027,-2.64133e-06,1.26252e-05,0.000110978,2.51995e-05,0.00125075,0.000106027,0.046689,
0.00178433,0.000265887,-0.00129943,-0.00101029,-0.000528194,0.000783895,-2.41474e-06,0.000265887,0.00123643,0.000829554,-0.00101618,-0.00116536,0.000491706,1.2929e-05,-0.00129943,0.000829554,0.00384132,-5.33913e-05,-0.00139996,0.000884361,0.000110989,-0.00101029,-0.00101618,-5.33913e-05,0.00313649,-0.000932182,-0.00103136,2.54071e-05,-0.000528194,-0.00116536,-0.00139996,-0.000932182,0.0261504,-0.00066603,0.00124631,0.000783895,0.000491706,0.000884361,-0.00103136,-0.00066603,0.0249315,0.000104893,-2.41474e-06,1.2929e-05,0.000110989,2.54071e-05,0.00124631,0.000104893,0.0466886,
0.00178742,0.000266308,-0.00130009,-0.00101095,-0.000531527,0.000786072,-2.18564e-06,0.000266308,0.00123766,0.000831033,-0.00101537,-0.0011639,0.000490752,1.3232e-05,-0.00130009,0.000831033,0.00383902,-5.29839e-05,-0.00140104,0.000885672,0.000111002,-0.00101095,-0.00101537,-5.29839e-05,0.00313346,-0.000932683,-0.0010379,2.56121e-05,-0.000531527,-0.0011639,-0.00140104,-0.000932683,0.026152,-0.000663562,0.00124188,0.000786072,0.000490752,0.000885672,-0.0010379,-0.000663562,0.024938,0.000103757,-2.18564e-06,1.3232e-05,0.000111002,2.56121e-05,0.00124188,0.000103757,0.0466881,
0.0017905,0.000266731,-0.00130075,-0.00101159,-0.000534834,0.000788213,-1.95416e-06,0.000266731,0.0012389,0.000832501,-0.00101457,-0.00116244,0.000489798,1.35342e-05,-0.00130075,0.000832501,0.00383672,-5.25762e-05,-0.00140211,0.000886956,0.000111019,-0.00101159,-0.00101457,-5.25762e-05,0.00313043,-0.000933161,-0.00104443,2.58145e-05,-0.000534834,-0.00116244,-0.00140211,-0.000933161,0.0261537,-0.000661092,0.00123745,0.000788213,0.000489798,0.000886956,-0.00104443,-0.000661092,0.0249445,0.000102619,-1.95421e-06,1.35342e-05,0.000111019,2.58145e-05,0.00123745,0.000102619,0.0466877,
0.00179358,0.000267158,-0.00130141,-0.00101223,-0.000538117,0.000790318,-1.72035e-06,0.000267158,0.00124014,0.000833957,-0.00101376,-0.001161,0.000488842,1.38355e-05,-0.00130141,0.000833957,0.00383443,-5.21684e-05,-0.00140318,0.000888213,0.000111037,-0.00101223,-0.00101376,-5.21684e-05,0.00312741,-0.000933616,-0.00105093,2.60142e-05,-0.000538117,-0.001161,-0.00140318,-0.000933616,0.0261556,-0.000658619,0.00123303,0.000790318,0.000488842,0.000888213,-0.00105093,-0.000658619,0.024951,0.000101478,-1.72035e-06,1.38355e-05,0.000111037,2.60142e-05,0.00123303,0.000101478,0.0466872,
0.00179665,0.000267587,-0.00130206,-0.00101287,-0.000541375,0.000792386,-1.48417e-06,0.000267587,0.00124139,0.000835403,-0.00101296,-0.00115956,0.000487884,1.4136e-05,-0.00130206,0.000835403,0.00383215,-5.17603e-05,-0.00140423,0.000889442,0.000111058,-0.00101287,-0.00101296,-5.17603e-05,0.00312438,-0.000934048,-0.00105742,2.62114e-05,-0.000541375,-0.00115956,-0.00140423,-0.000934048,0.0261576,-0.000656144,0.00122862,0.000792386,0.000487884,0.000889442,-0.00105742,-0.000656144,0.0249575,0.000100336,-1.48415e-06,1.4136e-05,0.000111058,2.62114e-05,0.00122862,0.000100336,0.0466868,
0.0017997,0.000268019,-0.0013027,-0.00101349,-0.000544608,0.000794419,-1.24575e-06,0.000268019,0.00124264,0.000836837,-0.00101215,-0.00115814,0.000486925,1.44357e-05,-0.0013027,0.000836837,0.00382987,-5.13521e-05,-0.00140528,0.000890645,0.000111081,-0.00101349,-0.00101215,-5.13521e-05,0.00312136,-0.000934457,-0.00106388,2.64059e-05,-0.000544608,-0.00115814,-0.00140528,-0.000934457,0.0261597,-0.000653666,0.00122421,0.000794419,0.000486925,0.000890645,-0.00106388,-0.000653666,0.024964,9.9191e-05,-1.24573e-06,1.44357e-05,0.000111081,2.64059e-05,0.00122421,9.9191e-05,0.0466863,
0.00180276,0.000268454,-0.00130335,-0.00101411,-0.000547817,0.000796416,-1.00511e-06,0.000268454,0.00124389,0.00083826,-0.00101135,-0.00115673,0.000485966,1.47345e-05,-0.00130335,0.00083826,0.00382761,-5.09437e-05,-0.00140632,0.00089182,0.000111107,-0.00101411,-0.00101135,-5.09437e-05,0.00311834,-0.000934845,-0.00107032,2.65979e-05,-0.000547817,-0.00115673,-0.00140632,-0.000934845,0.026162,-0.000651186,0.00121981,0.000796416,0.000485966,0.00089182,-0.00107032,-0.000651186,0.0249705,9.80445e-05,-1.00514e-06,1.47345e-05,0.000111107,2.65979e-05,0.00121981,9.80445e-05,0.0466859,
0.0018058,0.000268892,-0.00130399,-0.00101472,-0.000551001,0.000798378,-7.62307e-07,0.000268892,0.00124514,0.000839672,-0.00101055,-0.00115533,0.000485005,1.50325e-05,-0.00130399,0.000839673,0.00382536,-5.05352e-05,-0.00140734,0.000892969,0.000111135,-0.00101472,-0.00101055,-5.05352e-05,0.00311532,-0.00093521,-0.00107675,2.67872e-05,-0.000551001,-0.00115533,-0.00140734,-0.00093521,0.0261644,-0.000648704,0.00121542,0.000798378,0.000485005,0.000892969,-0.00107675,-0.000648704,0.0249771,9.6896e-05,-7.62335e-07,1.50325e-05,0.000111135,2.67872e-05,0.00121542,9.6896e-05,0.0466854,
0.00180883,0.000269332,-0.00130462,-0.00101532,-0.000554162,0.000800305,-5.17364e-07,0.000269332,0.0012464,0.000841074,-0.00100975,-0.00115394,0.000484043,1.53297e-05,-0.00130462,0.000841074,0.00382312,-5.01264e-05,-0.00140836,0.000894091,0.000111165,-0.00101532,-0.00100975,-5.01264e-05,0.0031123,-0.000935553,-0.00108315,2.6974e-05,-0.000554162,-0.00115394,-0.00140836,-0.000935553,0.0261669,-0.00064622,0.00121104,0.000800305,0.000484043,0.000894091,-0.00108315,-0.00064622,0.0249836,9.57459e-05,-5.17364e-07,1.53297e-05,0.000111165,2.6974e-05,0.00121104,9.57459e-05,0.046685,
0.00181186,0.000269775,-0.00130525,-0.00101592,-0.000557298,0.000802198,-2.70312e-07,0.000269775,0.00124766,0.000842464,-0.00100895,-0.00115256,0.000483081,1.5626e-05,-0.00130525,0.000842464,0.00382088,-4.97175e-05,-0.00140937,0.000895187,0.000111197,-0.00101592,-0.00100895,-4.97175e-05,0.00310928,-0.000935875,-0.00108953,2.71582e-05,-0.000557298,-0.00115256,-0.00140937,-0.000935875,0.0261696,-0.000643733,0.00120666,0.000802198,0.000483081,0.000895187,-0.00108953,-0.000643733,0.0249901,9.45939e-05,-2.70339e-07,1.56259e-05,0.000111197,2.71582e-05,0.00120666,9.45939e-05,0.0466845,
0.00181488,0.000270221,-0.00130588,-0.00101651,-0.000560411,0.000804056,-2.1233e-08,0.000270221,0.00124893,0.000843844,-0.00100815,-0.00115119,0.000482118,1.59214e-05,-0.00130588,0.000843844,0.00381866,-4.93084e-05,-0.00141037,0.000896257,0.000111231,-0.00101651,-0.00100815,-4.93085e-05,0.00310627,-0.000936176,-0.00109589,2.73399e-05,-0.000560411,-0.00115119,-0.00141037,-0.000936176,0.0261723,-0.000641245,0.00120229,0.000804056,0.000482118,0.000896257,-0.00109589,-0.000641245,0.0249967,9.34404e-05,-2.12053e-08,1.59214e-05,0.000111231,2.73399e-05,0.00120229,9.34404e-05,0.0466841,
0.00181789,0.00027067,-0.0013065,-0.00101709,-0.0005635,0.00080588,2.29899e-07,0.00027067,0.00125019,0.000845213,-0.00100735,-0.00114983,0.000481155,1.6216e-05,-0.0013065,0.000845213,0.00381644,-4.88993e-05,-0.00141136,0.000897301,0.000111268,-0.00101709,-0.00100735,-4.88993e-05,0.00310326,-0.000936455,-0.00110224,2.7519e-05,-0.000563501,-0.00114983,-0.00141136,-0.000936455,0.0261752,-0.000638755,0.00119793,0.00080588,0.000481155,0.000897301,-0.00110224,-0.000638755,0.0250033,9.22852e-05,2.29872e-07,1.6216e-05,0.000111268,2.7519e-05,0.00119793,9.22852e-05,0.0466837,
0.00182089,0.000271121,-0.00130712,-0.00101767,-0.000566567,0.00080767,4.82975e-07,0.000271121,0.00125146,0.000846571,-0.00100655,-0.00114848,0.000480191,1.65097e-05,-0.00130712,0.000846571,0.00381424,-4.849e-05,-0.00141233,0.000898319,0.000111306,-0.00101767,-0.00100655,-4.849e-05,0.00310025,-0.000936714,-0.00110856,2.76956e-05,-0.000566567,-0.00114848,-0.00141233,-0.000936714,0.0261782,-0.000636263,0.00119357,0.00080767,0.000480191,0.000898319,-0.00110856,-0.000636263,0.0250098,9.11286e-05,4.82947e-07,1.65097e-05,0.000111306,2.76956e-05,0.00119357,9.11286e-05,0.0466832,
0.00182389,0.000271575,-0.00130774,-0.00101824,-0.00056961,0.000809427,7.37965e-07,0.000271575,0.00125274,0.000847919,-0.00100575,-0.00114715,0.000479227,1.68025e-05,-0.00130774,0.000847919,0.00381204,-4.80805e-05,-0.0014133,0.000899312,0.000111347,-0.00101824,-0.00100575,-4.80805e-05,0.00309725,-0.000936952,-0.00111486,2.78697e-05,-0.00056961,-0.00114715,-0.0014133,-0.000936952,0.0261813,-0.000633769,0.00118922,0.000809427,0.000479227,0.000899312,-0.00111486,-0.000633769,0.0250164,8.99705e-05,7.3791e-07,1.68025e-05,0.000111347,2.78697e-05,0.00118922,8.99705e-05,0.0466828,
0.00182688,0.000272032,-0.00130836,-0.0010188,-0.00057263,0.00081115,9.94843e-07,0.000272032,0.00125401,0.000849256,-0.00100495,-0.00114582,0.000478262,1.70945e-05,-0.00130836,0.000849256,0.00380985,-4.7671e-05,-0.00141426,0.000900279,0.000111389,-0.0010188,-0.00100495,-4.7671e-05,0.00309424,-0.000937169,-0.00112113,2.80412e-05,-0.00057263,-0.00114582,-0.00141426,-0.000937169,0.0261845,-0.000631273,0.00118488,0.00081115,0.000478262,0.000900279,-0.00112113,-0.000631273,0.025023,8.88112e-05,9.94815e-07,1.70944e-05,0.000111389,2.80412e-05,0.00118488,8.88112e-05,0.0466824,
0.00182985,0.000272491,-0.00130897,-0.00101936,-0.000575627,0.000812841,1.25361e-06,0.000272491,0.00125529,0.000850583,-0.00100415,-0.00114451,0.000477298,1.73856e-05,-0.00130897,0.000850583,0.00380767,-4.72614e-05,-0.00141522,0.000901221,0.000111434,-0.00101936,-0.00100415,-4.72614e-05,0.00309124,-0.000937367,-0.00112739,2.82103e-05,-0.000575627,-0.00114451,-0.00141522,-0.000937367,0.0261879,-0.000628776,0.00118054,0.000812841,0.000477298,0.000901221,-0.00112739,-0.000628776,0.0250295,8.76506e-05,1.25361e-06,1.73856e-05,0.000111434,2.82103e-05,0.00118054,8.76506e-05,0.0466819,
0.00183283,0.000272954,-0.00130957,-0.0010199,-0.000578602,0.000814499,1.51418e-06,0.000272954,0.00125658,0.000851899,-0.00100336,-0.0011432,0.000476333,1.76758e-05,-0.00130957,0.000851899,0.0038055,-4.68517e-05,-0.00141616,0.000902138,0.00011148,-0.0010199,-0.00100336,-4.68517e-05,0.00308824,-0.000937544,-0.00113363,2.83768e-05,-0.000578602,-0.0011432,-0.00141616,-0.000937544,0.0261913,-0.000626277,0.00117621,0.000814499,0.000476333,0.000902138,-0.00113363,-0.000626277,0.0250361,8.64887e-05,1.51418e-06,1.76757e-05,0.00011148,2.83768e-05,0.00117621,8.64888e-05,0.0466815,
0.00183579,0.000273419,-0.00131018,-0.00102044,-0.000581555,0.000816125,1.7765e-06,0.000273419,0.00125786,0.000853206,-0.00100256,-0.00114191,0.000475369,1.79651e-05,-0.00131018,0.000853206,0.00380334,-4.6442e-05,-0.00141709,0.00090303,0.000111528,-0.00102044,-0.00100256,-4.6442e-05,0.00308525,-0.000937702,-0.00113984,2.85409e-05,-0.000581555,-0.00114191,-0.00141709,-0.000937702,0.0261949,-0.000623777,0.00117189,0.000816125,0.000475369,0.00090303,-0.00113984,-0.000623777,0.0250427,8.53259e-05,1.77652e-06,1.79651e-05,0.000111528,2.85409e-05,0.00117189,8.53259e-05,0.0466811,
0.00183874,0.000273887,-0.00131078,-0.00102098,-0.000584486,0.000817718,2.04059e-06,0.000273887,0.00125915,0.000854501,-0.00100176,-0.00114063,0.000474404,1.82536e-05,-0.00131078,0.000854501,0.00380119,-4.60322e-05,-0.00141801,0.000903897,0.000111578,-0.00102098,-0.00100176,-4.60322e-05,0.00308226,-0.000937841,-0.00114604,2.87025e-05,-0.000584486,-0.00114063,-0.00141801,-0.000937841,0.0261986,-0.000621276,0.00116757,0.000817718,0.000474404,0.000903897,-0.00114604,-0.000621276,0.0250493,8.41619e-05,2.04059e-06,1.82536e-05,0.000111578,2.87025e-05,0.00116757,8.4162e-05,0.0466807,
0.00184169,0.000274358,-0.00131138,-0.0010215,-0.000587395,0.00081928,2.30638e-06,0.000274358,0.00126044,0.000855787,-0.00100097,-0.00113936,0.00047344,1.85411e-05,-0.00131138,0.000855787,0.00379905,-4.56224e-05,-0.00141893,0.00090474,0.00011163,-0.0010215,-0.00100097,-4.56224e-05,0.00307927,-0.00093796,-0.00115221,2.88617e-05,-0.000587395,-0.00113936,-0.00141893,-0.00093796,0.0262023,-0.000618773,0.00116326,0.00081928,0.00047344,0.00090474,-0.00115221,-0.000618773,0.0250559,8.29971e-05,2.30632e-06,1.85411e-05,0.00011163,2.88616e-05,0.00116326,8.29971e-05,0.0466803,
0.00184463,0.000274831,-0.00131197,-0.00102202,-0.000590282,0.000820811,2.5738e-06,0.000274831,0.00126174,0.000857063,-0.00100017,-0.0011381,0.000472476,1.88278e-05,-0.00131197,0.000857063,0.00379691,-4.52125e-05,-0.00141983,0.000905559,0.000111683,-0.00102202,-0.00100017,-4.52125e-05,0.00307628,-0.00093806,-0.00115836,2.90184e-05,-0.000590282,-0.0011381,-0.00141983,-0.00093806,0.0262062,-0.000616269,0.00115896,0.00082081,0.000472476,0.000905559,-0.00115836,-0.00061627,0.0250625,8.18313e-05,2.57383e-06,1.88278e-05,0.000111683,2.90184e-05,0.00115896,8.18314e-05,0.0466798,
0.00184756,0.000275307,-0.00131256,-0.00102254,-0.000593148,0.00082231,2.84292e-06,0.000275307,0.00126303,0.000858328,-0.000999377,-0.00113685,0.000471513,1.91136e-05,-0.00131256,0.000858328,0.00379478,-4.48026e-05,-0.00142072,0.000906354,0.000111739,-0.00102254,-0.000999377,-4.48027e-05,0.0030733,-0.000938141,-0.00116449,2.91726e-05,-0.000593148,-0.00113685,-0.00142072,-0.000938141,0.0262102,-0.000613765,0.00115467,0.00082231,0.000471513,0.000906354,-0.00116449,-0.000613764,0.0250691,8.06649e-05,2.84289e-06,1.91135e-05,0.000111739,2.91726e-05,0.00115467,8.06648e-05,0.0466794,
0.00185048,0.000275786,-0.00131315,-0.00102304,-0.000595993,0.000823778,3.11359e-06,0.000275786,0.00126433,0.000859584,-0.000998582,-0.00113561,0.00047055,1.93985e-05,-0.00131315,0.000859584,0.00379267,-4.43928e-05,-0.00142161,0.000907125,0.000111796,-0.00102304,-0.000998582,-4.43928e-05,0.00307032,-0.000938203,-0.0011706,2.93245e-05,-0.000595993,-0.00113561,-0.00142161,-0.000938203,0.0262143,-0.000611258,0.00115038,0.000823778,0.00047055,0.000907124,-0.0011706,-0.000611258,0.0250757,7.94976e-05,3.11356e-06,1.93984e-05,0.000111796,2.93245e-05,0.00115038,7.94976e-05,0.046679,
0.0018534,0.000276268,-0.00131374,-0.00102354,-0.000598816,0.000825216,3.38585e-06,0.000276268,0.00126563,0.00086083,-0.000997788,-0.00113439,0.000469588,1.96825e-05,-0.00131374,0.00086083,0.00379056,-4.3983e-05,-0.00142248,0.000907872,0.000111854,-0.00102354,-0.000997788,-4.3983e-05,0.00306735,-0.000938248,-0.00117669,2.94739e-05,-0.000598816,-0.00113439,-0.00142248,-0.000938248,0.0262184,-0.000608751,0.00114609,0.000825216,0.000469588,0.000907872,-0.00117669,-0.000608751,0.0250823,7.83298e-05,3.38585e-06,1.96824e-05,0.000111854,2.94739e-05,0.00114609,7.83297e-05,0.0466786,
0.0018563,0.000276753,-0.00131432,-0.00102404,-0.000601619,0.000826623,3.6596e-06,0.000276753,0.00126694,0.000862065,-0.000996994,-0.00113317,0.000468626,1.99655e-05,-0.00131432,0.000862065,0.00378846,-4.35732e-05,-0.00142335,0.000908595,0.000111914,-0.00102404,-0.000996994,-4.35732e-05,0.00306437,-0.000938274,-0.00118276,2.9621e-05,-0.000601619,-0.00113317,-0.00142335,-0.000938274,0.0262227,-0.000606244,0.00114182,0.000826623,0.000468626,0.000908595,-0.00118276,-0.000606244,0.0250889,7.71613e-05,3.65963e-06,1.99655e-05,0.000111914,2.9621e-05,0.00114182,7.71613e-05,0.0466782,
0.0018592,0.00027724,-0.0013149,-0.00102452,-0.000604401,0.000828,3.93488e-06,0.00027724,0.00126824,0.000863291,-0.0009962,-0.00113196,0.000467665,2.02477e-05,-0.0013149,0.000863291,0.00378636,-4.31634e-05,-0.00142421,0.000909295,0.000111976,-0.00102452,-0.0009962,-4.31634e-05,0.0030614,-0.000938282,-0.0011888,2.97656e-05,-0.000604401,-0.00113196,-0.00142421,-0.000938282,0.0262271,-0.000603735,0.00113755,0.000828,0.000467665,0.000909295,-0.0011888,-0.000603735,0.0250955,7.59924e-05,3.93485e-06,2.02477e-05,0.000111976,2.97656e-05,0.00113755,7.59924e-05,0.0466778,
0.00186209,0.000277731,-0.00131548,-0.001025,-0.000607163,0.000829348,4.21163e-06,0.000277731,0.00126955,0.000864508,-0.000995407,-0.00113077,0.000466705,2.05291e-05,-0.00131548,0.000864508,0.00378428,-4.27537e-05,-0.00142506,0.000909972,0.000112039,-0.001025,-0.000995407,-4.27537e-05,0.00305844,-0.000938272,-0.00119482,2.99079e-05,-0.000607163,-0.00113077,-0.00142506,-0.000938272,0.0262315,-0.000601225,0.00113328,0.000829348,0.000466705,0.000909972,-0.00119482,-0.000601225,0.0251022,7.48231e-05,4.21163e-06,2.05291e-05,0.000112039,2.99079e-05,0.00113328,7.48231e-05,0.0466774,
0.00186498,0.000278224,-0.00131605,-0.00102547,-0.000609904,0.000830666,4.48977e-06,0.000278224,0.00127086,0.000865714,-0.000994614,-0.00112959,0.000465745,2.08095e-05,-0.00131605,0.000865714,0.00378221,-4.23441e-05,-0.00142589,0.000910626,0.000112104,-0.00102547,-0.000994614,-4.23441e-05,0.00305548,-0.000938245,-0.00120082,3.00478e-05,-0.000609904,-0.00112959,-0.00142589,-0.000938245,0.0262361,-0.000598715,0.00112903,0.000830666,0.000465745,0.000910626,-0.00120082,-0.000598715,0.0251088,7.36535e-05,4.4898e-06,2.08095e-05,0.000112104,3.00478e-05,0.00112903,7.36535e-05,0.046677,
0.00186785,0.00027872,-0.00131663,-0.00102594,-0.000612626,0.000831955,4.76935e-06,0.00027872,0.00127218,0.000866911,-0.000993822,-0.00112841,0.000464786,2.1089e-05,-0.00131663,0.000866911,0.00378014,-4.19345e-05,-0.00142672,0.000911257,0.00011217,-0.00102594,-0.000993822,-4.19345e-05,0.00305252,-0.000938201,-0.0012068,3.01853e-05,-0.000612626,-0.00112841,-0.00142672,-0.000938201,0.0262407,-0.000596204,0.00112478,0.000831955,0.000464786,0.000911257,-0.0012068,-0.000596204,0.0251154,7.24836e-05,4.76935e-06,2.1089e-05,0.00011217,3.01853e-05,0.00112478,7.24836e-05,0.0466766,
0.00187072,0.000279219,-0.0013172,-0.0010264,-0.000615327,0.000833215,5.05029e-06,0.000279219,0.00127349,0.000868099,-0.000993029,-0.00112725,0.000463829,2.13676e-05,-0.0013172,0.000868099,0.00377808,-4.15251e-05,-0.00142754,0.000911865,0.000112238,-0.0010264,-0.000993029,-4.15251e-05,0.00304956,-0.00093814,-0.00121276,3.03206e-05,-0.000615327,-0.00112725,-0.00142754,-0.00093814,0.0262455,-0.000593693,0.00112053,0.000833215,0.000463829,0.000911865,-0.00121276,-0.000593693,0.025122,7.13136e-05,5.05029e-06,2.13676e-05,0.000112238,3.03206e-05,0.00112053,7.13136e-05,0.0466762,
0.00187358,0.00027972,-0.00131776,-0.00102685,-0.000618009,0.000834446,5.33254e-06,0.00027972,0.00127481,0.000869277,-0.000992237,-0.0011261,0.000462872,2.16452e-05,-0.00131776,0.000869277,0.00377603,-4.11157e-05,-0.00142835,0.000912452,0.000112307,-0.00102685,-0.000992237,-4.11157e-05,0.00304661,-0.000938062,-0.0012187,3.04534e-05,-0.000618009,-0.0011261,-0.00142835,-0.000938062,0.0262503,-0.000591181,0.0011163,0.000834446,0.000462872,0.000912452,-0.0012187,-0.000591181,0.0251286,7.01433e-05,5.33257e-06,2.16453e-05,0.000112307,3.04535e-05,0.0011163,7.01434e-05,0.0466758,
0.00187643,0.000280225,-0.00131833,-0.00102729,-0.000620671,0.000835649,5.61612e-06,0.000280224,0.00127613,0.000870446,-0.000991446,-0.00112496,0.000461917,2.1922e-05,-0.00131833,0.000870446,0.00377399,-4.07065e-05,-0.00142915,0.000913015,0.000112378,-0.00102729,-0.000991446,-4.07065e-05,0.00304367,-0.000937967,-0.00122461,3.0584e-05,-0.000620671,-0.00112496,-0.00142915,-0.000937967,0.0262552,-0.000588669,0.00111206,0.000835649,0.000461917,0.000913015,-0.00122461,-0.000588669,0.0251352,6.89732e-05,5.61612e-06,2.19221e-05,0.000112378,3.0584e-05,0.00111206,6.89732e-05,0.0466754,
0.00187928,0.000280732,-0.00131889,-0.00102773,-0.000623314,0.000836824,5.90092e-06,0.000280732,0.00127745,0.000871605,-0.000990654,-0.00112383,0.000460962,2.21979e-05,-0.00131889,0.000871605,0.00377196,-4.02974e-05,-0.00142995,0.000913557,0.00011245,-0.00102773,-0.000990654,-4.02974e-05,0.00304073,-0.000937856,-0.00123051,3.07123e-05,-0.000623314,-0.00112383,-0.00142995,-0.000937856,0.0262602,-0.000586156,0.00110784,0.000836824,0.000460962,0.000913557,-0.00123051,-0.000586156,0.0251419,6.78029e-05,5.90089e-06,2.21979e-05,0.00011245,3.07123e-05,0.00110784,6.78029e-05,0.046675,
