0.0032059,0.000317517,-0.00158723,0.000342567,0.000759412,0.00036931,3.95488e-05,0.000317517,0.0011887,0.000330751,0.00130199,-0.000463034,-0.000486084,1.15064e-05,-0.00158723,0.000330751,0.00339876,0.000315393,0.0006799,0.000412736,3.83684e-05,0.000342567,0.00130199,0.000315393,0.0032152,-0.00111779,0.000827014,1.93649e-05,0.000759412,-0.000463034,0.0006799,-0.00111779,0.0242537,0.000241982,0.000572034,0.00036931,-0.000486084,0.000412736,0.000827014,0.000241982,0.0258926,0.000100231,3.95488e-05,1.15064e-05,3.83684e-05,1.93649e-05,0.000572034,0.000100231,0.0466208,
0.00320749,0.000316726,-0.00158913,0.000340012,0.0007579,0,3.92889e-05,0.000316726,0.00118887,0.000329555,0.00130215,-0.000458518,0,1.1617e-05,-0.00158913,0.000329555,0.00339351,0.000314698,0.000684881,0,3.8253e-05,0.000340012,0.00130215,0.000314698,0.00321536,-0.00111832,0,1.95466e-05,0.0007579,-0.000458518,0.000684881,-0.00111832,0.0242538,0,0.000569715,0.000372281,-0.000488396,0.00041464,0.00082413,0.00023972,0,0.000101486,3.92889e-05,1.1617e-05,3.8253e-05,1.95466e-05,0.000569715,0,0.0466206,
0.00320973,0.000315797,-0.00159111,0.00033702,0.000755563,0,3.88358e-05,0.000315797,0.00118905,0.00032812,0.00130237,-0.000453285,0,1.17479e-05,-0.00159111,0.00032812,0.00338743,0.000313958,0.000690424,0,3.79689e-05,0.00033702,0.00130237,0.000313958,0.00321553,-0.00111941,0,1.98113e-05,0.000755563,-0.000453285,0.000690424,-0.00111941,0.0242528,0,0.000565165,0.000376954,-0.00049148,0.000418017,0.00082166,0.000237504,0,0.000102807,3.88358e-05,1.17479e-05,3.79689e-05,1.98113e-05,0.000565165,0,0.0466203,
0.00321227,0.000314781,-0.00159309,0.000333836,0.000752834,0.000382438,3.82923e-05,0.000314781,0.00118923,0.000326552,0.00130262,-0.00044776,-0.000494887,1.18866e-05,-0.00159309,0.000326552,0.00338103,0.000313182,0.000696158,0.000422105,3.76056e-05,0.000333836,0.00130262,0.000313181,0.00321572,-0.00112067,0.000819432,2.0115e-05,0.000752834,-0.00044776,0.000696158,-0.00112067,0.0242515,0.00023536,0.000559551,0.000382438,-0.000494887,0.000422105,0.000819432,0.00023536,0.0259272,0.000104125,3.82923e-05,1.18865e-05,3.76055e-05,2.0115e-05,0.000559551,0.000104125,0.0466199,
0.00321496,0.000313721,-0.00159497,0.000330585,0.000750042,0.000387707,3.77887e-05,0.000313721,0.00118937,0.000324923,0.00130289,-0.000442227,-0.000498107,1.20254e-05,-0.00159497,0.000324923,0.00337462,0.000312364,0.000701971,0.000425927,3.72897e-05,0.000330585,0.00130289,0.000312364,0.00321602,-0.00112166,0.000817017,2.04077e-05,0.000750042,-0.000442227,0.000701971,-0.00112166,0.0242502,0.000233041,0.000554427,0.000387707,-0.000498107,0.000425927,0.000817017,0.000233041,0.025941,0.00010544,3.77887e-05,1.20254e-05,3.72897e-05,2.04077e-05,0.000554427,0.00010544,0.0466195,
0.00321775,0.000312643,-0.00159679,0.000327309,0.000747104,0.000393155,3.72744e-05,0.000312643,0.0011895,0.000323265,0.00130317,-0.000436658,-0.00050132,1.2167e-05,-0.00159679,0.000323265,0.0033682,0.000311533,0.000707733,0.000429906,3.69668e-05,0.000327309,0.00130317,0.000311533,0.00321635,-0.0011227,0.000814621,2.07094e-05,0.000747104,-0.000436658,0.000707733,-0.0011227,0.0242489,0.000230638,0.000549147,0.000393155,-0.00050132,0.000429906,0.000814621,0.000230639,0.0259552,0.000106752,3.72744e-05,1.2167e-05,3.69668e-05,2.07094e-05,0.000549147,0.000106752,0.0466191,
0.00322063,0.000311555,-0.00159855,0.00032402,0.000744076,0.000398606,3.67665e-05,0.000311555,0.00118961,0.000321589,0.00130345,-0.000431113,-0.000504475,1.2308e-05,-0.00159855,0.000321589,0.00336177,0.000310692,0.000713484,0.000433864,3.66543e-05,0.00032402,0.00130345,0.000310692,0.00321669,-0.00112367,0.00081219,2.10107e-05,0.000744076,-0.000431113,0.000713484,-0.00112367,0.0242477,0.000228185,0.000543942,0.000398606,-0.000504475,0.000433864,0.00081219,0.000228185,0.0259693,0.000108063,3.67665e-05,1.23079e-05,3.66543e-05,2.10107e-05,0.000543942,0.000108063,0.0466188,
0.00322358,0.000310464,-0.00160025,0.000320731,0.000740952,0.000404115,3.62581e-05,0.000310464,0.00118972,0.000319904,0.00130372,-0.00042559,-0.000507595,1.24487e-05,-0.00160025,0.000319904,0.00335534,0.000309849,0.000719194,0.000437865,3.63444e-05,0.000320731,0.00130372,0.000309849,0.00321704,-0.00112463,0.00080975,2.13144e-05,0.000740952,-0.00042559,0.000719194,-0.00112463,0.0242467,0.000225695,0.000538722,0.000404115,-0.000507595,0.000437865,0.000809749,0.000225695,0.0259834,0.000109372,3.62582e-05,1.24487e-05,3.63444e-05,2.13144e-05,0.000538722,0.000109372,0.0466184,
0.00322657,0.000309373,-0.0016019,0.000317449,0.000737751,0.000409646,3.57521e-05,0.000309373,0.00118981,0.000318214,0.00130398,-0.000420105,-0.000510673,1.25885e-05,-0.0016019,0.000318214,0.0033489,0.000309004,0.000724867,0.000441876,3.60395e-05,0.000317449,0.00130398,0.000309004,0.00321738,-0.00112558,0.000807291,2.16187e-05,0.000737751,-0.000420105,0.000724867,-0.00112558,0.0242458,0.000223179,0.000533525,0.000409646,-0.000510674,0.000441876,0.000807291,0.000223179,0.0259975,0.00011068,3.57521e-05,1.25885e-05,3.60396e-05,2.16187e-05,0.000533525,0.00011068,0.046618,
0.00322961,0.000308284,-0.00160351,0.000314177,0.000734478,0.000415207,3.52472e-05,0.000308284,0.0011899,0.000316522,0.00130424,-0.000414656,-0.000513716,1.27274e-05,-0.00160351,0.000316522,0.00334247,0.000308158,0.000730493,0.000445908,3.57382e-05,0.000314177,0.00130424,0.000308158,0.00321772,-0.00112651,0.000804818,2.1924e-05,0.000734478,-0.000414656,0.000730493,-0.00112651,0.0242451,0.000220644,0.000528338,0.000415207,-0.000513716,0.000445908,0.000804818,0.000220644,0.0260116,0.000111987,3.52472e-05,1.27274e-05,3.57382e-05,2.19241e-05,0.000528338,0.000111987,0.0466177,
0.00323269,0.000307197,-0.00160507,0.000310919,0.000731143,0.000420787,3.47442e-05,0.000307197,0.00118998,0.00031483,0.00130448,-0.000409248,-0.000516723,1.28652e-05,-0.00160507,0.00031483,0.00333604,0.00030731,0.00073607,0.000449954,3.54407e-05,0.000310919,0.00130448,0.00030731,0.00321804,-0.00112743,0.000802331,2.22301e-05,0.000731143,-0.000409248,0.00073607,-0.00112743,0.0242445,0.000218094,0.000523166,0.000420787,-0.000516723,0.000449954,0.000802331,0.000218094,0.0260257,0.000113292,3.47442e-05,1.28652e-05,3.54408e-05,2.22301e-05,0.000523166,0.000113292,0.0466173,
0.00323578,0.000306113,-0.0016066,0.000307677,0.00072775,0.000426388,3.42428e-05,0.000306113,0.00119006,0.000313139,0.00130471,-0.00040388,-0.000519695,1.30019e-05,-0.0016066,0.000313139,0.00332962,0.000306461,0.000741596,0.000454016,3.51467e-05,0.000307677,0.00130471,0.000306461,0.00321835,-0.00112833,0.000799829,2.25369e-05,0.00072775,-0.00040388,0.000741596,-0.00112833,0.0242442,0.000215532,0.000518008,0.000426388,-0.000519695,0.000454016,0.000799829,0.000215532,0.0260398,0.000114595,3.42428e-05,1.30019e-05,3.51467e-05,2.25369e-05,0.000518008,0.000114595,0.0466169,
0.0032389,0.00030503,-0.00160809,0.000304453,0.000724306,0.000432005,3.37431e-05,0.00030503,0.00119013,0.000311449,0.00130494,-0.000398554,-0.000522632,1.31376e-05,-0.00160809,0.000311449,0.00332321,0.000305609,0.000747068,0.000458093,3.4856e-05,0.000304453,0.00130494,0.000305609,0.00321864,-0.00112922,0.000797313,2.28443e-05,0.000724306,-0.000398554,0.000747068,-0.00112922,0.024244,0.000212961,0.000512866,0.000432005,-0.000522632,0.000458093,0.000797313,0.000212961,0.0260539,0.000115898,3.37432e-05,1.31376e-05,3.4856e-05,2.28442e-05,0.000512866,0.000115898,0.0466166,
0.00324203,0.00030395,-0.00160954,0.000301246,0.000720815,0.000437636,3.32453e-05,0.00030395,0.00119019,0.00030976,0.00130515,-0.000393267,-0.000525536,1.32722e-05,-0.00160954,0.00030976,0.0033168,0.000304755,0.000752484,0.000462184,3.45685e-05,0.000301246,0.00130515,0.000304755,0.00321893,-0.0011301,0.000794783,2.31523e-05,0.000720815,-0.000393267,0.000752484,-0.0011301,0.0242441,0.000210383,0.000507739,0.000437636,-0.000525536,0.000462184,0.000794783,0.000210383,0.0260679,0.000117198,3.32454e-05,1.32722e-05,3.45685e-05,2.31523e-05,0.000507739,0.000117198,0.0466162,
0.00324517,0.000302872,-0.00161095,0.000298059,0.000717281,0.00044328,3.27494e-05,0.000302872,0.00119025,0.000308073,0.00130536,-0.00038802,-0.000528407,1.34058e-05,-0.00161095,0.000308073,0.00331041,0.000303897,0.000757844,0.00046629,3.42842e-05,0.000298059,0.00130536,0.000303897,0.0032192,-0.00113097,0.000792239,2.34609e-05,0.000717281,-0.00038802,0.000757844,-0.00113097,0.0242443,0.000207798,0.000502627,0.00044328,-0.000528407,0.00046629,0.000792239,0.000207798,0.026082,0.000118498,3.27494e-05,1.34058e-05,3.42842e-05,2.34609e-05,0.000502627,0.000118498,0.0466158,
0.00324831,0.000301794,-0.00161233,0.000294892,0.000713709,0.000448935,3.22553e-05,0.000301794,0.0011903,0.000306387,0.00130556,-0.000382812,-0.000531245,1.35383e-05,-0.00161233,0.000306387,0.00330404,0.000303035,0.000763146,0.000470409,3.40028e-05,0.000294892,0.00130556,0.000303035,0.00321946,-0.00113182,0.000789681,2.37701e-05,0.000713709,-0.000382812,0.000763146,-0.00113182,0.0242447,0.000205208,0.000497531,0.000448935,-0.000531245,0.000470409,0.000789681,0.000205208,0.026096,0.000119795,3.22554e-05,1.35383e-05,3.40029e-05,2.37701e-05,0.000497531,0.000119796,0.0466155,
0.00325146,0.000300718,-0.00161369,0.000291745,0.000710101,0.0004546,3.17632e-05,0.000300718,0.00119035,0.000304702,0.00130574,-0.000377644,-0.000534051,1.36698e-05,-0.00161369,0.000304702,0.00329767,0.000302169,0.000768388,0.000474542,3.37244e-05,0.000291745,0.00130574,0.000302169,0.00321971,-0.00113265,0.000787109,2.40798e-05,0.000710101,-0.000377644,0.000768388,-0.00113265,0.0242453,0.000202615,0.000492452,0.0004546,-0.000534051,0.000474542,0.000787109,0.000202615,0.0261101,0.000121092,3.17632e-05,1.36697e-05,3.37244e-05,2.40798e-05,0.000492452,0.000121092,0.0466151,
0.00325461,0.000299642,-0.001615,0.000288618,0.00070646,0.000460273,3.12732e-05,0.000299642,0.00119039,0.00030302,0.00130592,-0.000372513,-0.000536825,1.38003e-05,-0.001615,0.00030302,0.00329133,0.000301297,0.000773572,0.000478688,3.34488e-05,0.000288618,0.00130592,0.000301297,0.00321994,-0.00113347,0.000784524,2.43902e-05,0.00070646,-0.000372513,0.000773572,-0.00113347,0.0242461,0.000200019,0.000487389,0.000460273,-0.000536825,0.000478688,0.000784524,0.000200019,0.0261241,0.000122386,3.12732e-05,1.38003e-05,3.34489e-05,2.43902e-05,0.000487389,0.000122386,0.0466148,
0.00325776,0.000298567,-0.00161629,0.000285512,0.000702788,0.000465954,3.07851e-05,0.000298567,0.00119042,0.000301338,0.00130609,-0.000367421,-0.000539568,1.39298e-05,-0.00161629,0.000301338,0.00328499,0.000300421,0.000778695,0.000482847,3.31761e-05,0.000285512,0.00130609,0.000300421,0.00322016,-0.00113428,0.000781925,2.4701e-05,0.000702788,-0.000367421,0.000778695,-0.00113428,0.0242471,0.000197421,0.000482342,0.000465954,-0.000539568,0.000482847,0.000781925,0.000197421,0.0261381,0.000123679,3.07851e-05,1.39299e-05,3.31761e-05,2.4701e-05,0.000482342,0.000123679,0.0466144,
0.0032609,0.000297493,-0.00161755,0.000282427,0.000699089,0.000471642,3.02991e-05,0.000297493,0.00119045,0.000299658,0.00130625,-0.000362365,-0.000542279,1.40584e-05,-0.00161755,0.000299658,0.00327868,0.000299539,0.000783758,0.000487019,3.29061e-05,0.000282427,0.00130625,0.000299539,0.00322037,-0.00113507,0.000779313,2.50124e-05,0.000699089,-0.000362365,0.000783758,-0.00113507,0.0242482,0.000194823,0.000477313,0.000471642,-0.000542279,0.000487019,0.000779313,0.000194823,0.0261521,0.00012497,3.02991e-05,1.40584e-05,3.29061e-05,2.50124e-05,0.000477313,0.00012497,0.0466141,
0.00326404,0.000296418,-0.00161879,0.000279363,0.000695364,0.000477334,2.98152e-05,0.000296418,0.00119048,0.00029798,0.0013064,-0.000357347,-0.00054496,1.41861e-05,-0.00161879,0.00029798,0.00327238,0.000298651,0.00078876,0.000491204,3.26388e-05,0.000279363,0.0013064,0.000298651,0.00322056,-0.00113584,0.000776688,2.53242e-05,0.000695364,-0.000357347,0.00078876,-0.00113584,0.0242496,0.000192224,0.0004723,0.000477334,-0.00054496,0.000491204,0.000776688,0.000192224,0.0261661,0.000126259,2.98152e-05,1.41861e-05,3.26388e-05,2.53242e-05,0.0004723,0.00012626,0.0466137,
0.00326717,0.000295344,-0.00161999,0.000276321,0.000691614,0.000483032,2.93334e-05,0.000295344,0.0011905,0.000296303,0.00130654,-0.000352366,-0.000547611,1.43128e-05,-0.00161999,0.000296303,0.0032661,0.000297757,0.000793702,0.000495401,3.2374e-05,0.000276321,0.00130654,0.000297757,0.00322075,-0.0011366,0.00077405,2.56366e-05,0.000691614,-0.000352366,0.000793702,-0.0011366,0.0242511,0.000189627,0.000467304,0.000483032,-0.000547611,0.000495401,0.00077405,0.000189627,0.0261801,0.000127547,2.93334e-05,1.43128e-05,3.2374e-05,2.56366e-05,0.000467304,0.000127547,0.0466134,
0.00327029,0.000294269,-0.00162117,0.0002733,0.000687842,0.000488733,2.88538e-05,0.000294269,0.00119051,0.000294627,0.00130667,-0.000347421,-0.000550231,1.44387e-05,-0.00162117,0.000294627,0.00325984,0.000296857,0.000798582,0.00049961,3.21119e-05,0.0002733,0.00130667,0.000296857,0.00322092,-0.00113734,0.0007714,2.59494e-05,0.000687842,-0.000347421,0.000798582,-0.00113734,0.0242528,0.000187031,0.000462325,0.000488733,-0.000550231,0.00049961,0.0007714,0.000187031,0.0261941,0.000128833,2.88538e-05,1.44387e-05,3.21119e-05,2.59494e-05,0.000462325,0.000128833,0.0466131,
0.0032734,0.000293194,-0.00162231,0.000270301,0.000684049,0.000494436,2.83762e-05,0.000293194,0.00119052,0.000292954,0.0013068,-0.000342513,-0.000552821,1.45637e-05,-0.00162231,0.000292954,0.0032536,0.000295952,0.000803402,0.000503831,3.18523e-05,0.000270301,0.0013068,0.000295952,0.00322108,-0.00113807,0.000768738,2.62625e-05,0.000684049,-0.000342513,0.000803402,-0.00113807,0.0242547,0.000184438,0.000457364,0.000494436,-0.000552821,0.000503831,0.000768738,0.000184438,0.026208,0.000130117,2.83762e-05,1.45636e-05,3.18523e-05,2.62625e-05,0.000457364,0.000130117,0.0466127,
0.0032765,0.000292119,-0.00162344,0.000267323,0.000680236,0.000500142,2.79009e-05,0.000292119,0.00119052,0.000291281,0.00130691,-0.00033764,-0.000555382,1.46878e-05,-0.00162344,0.000291281,0.00324738,0.00029504,0.00080816,0.000508063,3.15952e-05,0.000267323,0.00130691,0.00029504,0.00322123,-0.00113878,0.000766065,2.65761e-05,0.000680236,-0.00033764,0.00080816,-0.00113878,0.0242567,0.000181847,0.000452419,0.000500142,-0.000555382,0.000508063,0.000766065,0.000181847,0.026222,0.000131399,2.79009e-05,1.46878e-05,3.15952e-05,2.65761e-05,0.000452419,0.000131399,0.0466124,
0.0032796,0.000291043,-0.00162453,0.000264367,0.000676405,0.00050585,2.74277e-05,0.000291043,0.00119052,0.000289611,0.00130702,-0.000332803,-0.000557913,1.4811e-05,-0.00162453,0.000289611,0.00324117,0.000294121,0.000812858,0.000512307,3.13406e-05,0.000264367,0.00130702,0.000294121,0.00322136,-0.00113948,0.00076338,2.68901e-05,0.000676405,-0.000332803,0.000812858,-0.00113948,0.0242589,0.000179261,0.000447493,0.00050585,-0.000557913,0.000512306,0.00076338,0.000179261,0.0262359,0.000132679,2.74277e-05,1.4811e-05,3.13405e-05,2.689e-05,0.000447492,0.000132679,0.046612,
0.00328268,0.000289968,-0.0016256,0.000261432,0.000672556,0.000511558,2.69567e-05,0.000289968,0.00119052,0.000287942,0.00130713,-0.000328002,-0.000560415,1.49335e-05,-0.0016256,0.000287942,0.00323499,0.000293197,0.000817496,0.000516561,3.10883e-05,0.000261432,0.00130713,0.000293197,0.00322149,-0.00114016,0.000760684,2.72044e-05,0.000672557,-0.000328002,0.000817496,-0.00114016,0.0242613,0.000176679,0.000442583,0.000511558,-0.000560415,0.000516561,0.000760684,0.000176679,0.0262498,0.000133958,2.69567e-05,1.49334e-05,3.10883e-05,2.72043e-05,0.000442583,0.000133958,0.0466117,
0.00328574,0.000288891,-0.00162665,0.000258519,0.000668692,0.000517267,2.6488e-05,0.000288891,0.0011905,0.000286276,0.00130722,-0.000323236,-0.000562887,1.50551e-05,-0.00162665,0.000286276,0.00322883,0.000292266,0.000822073,0.000520826,3.08385e-05,0.000258519,0.00130722,0.000292266,0.0032216,-0.00114082,0.000757977,2.7519e-05,0.000668692,-0.000323236,0.000822073,-0.00114082,0.0242638,0.000174103,0.000437691,0.000517267,-0.000562888,0.000520826,0.000757977,0.000174103,0.0262637,0.000135234,2.6488e-05,1.50551e-05,3.08385e-05,2.7519e-05,0.000437691,0.000135234,0.0466114,
0.0032888,0.000287815,-0.00162767,0.000255628,0.000664811,0.000522975,2.60214e-05,0.000287815,0.00119049,0.000284611,0.0013073,-0.000318505,-0.000565331,1.51759e-05,-0.00162767,0.000284611,0.00322269,0.000291329,0.000826589,0.000525102,3.0591e-05,0.000255628,0.0013073,0.000291329,0.0032217,-0.00114147,0.000755259,2.78339e-05,0.000664811,-0.000318505,0.000826589,-0.00114147,0.0242665,0.000171532,0.000432816,0.000522975,-0.000565331,0.000525102,0.000755259,0.000171532,0.0262775,0.000136509,2.60214e-05,1.5176e-05,3.0591e-05,2.7834e-05,0.000432816,0.000136509,0.046611,
0.00329184,0.000286738,-0.00162867,0.000252758,0.000660917,0.000528682,2.55571e-05,0.000286738,0.00119047,0.000282948,0.00130738,-0.000313808,-0.000567747,1.5296e-05,-0.00162867,0.000282948,0.00321657,0.000290385,0.000831046,0.000529388,3.03458e-05,0.000252758,0.00130738,0.000290385,0.00322179,-0.00114211,0.000752532,2.81491e-05,0.000660917,-0.000313808,0.000831046,-0.00114211,0.0242694,0.000168968,0.000427958,0.000528681,-0.000567747,0.000529388,0.000752532,0.000168968,0.0262914,0.000137781,2.55571e-05,1.5296e-05,3.03459e-05,2.81491e-05,0.000427958,0.000137781,0.0466107,
0.00329487,0.00028566,-0.00162964,0.00024991,0.000657008,0.000534387,2.50949e-05,0.00028566,0.00119044,0.000281287,0.00130745,-0.000309147,-0.000570133,1.54153e-05,-0.00162964,0.000281287,0.00321047,0.000289436,0.000835444,0.000533684,3.01029e-05,0.00024991,0.00130745,0.000289436,0.00322187,-0.00114273,0.000749794,2.84645e-05,0.000657008,-0.000309147,0.000835444,-0.00114273,0.0242724,0.000166411,0.000423118,0.000534387,-0.000570133,0.000533684,0.000749794,0.000166411,0.0263052,0.000139051,2.50949e-05,1.54153e-05,3.01029e-05,2.84645e-05,0.000423118,0.000139051,0.0466104,
0.00329789,0.000284582,-0.00163059,0.000247083,0.000653087,0.00054009,2.4635e-05,0.000284582,0.00119041,0.000279628,0.00130752,-0.00030452,-0.000572492,1.55339e-05,-0.00163059,0.000279628,0.00320439,0.00028848,0.000839782,0.000537989,2.98623e-05,0.000247083,0.00130752,0.00028848,0.00322194,-0.00114334,0.000747047,2.87801e-05,0.000653087,-0.00030452,0.000839782,-0.00114334,0.0242756,0.000163861,0.000418296,0.00054009,-0.000572492,0.000537989,0.000747047,0.000163861,0.0263191,0.00014032,2.4635e-05,1.55339e-05,2.98623e-05,2.87801e-05,0.000418296,0.00014032,0.0466101,
0.00330089,0.000283503,-0.00163151,0.000244278,0.000649154,0.00054579,2.41774e-05,0.000283503,0.00119037,0.000277971,0.00130757,-0.000299927,-0.000574822,1.56517e-05,-0.00163151,0.000277971,0.00319833,0.000287519,0.000844061,0.000542304,2.96239e-05,0.000244278,0.00130757,0.000287519,0.00322199,-0.00114393,0.000744291,2.9096e-05,0.000649154,-0.000299927,0.000844061,-0.00114393,0.0242789,0.00016132,0.00041349,0.00054579,-0.000574822,0.000542304,0.000744291,0.00016132,0.0263328,0.000141586,2.41773e-05,1.56516e-05,2.96239e-05,2.90959e-05,0.00041349,0.000141586,0.0466097,
0.00330388,0.000282425,-0.00163242,0.000241494,0.000645209,0.000551488,2.37219e-05,0.000282425,0.00119033,0.000276317,0.00130762,-0.000295369,-0.000577125,1.57688e-05,-0.00163242,0.000276317,0.0031923,0.000286551,0.000848281,0.000546628,2.93877e-05,0.000241494,0.00130762,0.000286551,0.00322204,-0.0011445,0.000741526,2.94119e-05,0.000645209,-0.000295369,0.000848281,-0.0011445,0.0242824,0.000158787,0.000408703,0.000551488,-0.000577125,0.000546628,0.000741526,0.000158787,0.0263466,0.000142851,2.37219e-05,1.57687e-05,2.93877e-05,2.94119e-05,0.000408702,0.000142851,0.0466094,
0.00330685,0.000281345,-0.00163329,0.000238732,0.000641254,0.000557181,2.32687e-05,0.000281345,0.00119029,0.000274665,0.00130766,-0.000290844,-0.0005794,1.58851e-05,-0.00163329,0.000274665,0.00318629,0.000285577,0.000852443,0.000550961,2.91537e-05,0.000238732,0.00130766,0.000285577,0.00322207,-0.00114507,0.000738752,2.97281e-05,0.000641254,-0.000290844,0.000852443,-0.00114507,0.024286,0.000156264,0.000403932,0.000557181,-0.0005794,0.000550961,0.000738752,0.000156264,0.0263604,0.000144113,2.32688e-05,1.58852e-05,2.91537e-05,2.97281e-05,0.000403932,0.000144113,0.0466091,
0.00330982,0.000280266,-0.00163415,0.00023599,0.000637289,0.000562871,2.28178e-05,0.000280266,0.00119024,0.000273015,0.0013077,-0.000286354,-0.000581647,1.60008e-05,-0.00163415,0.000273015,0.0031803,0.000284598,0.000856548,0.000555302,2.89219e-05,0.00023599,0.0013077,0.000284598,0.00322209,-0.00114562,0.00073597,3.00443e-05,0.000637288,-0.000286354,0.000856548,-0.00114562,0.0242898,0.00015375,0.000399179,0.000562871,-0.000581647,0.000555302,0.00073597,0.00015375,0.0263741,0.000145373,2.28178e-05,1.60009e-05,2.89219e-05,3.00443e-05,0.000399179,0.000145373,0.0466088,
0.00331276,0.000279186,-0.00163498,0.00023327,0.000633314,0.000568556,2.23691e-05,0.000279186,0.00119018,0.000271368,0.00130773,-0.000281897,-0.000583867,1.61158e-05,-0.00163498,0.000271368,0.00317433,0.000283613,0.000860595,0.000559652,2.86921e-05,0.00023327,0.00130773,0.000283613,0.00322211,-0.00114615,0.00073318,3.03605e-05,0.000633314,-0.000281897,0.000860595,-0.00114615,0.0242937,0.000151246,0.000394443,0.000568556,-0.000583867,0.000559652,0.00073318,0.000151246,0.0263878,0.000146631,2.23691e-05,1.61158e-05,2.86921e-05,3.03605e-05,0.000394443,0.000146631,0.0466085,
0.00331569,0.000278106,-0.00163579,0.000230572,0.00062933,0.000574235,2.19227e-05,0.000278106,0.00119012,0.000269724,0.00130775,-0.000277473,-0.00058606,1.62302e-05,-0.00163579,0.000269724,0.00316838,0.000282622,0.000864585,0.000564009,2.84645e-05,0.000230572,0.00130775,0.000282622,0.00322211,-0.00114667,0.000730382,3.06769e-05,0.00062933,-0.000277473,0.000864585,-0.00114667,0.0242978,0.000148754,0.000389725,0.000574235,-0.00058606,0.000564009,0.000730382,0.000148753,0.0264015,0.000147887,2.19227e-05,1.62302e-05,2.84645e-05,3.0677e-05,0.000389725,0.000147887,0.0466082,
0.00331861,0.000277025,-0.00163658,0.000227894,0.000625338,0.00057991,2.14785e-05,0.000277025,0.00119006,0.000268082,0.00130776,-0.000273083,-0.000588225,1.63438e-05,-0.00163658,0.000268082,0.00316246,0.000281626,0.000868518,0.000568374,2.82389e-05,0.000227894,0.00130776,0.000281626,0.0032221,-0.00114718,0.000727577,3.09933e-05,0.000625338,-0.000273083,0.000868518,-0.00114718,0.024302,0.000146272,0.000385024,0.00057991,-0.000588225,0.000568374,0.000727577,0.000146272,0.0264152,0.000149141,2.14784e-05,1.63438e-05,2.82389e-05,3.09933e-05,0.000385024,0.000149141,0.0466079,
0.00332151,0.000275944,-0.00163735,0.000225237,0.000621338,0.000585578,2.10365e-05,0.000275944,0.00118999,0.000266442,0.00130777,-0.000268727,-0.000590364,1.64569e-05,-0.00163735,0.000266442,0.00315656,0.000280624,0.000872395,0.000572747,2.80154e-05,0.000225237,0.00130777,0.000280624,0.00322207,-0.00114768,0.000724764,3.13097e-05,0.000621338,-0.000268727,0.000872395,-0.00114768,0.0243063,0.000143802,0.00038034,0.000585578,-0.000590364,0.000572747,0.000724764,0.000143802,0.0264288,0.000150393,2.10365e-05,1.64569e-05,2.80154e-05,3.13097e-05,0.00038034,0.000150393,0.0466076,
0.0033244,0.000274863,-0.00163809,0.000222601,0.000617331,0.00059124,2.05968e-05,0.000274863,0.00118992,0.000264806,0.00130778,-0.000264403,-0.000592477,1.65693e-05,-0.00163809,0.000264806,0.00315068,0.000279616,0.000876216,0.000577127,2.77939e-05,0.000222601,0.00130778,0.000279616,0.00322204,-0.00114816,0.000721945,3.16261e-05,0.000617331,-0.000264403,0.000876216,-0.00114816,0.0243108,0.000141344,0.000375673,0.00059124,-0.000592477,0.000577127,0.000721945,0.000141344,0.0264425,0.000151642,2.05968e-05,1.65692e-05,2.77939e-05,3.16261e-05,0.000375673,0.000151642,0.0466073,
0.00332728,0.000273782,-0.00163882,0.000219986,0.000613317,0.000596895,2.01593e-05,0.000273782,0.00118985,0.000263173,0.00130777,-0.000260112,-0.000594563,1.6681e-05,-0.00163882,0.000263172,0.00314482,0.000278604,0.000879982,0.000581513,2.75744e-05,0.000219986,0.00130777,0.000278604,0.003222,-0.00114863,0.000719119,3.19424e-05,0.000613317,-0.000260112,0.000879982,-0.00114863,0.0243154,0.000138899,0.000371024,0.000596895,-0.000594563,0.000581513,0.000719119,0.000138898,0.0264561,0.000152889,2.01593e-05,1.6681e-05,2.75744e-05,3.19424e-05,0.000371024,0.000152889,0.0466069,
0.00333014,0.0002727,-0.00163952,0.000217391,0.000609296,0.000602543,1.97241e-05,0.0002727,0.00118977,0.000261542,0.00130776,-0.000255855,-0.000596622,1.67922e-05,-0.00163952,0.000261542,0.00313899,0.000277586,0.000883693,0.000585907,2.73569e-05,0.000217391,0.00130776,0.000277586,0.00322194,-0.00114908,0.000716287,3.22587e-05,0.000609296,-0.000255855,0.000883693,-0.00114908,0.0243201,0.000136466,0.000366391,0.000602543,-0.000596622,0.000585907,0.000716287,0.000136466,0.0264696,0.000154135,1.97242e-05,1.67922e-05,2.73569e-05,3.22588e-05,0.000366391,0.000154135,0.0466066,
0.00333298,0.000271619,-0.0016402,0.000214817,0.00060527,0.000608184,1.92912e-05,0.000271619,0.00118968,0.000259914,0.00130774,-0.000251629,-0.000598656,1.69028e-05,-0.0016402,0.000259914,0.00313318,0.000276563,0.00088735,0.000590306,2.71413e-05,0.000214817,0.00130774,0.000276563,0.00322188,-0.00114953,0.000713448,3.25749e-05,0.00060527,-0.000251629,0.00088735,-0.00114953,0.024325,0.000134047,0.000361776,0.000608184,-0.000598656,0.000590306,0.000713448,0.000134047,0.0264832,0.000155377,1.92912e-05,1.69028e-05,2.71413e-05,3.25749e-05,0.000361776,0.000155377,0.0466063,
0.00333581,0.000270537,-0.00164086,0.000212264,0.000601239,0.000613817,1.88604e-05,0.000270537,0.00118959,0.00025829,0.00130772,-0.000247436,-0.000600663,1.70127e-05,-0.00164086,0.00025829,0.00312739,0.000275535,0.000890952,0.000594712,2.69277e-05,0.000212264,0.00130772,0.000275535,0.00322181,-0.00114996,0.000710604,3.2891e-05,0.000601239,-0.000247436,0.000890952,-0.00114996,0.02433,0.000131641,0.000357178,0.000613817,-0.000600663,0.000594712,0.000710604,0.000131641,0.0264967,0.000156618,1.88604e-05,1.70127e-05,2.69277e-05,3.2891e-05,0.000357178,0.000156618,0.0466061,
0.00333863,0.000269456,-0.0016415,0.000209731,0.000597202,0.000619441,1.8432e-05,0.000269456,0.0011895,0.000256668,0.00130769,-0.000243276,-0.000602645,1.71221e-05,-0.0016415,0.000256668,0.00312163,0.000274502,0.000894501,0.000599124,2.6716e-05,0.000209731,0.00130769,0.000274502,0.00322172,-0.00115038,0.000707755,3.32069e-05,0.000597202,-0.000243276,0.000894501,-0.00115038,0.0243351,0.00012925,0.000352596,0.000619441,-0.000602645,0.000599124,0.000707755,0.00012925,0.0265102,0.000157857,1.8432e-05,1.71221e-05,2.6716e-05,3.32069e-05,0.000352596,0.000157857,0.0466058,
0.00334143,0.000268374,-0.00164211,0.000207218,0.000593161,0.000625057,1.80057e-05,0.000268374,0.00118941,0.00025505,0.00130766,-0.000239147,-0.000604601,1.7231e-05,-0.00164211,0.00025505,0.00311589,0.000273464,0.000897997,0.000603541,2.65062e-05,0.000207218,0.00130766,0.000273464,0.00322162,-0.00115079,0.0007049,3.35227e-05,0.000593161,-0.000239147,0.000897997,-0.00115079,0.0243403,0.000126873,0.000348032,0.000625057,-0.000604601,0.000603541,0.0007049,0.000126873,0.0265237,0.000159093,1.80057e-05,1.72309e-05,2.65062e-05,3.35227e-05,0.000348032,0.000159093,0.0466055,
0.00334422,0.000267292,-0.00164271,0.000204725,0.000589116,0.000630664,1.75817e-05,0.000267292,0.00118931,0.000253436,0.00130762,-0.000235051,-0.000606532,1.73393e-05,-0.00164271,0.000253436,0.00311017,0.000272422,0.00090144,0.000607964,2.62983e-05,0.000204725,0.00130762,0.000272422,0.00322152,-0.00115118,0.00070204,3.38383e-05,0.000589116,-0.000235051,0.00090144,-0.00115118,0.0243456,0.000124511,0.000343484,0.000630664,-0.000606532,0.000607964,0.00070204,0.000124511,0.0265371,0.000160327,1.75817e-05,1.73392e-05,2.62982e-05,3.38383e-05,0.000343484,0.000160327,0.0466052,
0.00334699,0.000266211,-0.00164329,0.000202253,0.000585067,0.000636261,1.71599e-05,0.000266211,0.0011892,0.000251824,0.00130757,-0.000230986,-0.000608438,1.7447e-05,-0.00164329,0.000251824,0.00310448,0.000271375,0.000904832,0.000612391,2.60922e-05,0.000202253,0.00130757,0.000271375,0.0032214,-0.00115157,0.000699175,3.41537e-05,0.000585067,-0.000230986,0.000904832,-0.00115157,0.0243511,0.000122164,0.000338954,0.000636261,-0.000608438,0.000612391,0.000699175,0.000122164,0.0265505,0.000161559,1.71599e-05,1.7447e-05,2.60922e-05,3.41537e-05,0.000338954,0.000161559,0.0466049,
0.00334975,0.000265129,-0.00164385,0.000199801,0.000581015,0.000641849,1.67403e-05,0.000265129,0.0011891,0.000250216,0.00130752,-0.000226953,-0.000610318,1.75542e-05,-0.00164385,0.000250216,0.00309881,0.000270323,0.000908171,0.000616823,2.58879e-05,0.000199801,0.00130752,0.000270323,0.00322128,-0.00115194,0.000696306,3.44689e-05,0.000581015,-0.000226953,0.000908171,-0.00115194,0.0243567,0.000119833,0.00033444,0.000641849,-0.000610319,0.000616823,0.000696306,0.000119833,0.0265639,0.000162789,1.67403e-05,1.75542e-05,2.58879e-05,3.44689e-05,0.00033444,0.000162789,0.0466046,
0.00335249,0.000264048,-0.00164438,0.000197368,0.00057696,0.000647427,1.6323e-05,0.000264048,0.00118899,0.000248612,0.00130746,-0.000222951,-0.000612174,1.76609e-05,-0.00164438,0.000248612,0.00309316,0.000269267,0.000911459,0.00062126,2.56855e-05,0.000197368,0.00130746,0.000269267,0.00322114,-0.0011523,0.000693432,3.47839e-05,0.00057696,-0.000222951,0.000911459,-0.0011523,0.0243624,0.000117517,0.000329943,0.000647427,-0.000612174,0.00062126,0.000693433,0.000117518,0.0265773,0.000164016,1.6323e-05,1.76609e-05,2.56855e-05,3.47839e-05,0.000329943,0.000164016,0.0466043,
0.00335522,0.000262966,-0.0016449,0.000194956,0.000572903,0.000652994,1.59079e-05,0.000262966,0.00118887,0.000247011,0.0013074,-0.000218981,-0.000614005,1.77671e-05,-0.0016449,0.000247011,0.00308754,0.000268207,0.000914696,0.000625701,2.54848e-05,0.000194956,0.0013074,0.000268207,0.00322099,-0.00115266,0.000690555,3.50985e-05,0.000572903,-0.000218981,0.000914696,-0.00115266,0.0243682,0.000115218,0.000325462,0.000652994,-0.000614005,0.000625702,0.000690555,0.000115218,0.0265906,0.000165241,1.59078e-05,1.77671e-05,2.54848e-05,3.50985e-05,0.000325462,0.000165241,0.046604,
0.00335793,0.000261885,-0.0016454,0.000192563,0.000568844,0.000658551,1.5495e-05,0.000261885,0.00118875,0.000245413,0.00130733,-0.000215042,-0.000615812,1.78727e-05,-0.0016454,0.000245413,0.00308193,0.000267142,0.000917883,0.000630147,2.52859e-05,0.000192563,0.00130733,0.000267142,0.00322084,-0.001153,0.000687674,3.5413e-05,0.000568844,-0.000215042,0.000917883,-0.001153,0.0243741,0.000112936,0.000320998,0.000658551,-0.000615812,0.000630147,0.000687674,0.000112936,0.0266039,0.000166464,1.54949e-05,1.78727e-05,2.52859e-05,3.5413e-05,0.000320998,0.000166464,0.0466037,
0.00336063,0.000260804,-0.00164588,0.00019019,0.000564782,0.000664097,1.50842e-05,0.000260804,0.00118863,0.00024382,0.00130726,-0.000211134,-0.000617594,1.79779e-05,-0.00164588,0.00024382,0.00307636,0.000266074,0.00092102,0.000634596,2.50888e-05,0.00019019,0.00130726,0.000266074,0.00322067,-0.00115332,0.000684789,3.5727e-05,0.000564782,-0.000211133,0.00092102,-0.00115332,0.0243801,0.00011067,0.000316551,0.000664097,-0.000617594,0.000634596,0.000684789,0.00011067,0.0266172,0.000167684,1.50843e-05,1.79778e-05,2.50888e-05,3.5727e-05,0.000316551,0.000167684,0.0466035,
0.00336332,0.000259724,-0.00164634,0.000187836,0.00056072,0.000669632,1.46758e-05,0.000259724,0.00118851,0.00024223,0.00130718,-0.000207256,-0.000619352,1.80825e-05,-0.00164634,0.00024223,0.0030708,0.000265001,0.000924108,0.000639048,2.48933e-05,0.000187836,0.00130718,0.000265001,0.00322049,-0.00115364,0.000681901,3.60408e-05,0.00056072,-0.000207256,0.000924108,-0.00115364,0.0243862,0.000108421,0.00031212,0.000669632,-0.000619352,0.000639048,0.000681901,0.000108421,0.0266304,0.000168903,1.46758e-05,1.80825e-05,2.48934e-05,3.60408e-05,0.00031212,0.000168903,0.0466032,
0.00336599,0.000258643,-0.00164678,0.000185502,0.000556656,0.000675155,1.42695e-05,0.000258643,0.00118838,0.000240644,0.0013071,-0.000203409,-0.000621087,1.81867e-05,-0.00164678,0.000240644,0.00306527,0.000263924,0.000927146,0.000643504,2.46997e-05,0.000185502,0.0013071,0.000263924,0.00322031,-0.00115395,0.000679009,3.63542e-05,0.000556656,-0.000203409,0.000927146,-0.00115395,0.0243925,0.00010619,0.000307706,0.000675155,-0.000621087,0.000643504,0.000679009,0.00010619,0.0266437,0.000170119,1.42695e-05,1.81867e-05,2.46996e-05,3.63543e-05,0.000307706,0.000170119,0.0466029,
0.00336865,0.000257563,-0.0016472,0.000183187,0.000552592,0.000680666,1.38654e-05,0.000257563,0.00118825,0.000239062,0.00130701,-0.000199593,-0.000622797,1.82905e-05,-0.0016472,0.000239062,0.00305977,0.000262844,0.000930136,0.000647963,2.45076e-05,0.000183187,0.00130701,0.000262844,0.00322011,-0.00115425,0.000676115,3.66673e-05,0.000552592,-0.000199593,0.000930136,-0.00115425,0.0243988,0.000103976,0.000303308,0.000680666,-0.000622797,0.000647963,0.000676115,0.000103976,0.0266568,0.000171332,1.38654e-05,1.82905e-05,2.45076e-05,3.66673e-05,0.000303308,0.000171332,0.0466026,
0.00337129,0.000256484,-0.0016476,0.000180891,0.000548527,0.000686165,1.34635e-05,0.000256484,0.00118811,0.000237484,0.00130692,-0.000195807,-0.000624484,1.83937e-05,-0.0016476,0.000237484,0.00305428,0.00026176,0.000933079,0.000652424,2.43173e-05,0.000180891,0.00130692,0.00026176,0.0032199,-0.00115454,0.000673218,3.698e-05,0.000548527,-0.000195807,0.000933079,-0.00115454,0.0244052,0.000101781,0.000298926,0.000686165,-0.000624484,0.000652424,0.000673218,0.000101781,0.02667,0.000172544,1.34635e-05,1.83937e-05,2.43173e-05,3.698e-05,0.000298926,0.000172544,0.0466024,
0.00337392,0.000255404,-0.00164799,0.000178614,0.000544462,0.000691652,1.30637e-05,0.000255404,0.00118797,0.000235909,0.00130682,-0.000192051,-0.000626147,1.84966e-05,-0.00164799,0.000235909,0.00304882,0.000260672,0.000935973,0.000656888,2.41286e-05,0.000178614,0.00130682,0.000260672,0.00321969,-0.00115482,0.000670319,3.72923e-05,0.000544462,-0.000192051,0.000935973,-0.00115482,0.0244117,9.96037e-05,0.000294561,0.000691652,-0.000626147,0.000656888,0.000670319,9.96037e-05,0.0266831,0.000173753,1.30638e-05,1.84966e-05,2.41286e-05,3.72923e-05,0.000294561,0.000173753,0.0466021,
0.00337654,0.000254326,-0.00164836,0.000176357,0.000540398,0.000697126,1.26662e-05,0.000254326,0.00118783,0.000234339,0.00130671,-0.000188325,-0.000627787,1.85989e-05,-0.00164836,0.000234339,0.00304339,0.00025958,0.00093882,0.000661354,2.39415e-05,0.000176357,0.00130671,0.00025958,0.00321946,-0.00115509,0.000667417,3.76042e-05,0.000540398,-0.000188325,0.00093882,-0.00115509,0.0244183,9.74449e-05,0.000290211,0.000697126,-0.000627787,0.000661355,0.000667417,9.74449e-05,0.0266962,0.00017496,1.26662e-05,1.8599e-05,2.39415e-05,3.76042e-05,0.000290211,0.00017496,0.0466018,
0.00337914,0.000253247,-0.0016487,0.000174118,0.000536334,0.000702587,1.22708e-05,0.000253247,0.00118769,0.000232773,0.00130661,-0.000184629,-0.000629404,1.87008e-05,-0.0016487,0.000232773,0.00303797,0.000258485,0.000941621,0.000665823,2.3756e-05,0.000174118,0.00130661,0.000258485,0.00321923,-0.00115535,0.000664514,3.79156e-05,0.000536334,-0.000184629,0.000941621,-0.00115535,0.0244251,9.53048e-05,0.000285878,0.000702587,-0.000629404,0.000665823,0.000664514,9.53049e-05,0.0267093,0.000176165,1.22708e-05,1.87009e-05,2.3756e-05,3.79156e-05,0.000285878,0.000176165,0.0466015,
0.00338173,0.000252169,-0.00164903,0.000171898,0.000532271,0.000708035,1.18776e-05,0.000252169,0.00118754,0.000231211,0.00130649,-0.000180962,-0.000630998,1.88024e-05,-0.00164903,0.000231211,0.00303258,0.000257387,0.000944376,0.000670293,2.35722e-05,0.000171898,0.00130649,0.000257387,0.00321899,-0.00115559,0.000661608,3.82266e-05,0.000532271,-0.000180962,0.000944376,-0.00115559,0.0244319,9.31838e-05,0.000281561,0.000708035,-0.000630998,0.000670293,0.000661608,9.31838e-05,0.0267223,0.000177367,1.18776e-05,1.88023e-05,2.35721e-05,3.82266e-05,0.000281561,0.000177367,0.0466013,
0.0033843,0.000251092,-0.00164935,0.000169697,0.000528209,0.000713469,1.14865e-05,0.000251092,0.00118739,0.000229653,0.00130638,-0.000177325,-0.00063257,1.89035e-05,-0.00164935,0.000229653,0.00302722,0.000256285,0.000947085,0.000674765,2.33899e-05,0.000169697,0.00130638,0.000256285,0.00321873,-0.00115584,0.000658701,3.85371e-05,0.000528209,-0.000177325,0.000947085,-0.00115583,0.0244388,9.1082e-05,0.00027726,0.000713469,-0.00063257,0.000674765,0.000658701,9.1082e-05,0.0267353,0.000178567,1.14865e-05,1.89034e-05,2.33898e-05,3.85371e-05,0.00027726,0.000178567,0.046601,
0.00338686,0.000250015,-0.00164964,0.000167514,0.000524149,0.00071889,1.10977e-05,0.000250015,0.00118724,0.0002281,0.00130625,-0.000173717,-0.000634119,1.90042e-05,-0.00164964,0.0002281,0.00302188,0.00025518,0.000949748,0.000679238,2.32092e-05,0.000167514,0.00130625,0.00025518,0.00321847,-0.00115607,0.000655793,3.88472e-05,0.000524149,-0.000173717,0.000949748,-0.00115607,0.0244457,8.89996e-05,0.000272975,0.00071889,-0.000634119,0.000679238,0.000655793,8.89996e-05,0.0267482,0.000179765,1.10977e-05,1.90042e-05,2.32092e-05,3.88472e-05,0.000272975,0.000179765,0.0466008,
0.0033894,0.000248939,-0.00164992,0.00016535,0.000520091,0.000724297,1.07109e-05,0.000248939,0.00118708,0.000226551,0.00130613,-0.000170138,-0.000635645,1.91044e-05,-0.00164992,0.000226551,0.00301656,0.000254072,0.000952367,0.000683712,2.30299e-05,0.00016535,0.00130613,0.000254072,0.0032182,-0.00115629,0.000652883,3.91567e-05,0.000520091,-0.000170138,0.000952367,-0.00115629,0.0244528,8.69369e-05,0.000268705,0.000724297,-0.000635645,0.000683712,0.000652883,8.69369e-05,0.0267612,0.00018096,1.07109e-05,1.91044e-05,2.30299e-05,3.91567e-05,0.000268705,0.00018096,0.0466005,
0.00339193,0.000247863,-0.00165018,0.000163204,0.000516035,0.000729689,1.03263e-05,0.000247863,0.00118692,0.000225006,0.001306,-0.000166587,-0.00063715,1.92043e-05,-0.00165018,0.000225006,0.00301126,0.000252961,0.000954941,0.000688187,2.28523e-05,0.000163204,0.001306,0.000252961,0.00321792,-0.0011565,0.000649972,3.94658e-05,0.000516035,-0.000166587,0.000954941,-0.0011565,0.02446,8.48941e-05,0.000264452,0.000729689,-0.00063715,0.000688187,0.000649972,8.4894e-05,0.0267741,0.000182153,1.03263e-05,1.92044e-05,2.28523e-05,3.94658e-05,0.000264452,0.000182153,0.0466002,
0.00339445,0.000246788,-0.00165042,0.000161076,0.000511981,0.000735068,9.9438e-06,0.000246788,0.00118676,0.000223466,0.00130586,-0.000163066,-0.000638632,1.93038e-05,-0.00165042,0.000223466,0.00300599,0.000251847,0.000957472,0.000692663,2.26761e-05,0.000161076,0.00130586,0.000251847,0.00321763,-0.0011567,0.00064706,3.97743e-05,0.000511981,-0.000163066,0.000957472,-0.0011567,0.0244672,8.28713e-05,0.000260214,0.000735068,-0.000638632,0.000692663,0.00064706,8.28713e-05,0.0267869,0.000183344,9.94382e-06,1.93038e-05,2.26761e-05,3.97742e-05,0.000260214,0.000183344,0.0466,
0.00339695,0.000245714,-0.00165065,0.000158967,0.000507931,0.000740431,9.56346e-06,0.000245714,0.00118659,0.00022193,0.00130572,-0.000159573,-0.000640093,1.94029e-05,-0.00165065,0.00022193,0.00300074,0.00025073,0.000959959,0.000697139,2.25014e-05,0.000158967,0.00130572,0.00025073,0.00321733,-0.0011569,0.000644148,4.00822e-05,0.00050793,-0.000159573,0.000959959,-0.0011569,0.0244745,8.08688e-05,0.000255992,0.000740431,-0.000640093,0.000697139,0.000644148,8.08688e-05,0.0267998,0.000184533,9.56346e-06,1.94029e-05,2.25014e-05,4.00823e-05,0.000255992,0.000184533,0.0465997,
0.00339944,0.00024464,-0.00165086,0.000156876,0.000503883,0.00074578,9.18524e-06,0.00024464,0.00118643,0.000220398,0.00130558,-0.000156108,-0.000641532,1.95017e-05,-0.00165086,0.000220398,0.00299552,0.00024961,0.000962403,0.000701615,2.23282e-05,0.000156876,0.00130558,0.00024961,0.00321703,-0.00115709,0.000641235,4.03896e-05,0.000503883,-0.000156108,0.000962403,-0.00115709,0.0244819,7.88868e-05,0.000251786,0.00074578,-0.000641532,0.000701615,0.000641235,7.88867e-05,0.0268126,0.000185719,9.18526e-06,1.95017e-05,2.23283e-05,4.03897e-05,0.000251786,0.000185719,0.0465995,
