0.00375073,0.000567728,-0.00110891,-0.000203998,-0.000502677,0.00184983,-5.56726e-05,0.000567728,0.0013038,0.000335147,0.00112765,-0.000415367,2.60762e-05,-1.44035e-05,-0.00110891,0.000335147,0.00219022,0.000508702,0.000847381,0.00207099,-3.12482e-05,-0.000203998,0.00112765,0.000508702,0.00267705,-0.00112786,-0.000310965,4.50575e-05,-0.000502677,-0.000415367,0.000847381,-0.00112786,0.0313936,0.00138171,-0.0012663,0.00184983,2.60762e-05,0.00207099,-0.000310965,0.00138171,0.0298139,-0.000285246,-5.56726e-05,-1.44035e-05,-3.12482e-05,4.50575e-05,-0.0012663,-0.000285246,0.0466531,
0.00375194,0,-0.00111042,0,-0.000504825,0.00184843,-5.54873e-05,0.000567585,0,0.000335989,0,-0.000414697,2.48227e-05,-1.41705e-05,-0.00111042,0,0.00219352,0,0.000843964,0.00206979,-3.12169e-05,-0.000203275,0,0.000508736,0,-0.00113409,-0.000319337,4.5338e-05,-0.000504825,0,0.000843964,0,0.0313779,0.0013745,-0.00126398,0.00184843,0,0.00206979,0,0.0013745,0.0298045,-0.000284108,-5.54874e-05,0,-3.12168e-05,0,-0.00126398,-0.000284109,0.0466528,
0.00375372,0,-0.00111268,-0.000201916,-0.000507397,0.00184667,-5.52051e-05,0.000566653,0,0.000336454,0.00112966,-0.000412983,2.23472e-05,-1.38684e-05,-0.00111268,0,0.00219731,0.000508165,0.000840148,0.00206783,-3.11506e-05,-0.000201916,0,0.000508165,0.00268155,-0.00114224,-0.000329233,4.57737e-05,-0.000507397,0,0.000840148,-0.00114224,0.0313525,0.00136528,-0.00125998,0.00184667,0,0.00206783,-0.000329233,0.00136528,0.0297927,-0.000282976,-5.52051e-05,0,-3.11506e-05,4.57738e-05,-0.00125998,-0.000282976,0.0466524,
0.00375553,0.000564886,-0.00111575,-0.000200068,-0.000509924,0.0018448,-5.48234e-05,0.000564886,0.00130191,0.000336178,0.00113123,-0.000409976,1.90676e-05,-1.35144e-05,-0.00111575,0.000336178,0.00220074,0.000506705,0.000836512,0.00206484,-3.10343e-05,-0.000200068,0.00113123,0.000506705,0.00268514,-0.0011515,-0.000340045,4.63117e-05,-0.000509924,-0.000409976,0.000836512,-0.0011515,0.0313197,0.00135516,-0.00125469,0.0018448,1.90676e-05,0.00206484,-0.000340045,0.00135516,0.0297792,-0.000281709,-5.48234e-05,-1.35144e-05,-3.10343e-05,4.63117e-05,-0.00125469,-0.000281709,0.0466518,
0.00375729,0.000562816,-0.00111941,-0.000197857,-0.00051175,0.00184304,-5.4462e-05,0.000562816,0.00130059,0.000335632,0.00113293,-0.000406704,1.59319e-05,-1.31623e-05,-0.00111941,0.000335632,0.0022043,0.00050502,0.000833022,0.00206182,-3.09175e-05,-0.000197857,0.00113293,0.00050502,0.00268882,-0.00115987,-0.000350301,4.67922e-05,-0.00051175,-0.000406704,0.000833022,-0.00115987,0.0312896,0.00134567,-0.00125002,0.00184304,1.59319e-05,0.00206182,-0.000350301,0.00134567,0.0297663,-0.000280526,-5.4462e-05,-1.31624e-05,-3.09176e-05,4.67921e-05,-0.00125002,-0.000280526,0.0466513,
0.00375894,0.000560609,-0.00112353,-0.000195444,-0.000513272,0.00184127,-5.4079e-05,0.000560609,0.00129921,0.000334953,0.00113468,-0.000403211,1.26785e-05,-1.28043e-05,-0.00112353,0.000334953,0.00220802,0.000503203,0.000829475,0.00205838,-3.07874e-05,-0.000195444,0.00113468,0.000503203,0.00269257,-0.00116839,-0.000360494,4.72829e-05,-0.000513272,-0.000403211,0.000829475,-0.00116839,0.0312582,0.00133614,-0.00124511,0.00184127,1.26785e-05,0.00205838,-0.000360494,0.00133614,0.0297532,-0.000279308,-5.40791e-05,-1.28044e-05,-3.07874e-05,4.72829e-05,-0.00124511,-0.000279308,0.0466507,
0.00376046,0.000558338,-0.00112797,-0.000192887,-0.000514422,0.00183953,-5.37e-05,0.000558338,0.00129782,0.000334203,0.00113643,-0.000399658,9.52932e-06,-1.24505e-05,-0.00112797,0.000334203,0.00221187,0.000501338,0.000825917,0.00205483,-3.06548e-05,-0.000192887,0.00113643,0.000501338,0.00269628,-0.00117657,-0.000370407,4.77504e-05,-0.000514422,-0.000399658,0.000825917,-0.00117657,0.0312277,0.00132692,-0.00124043,0.00183953,9.52938e-06,0.00205483,-0.000370407,0.00132692,0.0297403,-0.000278101,-5.37e-05,-1.24505e-05,-3.06548e-05,4.77504e-05,-0.00124043,-0.000278101,0.0466502,
0.00376188,0.000556022,-0.00113263,-0.000190238,-0.000515355,0.00183778,-5.33156e-05,0.000556022,0.00129642,0.000333401,0.00113818,-0.000396036,6.39827e-06,-1.20979e-05,-0.00113263,0.000333401,0.00221582,0.00049943,0.000822317,0.00205111,-3.0517e-05,-0.000190238,0.00113818,0.00049943,0.00269999,-0.00118463,-0.000380163,4.82129e-05,-0.000515355,-0.000396036,0.000822317,-0.00118463,0.0311974,0.0013178,-0.00123573,0.00183778,6.39822e-06,0.00205111,-0.000380163,0.0013178,0.0297274,-0.000276877,-5.33156e-05,-1.20979e-05,-3.0517e-05,4.82128e-05,-0.00123573,-0.000276877,0.0466497,
0.0037632,0.000553682,-0.00113743,-0.000187529,-0.000516114,0.00183602,-5.29302e-05,0.000553682,0.00129502,0.000332571,0.00113993,-0.000392379,3.32262e-06,-1.1748e-05,-0.00113743,0.000332571,0.00221984,0.0004975,0.000818678,0.00204731,-3.03765e-05,-0.000187529,0.00113993,0.0004975,0.00270367,-0.00119251,-0.00038977,4.86666e-05,-0.000516114,-0.000392379,0.000818678,-0.00119251,0.0311674,0.00130881,-0.0012311,0.00183602,3.32262e-06,0.00204731,-0.00038977,0.00130881,0.0297145,-0.000275644,-5.29303e-05,-1.1748e-05,-3.03765e-05,4.86666e-05,-0.0012311,-0.000275644,0.0466492,
0.00376443,0.000551327,-0.00114233,-0.000184785,-0.000516754,0.00183422,-5.25427e-05,0.000551327,0.00129363,0.00033172,0.00114167,-0.000388693,2.83273e-07,-1.14002e-05,-0.00114233,0.00033172,0.0022239,0.000495552,0.000814996,0.00204343,-3.02331e-05,-0.000184785,0.00114167,0.000495552,0.00270735,-0.00120026,-0.000399254,4.91158e-05,-0.000516754,-0.000388694,0.000814996,-0.00120026,0.0311375,0.00129987,-0.00122648,0.00183422,2.83273e-07,0.00204343,-0.000399254,0.00129987,0.0297015,-0.000274396,-5.25427e-05,-1.14003e-05,-3.02331e-05,4.91158e-05,-0.00122648,-0.000274396,0.0466487,
0.00376557,0.000548963,-0.00114727,-0.00018202,-0.000517306,0.0018324,-5.21539e-05,0.000548963,0.00129225,0.000330859,0.0011434,-0.000384988,-2.71499e-06,-1.10548e-05,-0.00114727,0.000330859,0.00222798,0.000493593,0.000811268,0.0020395,-3.00875e-05,-0.00018202,0.0011434,0.000493593,0.00271101,-0.00120786,-0.000408632,4.95604e-05,-0.000517306,-0.000384988,0.000811268,-0.00120786,0.031108,0.00129099,-0.00122188,0.0018324,-2.71499e-06,0.0020395,-0.000408632,0.00129099,0.0296885,-0.000273135,-5.21539e-05,-1.10548e-05,-3.00875e-05,4.95605e-05,-0.00122188,-0.000273135,0.0466482,
0.00376664,0.000546597,-0.00115225,-0.000179246,-0.000517796,0.00183053,-5.17637e-05,0.000546597,0.00129088,0.000329992,0.00114512,-0.000381268,-5.67657e-06,-1.07116e-05,-0.00115225,0.000329992,0.00223209,0.000491627,0.000807495,0.00203553,-2.99399e-05,-0.000179246,0.00114512,0.000491627,0.00271467,-0.00121534,-0.000417912,5.00017e-05,-0.000517796,-0.000381268,0.000807495,-0.00121534,0.0310786,0.00128214,-0.00121728,0.00183053,-5.67657e-06,0.00203553,-0.000417912,0.00128214,0.0296755,-0.00027186,-5.17637e-05,-1.07117e-05,-2.99399e-05,5.00016e-05,-0.00121728,-0.00027186,0.0466477,
0.00376763,0.00054423,-0.00115723,-0.00017647,-0.000518237,0.00182863,-5.13724e-05,0.00054423,0.00128953,0.000329123,0.00114683,-0.000377538,-8.60154e-06,-1.03707e-05,-0.00115723,0.000329123,0.0022362,0.000489656,0.000803677,0.00203154,-2.97905e-05,-0.00017647,0.00114683,0.000489656,0.00271833,-0.0012227,-0.000427104,5.04395e-05,-0.000518237,-0.000377538,0.000803677,-0.0012227,0.0310494,0.00127331,-0.0012127,0.00182863,-8.60151e-06,0.00203154,-0.000427104,0.00127331,0.0296624,-0.000270571,-5.13724e-05,-1.03708e-05,-2.97906e-05,5.04395e-05,-0.0012127,-0.000270571,0.0466472,
0.00376855,0.000541866,-0.00116222,-0.000173697,-0.000518642,0.00182669,-5.09801e-05,0.000541866,0.00128818,0.000328254,0.00114852,-0.000373799,-1.14913e-05,-1.00321e-05,-0.00116222,0.000328254,0.00224033,0.000487682,0.000799813,0.00202753,-2.96395e-05,-0.000173697,0.00114852,0.000487682,0.00272198,-0.00122993,-0.00043621,5.08745e-05,-0.000518642,-0.000373799,0.000799813,-0.00122993,0.0310203,0.0012645,-0.00120811,0.00182669,-1.14913e-05,0.00202753,-0.00043621,0.0012645,0.0296493,-0.00026927,-5.09801e-05,-1.00321e-05,-2.96396e-05,5.08745e-05,-0.00120811,-0.00026927,0.0466468,
0.0037694,0.000539506,-0.0011672,-0.000170931,-0.000519018,0.00182471,-5.0587e-05,0.000539506,0.00128685,0.000327386,0.0011502,-0.000370054,-1.43465e-05,-9.69572e-06,-0.0011672,0.000327386,0.00224445,0.000485708,0.000795904,0.00202349,-2.94871e-05,-0.000170931,0.0011502,0.000485708,0.00272562,-0.00123705,-0.000445236,5.13064e-05,-0.000519018,-0.000370054,0.000795904,-0.00123705,0.0309914,0.0012557,-0.00120353,0.00182471,-1.43465e-05,0.00202349,-0.000445236,0.0012557,0.0296361,-0.000267958,-5.0587e-05,-9.69569e-06,-2.94871e-05,5.13064e-05,-0.00120353,-0.000267958,0.0466463,
0.00377018,0.000537151,-0.00117216,-0.000168174,-0.00051937,0.00182268,-5.01932e-05,0.000537151,0.00128553,0.000326522,0.00115187,-0.000366305,-1.71679e-05,-9.36162e-06,-0.00117216,0.000326522,0.00224858,0.000483732,0.000791951,0.00201945,-2.93333e-05,-0.000168174,0.00115187,0.000483732,0.00272926,-0.00124405,-0.000454182,5.17354e-05,-0.00051937,-0.000366305,0.000791951,-0.00124405,0.0309627,0.00124691,-0.00119895,0.00182268,-1.71679e-05,0.00201945,-0.000454182,0.00124691,0.0296228,-0.000266634,-5.01932e-05,-9.36162e-06,-2.93333e-05,5.17353e-05,-0.00119895,-0.000266634,0.0466458,
0.0037709,0.000534801,-0.00117711,-0.000165428,-0.000519702,0.00182062,-4.97987e-05,0.000534801,0.00128422,0.000325661,0.00115352,-0.000362551,-1.99561e-05,-9.0298e-06,-0.00117711,0.000325661,0.0022527,0.000481757,0.000787955,0.00201538,-2.91782e-05,-0.000165428,0.00115352,0.000481757,0.00273289,-0.00125094,-0.000463052,5.21613e-05,-0.000519702,-0.000362551,0.000787955,-0.00125094,0.0309342,0.00123813,-0.00119437,0.00182062,-1.99561e-05,0.00201538,-0.000463052,0.00123813,0.0296095,-0.000265301,-4.97988e-05,-9.02983e-06,-2.91782e-05,5.21613e-05,-0.00119437,-0.000265301,0.0466454,
0.00377156,0.000532458,-0.00118203,-0.000162694,-0.000520016,0.00181851,-4.94038e-05,0.000532458,0.00128293,0.000324804,0.00115516,-0.000358794,-2.27116e-05,-8.70021e-06,-0.00118203,0.000324804,0.00225682,0.000479783,0.000783915,0.00201131,-2.90219e-05,-0.000162694,0.00115516,0.000479783,0.00273652,-0.00125772,-0.000471845,5.25841e-05,-0.000520016,-0.000358794,0.000783915,-0.00125772,0.0309057,0.00122936,-0.00118979,0.00181851,-2.27116e-05,0.00201131,-0.000471845,0.00122936,0.0295961,-0.000263959,-4.94038e-05,-8.70021e-06,-2.90219e-05,5.25841e-05,-0.00118979,-0.000263959,0.0466449,
0.00377215,0.000530122,-0.00118694,-0.000159972,-0.000520314,0.00181637,-4.90084e-05,0.000530122,0.00128165,0.000323951,0.00115679,-0.000355034,-2.54348e-05,-8.37291e-06,-0.00118694,0.000323951,0.00226094,0.000477809,0.000779834,0.00200723,-2.88644e-05,-0.000159972,0.00115679,0.000477809,0.00274014,-0.00126438,-0.000480564,5.30037e-05,-0.000520314,-0.000355034,0.000779834,-0.00126438,0.0308775,0.00122059,-0.00118522,0.00181637,-2.54349e-05,0.00200723,-0.000480564,0.00122059,0.0295827,-0.000262608,-4.90084e-05,-8.37291e-06,-2.88644e-05,5.30037e-05,-0.00118522,-0.000262608,0.0466445,
0.00377268,0.000527793,-0.00119182,-0.000157264,-0.000520597,0.00181419,-4.86126e-05,0.000527793,0.00128038,0.000323102,0.0011584,-0.000351272,-2.81263e-05,-8.04787e-06,-0.00119182,0.000323102,0.00226505,0.000475838,0.000775712,0.00200314,-2.87059e-05,-0.000157264,0.0011584,0.000475838,0.00274376,-0.00127094,-0.000489209,5.342e-05,-0.000520597,-0.000351272,0.000775712,-0.00127094,0.0308494,0.00121183,-0.00118066,0.00181419,-2.81263e-05,0.00200314,-0.000489209,0.00121183,0.0295692,-0.00026125,-4.86126e-05,-8.0479e-06,-2.87059e-05,5.342e-05,-0.00118066,-0.00026125,0.0466441,
0.00377315,0.000525471,-0.00119668,-0.000154569,-0.000520865,0.00181197,-4.82165e-05,0.000525471,0.00127912,0.000322257,0.00115999,-0.000347508,-3.07865e-05,-7.72513e-06,-0.00119668,0.000322257,0.00226916,0.000473867,0.000771549,0.00199904,-2.85463e-05,-0.000154569,0.00115999,0.000473868,0.00274737,-0.0012774,-0.00049778,5.38329e-05,-0.000520865,-0.000347508,0.000771549,-0.0012774,0.0308214,0.00120308,-0.00117609,0.00181197,-3.07864e-05,0.00199904,-0.00049778,0.00120308,0.0295557,-0.000259885,-4.82165e-05,-7.7251e-06,-2.85463e-05,5.38329e-05,-0.00117609,-0.000259885,0.0466436,
0.00377355,0.000523157,-0.00120151,-0.000151888,-0.00052112,0.00180971,-4.78203e-05,0.000523157,0.00127788,0.000321417,0.00116158,-0.000343743,-3.34156e-05,-7.40458e-06,-0.00120151,0.000321417,0.00227326,0.000471899,0.000767346,0.00199493,-2.83858e-05,-0.000151888,0.00116158,0.000471899,0.00275098,-0.00128374,-0.000506278,5.42423e-05,-0.00052112,-0.000343743,0.000767346,-0.00128374,0.0307936,0.00119433,-0.00117153,0.00180971,-3.34156e-05,0.00199493,-0.000506278,0.00119433,0.0295421,-0.000258514,-4.78202e-05,-7.40458e-06,-2.83857e-05,5.42423e-05,-0.00117153,-0.000258514,0.0466432,
0.0037739,0.00052085,-0.00120632,-0.000149221,-0.000521362,0.00180742,-4.74239e-05,0.00052085,0.00127665,0.000320582,0.00116315,-0.000339976,-3.60142e-05,-7.0863e-06,-0.00120632,0.000320582,0.00227736,0.000469933,0.000763105,0.00199082,-2.82243e-05,-0.000149221,0.00116315,0.000469933,0.00275458,-0.00128999,-0.000514703,5.46481e-05,-0.000521362,-0.000339976,0.000763105,-0.00128999,0.0307659,0.0011856,-0.00116698,0.00180742,-3.60141e-05,0.00199082,-0.000514703,0.0011856,0.0295285,-0.000257138,-4.74239e-05,-7.08628e-06,-2.82243e-05,5.46481e-05,-0.00116698,-0.000257138,0.0466428,
0.00377419,0.00051855,-0.0012111,-0.000146568,-0.00052159,0.00180509,-4.70275e-05,0.00051855,0.00127544,0.00031975,0.0011647,-0.000336208,-3.85824e-05,-6.77028e-06,-0.0012111,0.00031975,0.00228146,0.000467968,0.000758826,0.0019867,-2.80621e-05,-0.000146568,0.0011647,0.000467968,0.00275818,-0.00129612,-0.000523057,5.50502e-05,-0.00052159,-0.000336208,0.000758826,-0.00129612,0.0307384,0.00117687,-0.00116244,0.00180509,-3.85824e-05,0.0019867,-0.000523057,0.00117687,0.0295148,-0.000255758,-4.70275e-05,-6.77031e-06,-2.80621e-05,5.50502e-05,-0.00116244,-0.000255758,0.0466424,
0.00377442,0.000516259,-0.00121586,-0.00014393,-0.000521806,0.00180272,-4.66311e-05,0.000516259,0.00127424,0.000318922,0.00116625,-0.00033244,-4.11207e-05,-6.4565e-06,-0.00121586,0.000318922,0.00228555,0.000466006,0.00075451,0.00198257,-2.7899e-05,-0.00014393,0.00116625,0.000466006,0.00276177,-0.00130216,-0.000531339,5.54485e-05,-0.000521806,-0.00033244,0.00075451,-0.00130216,0.030711,0.00116815,-0.0011579,0.00180272,-4.11208e-05,0.00198257,-0.000531339,0.00116815,0.029501,-0.000254373,-4.66311e-05,-6.45656e-06,-2.7899e-05,5.54485e-05,-0.0011579,-0.000254373,0.0466419,
0.00377459,0.000513975,-0.0012206,-0.000141306,-0.00052201,0.00180032,-4.62349e-05,0.000513975,0.00127305,0.000318099,0.00116778,-0.000328671,-4.36295e-05,-6.145e-06,-0.0012206,0.000318099,0.00228964,0.000464046,0.000750157,0.00197843,-2.77351e-05,-0.000141306,0.00116778,0.000464046,0.00276535,-0.0013081,-0.000539549,5.58431e-05,-0.00052201,-0.000328671,0.000750157,-0.0013081,0.0306838,0.00115945,-0.00115337,0.00180032,-4.36295e-05,0.00197843,-0.000539549,0.00115945,0.0294873,-0.000252985,-4.62348e-05,-6.14497e-06,-2.77351e-05,5.58431e-05,-0.00115337,-0.000252985,0.0466415,
0.00377471,0.000511698,-0.00122531,-0.000138696,-0.000522201,0.00179789,-4.58388e-05,0.000511698,0.00127187,0.00031728,0.00116929,-0.000324901,-4.61089e-05,-5.83569e-06,-0.00122531,0.00031728,0.00229372,0.000462089,0.000745768,0.00197428,-2.75706e-05,-0.000138696,0.00116929,0.000462089,0.00276893,-0.00131394,-0.000547689,5.62337e-05,-0.000522201,-0.000324901,0.000745768,-0.00131394,0.0306567,0.00115075,-0.00114884,0.00179789,-4.61089e-05,0.00197428,-0.000547689,0.00115075,0.0294735,-0.000251594,-4.58388e-05,-5.83572e-06,-2.75706e-05,5.62336e-05,-0.00114884,-0.000251594,0.0466411,
0.00377477,0.00050943,-0.00122999,-0.0001361,-0.000522379,0.00179543,-4.5443e-05,0.00050943,0.0012707,0.000316464,0.0011708,-0.000321132,-4.85593e-05,-5.52863e-06,-0.00122999,0.000316464,0.0022978,0.000460134,0.000741345,0.00197013,-2.74053e-05,-0.0001361,0.0011708,0.000460134,0.0027725,-0.00131967,-0.000555758,5.66203e-05,-0.000522379,-0.000321132,0.000741345,-0.00131967,0.0306297,0.00114207,-0.00114433,0.00179543,-4.85593e-05,0.00197013,-0.000555758,0.00114207,0.0294596,-0.0002502,-4.54429e-05,-5.52858e-06,-2.74053e-05,5.66203e-05,-0.00114433,-0.0002502,0.0466407,
0.00377478,0.00050717,-0.00123465,-0.00013352,-0.000522546,0.00179293,-4.50474e-05,0.00050717,0.00126955,0.000315653,0.00117229,-0.000317362,-5.09809e-05,-5.22374e-06,-0.00123465,0.000315653,0.00230187,0.000458182,0.000736887,0.00196598,-2.72395e-05,-0.00013352,0.00117229,0.000458182,0.00277606,-0.00132531,-0.000563758,5.70028e-05,-0.000522546,-0.000317362,0.000736887,-0.00132531,0.0306029,0.0011334,-0.00113983,0.00179293,-5.09809e-05,0.00196598,-0.000563758,0.0011334,0.0294457,-0.000248804,-4.50475e-05,-5.22377e-06,-2.72395e-05,5.70028e-05,-0.00113983,-0.000248804,0.0466403,
0.00377472,0.000504918,-0.00123929,-0.000130953,-0.0005227,0.00179041,-4.46523e-05,0.000504918,0.00126841,0.000314845,0.00117377,-0.000313594,-5.33741e-05,-4.92112e-06,-0.00123929,0.000314845,0.00230593,0.000456232,0.000732396,0.00196181,-2.70731e-05,-0.000130953,0.00117377,0.000456232,0.00277962,-0.00133086,-0.000571687,5.73814e-05,-0.0005227,-0.000313594,0.000732396,-0.00133086,0.0305763,0.00112475,-0.00113533,0.00179041,-5.33741e-05,0.00196181,-0.000571687,0.00112475,0.0294318,-0.000247407,-4.46523e-05,-4.92106e-06,-2.70731e-05,5.73814e-05,-0.00113533,-0.000247407,0.0466399,
0.00377462,0.000502673,-0.0012439,-0.000128402,-0.000522843,0.00178785,-4.42577e-05,0.000502673,0.00126728,0.000314041,0.00117523,-0.000309825,-5.57391e-05,-4.62064e-06,-0.0012439,0.000314041,0.00231,0.000454286,0.000727872,0.00195765,-2.69062e-05,-0.000128402,0.00117523,0.000454285,0.00278317,-0.00133631,-0.000579547,5.77558e-05,-0.000522843,-0.000309825,0.000727872,-0.00133631,0.0305497,0.00111611,-0.00113085,0.00178785,-5.57391e-05,0.00195765,-0.000579547,0.00111611,0.0294179,-0.000246008,-4.42577e-05,-4.62069e-06,-2.69063e-05,5.77558e-05,-0.00113085,-0.000246008,0.0466395,
0.00377446,0.000500437,-0.00124848,-0.000125865,-0.000522974,0.00178527,-4.38636e-05,0.000500437,0.00126616,0.000313241,0.00117668,-0.000306058,-5.80762e-05,-4.3224e-06,-0.00124848,0.000313241,0.00231405,0.000452342,0.000723317,0.00195347,-2.67388e-05,-0.000125865,0.00117668,0.000452342,0.00278671,-0.00134166,-0.000587338,5.81261e-05,-0.000522974,-0.000306058,0.000723317,-0.00134166,0.0305234,0.00110749,-0.00112637,0.00178527,-5.80762e-05,0.00195347,-0.000587338,0.00110749,0.0294039,-0.000244608,-4.38636e-05,-4.32243e-06,-2.67388e-05,5.81261e-05,-0.00112637,-0.000244608,0.0466391,
0.00377425,0.000498209,-0.00125304,-0.000123343,-0.000523094,0.00178265,-4.347e-05,0.000498209,0.00126505,0.000312444,0.00117812,-0.000302292,-6.03856e-05,-4.02633e-06,-0.00125304,0.000312444,0.0023181,0.000450401,0.00071873,0.0019493,-2.6571e-05,-0.000123343,0.00117812,0.000450401,0.00279024,-0.00134692,-0.000595061,5.84922e-05,-0.000523094,-0.000302292,0.00071873,-0.00134692,0.0304971,0.00109888,-0.00112191,0.00178265,-6.03855e-05,0.0019493,-0.000595061,0.00109888,0.0293899,-0.000243208,-4.347e-05,-4.02633e-06,-2.6571e-05,5.84922e-05,-0.00112191,-0.000243208,0.0466388,
0.00377399,0.000495989,-0.00125757,-0.000120836,-0.000523202,0.00178001,-4.30771e-05,0.000495989,0.00126396,0.000311651,0.00117955,-0.000298527,-6.26675e-05,-3.73243e-06,-0.00125758,0.000311651,0.00232215,0.000448463,0.000714112,0.00194511,-2.64028e-05,-0.000120836,0.00117955,0.000448463,0.00279376,-0.00135208,-0.000602715,5.8854e-05,-0.000523202,-0.000298527,0.000714112,-0.00135209,0.030471,0.00109029,-0.00111746,0.00178001,-6.26675e-05,0.00194511,-0.000602715,0.00109029,0.0293759,-0.000241808,-4.30771e-05,-3.7324e-06,-2.64028e-05,5.88541e-05,-0.00111746,-0.000241808,0.0466384,
0.00377367,0.000493777,-0.00126208,-0.000118344,-0.000523299,0.00177734,-4.26849e-05,0.000493777,0.00126288,0.000310862,0.00118097,-0.000294764,-6.49223e-05,-3.44072e-06,-0.00126208,0.000310862,0.00232619,0.000446529,0.000709465,0.00194093,-2.62343e-05,-0.000118344,0.00118097,0.000446529,0.00279728,-0.00135716,-0.000610302,5.92117e-05,-0.000523299,-0.000294764,0.000709465,-0.00135716,0.0304451,0.00108172,-0.00111302,0.00177734,-6.49223e-05,0.00194093,-0.000610302,0.00108172,0.0293618,-0.000240408,-4.2685e-05,-3.44075e-06,-2.62343e-05,5.92117e-05,-0.00111302,-0.000240408,0.046638,
0.00377331,0.000491574,-0.00126657,-0.000115867,-0.000523385,0.00177465,-4.22936e-05,0.000491574,0.0012618,0.000310075,0.00118237,-0.000291003,-6.71501e-05,-3.15115e-06,-0.00126657,0.000310075,0.00233023,0.000444598,0.000704789,0.00193674,-2.60654e-05,-0.000115867,0.00118237,0.000444598,0.00280079,-0.00136214,-0.000617821,5.95651e-05,-0.000523385,-0.000291003,0.000704789,-0.00136214,0.0304193,0.00107317,-0.0011086,0.00177465,-6.71502e-05,0.00193674,-0.000617821,0.00107317,0.0293477,-0.000239008,-4.22935e-05,-3.15115e-06,-2.60654e-05,5.95651e-05,-0.0011086,-0.000239008,0.0466376,
0.00377289,0.000489379,-0.00127103,-0.000113405,-0.00052346,0.00177193,-4.1903e-05,0.000489379,0.00126074,0.000309292,0.00118376,-0.000287244,-6.93513e-05,-2.86374e-06,-0.00127103,0.000309292,0.00233426,0.00044267,0.000700084,0.00193254,-2.58963e-05,-0.000113405,0.00118376,0.00044267,0.00280428,-0.00136704,-0.000625274,5.99143e-05,-0.00052346,-0.000287244,0.000700084,-0.00136704,0.0303936,0.00106464,-0.00110418,0.00177193,-6.93512e-05,0.00193254,-0.000625274,0.00106464,0.0293336,-0.000237609,-4.1903e-05,-2.86371e-06,-2.58963e-05,5.99143e-05,-0.00110418,-0.000237609,0.0466372,
0.00377242,0.000487192,-0.00127546,-0.000110958,-0.000523525,0.00176918,-4.15133e-05,0.000487192,0.0012597,0.000308513,0.00118514,-0.000283487,-7.1526e-05,-2.57844e-06,-0.00127546,0.000308513,0.00233828,0.000440745,0.000695351,0.00192835,-2.57269e-05,-0.000110958,0.00118514,0.000440745,0.00280777,-0.00137184,-0.00063266,6.02591e-05,-0.000523525,-0.000283488,0.000695351,-0.00137184,0.0303681,0.00105613,-0.00109979,0.00176918,-7.1526e-05,0.00192835,-0.00063266,0.00105613,0.0293195,-0.00023621,-4.15133e-05,-2.57844e-06,-2.5727e-05,6.02591e-05,-0.00109979,-0.00023621,0.0466369,
0.00377191,0.000485014,-0.00127987,-0.000108526,-0.000523579,0.00176641,-4.11246e-05,0.000485014,0.00125866,0.000307737,0.0011865,-0.000279733,-7.36745e-05,-2.29525e-06,-0.00127987,0.000307737,0.0023423,0.000438825,0.000690591,0.00192415,-2.55574e-05,-0.000108526,0.0011865,0.000438825,0.00281125,-0.00137656,-0.00063998,6.05997e-05,-0.000523579,-0.000279733,0.000690591,-0.00137656,0.0303427,0.00104765,-0.0010954,0.00176641,-7.36745e-05,0.00192415,-0.00063998,0.00104765,0.0293054,-0.000234813,-4.11246e-05,-2.29528e-06,-2.55574e-05,6.05997e-05,-0.0010954,-0.000234813,0.0466365,
0.00377135,0.000482844,-0.00128425,-0.000106109,-0.000523622,0.00176362,-4.07369e-05,0.000482844,0.00125763,0.000306964,0.00118786,-0.000275982,-7.5797e-05,-2.01419e-06,-0.00128425,0.000306964,0.00234632,0.000436908,0.000685805,0.00191995,-2.53877e-05,-0.000106109,0.00118786,0.000436908,0.00281472,-0.00138119,-0.000647234,6.09361e-05,-0.000523622,-0.000275982,0.000685805,-0.00138119,0.0303175,0.00103918,-0.00109103,0.00176362,-7.5797e-05,0.00191995,-0.000647234,0.00103918,0.0292912,-0.000233417,-4.07369e-05,-2.01417e-06,-2.53877e-05,6.09361e-05,-0.00109103,-0.000233417,0.0466361,
0.00377073,0.000480683,-0.00128861,-0.000103708,-0.000523656,0.0017608,-4.03502e-05,0.000480683,0.00125661,0.000306194,0.0011892,-0.000272234,-7.78938e-05,-1.73522e-06,-0.00128861,0.000306194,0.00235033,0.000434994,0.000680993,0.00191575,-2.52179e-05,-0.000103708,0.0011892,0.000434994,0.00281818,-0.00138573,-0.000654423,6.12681e-05,-0.000523656,-0.000272234,0.000680993,-0.00138573,0.0302924,0.00103074,-0.00108667,0.0017608,-7.78938e-05,0.00191575,-0.000654423,0.00103074,0.0292771,-0.000232023,-4.03502e-05,-1.73522e-06,-2.52179e-05,6.12681e-05,-0.00108667,-0.000232023,0.0466357,
0.00377008,0.00047853,-0.00129294,-0.000101321,-0.000523679,0.00175796,-3.99647e-05,0.00047853,0.00125561,0.000305427,0.00119053,-0.000268489,-7.99651e-05,-1.45833e-06,-0.00129294,0.000305427,0.00235433,0.000433085,0.000676155,0.00191154,-2.50479e-05,-0.000101321,0.00119053,0.000433085,0.00282164,-0.00139019,-0.000661546,6.15959e-05,-0.000523679,-0.000268489,0.000676155,-0.00139019,0.0302675,0.00102232,-0.00108232,0.00175796,-7.99651e-05,0.00191154,-0.000661547,0.00102232,0.0292629,-0.00023063,-3.99647e-05,-1.45839e-06,-2.5048e-05,6.15959e-05,-0.00108232,-0.00023063,0.0466354,
0.00376937,0.000476386,-0.00129725,-9.89506e-05,-0.000523693,0.0017551,-3.95803e-05,0.000476386,0.00125461,0.000304663,0.00119185,-0.000264747,-8.20111e-05,-1.18355e-06,-0.00129725,0.000304663,0.00235833,0.000431179,0.000671294,0.00190733,-2.4878e-05,-9.89505e-05,0.00119185,0.000431179,0.00282508,-0.00139456,-0.000668606,6.19194e-05,-0.000523693,-0.000264747,0.000671294,-0.00139456,0.0302427,0.00101393,-0.00107799,0.0017551,-8.20111e-05,0.00190733,-0.000668606,0.00101393,0.0292487,-0.000229239,-3.95803e-05,-1.18355e-06,-2.4878e-05,6.19194e-05,-0.00107799,-0.000229239,0.046635,
0.00376862,0.00047425,-0.00130153,-9.65951e-05,-0.000523697,0.00175222,-3.91971e-05,0.00047425,0.00125363,0.000303902,0.00119315,-0.000261009,-8.4032e-05,-9.10799e-07,-0.00130153,0.000303902,0.00236232,0.000429277,0.000666408,0.00190313,-2.4708e-05,-9.65951e-05,0.00119315,0.000429277,0.00282851,-0.00139885,-0.000675602,6.22387e-05,-0.000523697,-0.000261009,0.000666408,-0.00139885,0.030218,0.00100556,-0.00107368,0.00175222,-8.40321e-05,0.00190313,-0.000675602,0.00100556,0.0292345,-0.00022785,-3.91971e-05,-9.10827e-07,-2.4708e-05,6.22387e-05,-0.00107368,-0.00022785,0.0466346,
0.00376782,0.000472123,-0.00130579,-9.4255e-05,-0.000523692,0.00174932,-3.88151e-05,0.000472123,0.00125265,0.000303144,0.00119445,-0.000257276,-8.60282e-05,-6.40127e-07,-0.00130579,0.000303144,0.00236631,0.00042738,0.000661499,0.00189892,-2.4538e-05,-9.4255e-05,0.00119445,0.00042738,0.00283193,-0.00140305,-0.000682534,6.25536e-05,-0.000523692,-0.000257276,0.000661499,-0.00140305,0.0301935,0.000997215,-0.00106938,0.00174932,-8.60282e-05,0.00189892,-0.000682534,0.000997215,0.0292203,-0.000226463,-3.88151e-05,-6.40099e-07,-2.4538e-05,6.25537e-05,-0.00106938,-0.000226463,0.0466343,
0.00376698,0.000470004,-0.00131002,-9.19305e-05,-0.000523678,0.0017464,-3.84345e-05,0.000470004,0.00125169,0.000302389,0.00119573,-0.000253546,-8.79997e-05,-3.71481e-07,-0.00131002,0.000302389,0.00237029,0.000425486,0.000656567,0.00189471,-2.4368e-05,-9.19305e-05,0.00119573,0.000425486,0.00283534,-0.00140718,-0.000689403,6.28644e-05,-0.000523678,-0.000253546,0.000656567,-0.00140718,0.0301692,0.000988898,-0.00106509,0.0017464,-8.79998e-05,0.00189471,-0.000689403,0.000988898,0.0292061,-0.000225079,-3.84345e-05,-3.71481e-07,-2.4368e-05,6.28644e-05,-0.00106509,-0.000225079,0.0466339,
0.0037661,0.000467895,-0.00131422,-8.96214e-05,-0.000523655,0.00174346,-3.80552e-05,0.000467895,0.00125074,0.000301637,0.001197,-0.00024982,-8.99469e-05,-1.04861e-07,-0.00131422,0.000301637,0.00237427,0.000423597,0.000651613,0.0018905,-2.41981e-05,-8.96214e-05,0.001197,0.000423597,0.00283874,-0.00141122,-0.000696209,6.31709e-05,-0.000523655,-0.00024982,0.000651613,-0.00141122,0.030145,0.000980609,-0.00106082,0.00174346,-8.99469e-05,0.0018905,-0.000696209,0.000980609,0.0291919,-0.000223696,-3.80552e-05,-1.04861e-07,-2.41981e-05,6.3171e-05,-0.00106082,-0.000223696,0.0466336,
0.00376517,0.000465793,-0.0013184,-8.73279e-05,-0.000523623,0.0017405,-3.76773e-05,0.000465793,0.00124979,0.000300888,0.00119827,-0.0002461,-9.187e-05,1.59733e-07,-0.0013184,0.000300888,0.00237824,0.000421712,0.000646637,0.00188629,-2.40284e-05,-8.73279e-05,0.00119827,0.000421712,0.00284213,-0.00141518,-0.000702953,6.34733e-05,-0.000523623,-0.0002461,0.000646637,-0.00141518,0.0301209,0.000972347,-0.00105657,0.0017405,-9.187e-05,0.00188629,-0.000702953,0.000972347,0.0291777,-0.000222317,-3.76773e-05,1.59706e-07,-2.40284e-05,6.34732e-05,-0.00105657,-0.000222317,0.0466332,
0.0037642,0.000463701,-0.00132255,-8.50499e-05,-0.000523582,0.00173752,-3.73008e-05,0.000463701,0.00124886,0.000300142,0.00119952,-0.000242384,-9.37691e-05,4.22357e-07,-0.00132255,0.000300142,0.0023822,0.000419831,0.000641641,0.00188209,-2.38587e-05,-8.50499e-05,0.00119952,0.000419831,0.00284551,-0.00141907,-0.000709635,6.37714e-05,-0.000523582,-0.000242384,0.000641641,-0.00141907,0.030097,0.000964114,-0.00105233,0.00173752,-9.37692e-05,0.00188209,-0.000709635,0.000964114,0.0291635,-0.00022094,-3.73008e-05,4.22384e-07,-2.38587e-05,6.37714e-05,-0.00105233,-0.00022094,0.0466329,
0.00376319,0.000461617,-0.00132668,-8.27876e-05,-0.000523533,0.00173453,-3.69257e-05,0.000461617,0.00124794,0.000299398,0.00120075,-0.000238673,-9.56446e-05,6.83009e-07,-0.00132668,0.000299398,0.00238616,0.000417955,0.000636624,0.00187788,-2.36892e-05,-8.27876e-05,0.00120075,0.000417955,0.00284888,-0.00142287,-0.000716255,6.40653e-05,-0.000523533,-0.000238673,0.000636624,-0.00142287,0.0300732,0.000955909,-0.0010481,0.00173453,-9.56446e-05,0.00187788,-0.000716255,0.000955909,0.0291492,-0.000219566,-3.69257e-05,6.83009e-07,-2.36892e-05,6.40654e-05,-0.0010481,-0.000219566,0.0466325,
0.00376213,0.000459542,-0.00133078,-8.05409e-05,-0.000523476,0.00173152,-3.65522e-05,0.000459542,0.00124702,0.000298657,0.00120198,-0.000234967,-9.74966e-05,9.41663e-07,-0.00133078,0.000298657,0.00239011,0.000416083,0.000631588,0.00187367,-2.35198e-05,-8.05409e-05,0.00120198,0.000416083,0.00285223,-0.0014266,-0.000722815,6.43552e-05,-0.000523476,-0.000234967,0.000631588,-0.0014266,0.0300496,0.000947734,-0.0010439,0.00173152,-9.74966e-05,0.00187367,-0.000722815,0.000947734,0.029135,-0.000218194,-3.65522e-05,9.41636e-07,-2.35198e-05,6.43552e-05,-0.0010439,-0.000218194,0.0466322,
0.00376104,0.000457476,-0.00133486,-7.83098e-05,-0.000523411,0.00172849,-3.61802e-05,0.000457476,0.00124612,0.000297918,0.0012032,-0.000231266,-9.93254e-05,1.19835e-06,-0.00133486,0.000297918,0.00239406,0.000414216,0.000626532,0.00186947,-2.33507e-05,-7.83098e-05,0.0012032,0.000414216,0.00285558,-0.00143025,-0.000729314,6.46408e-05,-0.000523411,-0.000231266,0.000626532,-0.00143025,0.0300261,0.000939589,-0.00103971,0.00172849,-9.93254e-05,0.00186947,-0.000729314,0.000939589,0.0291208,-0.000216826,-3.61802e-05,1.19837e-06,-2.33506e-05,6.46408e-05,-0.00103971,-0.000216826,0.0466318,
0.0037599,0.000455419,-0.00133891,-7.60944e-05,-0.000523339,0.00172545,-3.58098e-05,0.000455419,0.00124522,0.000297183,0.00120441,-0.000227571,-0.000101131,1.45312e-06,-0.00133891,0.000297183,0.002398,0.000412353,0.000621458,0.00186527,-2.31817e-05,-7.60944e-05,0.00120441,0.000412353,0.00285891,-0.00143382,-0.000735754,6.49224e-05,-0.000523339,-0.000227571,0.000621458,-0.00143382,0.0300028,0.000931474,-0.00103553,0.00172545,-0.000101131,0.00186527,-0.000735754,0.000931474,0.0291066,-0.00021546,-3.58098e-05,1.45312e-06,-2.31817e-05,6.49224e-05,-0.00103553,-0.00021546,0.0466315,
0.00375873,0.000453371,-0.00134293,-7.38948e-05,-0.000523258,0.00172239,-3.5441e-05,0.000453371,0.00124434,0.000296449,0.0012056,-0.000223882,-0.000102914,1.70594e-06,-0.00134293,0.000296449,0.00240193,0.000410495,0.000616366,0.00186107,-2.3013e-05,-7.38948e-05,0.0012056,0.000410495,0.00286223,-0.00143732,-0.000742133,6.51999e-05,-0.000523258,-0.000223882,0.000616366,-0.00143732,0.0299796,0.00092339,-0.00103137,0.00172239,-0.000102914,0.00186107,-0.000742133,0.00092339,0.0290924,-0.000214098,-3.54409e-05,1.70597e-06,-2.3013e-05,6.51999e-05,-0.00103137,-0.000214098,0.0466311,
0.00375751,0.000451331,-0.00134693,-7.17108e-05,-0.000523171,0.00171932,-3.50738e-05,0.000451331,0.00124346,0.000295719,0.00120679,-0.000220199,-0.000104674,1.95682e-06,-0.00134693,0.000295719,0.00240586,0.000408642,0.000611256,0.00185687,-2.28446e-05,-7.17108e-05,0.00120679,0.000408642,0.00286554,-0.00144075,-0.000748453,6.54733e-05,-0.000523171,-0.000220199,0.000611256,-0.00144075,0.0299566,0.000915338,-0.00102723,0.00171932,-0.000104674,0.00185687,-0.000748453,0.000915338,0.0290782,-0.000212739,-3.50738e-05,1.95682e-06,-2.28446e-05,6.54733e-05,-0.00102723,-0.000212739,0.0466308,
0.00375626,0.0004493,-0.00135091,-6.95426e-05,-0.000523076,0.00171624,-3.47083e-05,0.0004493,0.00124259,0.00029499,0.00120796,-0.000216521,-0.000106412,2.20585e-06,-0.00135091,0.00029499,0.00240978,0.000406794,0.000606129,0.00185267,-2.26764e-05,-6.95426e-05,0.00120796,0.000406794,0.00286884,-0.0014441,-0.000754715,6.57427e-05,-0.000523076,-0.000216522,0.000606129,-0.0014441,0.0299337,0.000907317,-0.0010231,0.00171624,-0.000106412,0.00185267,-0.000754715,0.000907317,0.029064,-0.000211383,-3.47083e-05,2.20585e-06,-2.26765e-05,6.57427e-05,-0.0010231,-0.000211383,0.0466304,
0.00375497,0.000447278,-0.00135485,-6.73901e-05,-0.000522974,0.00171314,-3.43445e-05,0.000447278,0.00124174,0.000294265,0.00120913,-0.000212851,-0.000108128,2.45295e-06,-0.00135485,0.000294265,0.0024137,0.00040495,0.000600986,0.00184848,-2.25086e-05,-6.73901e-05,0.00120913,0.00040495,0.00287213,-0.00144738,-0.000760918,6.60081e-05,-0.000522974,-0.000212851,0.000600986,-0.00144738,0.0299109,0.000899329,-0.00101899,0.00171314,-0.000108128,0.00184848,-0.000760918,0.000899329,0.0290499,-0.000210031,-3.43445e-05,2.45298e-06,-2.25086e-05,6.60081e-05,-0.00101899,-0.000210031,0.0466301,
0.00375364,0.000445265,-0.00135878,-6.52535e-05,-0.000522866,0.00171003,-3.39824e-05,0.000445265,0.00124089,0.000293541,0.00121028,-0.000209186,-0.000109822,2.6982e-06,-0.00135878,0.000293541,0.00241761,0.000403112,0.000595826,0.00184429,-2.23411e-05,-6.52534e-05,0.00121028,0.000403112,0.0028754,-0.00145059,-0.000767064,6.62695e-05,-0.000522866,-0.000209186,0.000595826,-0.00145059,0.0298883,0.000891374,-0.0010149,0.00171003,-0.000109822,0.00184429,-0.000767064,0.000891374,0.0290357,-0.000208682,-3.39824e-05,2.69823e-06,-2.23411e-05,6.62695e-05,-0.0010149,-0.000208682,0.0466298,
0.00375228,0.000443261,-0.00136267,-6.31325e-05,-0.000522751,0.0017069,-3.36221e-05,0.000443261,0.00124005,0.00029282,0.00121142,-0.000205528,-0.000111495,2.94159e-06,-0.00136267,0.00029282,0.00242151,0.000401278,0.000590652,0.0018401,-2.2174e-05,-6.31325e-05,0.00121142,0.000401278,0.00287867,-0.00145372,-0.000773152,6.6527e-05,-0.000522751,-0.000205528,0.000590652,-0.00145372,0.0298659,0.000883452,-0.00101082,0.0017069,-0.000111495,0.0018401,-0.000773152,0.000883452,0.0290215,-0.000207336,-3.3622e-05,2.94159e-06,-2.21739e-05,6.6527e-05,-0.00101082,-0.000207336,0.0466294,
0.00375088,0.000441265,-0.00136654,-6.10274e-05,-0.00052263,0.00170377,-3.32636e-05,0.000441265,0.00123922,0.000292101,0.00121256,-0.000201877,-0.000113145,3.18312e-06,-0.00136654,0.000292101,0.00242541,0.00039945,0.000585462,0.00183592,-2.20072e-05,-6.10274e-05,0.00121256,0.00039945,0.00288192,-0.00145679,-0.000779183,6.67805e-05,-0.00052263,-0.000201877,0.000585462,-0.00145679,0.0298436,0.000875563,-0.00100676,0.00170377,-0.000113145,0.00183592,-0.000779183,0.000875563,0.0290074,-0.000205994,-3.32636e-05,3.18312e-06,-2.20072e-05,6.67805e-05,-0.00100676,-0.000205994,0.0466291,
0.00374944,0.000439279,-0.00137039,-5.8938e-05,-0.000522502,0.00170062,-3.29069e-05,0.000439279,0.0012384,0.000291385,0.00121368,-0.000198233,-0.000114775,3.42282e-06,-0.00137039,0.000291385,0.00242929,0.000397626,0.000580258,0.00183174,-2.18408e-05,-5.8938e-05,0.00121368,0.000397626,0.00288516,-0.00145979,-0.000785157,6.70301e-05,-0.000522502,-0.000198233,0.000580258,-0.00145979,0.0298214,0.000867709,-0.00100271,0.00170062,-0.000114775,0.00183174,-0.000785157,0.000867709,0.0289933,-0.000204655,-3.29068e-05,3.42287e-06,-2.18408e-05,6.70302e-05,-0.00100271,-0.000204655,0.0466288,
0.00374797,0.000437301,-0.00137421,-5.68645e-05,-0.000522369,0.00169746,-3.2552e-05,0.000437301,0.00123759,0.000290671,0.00121479,-0.000194597,-0.000116383,3.66071e-06,-0.00137421,0.000290671,0.00243318,0.000395808,0.00057504,0.00182756,-2.16748e-05,-5.68645e-05,0.00121479,0.000395808,0.00288838,-0.00146272,-0.000791075,6.72759e-05,-0.000522369,-0.000194597,0.00057504,-0.00146272,0.0297994,0.000859889,-0.000998684,0.00169746,-0.000116383,0.00182756,-0.000791075,0.000859889,0.0289792,-0.00020332,-3.2552e-05,3.66074e-06,-2.16748e-05,6.72759e-05,-0.000998684,-0.00020332,0.0466284,
0.00374646,0.000435332,-0.001378,-5.48067e-05,-0.00052223,0.00169429,-3.2199e-05,0.000435332,0.00123678,0.000289959,0.0012159,-0.000190967,-0.000117971,3.8968e-06,-0.001378,0.000289959,0.00243705,0.000393995,0.000569809,0.00182339,-2.15092e-05,-5.48067e-05,0.0012159,0.000393995,0.0028916,-0.00146558,-0.000796938,6.75178e-05,-0.00052223,-0.000190967,0.000569809,-0.00146558,0.0297775,0.000852103,-0.000994673,0.00169429,-0.000117971,0.00182339,-0.000796938,0.000852103,0.0289651,-0.000201988,-3.2199e-05,3.89677e-06,-2.15092e-05,6.75178e-05,-0.000994673,-0.000201988,0.0466281,
0.00374492,0.000433373,-0.00138177,-5.27647e-05,-0.000522086,0.00169111,-3.18479e-05,0.000433373,0.00123599,0.000289249,0.00121699,-0.000187345,-0.000119538,4.13106e-06,-0.00138177,0.000289249,0.00244092,0.000392187,0.000564564,0.00181923,-2.1344e-05,-5.27647e-05,0.00121699,0.000392187,0.0028948,-0.00146837,-0.000802745,6.7756e-05,-0.000522086,-0.000187345,0.000564564,-0.00146837,0.0297558,0.000844353,-0.000990679,0.00169111,-0.000119538,0.00181923,-0.000802745,0.000844353,0.028951,-0.00020066,-3.18479e-05,4.13103e-06,-2.1344e-05,6.7756e-05,-0.000990679,-0.00020066,0.0466278,
0.00374335,0.000431422,-0.00138551,-5.07385e-05,-0.000521936,0.00168793,-3.14986e-05,0.000431422,0.0012352,0.000288542,0.00121807,-0.00018373,-0.000121084,4.36359e-06,-0.00138551,0.000288542,0.00244479,0.000390384,0.000559307,0.00181507,-2.11793e-05,-5.07385e-05,0.00121807,0.000390384,0.00289799,-0.0014711,-0.000808497,6.79903e-05,-0.000521936,-0.00018373,0.000559307,-0.0014711,0.0297342,0.000836638,-0.000986701,0.00168793,-0.000121084,0.00181507,-0.000808497,0.000836638,0.0289369,-0.000199336,-3.14986e-05,4.36362e-06,-2.11793e-05,6.79903e-05,-0.000986701,-0.000199336,0.0466274,
0.00374174,0.00042948,-0.00138923,-4.87281e-05,-0.000521781,0.00168473,-3.11514e-05,0.00042948,0.00123442,0.000287836,0.00121915,-0.000180124,-0.000122611,4.59432e-06,-0.00138923,0.000287836,0.00244864,0.000388587,0.000554039,0.00181091,-2.10151e-05,-4.87281e-05,0.00121915,0.000388586,0.00290116,-0.00147376,-0.000814196,6.82209e-05,-0.000521781,-0.000180124,0.000554039,-0.00147376,0.0297128,0.000828959,-0.00098274,0.00168473,-0.000122611,0.00181091,-0.000814196,0.000828959,0.0289229,-0.000198016,-3.11514e-05,4.59432e-06,-2.10151e-05,6.82209e-05,-0.00098274,-0.000198016,0.0466271,
0.0037401,0.000427546,-0.00139292,-4.67334e-05,-0.000521621,0.00168152,-3.0806e-05,0.000427546,0.00123365,0.000287133,0.00122021,-0.000176525,-0.000124117,4.82334e-06,-0.00139292,0.000287133,0.00245249,0.000386794,0.000548758,0.00180676,-2.08513e-05,-4.67334e-05,0.00122021,0.000386794,0.00290432,-0.00147636,-0.00081984,6.84478e-05,-0.000521621,-0.000176525,0.000548758,-0.00147636,0.0296915,0.000821316,-0.000978796,0.00168152,-0.000124117,0.00180676,-0.00081984,0.000821316,0.0289089,-0.000196699,-3.0806e-05,4.82331e-06,-2.08513e-05,6.84479e-05,-0.000978796,-0.000196699,0.0466268,
0.00373843,0.000425622,-0.00139659,-4.47545e-05,-0.000521457,0.00167831,-3.04626e-05,0.000425622,0.00123289,0.000286432,0.00122127,-0.000172934,-0.000125603,5.05057e-06,-0.00139659,0.000286432,0.00245633,0.000385008,0.000543467,0.00180261,-2.06881e-05,-4.47545e-05,0.00122127,0.000385008,0.00290747,-0.0014789,-0.00082543,6.8671e-05,-0.000521457,-0.000172934,0.000543467,-0.0014789,0.0296704,0.000813709,-0.000974869,0.00167831,-0.000125603,0.00180261,-0.00082543,0.000813709,0.0288949,-0.000195386,-3.04626e-05,5.05057e-06,-2.06881e-05,6.86711e-05,-0.000974869,-0.000195386,0.0466265,
