0.0035856,-0.000935238,-0.000896471,-0.000680486,-0.00168114,0.000634837,1.88247e-05,-0.000935238,0.00151104,-0.00109815,-0.000219434,0.000915859,6.49807e-05,-2.16918e-05,-0.000896471,-0.00109815,0.00358171,0.000494037,-0.00137337,0.000874147,3.69118e-05,-0.000680486,-0.000219434,0.000494037,0.00206608,-0.00121759,-0.00220126,4.55786e-05,-0.00168114,0.000915859,-0.00137337,-0.00121759,0.0299165,0.000303234,-0.000681363,0.000634837,6.49807e-05,0.000874147,-0.00220126,0.000303234,0.0274955,0.000182754,1.88247e-05,-2.16918e-05,3.69118e-05,4.55786e-05,-0.000681363,0.000182754,0.0466198,
0.00358442,-0.00093514,-0.000896801,-0.000680393,-0.00168315,0.000634707,1.92464e-05,-0.00093514,0.00151249,-0.0010979,-0.000221319,0.00091493,6.38304e-05,-2.20928e-05,-0.000896801,-0.0010979,0.0035779,0.000496402,-0.00137467,0.000871319,3.75033e-05,-0.000680393,-0.000221319,0.000496402,0.00206741,-0.00121779,-0.00219832,4.53328e-05,-0.00168315,0.00091493,-0.00137467,-0.00121779,0.0298928,0.000298666,-0.000675946,0.000634708,6.38304e-05,0.000871319,-0.00219832,0.000298666,0.0274867,0.000184369,1.92464e-05,-2.20928e-05,3.75033e-05,4.53328e-05,-0.000675946,0.000184369,0.0466195,
0.00358303,-0.000935362,-0.000898335,-0.000679114,-0.00168399,0.000633842,1.97008e-05,-0.000935362,0.00151487,-0.00109745,-0.000223995,0.00091397,6.18055e-05,-2.24971e-05,-0.000898335,-0.00109745,0.00357271,0.000499182,-0.00137474,0.000867643,3.80558e-05,-0.000679114,-0.000223995,0.000499182,0.00206864,-0.00121764,-0.00219738,4.51075e-05,-0.00168399,0.00091397,-0.00137474,-0.00121764,0.0298751,0.000296177,-0.000672153,0.000633842,6.18055e-05,0.000867643,-0.00219738,0.000296177,0.0274811,0.000185812,1.97009e-05,-2.24971e-05,3.80558e-05,4.51075e-05,-0.000672153,0.000185812,0.0466194,
0.00358211,-0.000935783,-0.000900572,-0.00067658,-0.00168538,0.000632224,2.0297e-05,-0.000935783,0.00151747,-0.00109679,-0.00022708,0.000912402,5.94046e-05,-2.29956e-05,-0.000900572,-0.00109679,0.00356737,0.000502066,-0.00137572,0.000862077,3.87254e-05,-0.00067658,-0.00022708,0.000502066,0.00206957,-0.00121731,-0.00219623,4.47868e-05,-0.00168538,0.000912402,-0.00137572,-0.00121731,0.0298532,0.000293577,-0.000667285,0.000632224,5.94046e-05,0.000862077,-0.00219623,0.000293577,0.0274729,0.000187336,2.0297e-05,-2.29956e-05,3.87255e-05,4.47867e-05,-0.000667285,0.000187336,0.0466192,
0.00358189,-0.000936416,-0.000903407,-0.000672827,-0.00168632,0.000631138,2.08866e-05,-0.000936416,0.00152016,-0.00109588,-0.000230737,0.00091087,5.6969e-05,-2.34871e-05,-0.000903407,-0.00109588,0.00356206,0.000504886,-0.00137605,0.000856796,3.9355e-05,-0.000672827,-0.000230737,0.000504886,0.00207015,-0.00121787,-0.00219495,4.45007e-05,-0.00168632,0.00091087,-0.00137605,-0.00121787,0.0298321,0.000291028,-0.000662744,0.000631138,5.6969e-05,0.000856796,-0.00219495,0.000291028,0.0274655,0.000188827,2.08866e-05,-2.34872e-05,3.9355e-05,4.45007e-05,-0.000662744,0.000188827,0.0466191,
0.00358257,-0.000937297,-0.000906997,-0.000667464,-0.00168719,0.000630383,2.15283e-05,-0.000937297,0.00152295,-0.00109466,-0.000235087,0.000909107,5.44366e-05,-2.40158e-05,-0.000906997,-0.00109466,0.00355685,0.000507674,-0.00137623,0.000851123,4.00026e-05,-0.000667464,-0.000235087,0.000507674,0.0020703,-0.00121935,-0.00219315,4.42061e-05,-0.00168719,0.000909107,-0.00137623,-0.00121935,0.0298089,0.000288144,-0.000657817,0.000630383,5.44366e-05,0.000851123,-0.00219315,0.000288144,0.0274573,0.000190348,2.15283e-05,-2.40158e-05,4.00026e-05,4.42061e-05,-0.000657817,0.000190348,0.0466189,
0.00358394,-0.000938426,-0.000911412,-0.000660683,-0.00168775,0.000629634,2.21916e-05,-0.000938426,0.00152581,-0.00109322,-0.0002397,0.000907268,5.18192e-05,-2.45454e-05,-0.000911412,-0.00109322,0.00355205,0.000510119,-0.00137631,0.000844993,4.06263e-05,-0.000660683,-0.000239699,0.00051012,0.00206987,-0.0012213,-0.00219141,4.39114e-05,-0.00168775,0.000907268,-0.00137631,-0.0012213,0.0297862,0.000285633,-0.000653113,0.000629634,5.18192e-05,0.000844993,-0.00219141,0.000285633,0.0274495,0.000191866,2.21916e-05,-2.45454e-05,4.06263e-05,4.39114e-05,-0.000653113,0.000191866,0.0466188,
0.00358588,-0.000939746,-0.000916519,-0.000652681,-0.00168813,0.000628919,2.28829e-05,-0.000939746,0.00152871,-0.00109158,-0.000244551,0.000905333,4.916e-05,-2.50872e-05,-0.000916519,-0.00109158,0.00354762,0.000512279,-0.00137641,0.000838425,4.12426e-05,-0.000652681,-0.000244551,0.000512279,0.00206898,-0.0012237,-0.00218951,4.36099e-05,-0.00168813,0.000905333,-0.00137641,-0.0012237,0.029763,0.000283239,-0.00064837,0.000628919,4.916e-05,0.000838425,-0.00218951,0.000283239,0.0274415,0.000193395,2.2883e-05,-2.50872e-05,4.12426e-05,4.36099e-05,-0.00064837,0.000193395,0.0466186,
0.00358828,-0.000941217,-0.00092223,-0.000643627,-0.00168828,0.000628181,2.35922e-05,-0.000941217,0.00153165,-0.00108976,-0.000249609,0.000903324,4.64736e-05,-2.56338e-05,-0.00092223,-0.00108976,0.00354352,0.000514175,-0.00137646,0.000831506,4.18431e-05,-0.000643627,-0.000249609,0.000514175,0.0020677,-0.00122646,-0.00218756,4.33077e-05,-0.00168828,0.000903324,-0.00137646,-0.00122646,0.02974,0.000281075,-0.000643716,0.000628181,4.64736e-05,0.000831506,-0.00218756,0.000281075,0.0274336,0.000194927,2.35921e-05,-2.56338e-05,4.18431e-05,4.33077e-05,-0.000643716,0.000194927,0.0466184,
0.00359103,-0.000942798,-0.000928455,-0.000633666,-0.00168824,0.00062741,2.43173e-05,-0.000942798,0.00153461,-0.00108779,-0.000254847,0.000901243,4.3785e-05,-2.61865e-05,-0.000928455,-0.00108779,0.00353972,0.000515832,-0.00137649,0.000824283,4.24311e-05,-0.000633666,-0.000254847,0.000515832,0.00206611,-0.00122952,-0.00218552,4.30047e-05,-0.00168824,0.000901243,-0.00137649,-0.00122952,0.0297168,0.000279079,-0.000639094,0.00062741,4.3785e-05,0.000824283,-0.00218552,0.000279079,0.0274257,0.000196464,2.43173e-05,-2.61866e-05,4.24311e-05,4.30046e-05,-0.000639094,0.000196464,0.0466183,
0.00359393,-0.000944412,-0.000934974,-0.000623154,-0.00168803,0.000626592,2.50485e-05,-0.000944412,0.00153758,-0.00108571,-0.000260271,0.000899094,4.11227e-05,-2.67428e-05,-0.000934974,-0.00108571,0.00353604,0.00051738,-0.00137645,0.000816919,4.30061e-05,-0.000623154,-0.000260271,0.00051738,0.00206441,-0.00123277,-0.00218342,4.27063e-05,-0.00168803,0.000899094,-0.00137645,-0.00123277,0.0296936,0.000277228,-0.000634531,0.000626592,4.11228e-05,0.000816919,-0.00218342,0.000277228,0.0274177,0.000198004,2.50485e-05,-2.67428e-05,4.30061e-05,4.27063e-05,-0.000634531,0.000198004,0.0466181,
0.00359686,-0.000946011,-0.000941653,-0.000612327,-0.00168768,0.000625755,2.57794e-05,-0.000946011,0.00154053,-0.00108355,-0.000265844,0.000896902,3.85164e-05,-2.73019e-05,-0.000941653,-0.00108355,0.00353241,0.000518872,-0.00137632,0.000809527,4.35693e-05,-0.000612327,-0.000265844,0.000518872,0.00206271,-0.00123616,-0.00218122,4.24153e-05,-0.00168768,0.000896902,-0.00137632,-0.00123616,0.0296704,0.000275447,-0.000629999,0.000625755,3.85164e-05,0.000809527,-0.00218122,0.000275447,0.0274098,0.000199547,2.57793e-05,-2.73019e-05,4.35693e-05,4.24153e-05,-0.000629999,0.000199547,0.0466179,
0.00359977,-0.000947576,-0.000948444,-0.000601285,-0.00168722,0.000624869,2.65072e-05,-0.000947576,0.00154345,-0.00108133,-0.000271518,0.000894678,3.59761e-05,-2.78621e-05,-0.000948444,-0.00108133,0.00352883,0.000520302,-0.00137614,0.000802117,4.41205e-05,-0.000601285,-0.000271518,0.000520302,0.00206102,-0.00123962,-0.00217896,4.21311e-05,-0.00168722,0.000894678,-0.00137614,-0.00123962,0.0296472,0.000273754,-0.000625509,0.000624869,3.59761e-05,0.000802117,-0.00217896,0.000273754,0.0274019,0.000201094,2.65072e-05,-2.78621e-05,4.41204e-05,4.21311e-05,-0.000625509,0.000201094,0.0466178,
0.0036026,-0.000949093,-0.000955307,-0.000590105,-0.00168664,0.000623911,2.72306e-05,-0.000949093,0.00154635,-0.00107906,-0.000277259,0.000892424,3.35094e-05,-2.84227e-05,-0.000955307,-0.00107906,0.00352531,0.000521673,-0.00137591,0.000794693,4.46598e-05,-0.000590106,-0.000277259,0.000521673,0.00205938,-0.00124312,-0.00217664,4.18531e-05,-0.00168664,0.000892424,-0.00137591,-0.00124312,0.029624,0.000272153,-0.000621059,0.000623911,3.35094e-05,0.000794693,-0.00217664,0.000272153,0.027394,0.000202645,2.72306e-05,-2.84227e-05,4.46598e-05,4.18531e-05,-0.000621059,0.000202645,0.0466176,
0.00360534,-0.000950555,-0.000962218,-0.000578839,-0.00168597,0.000622871,2.79482e-05,-0.000950555,0.0015492,-0.00107675,-0.000283045,0.000890145,3.11213e-05,-2.89829e-05,-0.000962218,-0.00107675,0.00352183,0.000522985,-0.00137566,0.00078726,4.51876e-05,-0.000578839,-0.000283045,0.000522985,0.00205779,-0.00124661,-0.00217428,4.1581e-05,-0.00168597,0.000890145,-0.00137566,-0.00124661,0.0296009,0.000270647,-0.000616648,0.000622871,3.11213e-05,0.00078726,-0.00217428,0.000270647,0.0273861,0.0002042,2.79481e-05,-2.89829e-05,4.51876e-05,4.15809e-05,-0.000616648,0.0002042,0.0466174,
0.00360797,-0.000951955,-0.000969156,-0.000567522,-0.0016852,0.00062174,2.86593e-05,-0.000951955,0.00155202,-0.00107441,-0.000288859,0.000887844,2.88151e-05,-2.95423e-05,-0.000969156,-0.00107441,0.00351841,0.00052424,-0.00137539,0.000779822,4.57042e-05,-0.000567522,-0.000288859,0.000524239,0.00205627,-0.00125007,-0.00217187,4.13143e-05,-0.0016852,0.000887844,-0.00137539,-0.00125007,0.0295779,0.000269236,-0.000612277,0.00062174,2.88151e-05,0.000779822,-0.00217187,0.000269236,0.0273782,0.000205758,2.86594e-05,-2.95423e-05,4.57042e-05,4.13143e-05,-0.000612277,0.000205758,0.0466173,
0.00361047,-0.00095329,-0.000976108,-0.000556181,-0.00168435,0.000620514,2.93635e-05,-0.00095329,0.00155479,-0.00107205,-0.00029469,0.000885523,2.65927e-05,-3.01006e-05,-0.000976108,-0.00107205,0.00351504,0.000525437,-0.00137511,0.000772384,4.62098e-05,-0.000556181,-0.00029469,0.000525437,0.00205482,-0.0012535,-0.00216943,4.10531e-05,-0.00168435,0.000885523,-0.00137511,-0.0012535,0.029555,0.00026792,-0.000607943,0.000620514,2.65927e-05,0.000772384,-0.00216943,0.00026792,0.0273703,0.000207318,2.93635e-05,-3.01006e-05,4.62098e-05,4.10531e-05,-0.000607942,0.000207318,0.0466171,
0.00361284,-0.000954556,-0.000983065,-0.000544833,-0.00168342,0.000619189,3.00604e-05,-0.000954556,0.00155753,-0.00106967,-0.000300531,0.000883184,2.44552e-05,-3.06575e-05,-0.000983065,-0.00106967,0.00351173,0.000526577,-0.00137483,0.000764949,4.67046e-05,-0.000544833,-0.000300531,0.000526577,0.00205345,-0.00125688,-0.00216696,4.07971e-05,-0.00168342,0.000883184,-0.00137483,-0.00125688,0.0295322,0.000266699,-0.000603644,0.000619189,2.44552e-05,0.000764949,-0.00216696,0.000266699,0.0273623,0.000208881,3.00604e-05,-3.06575e-05,4.67046e-05,4.07971e-05,-0.000603644,0.000208881,0.0466169,
0.00361507,-0.000955753,-0.000990021,-0.000533491,-0.00168241,0.000617765,3.07498e-05,-0.000955753,0.00156021,-0.00106726,-0.000306375,0.000880829,2.24031e-05,-3.12129e-05,-0.000990021,-0.00106726,0.00350846,0.000527662,-0.00137455,0.000757518,4.71889e-05,-0.000533491,-0.000306375,0.000527662,0.00205215,-0.00126021,-0.00216445,4.05462e-05,-0.00168241,0.000880829,-0.00137455,-0.00126021,0.0295094,0.000265571,-0.000599381,0.000617765,2.24031e-05,0.000757518,-0.00216445,0.000265571,0.0273544,0.000210445,3.07498e-05,-3.12128e-05,4.7189e-05,4.05462e-05,-0.000599381,0.000210445,0.0466167,
0.00361717,-0.00095688,-0.00099697,-0.000522164,-0.00168132,0.000616241,3.14316e-05,-0.00095688,0.00156285,-0.00106484,-0.000312218,0.000878457,2.04365e-05,-3.17664e-05,-0.00099697,-0.00106484,0.00350525,0.000528691,-0.00137428,0.000750094,4.76631e-05,-0.000522164,-0.000312218,0.000528691,0.00205093,-0.00126347,-0.00216193,4.03004e-05,-0.00168132,0.000878457,-0.00137428,-0.00126347,0.0294868,0.000264533,-0.00059515,0.000616241,2.04365e-05,0.000750094,-0.00216193,0.000264533,0.0273465,0.00021201,3.14316e-05,-3.17665e-05,4.76631e-05,4.03004e-05,-0.00059515,0.00021201,0.0466165,
0.00361913,-0.000957936,-0.00100391,-0.000510859,-0.00168017,0.000614619,3.21057e-05,-0.000957936,0.00156544,-0.00106241,-0.000318058,0.000876071,1.85554e-05,-3.23182e-05,-0.00100391,-0.00106241,0.00350208,0.000529666,-0.001374,0.000742679,4.81272e-05,-0.000510859,-0.000318058,0.000529666,0.00204979,-0.00126668,-0.00215937,4.00595e-05,-0.00168017,0.000876071,-0.001374,-0.00126668,0.0294642,0.000263586,-0.00059095,0.000614619,1.85553e-05,0.000742679,-0.00215937,0.000263586,0.0273385,0.000213574,3.21057e-05,-3.23182e-05,4.81272e-05,4.00595e-05,-0.00059095,0.000213574,0.0466163,
0.00362095,-0.000958921,-0.00101083,-0.000499581,-0.00167894,0.000612898,3.27721e-05,-0.000958921,0.00156799,-0.00105996,-0.000323891,0.000873671,1.67591e-05,-3.28681e-05,-0.00101083,-0.00105996,0.00349897,0.000530585,-0.00137373,0.000735275,4.85816e-05,-0.000499581,-0.000323891,0.000530586,0.00204873,-0.00126983,-0.0021568,3.98236e-05,-0.00167894,0.000873671,-0.00137373,-0.00126983,0.0294418,0.000262726,-0.000586781,0.000612898,1.67591e-05,0.000735275,-0.0021568,0.000262726,0.0273306,0.000215138,3.27721e-05,-3.28681e-05,4.85816e-05,3.98236e-05,-0.000586781,0.000215138,0.0466162,
0.00362263,-0.000959836,-0.00101774,-0.000488334,-0.00167765,0.00061108,3.34308e-05,-0.000959836,0.00157049,-0.00105749,-0.000329716,0.000871257,1.50474e-05,-3.34159e-05,-0.00101774,-0.00105749,0.00349591,0.000531451,-0.00137347,0.000727883,4.90264e-05,-0.000488334,-0.000329716,0.000531451,0.00204775,-0.00127291,-0.00215421,3.95925e-05,-0.00167765,0.000871257,-0.00137347,-0.00127291,0.0294195,0.000261953,-0.00058264,0.00061108,1.50474e-05,0.000727883,-0.00215421,0.000261953,0.0273226,0.0002167,3.34308e-05,-3.34159e-05,4.90264e-05,3.95926e-05,-0.00058264,0.0002167,0.046616,
0.00362417,-0.000960681,-0.00102464,-0.000477121,-0.00167628,0.000609166,3.40817e-05,-0.000960681,0.00157294,-0.00105502,-0.000335531,0.00086883,1.34195e-05,-3.39617e-05,-0.00102464,-0.00105502,0.00349289,0.000532264,-0.00137321,0.000720506,4.94619e-05,-0.000477121,-0.000335531,0.000532264,0.00204684,-0.00127592,-0.00215159,3.93663e-05,-0.00167628,0.00086883,-0.00137321,-0.00127592,0.0293973,0.000261264,-0.000578526,0.000609166,1.34195e-05,0.000720506,-0.00215159,0.000261264,0.0273147,0.000218261,3.40817e-05,-3.39618e-05,4.94619e-05,3.93663e-05,-0.000578526,0.000218261,0.0466158,
0.00362558,-0.000961455,-0.00103151,-0.000465945,-0.00167486,0.000607158,3.4725e-05,-0.000961455,0.00157535,-0.00105254,-0.000341336,0.000866391,1.18748e-05,-3.45054e-05,-0.00103151,-0.00105254,0.00348993,0.000533023,-0.00137295,0.000713144,4.98882e-05,-0.000465945,-0.000341336,0.000533023,0.00204602,-0.00127888,-0.00214896,3.91449e-05,-0.00167486,0.000866391,-0.00137295,-0.00127888,0.0293751,0.000260657,-0.000574439,0.000607158,1.18748e-05,0.000713144,-0.00214896,0.000260657,0.0273067,0.000219818,3.4725e-05,-3.45053e-05,4.98883e-05,3.91449e-05,-0.000574439,0.000219818,0.0466156,
0.00362685,-0.00096216,-0.00103837,-0.000454806,-0.00167337,0.000605056,3.53605e-05,-0.00096216,0.00157771,-0.00105004,-0.000347129,0.000863941,1.04127e-05,-3.50468e-05,-0.00103837,-0.00105004,0.00348701,0.000533729,-0.00137271,0.000705799,5.03056e-05,-0.000454806,-0.000347129,0.000533729,0.00204527,-0.00128177,-0.00214632,3.89282e-05,-0.00167337,0.000863941,-0.00137271,-0.00128177,0.0293531,0.000260131,-0.000570376,0.000605056,1.04127e-05,0.000705799,-0.00214632,0.000260131,0.0272987,0.000221372,3.53605e-05,-3.50468e-05,5.03057e-05,3.89282e-05,-0.000570376,0.000221372,0.0466154,
0.00362799,-0.000962795,-0.0010452,-0.000443708,-0.00167181,0.000602862,3.59883e-05,-0.000962795,0.00158003,-0.00104754,-0.00035291,0.000861478,9.03227e-06,-3.5586e-05,-0.0010452,-0.00104754,0.00348414,0.000534383,-0.00137247,0.000698472,5.07143e-05,-0.000443709,-0.00035291,0.000534383,0.0020446,-0.00128459,-0.00214366,3.87163e-05,-0.00167181,0.000861478,-0.00137247,-0.00128459,0.0293312,0.000259684,-0.000566337,0.000602862,9.03227e-06,0.000698472,-0.00214366,0.000259684,0.0272907,0.000222923,3.59883e-05,-3.5586e-05,5.07143e-05,3.87163e-05,-0.000566337,0.000222923,0.0466152,
0.00362899,-0.000963362,-0.00105201,-0.000432653,-0.00167019,0.000600579,3.66084e-05,-0.000963362,0.0015823,-0.00104503,-0.000358676,0.000859005,7.73281e-06,-3.61229e-05,-0.00105201,-0.00104503,0.00348132,0.000534986,-0.00137223,0.000691164,5.11144e-05,-0.000432653,-0.000358676,0.000534986,0.002044,-0.00128736,-0.00214099,3.8509e-05,-0.00167019,0.000859005,-0.00137223,-0.00128736,0.0293094,0.000259315,-0.000562321,0.000600579,7.73281e-06,0.000691164,-0.00214099,0.000259315,0.0272828,0.000224469,3.66084e-05,-3.61229e-05,5.11143e-05,3.8509e-05,-0.000562321,0.000224469,0.046615,
0.00362986,-0.000963861,-0.0010588,-0.00042164,-0.00166852,0.000598206,3.72208e-05,-0.000963861,0.00158452,-0.00104251,-0.000364428,0.000856521,6.51351e-06,-3.66574e-05,-0.0010588,-0.00104251,0.00347855,0.000535537,-0.00137201,0.000683877,5.1506e-05,-0.00042164,-0.000364428,0.000535537,0.00204348,-0.00129006,-0.0021383,3.83063e-05,-0.00166852,0.000856521,-0.00137201,-0.00129006,0.0292877,0.000259022,-0.000558327,0.000598206,6.51351e-06,0.000683877,-0.0021383,0.000259022,0.0272748,0.00022601,3.72208e-05,-3.66575e-05,5.1506e-05,3.83062e-05,-0.000558327,0.00022601,0.0466148,
0.0036306,-0.000964292,-0.00106557,-0.000410672,-0.00166678,0.000595746,3.78256e-05,-0.000964292,0.0015867,-0.00103999,-0.000370165,0.000854027,5.37342e-06,-3.71895e-05,-0.00106557,-0.00103999,0.00347582,0.000536037,-0.00137179,0.000676612,5.18894e-05,-0.000410672,-0.000370165,0.000536037,0.00204303,-0.00129269,-0.00213561,3.81081e-05,-0.00166678,0.000854027,-0.00137179,-0.00129269,0.029266,0.000258803,-0.000554355,0.000595746,5.37342e-06,0.000676612,-0.00213561,0.000258803,0.0272668,0.000227546,3.78256e-05,-3.71895e-05,5.18894e-05,3.81081e-05,-0.000554355,0.000227546,0.0466146,
0.00363121,-0.000964656,-0.00107231,-0.000399751,-0.00166499,0.000593199,3.84227e-05,-0.000964656,0.00158883,-0.00103746,-0.000375885,0.000851523,4.31188e-06,-3.77191e-05,-0.00107231,-0.00103746,0.00347314,0.000536487,-0.00137157,0.00066937,5.22647e-05,-0.000399751,-0.000375885,0.000536487,0.00204266,-0.00129527,-0.00213291,3.79145e-05,-0.00166499,0.000851523,-0.00137157,-0.00129527,0.0292445,0.000258657,-0.000550402,0.000593199,4.31183e-06,0.00066937,-0.00213291,0.000258657,0.0272588,0.000229077,3.84227e-05,-3.77191e-05,5.22647e-05,3.79145e-05,-0.000550402,0.000229077,0.0466144,
0.00363169,-0.000964954,-0.00107902,-0.000388877,-0.00166313,0.000590569,3.90122e-05,-0.000964954,0.00159092,-0.00103492,-0.000381589,0.00084901,3.32778e-06,-3.82462e-05,-0.00107902,-0.00103492,0.00347051,0.000536887,-0.00137137,0.000662151,5.2632e-05,-0.000388877,-0.000381589,0.000536887,0.00204236,-0.00129778,-0.0021302,3.77253e-05,-0.00166313,0.00084901,-0.00137137,-0.00129778,0.0292231,0.000258582,-0.00054647,0.000590569,3.32784e-06,0.000662151,-0.0021302,0.000258582,0.0272508,0.000230601,3.90122e-05,-3.82462e-05,5.2632e-05,3.77253e-05,-0.00054647,0.000230601,0.0466143,
0.00363205,-0.000965186,-0.00108571,-0.000378052,-0.00166123,0.000587855,3.9594e-05,-0.000965186,0.00159296,-0.00103238,-0.000387275,0.000846487,2.4204e-06,-3.87707e-05,-0.00108571,-0.00103238,0.00346792,0.000537237,-0.00137117,0.000654956,5.29916e-05,-0.000378052,-0.000387275,0.000537237,0.00204213,-0.00130023,-0.00212749,3.75405e-05,-0.00166123,0.000846487,-0.00137117,-0.00130023,0.0292018,0.000258577,-0.000542556,0.000587855,2.42045e-06,0.000654956,-0.00212749,0.000258577,0.0272428,0.000232119,3.95939e-05,-3.87708e-05,5.29916e-05,3.75405e-05,-0.000542556,0.000232119,0.0466141,
0.00363228,-0.000965352,-0.00109237,-0.000367276,-0.00165926,0.000585059,4.01681e-05,-0.000965352,0.00159496,-0.00102984,-0.000392943,0.000843956,1.58884e-06,-3.92926e-05,-0.00109237,-0.00102984,0.00346538,0.000537539,-0.00137098,0.000647788,5.33435e-05,-0.000367276,-0.000392943,0.000537539,0.00204197,-0.00130262,-0.00212477,3.736e-05,-0.00165926,0.000843956,-0.00137098,-0.00130262,0.0291806,0.000258641,-0.000538661,0.000585059,1.58884e-06,0.000647787,-0.00212477,0.000258641,0.0272348,0.000233631,4.01681e-05,-3.92926e-05,5.33435e-05,3.736e-05,-0.000538661,0.000233631,0.0466139,
0.00363239,-0.000965454,-0.001099,-0.000356552,-0.00165725,0.000582183,4.07347e-05,-0.000965454,0.00159691,-0.00102729,-0.000398591,0.000841416,8.32168e-07,-3.98118e-05,-0.001099,-0.00102729,0.00346288,0.000537792,-0.0013708,0.000640645,5.36879e-05,-0.000356552,-0.000398591,0.000537792,0.00204188,-0.00130495,-0.00212205,3.71838e-05,-0.00165725,0.000841416,-0.0013708,-0.00130495,0.0291595,0.000258771,-0.000534783,0.000582183,8.32112e-07,0.000640645,-0.00212205,0.000258771,0.0272268,0.000235135,4.07346e-05,-3.98118e-05,5.36879e-05,3.71838e-05,-0.000534783,0.000235135,0.0466137,
0.00363237,-0.000965491,-0.00110561,-0.00034588,-0.00165518,0.000579229,4.12936e-05,-0.000965491,0.00159882,-0.00102474,-0.00040422,0.000838868,1.49325e-07,-4.03284e-05,-0.00110561,-0.00102474,0.00346043,0.000537997,-0.00137063,0.00063353,5.40249e-05,-0.00034588,-0.00040422,0.000537997,0.00204186,-0.00130721,-0.00211932,3.70118e-05,-0.00165518,0.000838868,-0.00137063,-0.00130721,0.0291385,0.000258967,-0.000530923,0.000579229,1.49381e-07,0.00063353,-0.00211932,0.000258967,0.0272188,0.000236633,4.12935e-05,-4.03284e-05,5.40249e-05,3.70117e-05,-0.000530923,0.000236633,0.0466135,
0.00363224,-0.000965466,-0.00111218,-0.000335262,-0.00165306,0.000576197,4.18448e-05,-0.000965466,0.00160069,-0.00102219,-0.000409829,0.000836313,-4.60409e-07,-4.0842e-05,-0.00111218,-0.00102219,0.00345802,0.000538155,-0.00137046,0.000626443,5.43547e-05,-0.000335262,-0.000409829,0.000538155,0.0020419,-0.00130942,-0.0021166,3.68439e-05,-0.00165306,0.000836313,-0.00137046,-0.00130942,0.0291176,0.000259227,-0.000527079,0.000576197,-4.60409e-07,0.000626443,-0.0021166,0.000259227,0.0272108,0.000238123,4.18447e-05,-4.08421e-05,5.43547e-05,3.68439e-05,-0.000527079,0.000238123,0.0466133,
0.00363199,-0.000965377,-0.00111873,-0.000324698,-0.00165089,0.000573089,4.23884e-05,-0.000965377,0.00160251,-0.00101963,-0.000415416,0.00083375,-9.98063e-07,-4.13529e-05,-0.00111873,-0.00101963,0.00345566,0.000538266,-0.0013703,0.000619384,5.46773e-05,-0.000324698,-0.000415416,0.000538266,0.00204202,-0.00131156,-0.00211387,3.66801e-05,-0.00165089,0.00083375,-0.0013703,-0.00131156,0.0290969,0.00025955,-0.000523252,0.000573089,-9.9809e-07,0.000619384,-0.00211387,0.00025955,0.0272029,0.000239605,4.23884e-05,-4.13529e-05,5.46774e-05,3.66801e-05,-0.000523252,0.000239605,0.0466131,
0.00363162,-0.000965227,-0.00112524,-0.00031419,-0.00164867,0.000569907,4.29244e-05,-0.000965227,0.00160429,-0.00101708,-0.000420982,0.00083118,-1.46461e-06,-4.1861e-05,-0.00112524,-0.00101708,0.00345334,0.000538332,-0.00137016,0.000612355,5.4993e-05,-0.00031419,-0.000420982,0.000538332,0.0020422,-0.00131365,-0.00211115,3.65203e-05,-0.00164867,0.00083118,-0.00137016,-0.00131365,0.0290762,0.000259934,-0.00051944,0.000569907,-1.46461e-06,0.000612355,-0.00211115,0.000259934,0.0271949,0.000241079,4.29244e-05,-4.1861e-05,5.4993e-05,3.65203e-05,-0.00051944,0.000241079,0.0466129,
0.00363114,-0.000965015,-0.00113172,-0.000303738,-0.00164641,0.000566652,4.34527e-05,-0.000965015,0.00160603,-0.00101452,-0.000426525,0.000828603,-1.86098e-06,-4.23662e-05,-0.00113172,-0.00101452,0.00345106,0.000538351,-0.00137002,0.000605357,5.53018e-05,-0.000303738,-0.000426525,0.000538351,0.00204244,-0.00131567,-0.00210843,3.63644e-05,-0.00164641,0.000828603,-0.00137002,-0.00131567,0.0290556,0.000260378,-0.000515644,0.000566652,-1.86101e-06,0.000605357,-0.00210843,0.000260378,0.0271869,0.000242545,4.34527e-05,-4.23662e-05,5.53018e-05,3.63644e-05,-0.000515644,0.000242545,0.0466128,
0.00363054,-0.000964742,-0.00113817,-0.000293344,-0.0016441,0.000563325,4.39734e-05,-0.000964742,0.00160773,-0.00101197,-0.000432046,0.000826021,-2.18808e-06,-4.28683e-05,-0.00113817,-0.00101197,0.00344882,0.000538325,-0.00136989,0.000598389,5.56039e-05,-0.000293344,-0.000432046,0.000538325,0.00204275,-0.00131764,-0.00210572,3.62123e-05,-0.0016441,0.000826021,-0.00136989,-0.00131764,0.0290351,0.000260881,-0.000511863,0.000563325,-2.18808e-06,0.000598389,-0.00210572,0.000260881,0.0271789,0.000244003,4.39734e-05,-4.28684e-05,5.56039e-05,3.62123e-05,-0.000511863,0.000244003,0.0466126,
0.00362984,-0.00096441,-0.00114459,-0.000283009,-0.00164174,0.000559928,4.44865e-05,-0.00096441,0.00160938,-0.00100942,-0.000437542,0.000823432,-2.44693e-06,-4.33676e-05,-0.00114459,-0.00100942,0.00344663,0.000538255,-0.00136977,0.000591453,5.58993e-05,-0.000283009,-0.000437542,0.000538255,0.00204313,-0.00131954,-0.00210301,3.60641e-05,-0.00164174,0.000823432,-0.00136977,-0.00131954,0.0290147,0.000261441,-0.000508097,0.000559928,-2.44693e-06,0.000591453,-0.00210301,0.000261441,0.027171,0.000245452,4.44865e-05,-4.33675e-05,5.58994e-05,3.60641e-05,-0.000508097,0.000245452,0.0466124,
0.00362902,-0.000964018,-0.00115097,-0.000272733,-0.00163934,0.000556462,4.49919e-05,-0.000964018,0.00161099,-0.00100686,-0.000443015,0.000820838,-2.6385e-06,-4.38638e-05,-0.00115097,-0.00100686,0.00344448,0.000538141,-0.00136965,0.000584549,5.61883e-05,-0.000272733,-0.000443015,0.000538141,0.00204356,-0.00132139,-0.0021003,3.59195e-05,-0.00163934,0.000820838,-0.00136965,-0.00132139,0.0289944,0.000262057,-0.000504345,0.000556462,-2.63845e-06,0.000584549,-0.0021003,0.000262057,0.027163,0.000246893,4.49919e-05,-4.38638e-05,5.61883e-05,3.59195e-05,-0.000504345,0.000246893,0.0466122,
0.00362809,-0.000963568,-0.00115732,-0.000262517,-0.00163689,0.00055293,4.54897e-05,-0.000963568,0.00161256,-0.00100431,-0.000448462,0.000818239,-2.76371e-06,-4.43569e-05,-0.00115732,-0.00100431,0.00344237,0.000537984,-0.00136955,0.000577678,5.64708e-05,-0.000262517,-0.000448462,0.000537984,0.00204406,-0.00132317,-0.00209761,3.57787e-05,-0.00163689,0.000818239,-0.00136955,-0.00132317,0.0289743,0.000262729,-0.000500607,0.00055293,-2.76368e-06,0.000577678,-0.00209761,0.000262729,0.0271551,0.000248324,4.54897e-05,-4.4357e-05,5.64708e-05,3.57786e-05,-0.000500607,0.000248324,0.046612,
0.00362706,-0.00096306,-0.00116363,-0.000252363,-0.0016344,0.000549331,4.59799e-05,-0.00096306,0.00161409,-0.00100176,-0.000453885,0.000815635,-2.8236e-06,-4.4847e-05,-0.00116363,-0.00100176,0.0034403,0.000537784,-0.00136946,0.00057084,5.67471e-05,-0.000252363,-0.000453885,0.000537784,0.00204461,-0.0013249,-0.00209492,3.56413e-05,-0.0016344,0.000815635,-0.00136946,-0.0013249,0.0289542,0.000263454,-0.000496883,0.000549331,-2.82357e-06,0.00057084,-0.00209492,0.000263454,0.0271471,0.000249747,4.59799e-05,-4.4847e-05,5.67471e-05,3.56413e-05,-0.000496883,0.000249747,0.0466119,
0.00362592,-0.000962496,-0.00116991,-0.000242271,-0.00163188,0.000545669,4.64625e-05,-0.000962496,0.00161558,-0.00099922,-0.000459281,0.000813026,-2.81908e-06,-4.53339e-05,-0.00116991,-0.00099922,0.00343827,0.000537542,-0.00136938,0.000564036,5.70171e-05,-0.000242271,-0.000459281,0.000537542,0.00204523,-0.00132657,-0.00209224,3.55074e-05,-0.00163188,0.000813026,-0.00136938,-0.00132657,0.0289342,0.000264231,-0.000493173,0.000545669,-2.81913e-06,0.000564036,-0.00209224,0.000264231,0.0271392,0.000251161,4.64624e-05,-4.53339e-05,5.70171e-05,3.55074e-05,-0.000493173,0.000251161,0.0466117,
0.00362467,-0.000961875,-0.00117615,-0.000232242,-0.00162931,0.000541943,4.69374e-05,-0.000961875,0.00161703,-0.000996679,-0.00046465,0.000810413,-2.75122e-06,-4.58177e-05,-0.00117615,-0.000996679,0.00343627,0.000537259,-0.0013693,0.000557266,5.72812e-05,-0.000232242,-0.00046465,0.000537259,0.0020459,-0.00132818,-0.00208957,3.5377e-05,-0.00162931,0.000810414,-0.0013693,-0.00132818,0.0289143,0.000265059,-0.000489476,0.000541943,-2.75124e-06,0.000557266,-0.00208957,0.000265059,0.0271313,0.000252565,4.69374e-05,-4.58177e-05,5.72811e-05,3.53769e-05,-0.000489476,0.000252565,0.0466115,
0.00362333,-0.000961198,-0.00118235,-0.000222277,-0.0016267,0.000538156,4.74048e-05,-0.000961198,0.00161844,-0.000994142,-0.000469993,0.000807797,-2.6209e-06,-4.62982e-05,-0.00118235,-0.000994142,0.00343432,0.000536935,-0.00136924,0.000550532,5.75392e-05,-0.000222277,-0.000469993,0.000536935,0.00204663,-0.00132973,-0.00208691,3.52498e-05,-0.0016267,0.000807797,-0.00136924,-0.00132973,0.0288945,0.000265938,-0.000485792,0.000538156,-2.6209e-06,0.000550532,-0.00208691,0.000265938,0.0271233,0.000253961,4.74047e-05,-4.62982e-05,5.75392e-05,3.52498e-05,-0.000485792,0.000253961,0.0466113,
0.00362188,-0.000960467,-0.00118852,-0.000212377,-0.00162406,0.000534309,4.78645e-05,-0.000960467,0.00161981,-0.00099161,-0.000475308,0.000805177,-2.42917e-06,-4.67756e-05,-0.00118852,-0.00099161,0.00343241,0.000536571,-0.00136919,0.000543833,5.77914e-05,-0.000212377,-0.000475308,0.000536571,0.00204742,-0.00133123,-0.00208426,3.5126e-05,-0.00162406,0.000805177,-0.00136919,-0.00133123,0.0288749,0.000266865,-0.00048212,0.000534309,-2.42917e-06,0.000543833,-0.00208426,0.000266865,0.0271155,0.000255347,4.78645e-05,-4.67756e-05,5.77914e-05,3.5126e-05,-0.00048212,0.000255347,0.0466112,
0.00362034,-0.000959682,-0.00119465,-0.000202542,-0.00162138,0.000530404,4.83167e-05,-0.000959682,0.00162114,-0.000989082,-0.000480595,0.000802554,-2.17701e-06,-4.72497e-05,-0.00119465,-0.000989082,0.00343053,0.000536167,-0.00136914,0.000537169,5.80378e-05,-0.000202542,-0.000480595,0.000536167,0.00204826,-0.00133267,-0.00208162,3.50053e-05,-0.00162138,0.000802554,-0.00136914,-0.00133267,0.0288553,0.000267839,-0.000478461,0.000530404,-2.17698e-06,0.000537169,-0.00208162,0.000267839,0.0271076,0.000256723,4.83166e-05,-4.72497e-05,5.80378e-05,3.50053e-05,-0.000478461,0.000256723,0.046611,
0.0036187,-0.000958844,-0.00120075,-0.000192773,-0.00161866,0.000526442,4.87612e-05,-0.000958844,0.00162243,-0.000986561,-0.000485854,0.000799929,-1.86537e-06,-4.77205e-05,-0.00120075,-0.000986561,0.0034287,0.000535724,-0.00136911,0.000530542,5.82786e-05,-0.000192773,-0.000485854,0.000535724,0.00204916,-0.00133405,-0.002079,3.48877e-05,-0.00161866,0.000799929,-0.00136911,-0.00133405,0.0288358,0.00026886,-0.000474815,0.000526442,-1.8654e-06,0.000530542,-0.002079,0.00026886,0.0270997,0.00025809,4.87613e-05,-4.77204e-05,5.82787e-05,3.48878e-05,-0.000474815,0.00025809,0.0466108,
0.00361696,-0.000957953,-0.0012068,-0.00018307,-0.00161591,0.000522424,4.91983e-05,-0.000957953,0.00162368,-0.000984045,-0.000491083,0.000797301,-1.49528e-06,-4.8188e-05,-0.0012068,-0.000984045,0.0034269,0.000535243,-0.00136909,0.000523951,5.85138e-05,-0.00018307,-0.000491083,0.000535243,0.00205011,-0.00133538,-0.00207639,3.47732e-05,-0.00161591,0.0007973,-0.00136909,-0.00133538,0.0288165,0.000269926,-0.000471181,0.000522424,-1.4953e-06,0.000523951,-0.00207639,0.000269926,0.0270918,0.000259448,4.91983e-05,-4.8188e-05,5.85139e-05,3.47732e-05,-0.000471181,0.000259448,0.0466106,
0.00361513,-0.000957011,-0.00121282,-0.000173435,-0.00161313,0.000518352,4.96277e-05,-0.000957011,0.0016249,-0.000981535,-0.000496284,0.00079467,-1.06767e-06,-4.86521e-05,-0.00121282,-0.000981535,0.00342513,0.000534725,-0.00136907,0.000517398,5.87436e-05,-0.000173435,-0.000496284,0.000534725,0.00205111,-0.00133665,-0.0020738,3.46616e-05,-0.00161313,0.00079467,-0.00136907,-0.00133665,0.0287972,0.000271036,-0.000467558,0.000518351,-1.0677e-06,0.000517398,-0.0020738,0.000271036,0.027084,0.000260796,4.96277e-05,-4.86521e-05,5.87436e-05,3.46616e-05,-0.000467558,0.000260796,0.0466105,
0.00361321,-0.000956018,-0.00121879,-0.000163868,-0.00161031,0.000514227,5.00496e-05,-0.000956018,0.00162607,-0.000979032,-0.000501454,0.000792039,-5.83561e-07,-4.91129e-05,-0.00121879,-0.000979032,0.0034234,0.000534169,-0.00136907,0.000510882,5.89681e-05,-0.000163868,-0.000501454,0.000534169,0.00205216,-0.00133786,-0.00207122,3.45528e-05,-0.00161031,0.000792039,-0.00136907,-0.00133786,0.028778,0.000272189,-0.000463948,0.000514227,-5.83589e-07,0.000510882,-0.00207122,0.000272189,0.0270762,0.000262134,5.00496e-05,-4.91129e-05,5.89681e-05,3.45529e-05,-0.000463948,0.000262134,0.0466103,
0.00361119,-0.000954976,-0.00122473,-0.000154369,-0.00160746,0.000510051,5.0464e-05,-0.000954976,0.00162721,-0.000976537,-0.000506594,0.000789406,-4.39371e-08,-4.95703e-05,-0.00122473,-0.000976537,0.00342171,0.000533577,-0.00136908,0.000504404,5.91872e-05,-0.000154369,-0.000506594,0.000533577,0.00205326,-0.00133902,-0.00206866,3.44469e-05,-0.00160746,0.000789406,-0.00136908,-0.00133902,0.028759,0.000273384,-0.00046035,0.000510051,-4.39648e-08,0.000504404,-0.00206866,0.000273384,0.0270684,0.000263463,5.0464e-05,-4.95703e-05,5.91872e-05,3.44469e-05,-0.00046035,0.000263463,0.0466101,
0.00360909,-0.000953884,-0.00123062,-0.000144939,-0.00160458,0.000505825,5.08709e-05,-0.000953884,0.00162832,-0.000974049,-0.000511703,0.000786772,5.50254e-07,-5.00243e-05,-0.00123062,-0.000974049,0.00342005,0.00053295,-0.0013691,0.000497963,5.94012e-05,-0.000144939,-0.000511703,0.00053295,0.00205441,-0.00134012,-0.00206612,3.43437e-05,-0.00160458,0.000786772,-0.0013691,-0.00134012,0.02874,0.000274619,-0.000456763,0.000505825,5.50282e-07,0.000497963,-0.00206612,0.000274619,0.0270606,0.000264782,5.08709e-05,-5.00244e-05,5.94012e-05,3.43437e-05,-0.000456763,0.000264782,0.04661,
0.00360691,-0.000952744,-0.00123648,-0.000135579,-0.00160168,0.00050155,5.12703e-05,-0.000952744,0.00162939,-0.000971569,-0.000516782,0.000784137,1.19799e-06,-5.0475e-05,-0.00123648,-0.000971569,0.00341843,0.000532287,-0.00136912,0.000491562,5.96102e-05,-0.000135579,-0.000516782,0.000532287,0.00205561,-0.00134117,-0.00206359,3.42432e-05,-0.00160168,0.000784137,-0.00136912,-0.00134117,0.0287211,0.000275894,-0.000453187,0.00050155,1.19799e-06,0.000491562,-0.00206359,0.000275894,0.0270528,0.000266091,5.12702e-05,-5.0475e-05,5.96101e-05,3.42432e-05,-0.000453187,0.000266091,0.0466098,
0.00360463,-0.000951556,-0.00124229,-0.000126288,-0.00159874,0.000497229,5.16622e-05,-0.000951556,0.00163042,-0.000969098,-0.000521829,0.000781502,1.89837e-06,-5.09221e-05,-0.00124229,-0.000969098,0.00341684,0.00053159,-0.00136916,0.000485198,5.98141e-05,-0.000126288,-0.000521829,0.00053159,0.00205686,-0.00134216,-0.00206108,3.41452e-05,-0.00159874,0.000781502,-0.00136916,-0.00134216,0.0287024,0.000277207,-0.000449623,0.000497229,1.89837e-06,0.000485198,-0.00206108,0.000277207,0.0270451,0.000267391,5.16622e-05,-5.09221e-05,5.9814e-05,3.41452e-05,-0.000449623,0.000267391,0.0466097,
0.00360228,-0.000950322,-0.00124807,-0.000117068,-0.00159578,0.000492862,5.20467e-05,-0.000950322,0.00163142,-0.000966635,-0.000526844,0.000778866,2.65038e-06,-5.13658e-05,-0.00124807,-0.000966635,0.00341529,0.000530859,-0.00136921,0.000478874,6.00131e-05,-0.000117068,-0.000526844,0.000530859,0.00205815,-0.0013431,-0.00205859,3.40497e-05,-0.00159578,0.000778866,-0.00136921,-0.0013431,0.0286837,0.000278558,-0.00044607,0.000492862,2.65038e-06,0.000478874,-0.00205859,0.000278558,0.0270373,0.000268681,5.20467e-05,-5.13658e-05,6.00131e-05,3.40498e-05,-0.00044607,0.000268681,0.0466095,
0.00359984,-0.000949042,-0.0012538,-0.000107919,-0.00159279,0.00048845,5.24237e-05,-0.000949042,0.00163238,-0.000964181,-0.000531827,0.000776232,3.45307e-06,-5.18061e-05,-0.0012538,-0.000964181,0.00341377,0.000530096,-0.00136927,0.000472589,6.02073e-05,-0.000107919,-0.000531827,0.000530096,0.00205948,-0.00134399,-0.00205612,3.39567e-05,-0.00159279,0.000776232,-0.00136927,-0.00134399,0.0286651,0.000279946,-0.000442528,0.00048845,3.45307e-06,0.000472589,-0.00205612,0.000279946,0.0270296,0.000269961,5.24237e-05,-5.18061e-05,6.02073e-05,3.39567e-05,-0.000442528,0.000269961,0.0466093,
0.00359732,-0.000947717,-0.00125949,-9.88413e-05,-0.00158977,0.000483996,5.27934e-05,-0.000947717,0.00163331,-0.000961737,-0.000536777,0.000773597,4.30547e-06,-5.22428e-05,-0.00125949,-0.000961737,0.00341228,0.000529299,-0.00136935,0.000466343,6.03969e-05,-9.88413e-05,-0.000536777,0.000529299,0.00206086,-0.00134482,-0.00205367,3.3866e-05,-0.00158977,0.000773597,-0.00136935,-0.00134482,0.0286466,0.000281368,-0.000438997,0.000483996,4.30544e-06,0.000466343,-0.00205367,0.000281368,0.0270219,0.000271231,5.27934e-05,-5.22428e-05,6.03969e-05,3.3866e-05,-0.000438998,0.000271231,0.0466092,
0.00359472,-0.000946347,-0.00126514,-8.9835e-05,-0.00158674,0.0004795,5.31557e-05,-0.000946347,0.0016342,-0.000959303,-0.000541695,0.000770964,5.20661e-06,-5.26761e-05,-0.00126514,-0.000959303,0.00341082,0.000528471,-0.00136943,0.000460137,6.05817e-05,-8.9835e-05,-0.000541695,0.000528471,0.00206229,-0.0013456,-0.00205124,3.37776e-05,-0.00158674,0.000770964,-0.00136943,-0.0013456,0.0286283,0.000282825,-0.000435478,0.0004795,5.20661e-06,0.000460137,-0.00205124,0.000282825,0.0270143,0.000272492,5.31557e-05,-5.2676e-05,6.05818e-05,3.37776e-05,-0.000435478,0.000272492,0.046609,
0.00359205,-0.000944935,-0.00127075,-8.09007e-05,-0.00158367,0.000474964,5.35107e-05,-0.000944935,0.00163506,-0.000956879,-0.00054658,0.000768332,6.1556e-06,-5.31058e-05,-0.00127075,-0.000956879,0.0034094,0.000527612,-0.00136952,0.000453971,6.07621e-05,-8.09007e-05,-0.00054658,0.000527612,0.00206375,-0.00134633,-0.00204883,3.36914e-05,-0.00158367,0.000768332,-0.00136952,-0.00134633,0.02861,0.000284316,-0.000431968,0.000474964,6.15563e-06,0.000453971,-0.00204883,0.000284316,0.0270066,0.000273743,5.35107e-05,-5.31058e-05,6.07621e-05,3.36914e-05,-0.000431968,0.000273743,0.0466089,
0.0035893,-0.000943479,-0.00127631,-7.20385e-05,-0.00158059,0.00047039,5.38583e-05,-0.000943479,0.00163589,-0.000954465,-0.000551432,0.000765702,7.15142e-06,-5.35321e-05,-0.00127631,-0.000954465,0.003408,0.000526722,-0.00136962,0.000447845,6.09379e-05,-7.20385e-05,-0.000551432,0.000526722,0.00206526,-0.00134701,-0.00204643,3.36073e-05,-0.00158059,0.000765702,-0.00136962,-0.00134701,0.0285918,0.000285839,-0.00042847,0.00047039,7.15139e-06,0.000447845,-0.00204643,0.000285839,0.026999,0.000274984,5.38583e-05,-5.35321e-05,6.0938e-05,3.36073e-05,-0.00042847,0.000274984,0.0466087,
0.00358647,-0.000941982,-0.00128183,-6.32489e-05,-0.00157748,0.000465778,5.41987e-05,-0.000941982,0.00163669,-0.000952062,-0.00055625,0.000763073,8.1932e-06,-5.39548e-05,-0.00128183,-0.000952062,0.00340664,0.000525803,-0.00136973,0.000441759,6.11095e-05,-6.32489e-05,-0.00055625,0.000525803,0.0020668,-0.00134763,-0.00204407,3.35253e-05,-0.00157748,0.000763073,-0.00136973,-0.00134763,0.0285738,0.000287393,-0.000424982,0.000465778,8.19317e-06,0.000441759,-0.00204407,0.000287393,0.0269914,0.000276215,5.41987e-05,-5.39548e-05,6.11095e-05,3.35253e-05,-0.000424982,0.000276215,0.0466086,
0.00358358,-0.000940444,-0.00128731,-5.4532e-05,-0.00157435,0.000461129,5.45318e-05,-0.000940444,0.00163745,-0.000949669,-0.000561035,0.000760447,9.27994e-06,-5.4374e-05,-0.00128731,-0.000949669,0.00340531,0.000524854,-0.00136986,0.000435713,6.12767e-05,-5.45319e-05,-0.000561035,0.000524854,0.00206839,-0.00134821,-0.00204172,3.34453e-05,-0.00157435,0.000760447,-0.00136986,-0.00134821,0.0285558,0.000288977,-0.000421505,0.000461129,9.27991e-06,0.000435713,-0.00204172,0.000288977,0.0269838,0.000277437,5.45318e-05,-5.4374e-05,6.12767e-05,3.34453e-05,-0.000421505,0.000277437,0.0466084,
0.00358062,-0.000938866,-0.00129274,-4.5888e-05,-0.00157121,0.000456446,5.48578e-05,-0.000938866,0.00163818,-0.000947289,-0.000565785,0.000757823,1.04108e-05,-5.47896e-05,-0.00129274,-0.000947289,0.003404,0.000523877,-0.00136999,0.000429707,6.14397e-05,-4.5888e-05,-0.000565785,0.000523877,0.00207001,-0.00134873,-0.00203939,3.33672e-05,-0.00157121,0.000757823,-0.00136999,-0.00134873,0.0285379,0.000290592,-0.000418038,0.000456446,1.04107e-05,0.000429707,-0.00203939,0.000290592,0.0269763,0.000278649,5.48578e-05,-5.47896e-05,6.14397e-05,3.33673e-05,-0.000418038,0.000278649,0.0466083,
0.00357758,-0.000937249,-0.00129813,-3.73172e-05,-0.00156804,0.00045173,5.51765e-05,-0.000937249,0.00163888,-0.000944919,-0.000570501,0.000755202,1.15847e-05,-5.52017e-05,-0.00129813,-0.000944919,0.00340273,0.000522871,-0.00137014,0.000423743,6.15985e-05,-3.73172e-05,-0.000570501,0.000522871,0.00207167,-0.0013492,-0.00203709,3.3291e-05,-0.00156804,0.000755202,-0.00137014,-0.0013492,0.0285201,0.000292234,-0.000414582,0.00045173,1.15847e-05,0.000423743,-0.00203709,0.000292234,0.0269688,0.000279851,5.51765e-05,-5.52017e-05,6.15985e-05,3.3291e-05,-0.000414582,0.000279851,0.0466081,
