0.00189321,0.000365024,-0.00096671,-0.00117098,0.000446523,0.00096645,-6.99469e-05,0.000365024,0.0015741,0.00123526,-0.00066859,-0.000715813,0.000321208,-0.000114238,-0.00096671,0.00123526,0.00342548,0.000318366,-0.000315401,0.000829149,-0.000145145,-0.00117098,-0.00066859,0.000318366,0.00265962,0.000576469,0.00212079,3.00747e-05,0.000446523,-0.000715813,-0.000315401,0.000576469,0.0320695,0.00136743,-0.00130337,0.00096645,0.000321208,0.000829149,0.00212079,0.00136743,0.0299155,0.000148877,-6.99469e-05,-0.000114238,-0.000145145,3.00747e-05,-0.00130337,0.000148877,0.0466781,
0.00189177,0,-0.000963981,0,0.000447087,0.000969738,-7.00921e-05,0.000364797,0,0.00123594,0,-0.000719662,0.000320022,-0.000113898,-0.000963981,0,0.00342747,0,-0.000314559,0.000833728,-0.000145421,-0.00117237,0,0.000318323,0,0.000571529,0.00211547,3.06632e-05,0.000447087,0,-0.000314559,0,0.0320515,0.00136682,-0.0012987,0.000969738,0,0.000833728,0,0.00136682,0.029921,0.00015005,-7.00921e-05,0,-0.000145421,0,-0.0012987,0.00015005,0.0466778,
0.00189099,0,-0.000960357,0,0.000447623,0.00097412,-7.03101e-05,0.000365126,0,0.00123687,0,-0.000724897,0.000318852,-0.000113475,-0.000960357,0,0.00343045,0,-0.00031338,0.000837604,-0.00014574,-0.00117436,0,0.000318205,0,0.000565438,0.00210984,3.13783e-05,0.000447623,0,-0.00031338,0,0.0320245,0.00136519,-0.00129194,0.00097412,0,0.000837604,0,0.00136519,0.0299272,0.000151443,-7.03101e-05,0,-0.00014574,0,-0.00129194,0.000151443,0.0466772,
0.00189111,0,-0.000956508,0,0.000448005,0.000979372,-7.05984e-05,0.00036593,0,0.0012378,0,-0.000731005,0.000317594,-0.000113009,-0.000956508,0,0.00343403,0,-0.000311986,0.000841818,-0.00014606,-0.00117659,0,0.000318063,0,0.000558633,0.00210359,3.21844e-05,0.000448005,0,-0.000311986,0,0.0319933,0.00136302,-0.00128419,0.000979372,0,0.000841818,0,0.00136302,0.0299339,0.000152996,-7.05984e-05,0,-0.000146059,0,-0.00128419,0.000152996,0.0466765,
0.00189205,0,-0.000952691,-0.00117891,0.000447994,0.000984591,-7.0945e-05,0.000367155,0,0.00123869,-0.00066615,-0.000737021,0.000316172,-0.000112575,-0.000952691,0,0.00343783,0.00031796,-0.000311092,0.000845693,-0.000146358,-0.00117891,0,0.00031796,0.00266454,0.000552361,0.00209778,3.29371e-05,0.000447994,0,-0.000311092,0.000552361,0.031964,0.00136085,-0.00127696,0.000984591,0,0.000845693,0.00209778,0.00136085,0.0299401,0.00015458,-7.0945e-05,0,-0.000146358,3.2937e-05,-0.00127696,0.00015458,0.0466759,
0.00189383,0,-0.000948998,-0.00118124,0.000447722,0.000990159,-7.1341e-05,0.000368744,0,0.00123954,-0.000665128,-0.000743341,0.00031475,-0.000112151,-0.000948998,0,0.00344164,0.000317939,-0.000310041,0.000849711,-0.000146627,-0.00118124,0,0.000317939,0.00266485,0.00054598,0.00209186,3.37032e-05,0.000447722,0,-0.000310041,0.00054598,0.0319337,0.0013585,-0.00126955,0.000990159,0,0.000849711,0.00209186,0.0013585,0.0299464,0.000156236,-7.1341e-05,0,-0.000146626,3.37032e-05,-0.00126955,0.000156236,0.0466752,
0.00189637,0,-0.000945426,-0.00118354,0.000447179,0.000995918,-7.17787e-05,0.000370658,0,0.00124034,-0.000663942,-0.000749828,0.00031335,-0.000111745,-0.000945426,0,0.00344537,0.000318007,-0.000308908,0.00085365,-0.000146866,-0.00118354,0,0.000318007,0.00266467,0.000539649,0.00208606,3.44629e-05,0.000447179,0,-0.000308908,0.000539649,0.0319031,0.00135603,-0.00126207,0.000995918,0,0.00085365,0.00208606,0.00135603,0.0299525,0.000157943,-7.17787e-05,0,-0.000146866,3.44628e-05,-0.00126207,0.000157943,0.0466745,
0.00189958,0,-0.000942237,-0.00118573,0.000446507,0.00100182,-7.2239e-05,0.0003728,0,0.00124099,-0.000662837,-0.000756301,0.000312017,-0.000111351,-0.000942237,0,0.0034492,0.00031803,-0.000307754,0.000857647,-0.000147076,-0.00118573,0,0.00031803,0.00266409,0.00053344,0.00208028,3.52219e-05,0.000446507,0,-0.000307754,0.00053344,0.0318725,0.00135346,-0.00125466,0.00100182,0,0.000857647,0.00208028,0.00135346,0.0299585,0.000159677,-7.2239e-05,0,-0.000147076,3.52219e-05,-0.00125466,0.000159677,0.0466738,
0.00190337,0,-0.000939418,-0.0011878,0.000445733,0.00100783,-7.27153e-05,0.000375128,0,0.00124147,-0.000661835,-0.000762727,0.000310751,-0.000110967,-0.000939418,0,0.00345312,0.000317993,-0.000306601,0.000861681,-0.000147258,-0.0011878,0,0.000317993,0.00266316,0.000527363,0.00207455,3.59797e-05,0.000445733,0,-0.000306601,0.000527363,0.0318421,0.00135081,-0.00124731,0.00100783,0,0.000861681,0.00207455,0.00135081,0.0299644,0.000161431,-7.27153e-05,0,-0.000147258,3.59797e-05,-0.00124731,0.000161431,0.0466731,
0.00190765,0,-0.000936912,-0.00118977,0.000444863,0.00101392,-7.32046e-05,0.000377612,0,0.00124181,-0.000660917,-0.000769107,0.000309532,-0.000110591,-0.000936912,0,0.00345712,0.000317907,-0.000305469,0.000865752,-0.000147416,-0.00118977,0,0.000317907,0.00266194,0.000521403,0.00206884,3.67353e-05,0.000444863,0,-0.000305469,0.000521403,0.031812,0.00134809,-0.00124004,0.00101392,0,0.000865752,0.00206884,0.00134809,0.0299701,0.000163194,-7.32045e-05,0,-0.000147416,3.67354e-05,-0.00124004,0.000163194,0.0466724,
0.00191235,0,-0.000934673,-0.00119164,0.000443903,0.00102008,-7.37033e-05,0.000380228,0,0.00124204,-0.000660071,-0.000775445,0.000308352,-0.000110222,-0.000934673,0,0.00346119,0.000317776,-0.000304365,0.000869839,-0.000147552,-0.00119164,0,0.000317776,0.00266047,0.000515548,0.00206317,3.74887e-05,0.000443903,0,-0.000304365,0.000515548,0.031782,0.0013453,-0.00123282,0.00102008,0,0.000869839,0.00206317,0.0013453,0.0299756,0.000164963,-7.37034e-05,0,-0.000147552,3.74887e-05,-0.00123282,0.000164963,0.0466717,
0.00191742,0,-0.000932662,-0.00119344,0.000442857,0.00102627,-7.42094e-05,0.000382953,0,0.00124217,-0.000659285,-0.000781741,0.0003072,-0.000109859,-0.000932662,0,0.00346531,0.000317605,-0.000303296,0.000873938,-0.000147669,-0.00119344,0,0.000317605,0.00265878,0.000509786,0.00205754,3.82392e-05,0.000442857,0,-0.000303296,0.000509785,0.0317522,0.00134245,-0.00122566,0.00102627,0,0.000873938,0.00205754,0.00134245,0.029981,0.000166734,-7.42093e-05,0,-0.000147669,3.82392e-05,-0.00122566,0.000166734,0.0466711,
0.0019228,0,-0.000930845,-0.00119516,0.00044173,0.0010325,-7.47203e-05,0.000385771,0,0.00124221,-0.000658548,-0.000788001,0.000306069,-0.000109501,-0.000930845,0,0.00346946,0.000317398,-0.000302269,0.000878037,-0.000147767,-0.00119516,0,0.000317398,0.00265691,0.000504106,0.00205193,3.89867e-05,0.00044173,0,-0.000302269,0.000504106,0.0317226,0.00133953,-0.00121854,0.0010325,0,0.000878037,0.00205193,0.00133953,0.0299861,0.000168502,-7.47203e-05,0,-0.000147768,3.89867e-05,-0.00121854,0.000168502,0.0466704,
0.00192839,0.000388657,-0.000929106,-0.00119686,0.000440508,0.00103872,-7.52347e-05,0.000388657,0.00155413,0.0012422,-0.000657809,-0.000794254,0.000304923,-0.000109144,-0.000929106,0.0012422,0.00347364,0.000317179,-0.000301311,0.000882099,-0.000147853,-0.00119686,-0.000657809,0.000317179,0.00265492,0.000498484,0.00204637,3.97296e-05,0.000440508,-0.000794254,-0.000301311,0.000498484,0.0316931,0.00133655,-0.00121146,0.00103872,0.000304923,0.000882099,0.00204637,0.00133655,0.0299912,0.000170267,-7.52347e-05,-0.000109144,-0.000147853,3.97297e-05,-0.00121146,0.000170267,0.0466697,
0.00193411,0.000391584,-0.000927374,-0.00119856,0.000439189,0.00104492,-7.57495e-05,0.000391584,0.00155297,0.00124219,-0.00065704,-0.000800515,0.000303744,-0.000108788,-0.000927374,0.00124219,0.00347781,0.00031696,-0.000300433,0.000886098,-0.000147929,-0.00119856,-0.00065704,0.00031696,0.00265286,0.000492902,0.00204085,4.04669e-05,0.000439189,-0.000800515,-0.000300433,0.000492902,0.0316638,0.00133351,-0.00120439,0.00104492,0.000303744,0.000886098,0.00204085,0.00133351,0.029996,0.000172027,-7.57495e-05,-0.000108788,-0.000147929,4.04669e-05,-0.00120439,0.000172027,0.0466691,
0.00193991,0.000394533,-0.000925654,-0.00120024,0.000437788,0.00105109,-7.62616e-05,0.000394533,0.00155182,0.00124215,-0.000656249,-0.000806774,0.000302537,-0.000108432,-0.000925654,0.00124215,0.00348197,0.00031674,-0.000299624,0.00089004,-0.000147995,-0.00120024,-0.000656249,0.00031674,0.00265076,0.000487353,0.00203536,4.1199e-05,0.000437788,-0.000806773,-0.000299624,0.000487353,0.0316345,0.00133043,-0.00119733,0.00105109,0.000302537,0.00089004,0.00203536,0.00133043,0.0300007,0.000173777,-7.62616e-05,-0.000108432,-0.000147995,4.1199e-05,-0.00119733,0.000173777,0.0466684,
0.00194578,0.000397491,-0.000923943,-0.00120191,0.000436312,0.00105721,-7.67693e-05,0.000397491,0.00155068,0.00124211,-0.000655439,-0.000813026,0.000301303,-0.000108075,-0.000923942,0.00124211,0.00348611,0.000316517,-0.000298882,0.000893929,-0.000148052,-0.00120191,-0.000655439,0.000316517,0.00264862,0.000481832,0.00202991,4.19261e-05,0.000436312,-0.000813026,-0.000298882,0.000481832,0.0316054,0.00132729,-0.00119028,0.00105721,0.000301303,0.000893929,0.00202991,0.00132729,0.0300051,0.000175518,-7.67692e-05,-0.000108075,-0.000148052,4.19261e-05,-0.00119028,0.000175518,0.0466678,
0.00195169,0.000400449,-0.000922239,-0.00120356,0.000434766,0.00106329,-7.72712e-05,0.000400449,0.00154954,0.00124205,-0.000654614,-0.000819268,0.000300043,-0.000107717,-0.000922239,0.00124205,0.00349023,0.000316289,-0.000298204,0.000897767,-0.0001481,-0.00120356,-0.000654614,0.000316289,0.00264646,0.000476336,0.00202448,4.26484e-05,0.000434767,-0.000819268,-0.000298204,0.000476336,0.0315763,0.0013241,-0.00118323,0.00106329,0.000300043,0.000897767,0.00202448,0.0013241,0.0300094,0.000177247,-7.72712e-05,-0.000107717,-0.0001481,4.26484e-05,-0.00118323,0.000177247,0.0466671,
0.00195764,0.000403403,-0.000920541,-0.00120521,0.000433156,0.00106931,-7.77667e-05,0.000403403,0.00154841,0.00124198,-0.000653775,-0.000825499,0.000298758,-0.000107358,-0.000920541,0.00124198,0.00349432,0.000316056,-0.000297589,0.000901555,-0.000148139,-0.00120521,-0.000653775,0.000316056,0.00264428,0.000470865,0.00201908,4.33658e-05,0.000433156,-0.000825499,-0.000297589,0.000470865,0.0315474,0.00132087,-0.0011762,0.00106931,0.000298758,0.000901555,0.00201908,0.00132087,0.0300136,0.000178966,-7.77667e-05,-0.000107358,-0.000148139,4.33658e-05,-0.0011762,0.000178966,0.0466665,
0.00196361,0.00040635,-0.000918849,-0.00120683,0.000431482,0.00107528,-7.82554e-05,0.00040635,0.00154727,0.0012419,-0.000652923,-0.000831716,0.000297448,-0.000106998,-0.000918849,0.0012419,0.00349839,0.000315818,-0.000297037,0.000905295,-0.00014817,-0.00120683,-0.000652923,0.000315818,0.00264209,0.000465416,0.00201371,4.40784e-05,0.000431482,-0.000831716,-0.000297037,0.000465416,0.0315186,0.00131759,-0.00116918,0.00107528,0.000297448,0.000905295,0.00201371,0.00131759,0.0300175,0.000180674,-7.82554e-05,-0.000106998,-0.00014817,4.40784e-05,-0.00116918,0.000180674,0.0466659,
0.0019696,0.000409286,-0.000917162,-0.00120845,0.000429748,0.0010812,-7.8737e-05,0.000409286,0.00154614,0.00124181,-0.000652061,-0.000837919,0.000296113,-0.000106636,-0.000917162,0.00124181,0.00350245,0.000315575,-0.000296546,0.000908988,-0.000148192,-0.00120845,-0.000652061,0.000315575,0.00263988,0.000459989,0.00200836,4.47861e-05,0.000429748,-0.000837919,-0.000296546,0.000459989,0.0314898,0.00131427,-0.00116216,0.0010812,0.000296114,0.000908988,0.00200836,0.00131427,0.0300213,0.000182373,-7.8737e-05,-0.000106636,-0.000148192,4.4786e-05,-0.00116216,0.000182373,0.0466652,
0.0019756,0.00041221,-0.00091548,-0.00121005,0.000427954,0.00108705,-7.92111e-05,0.00041221,0.00154501,0.00124171,-0.000651188,-0.000844107,0.000294755,-0.000106273,-0.00091548,0.00124171,0.00350647,0.000315325,-0.000296116,0.000912635,-0.000148206,-0.00121005,-0.000651188,0.000315325,0.00263766,0.000454583,0.00200303,4.54889e-05,0.000427954,-0.000844107,-0.000296116,0.000454583,0.0314612,0.00131091,-0.00115516,0.00108705,0.000294755,0.000912635,0.00200303,0.00131091,0.0300249,0.000184061,-7.92111e-05,-0.000106273,-0.000148206,4.54889e-05,-0.00115516,0.000184061,0.0466646,
0.00198163,0.000415122,-0.000913803,-0.00121163,0.000426103,0.00109286,-7.9678e-05,0.000415122,0.00154388,0.00124159,-0.000650305,-0.000850279,0.000293372,-0.000105909,-0.000913803,0.00124159,0.00351048,0.000315068,-0.000295745,0.000916237,-0.000148213,-0.00121163,-0.000650305,0.000315068,0.00263544,0.000449198,0.00199772,4.61867e-05,0.000426103,-0.000850279,-0.000295745,0.000449198,0.0314327,0.00130751,-0.00114817,0.00109286,0.000293372,0.000916237,0.00199772,0.00130751,0.0300284,0.000185741,-7.9678e-05,-0.000105909,-0.000148213,4.61867e-05,-0.00114817,0.000185741,0.046664,
0.00198766,0.00041802,-0.000912131,-0.0012132,0.000424195,0.00109861,-8.01373e-05,0.00041802,0.00154274,0.00124147,-0.000649412,-0.000856436,0.000291966,-0.000105544,-0.000912131,0.00124147,0.00351446,0.000314806,-0.000295433,0.000919795,-0.000148211,-0.0012132,-0.000649412,0.000314806,0.00263321,0.000443833,0.00199243,4.68796e-05,0.000424194,-0.000856436,-0.000295433,0.000443833,0.0314043,0.00130407,-0.00114119,0.00109861,0.000291966,0.000919795,0.00199243,0.00130407,0.0300316,0.000187413,-8.01373e-05,-0.000105544,-0.000148211,4.68797e-05,-0.00114119,0.000187413,0.0466634,
0.0019937,0.000420904,-0.000910463,-0.00121476,0.00042223,0.0011043,-8.05892e-05,0.000420904,0.00154161,0.00124133,-0.00064851,-0.000862576,0.000290537,-0.000105178,-0.000910463,0.00124133,0.00351842,0.000314537,-0.000295178,0.00092331,-0.000148202,-0.00121476,-0.00064851,0.000314537,0.00263097,0.000438488,0.00198716,4.75675e-05,0.00042223,-0.000862576,-0.000295178,0.000438488,0.031376,0.00130059,-0.00113422,0.0011043,0.000290537,0.00092331,0.00198716,0.00130059,0.0300348,0.000189078,-8.05893e-05,-0.000105178,-0.000148202,4.75675e-05,-0.00113422,0.000189078,0.0466628,
0.00199976,0.000423773,-0.0009088,-0.0012163,0.00042021,0.00110993,-8.10336e-05,0.000423773,0.00154047,0.00124119,-0.000647599,-0.000868701,0.000289086,-0.000104811,-0.0009088,0.00124119,0.00352236,0.000314263,-0.00029498,0.000926782,-0.000148185,-0.0012163,-0.000647599,0.000314263,0.00262873,0.000433162,0.00198191,4.82503e-05,0.00042021,-0.000868701,-0.00029498,0.000433162,0.0313478,0.00129707,-0.00112726,0.00110993,0.000289086,0.000926782,0.00198191,0.00129707,0.0300377,0.000190737,-8.10337e-05,-0.000104811,-0.000148185,4.82503e-05,-0.00112726,0.000190737,0.0466622,
0.00200582,0.000426628,-0.000907141,-0.00121782,0.000418136,0.00111552,-8.14707e-05,0.000426628,0.00153934,0.00124103,-0.000646679,-0.000874809,0.000287613,-0.000104443,-0.000907141,0.00124103,0.00352628,0.000313982,-0.000294837,0.000930212,-0.00014816,-0.00121782,-0.000646679,0.000313982,0.00262648,0.000427855,0.00197668,4.89281e-05,0.000418136,-0.000874809,-0.000294837,0.000427855,0.0313197,0.00129352,-0.00112032,0.00111552,0.000287613,0.000930212,0.00197668,0.00129352,0.0300405,0.00019239,-8.14707e-05,-0.000104443,-0.00014816,4.8928e-05,-0.00112032,0.00019239,0.0466616,
0.00201189,0.000429469,-0.000905487,-0.00121933,0.000416007,0.00112104,-8.19003e-05,0.000429469,0.0015382,0.00124087,-0.000645751,-0.0008809,0.000286119,-0.000104074,-0.000905487,0.00124087,0.00353018,0.000313696,-0.000294749,0.0009336,-0.000148128,-0.00121933,-0.000645751,0.000313696,0.00262422,0.000422567,0.00197147,4.96006e-05,0.000416007,-0.0008809,-0.000294749,0.000422567,0.0312917,0.00128993,-0.0011134,0.00112104,0.000286119,0.0009336,0.00197147,0.00128993,0.0300431,0.000194038,-8.19003e-05,-0.000104074,-0.000148128,4.96005e-05,-0.0011134,0.000194038,0.046661,
0.00201797,0.000432294,-0.000903838,-0.00122083,0.000413825,0.00112651,-8.23226e-05,0.000432294,0.00153706,0.0012407,-0.000644813,-0.000886975,0.000284603,-0.000103704,-0.000903838,0.0012407,0.00353405,0.000313403,-0.000294714,0.000936947,-0.000148088,-0.00122083,-0.000644814,0.000313403,0.00262197,0.000417297,0.00196629,5.02679e-05,0.000413825,-0.000886975,-0.000294714,0.000417297,0.0312638,0.00128631,-0.00110648,0.00112651,0.000284603,0.000936947,0.00196629,0.00128631,0.0300456,0.000195683,-8.23226e-05,-0.000103704,-0.000148088,5.0268e-05,-0.00110648,0.000195683,0.0466604,
0.00202405,0.000435105,-0.000902194,-0.0012223,0.00041159,0.00113193,-8.27377e-05,0.000435105,0.00153592,0.00124051,-0.000643867,-0.000893033,0.000283067,-0.000103334,-0.000902194,0.00124051,0.0035379,0.000313105,-0.000294732,0.000940254,-0.000148041,-0.0012223,-0.000643868,0.000313105,0.0026197,0.000412046,0.00196112,5.093e-05,0.00041159,-0.000893033,-0.000294732,0.000412046,0.031236,0.00128265,-0.00109958,0.00113193,0.000283067,0.000940254,0.00196112,0.00128265,0.0300479,0.000197323,-8.27377e-05,-0.000103334,-0.000148041,5.093e-05,-0.00109958,0.000197323,0.0466598,
0.00203014,0.000437902,-0.000900555,-0.00122377,0.000409302,0.00113729,-8.31455e-05,0.000437902,0.00153478,0.00124032,-0.000642913,-0.000899074,0.000281511,-0.000102964,-0.000900555,0.00124032,0.00354173,0.000312802,-0.000294801,0.000943521,-0.000147987,-0.00122377,-0.000642913,0.000312802,0.00261743,0.000406813,0.00195597,5.15869e-05,0.000409302,-0.000899074,-0.000294801,0.000406813,0.0312084,0.00127895,-0.0010927,0.00113729,0.000281511,0.000943521,0.00195597,0.00127895,0.0300501,0.000198961,-8.31455e-05,-0.000102964,-0.000147987,5.15868e-05,-0.0010927,0.000198961,0.0466593,
0.00203624,0.000440683,-0.000898921,-0.00122522,0.000406963,0.00114259,-8.35461e-05,0.000440683,0.00153364,0.00124011,-0.00064195,-0.000905098,0.000279935,-0.000102593,-0.000898921,0.00124011,0.00354554,0.000312493,-0.000294922,0.000946748,-0.000147925,-0.00122522,-0.00064195,0.000312493,0.00261516,0.000401597,0.00195083,5.22384e-05,0.000406963,-0.000905098,-0.000294922,0.000401597,0.0311808,0.00127523,-0.00108583,0.00114259,0.000279935,0.000946748,0.00195083,0.00127523,0.0300521,0.000200597,-8.35461e-05,-0.000102593,-0.000147925,5.22384e-05,-0.00108583,0.000200597,0.0466587,
0.00204235,0.00044345,-0.000897292,-0.00122665,0.000404571,0.00114784,-8.39397e-05,0.00044345,0.0015325,0.0012399,-0.000640978,-0.000911105,0.00027834,-0.000102221,-0.000897292,0.0012399,0.00354932,0.000312179,-0.000295092,0.000949936,-0.000147856,-0.00122665,-0.000640978,0.000312179,0.00261288,0.0003964,0.00194572,5.28846e-05,0.000404571,-0.000911105,-0.000295092,0.0003964,0.0311533,0.00127147,-0.00107898,0.00114784,0.00027834,0.000949936,0.00194572,0.00127147,0.030054,0.000202231,-8.39397e-05,-0.000102221,-0.000147856,5.28845e-05,-0.00107898,0.000202231,0.0466581,
0.00204846,0.000446202,-0.000895668,-0.00122807,0.000402129,0.00115304,-8.43261e-05,0.000446202,0.00153135,0.00123968,-0.000639999,-0.000917094,0.000276727,-0.00010185,-0.000895668,0.00123968,0.00355309,0.00031186,-0.000295311,0.000953086,-0.000147781,-0.00122807,-0.000639999,0.00031186,0.0026106,0.00039122,0.00194063,5.35254e-05,0.000402129,-0.000917094,-0.000295311,0.00039122,0.031126,0.00126768,-0.00107215,0.00115304,0.000276727,0.000953086,0.00194063,0.00126768,0.0300557,0.000203863,-8.43262e-05,-0.00010185,-0.000147781,5.35254e-05,-0.00107215,0.000203863,0.0466576,
0.00205458,0.00044894,-0.00089405,-0.00122947,0.000399636,0.00115818,-8.47057e-05,0.00044894,0.00153021,0.00123945,-0.00063901,-0.000923066,0.000275094,-0.000101478,-0.00089405,0.00123945,0.00355683,0.000311536,-0.000295579,0.000956197,-0.000147698,-0.00122947,-0.00063901,0.000311536,0.00260832,0.000386059,0.00193555,5.41607e-05,0.000399636,-0.000923066,-0.000295579,0.000386059,0.0310987,0.00126386,-0.00106533,0.00115818,0.000275094,0.000956197,0.00193555,0.00126386,0.0300573,0.000205495,-8.47056e-05,-0.000101478,-0.000147698,5.41607e-05,-0.00106533,0.000205495,0.046657,
0.0020607,0.000451663,-0.000892437,-0.00123085,0.000397093,0.00116327,-8.50782e-05,0.000451663,0.00152907,0.00123921,-0.000638014,-0.00092902,0.000273444,-0.000101106,-0.000892436,0.00123921,0.00356055,0.000311207,-0.000295894,0.000959269,-0.000147608,-0.00123085,-0.000638014,0.000311207,0.00260603,0.000380914,0.0019305,5.47907e-05,0.000397093,-0.00092902,-0.000295894,0.000380914,0.0310716,0.00126001,-0.00105853,0.00116327,0.000273444,0.000959269,0.0019305,0.00126001,0.0300587,0.000207126,-8.50782e-05,-0.000101106,-0.000147608,5.47907e-05,-0.00105853,0.000207126,0.0466564,
0.00206683,0.000454372,-0.000890829,-0.00123222,0.000394501,0.00116831,-8.54439e-05,0.000454372,0.00152792,0.00123896,-0.000637009,-0.000934955,0.000271777,-0.000100734,-0.000890829,0.00123896,0.00356426,0.000310873,-0.000296256,0.000962304,-0.000147512,-0.00123222,-0.000637009,0.000310873,0.00260373,0.000375788,0.00192547,5.54152e-05,0.000394501,-0.000934955,-0.000296256,0.000375788,0.0310445,0.00125613,-0.00105175,0.00116831,0.000271777,0.000962304,0.00192547,0.00125613,0.03006,0.000208756,-8.54439e-05,-0.000100734,-0.000147512,5.54152e-05,-0.00105175,0.000208756,0.0466559,
0.00207297,0.000457066,-0.000889227,-0.00123358,0.000391859,0.00117329,-8.58028e-05,0.000457066,0.00152678,0.0012387,-0.000635996,-0.000940873,0.000270092,-0.000100362,-0.000889227,0.0012387,0.00356794,0.000310535,-0.000296664,0.000965302,-0.000147409,-0.00123358,-0.000635996,0.000310535,0.00260144,0.000370679,0.00192045,5.60343e-05,0.000391859,-0.000940873,-0.000296664,0.000370679,0.0310176,0.00125222,-0.00104498,0.00117329,0.000270092,0.000965302,0.00192045,0.00125222,0.0300611,0.000210387,-8.58028e-05,-0.000100362,-0.000147409,5.60342e-05,-0.00104498,0.000210387,0.0466553,
0.0020791,0.000459746,-0.000887631,-0.00123492,0.000389169,0.00117822,-8.61549e-05,0.000459746,0.00152563,0.00123843,-0.000634975,-0.000946772,0.00026839,-9.99895e-05,-0.000887631,0.00123843,0.00357159,0.000310192,-0.000297116,0.000968263,-0.0001473,-0.00123492,-0.000634975,0.000310192,0.00259913,0.000365587,0.00191545,5.66478e-05,0.000389169,-0.000946772,-0.000297116,0.000365587,0.0309908,0.00124829,-0.00103824,0.00117822,0.00026839,0.000968263,0.00191545,0.00124829,0.0300621,0.000212019,-8.61549e-05,-9.99895e-05,-0.0001473,5.66478e-05,-0.00103824,0.000212019,0.0466548,
0.00208525,0.000462411,-0.00088604,-0.00123624,0.00038643,0.00118309,-8.65002e-05,0.000462411,0.00152449,0.00123816,-0.000633947,-0.000952652,0.000266673,-9.96176e-05,-0.00088604,0.00123816,0.00357523,0.000309845,-0.000297614,0.000971187,-0.000147184,-0.00123624,-0.000633947,0.000309845,0.00259683,0.000360513,0.00191048,5.72558e-05,0.00038643,-0.000952652,-0.000297614,0.000360513,0.030964,0.00124432,-0.00103151,0.00118309,0.000266673,0.000971187,0.00191048,0.00124432,0.0300629,0.000213651,-8.65002e-05,-9.96176e-05,-0.000147184,5.72558e-05,-0.00103151,0.000213651,0.0466542,
0.0020914,0.000465062,-0.000884455,-0.00123754,0.000383644,0.00118792,-8.68389e-05,0.000465062,0.00152334,0.00123788,-0.00063291,-0.000958513,0.000264939,-9.92458e-05,-0.000884455,0.00123788,0.00357885,0.000309494,-0.000298155,0.000974074,-0.000147062,-0.00123754,-0.00063291,0.000309494,0.00259452,0.000355457,0.00190552,5.78584e-05,0.000383644,-0.000958513,-0.000298155,0.000355457,0.0309374,0.00124033,-0.0010248,0.00118792,0.000264939,0.000974074,0.00190552,0.00124033,0.0300636,0.000215284,-8.68389e-05,-9.92458e-05,-0.000147062,5.78584e-05,-0.0010248,0.000215284,0.0466537,
0.00209755,0.000467699,-0.000882876,-0.00123883,0.000380811,0.00119269,-8.7171e-05,0.000467699,0.00152219,0.00123759,-0.000631865,-0.000964355,0.000263189,-9.88743e-05,-0.000882876,0.00123759,0.00358245,0.000309139,-0.000298738,0.000976925,-0.000146933,-0.00123883,-0.000631865,0.000309139,0.00259221,0.000350417,0.00190058,5.84554e-05,0.000380811,-0.000964355,-0.000298738,0.000350417,0.0309109,0.00123632,-0.00101811,0.00119268,0.000263189,0.000976925,0.00190058,0.00123632,0.0300642,0.000216918,-8.7171e-05,-9.88743e-05,-0.000146933,5.84554e-05,-0.00101811,0.000216918,0.0466532,
0.0021037,0.000470321,-0.000881303,-0.00124011,0.000377932,0.0011974,-8.74966e-05,0.000470321,0.00152105,0.00123729,-0.000630812,-0.000970178,0.000261425,-9.85031e-05,-0.000881303,0.00123729,0.00358602,0.00030878,-0.000299364,0.00097974,-0.000146799,-0.00124011,-0.000630812,0.00030878,0.00258989,0.000345396,0.00189566,5.90469e-05,0.000377932,-0.000970178,-0.000299364,0.000345396,0.0308846,0.00123227,-0.00101144,0.0011974,0.000261425,0.00097974,0.00189566,0.00123228,0.0300646,0.000218553,-8.74965e-05,-9.8503e-05,-0.000146799,5.90469e-05,-0.00101144,0.000218553,0.0466526,
0.00210986,0.000472929,-0.000879736,-0.00124136,0.000375006,0.00120207,-8.78156e-05,0.000472929,0.0015199,0.00123698,-0.000629751,-0.000975981,0.000259646,-9.81322e-05,-0.000879736,0.00123698,0.00358958,0.000308417,-0.000300032,0.00098252,-0.000146658,-0.00124136,-0.000629751,0.000308417,0.00258757,0.000340391,0.00189076,5.96328e-05,0.000375006,-0.000975981,-0.000300032,0.000340391,0.0308583,0.00122821,-0.00100479,0.00120207,0.000259646,0.00098252,0.00189076,0.00122821,0.0300649,0.00022019,-8.78156e-05,-9.81322e-05,-0.000146658,5.96328e-05,-0.00100479,0.00022019,0.0466521,
0.00211603,0.000475523,-0.000878175,-0.0012426,0.000372034,0.00120668,-8.81282e-05,0.000475523,0.00151876,0.00123666,-0.000628683,-0.000981764,0.000257852,-9.77616e-05,-0.000878175,0.00123666,0.00359311,0.00030805,-0.00030074,0.000985265,-0.000146511,-0.0012426,-0.000628683,0.00030805,0.00258525,0.000335404,0.00188589,6.02132e-05,0.000372035,-0.000981764,-0.00030074,0.000335404,0.0308321,0.00122412,-0.000998161,0.00120668,0.000257852,0.000985265,0.00188589,0.00122412,0.0300651,0.000221829,-8.81282e-05,-9.77616e-05,-0.000146511,6.02132e-05,-0.000998161,0.000221829,0.0466516,
0.00212219,0.000478103,-0.00087662,-0.00124383,0.000369018,0.00121124,-8.84343e-05,0.000478103,0.00151761,0.00123634,-0.000627607,-0.000987527,0.000256044,-9.73915e-05,-0.00087662,0.00123634,0.00359662,0.00030768,-0.000301489,0.000987974,-0.000146359,-0.00124383,-0.000627607,0.00030768,0.00258292,0.000330434,0.00188103,6.0788e-05,0.000369018,-0.000987527,-0.000301489,0.000330434,0.0308061,0.00122001,-0.000991551,0.00121124,0.000256044,0.000987974,0.00188103,0.00122001,0.0300651,0.000223469,-8.84343e-05,-9.73915e-05,-0.000146359,6.0788e-05,-0.000991551,0.000223469,0.046651,
0.00212836,0.000480669,-0.000875072,-0.00124504,0.000365957,0.00121574,-8.87342e-05,0.000480669,0.00151647,0.00123601,-0.000626524,-0.00099327,0.000254223,-9.70219e-05,-0.000875072,0.00123601,0.00360012,0.000307306,-0.000302276,0.000990649,-0.0001462,-0.00124504,-0.000626524,0.000307306,0.00258059,0.000325482,0.00187619,6.13574e-05,0.000365957,-0.00099327,-0.000302276,0.000325482,0.0307801,0.00121587,-0.000984962,0.00121574,0.000254223,0.000990649,0.00187619,0.00121587,0.030065,0.000225111,-8.87342e-05,-9.70219e-05,-0.0001462,6.13573e-05,-0.000984962,0.000225111,0.0466505,
0.00213453,0.00048322,-0.000873529,-0.00124623,0.000362852,0.0012202,-8.90277e-05,0.00048322,0.00151532,0.00123567,-0.000625433,-0.000998992,0.000252388,-9.66528e-05,-0.000873529,0.00123567,0.00360359,0.000306929,-0.000303103,0.000993289,-0.000146036,-0.00124623,-0.000625433,0.000306929,0.00257826,0.000320546,0.00187137,6.19211e-05,0.000362852,-0.000998992,-0.000303103,0.000320546,0.0307543,0.00121171,-0.000978393,0.0012202,0.000252388,0.000993289,0.00187137,0.00121171,0.0300648,0.000226756,-8.90277e-05,-9.66527e-05,-0.000146036,6.19211e-05,-0.000978393,0.000226756,0.04665,
0.0021407,0.000485758,-0.000871993,-0.0012474,0.000359704,0.0012246,-8.9315e-05,0.000485758,0.00151418,0.00123532,-0.000624334,-0.00100469,0.00025054,-9.62842e-05,-0.000871993,0.00123532,0.00360704,0.000306549,-0.000303968,0.000995895,-0.000145866,-0.0012474,-0.000624334,0.000306549,0.00257592,0.000315628,0.00186657,6.24794e-05,0.000359704,-0.00100469,-0.000303968,0.000315628,0.0307286,0.00120753,-0.000971845,0.0012246,0.00025054,0.000995895,0.00186657,0.00120753,0.0300644,0.000228402,-8.93149e-05,-9.62842e-05,-0.000145866,6.24794e-05,-0.000971845,0.000228402,0.0466495,
0.00214688,0.000488281,-0.000870463,-0.00124856,0.000356512,0.00122896,-8.95961e-05,0.000488281,0.00151303,0.00123497,-0.000623228,-0.00101037,0.00024868,-9.59163e-05,-0.000870463,0.00123497,0.00361048,0.000306166,-0.00030487,0.000998467,-0.000145691,-0.00124856,-0.000623228,0.000306166,0.00257358,0.000310728,0.00186179,6.30321e-05,0.000356512,-0.00101037,-0.00030487,0.000310728,0.030703,0.00120333,-0.000965318,0.00122896,0.00024868,0.000998467,0.00186179,0.00120333,0.0300639,0.000230051,-8.95961e-05,-9.59162e-05,-0.000145691,6.30321e-05,-0.000965318,0.000230051,0.046649,
0.00215305,0.000490791,-0.00086894,-0.0012497,0.000353278,0.00123326,-8.9871e-05,0.000490791,0.00151189,0.00123461,-0.000622115,-0.00101603,0.000246807,-9.5549e-05,-0.00086894,0.00123461,0.00361389,0.000305779,-0.000305808,0.001001,-0.000145511,-0.0012497,-0.000622115,0.000305779,0.00257124,0.000305844,0.00185704,6.35793e-05,0.000353278,-0.00101603,-0.000305808,0.000305844,0.0306776,0.00119911,-0.000958813,0.00123326,0.000246807,0.001001,0.00185704,0.00119911,0.0300633,0.000231702,-8.9871e-05,-9.5549e-05,-0.000145511,6.35793e-05,-0.000958813,0.000231702,0.0466484,
0.00215923,0.000493286,-0.000867423,-0.00125083,0.000350002,0.00123751,-9.01399e-05,0.000493286,0.00151074,0.00123424,-0.000620994,-0.00102167,0.000244922,-9.51823e-05,-0.000867423,0.00123424,0.00361728,0.00030539,-0.000306783,0.00100351,-0.000145325,-0.00125083,-0.000620994,0.00030539,0.0025689,0.000300977,0.0018523,6.4121e-05,0.000350002,-0.00102167,-0.000306783,0.000300977,0.0306522,0.00119487,-0.000952328,0.00123751,0.000244922,0.00100351,0.0018523,0.00119487,0.0300626,0.000233355,-9.01398e-05,-9.51823e-05,-0.000145325,6.4121e-05,-0.000952328,0.000233355,0.0466479,
0.00216541,0.000495768,-0.000865912,-0.00125193,0.000346685,0.0012417,-9.04026e-05,0.000495768,0.0015096,0.00123387,-0.000619866,-0.00102729,0.000243026,-9.48163e-05,-0.000865912,0.00123387,0.00362065,0.000304997,-0.000307794,0.00100598,-0.000145133,-0.00125193,-0.000619866,0.000304997,0.00256655,0.000296128,0.00184758,6.46572e-05,0.000346685,-0.00102729,-0.000307794,0.000296128,0.030627,0.00119062,-0.000945865,0.0012417,0.000243026,0.00100598,0.00184758,0.00119062,0.0300617,0.00023501,-9.04027e-05,-9.48164e-05,-0.000145134,6.46572e-05,-0.000945866,0.00023501,0.0466474,
0.00217159,0.000498236,-0.000864408,-0.00125302,0.000343327,0.00124585,-9.06595e-05,0.000498236,0.00150846,0.00123348,-0.000618731,-0.00103288,0.000241119,-9.44512e-05,-0.000864408,0.00123348,0.00362401,0.000304603,-0.000308839,0.00100842,-0.000144937,-0.00125302,-0.000618731,0.000304603,0.00256421,0.000291295,0.00184288,6.51879e-05,0.000343327,-0.00103288,-0.000308839,0.000291295,0.0306018,0.00118634,-0.000939424,0.00124585,0.000241119,0.00100842,0.00184288,0.00118634,0.0300607,0.000236668,-9.06594e-05,-9.44512e-05,-0.000144937,6.51879e-05,-0.000939424,0.000236668,0.0466469,
0.00217777,0.00050069,-0.00086291,-0.0012541,0.000339928,0.00124995,-9.09103e-05,0.00050069,0.00150731,0.0012331,-0.000617589,-0.00103846,0.0002392,-9.40867e-05,-0.00086291,0.0012331,0.00362734,0.000304205,-0.000309919,0.00101083,-0.000144736,-0.0012541,-0.000617589,0.000304205,0.00256186,0.00028648,0.00183821,6.57132e-05,0.000339928,-0.00103846,-0.000309919,0.00028648,0.0305768,0.00118204,-0.000933005,0.00124995,0.0002392,0.00101083,0.00183821,0.00118204,0.0300596,0.000238329,-9.09103e-05,-9.40867e-05,-0.000144736,6.57132e-05,-0.000933005,0.000238329,0.0466464,
0.00218395,0.000503131,-0.00086142,-0.00125516,0.00033649,0.001254,-9.11552e-05,0.000503131,0.00150617,0.0012327,-0.00061644,-0.00104401,0.000237271,-9.37231e-05,-0.00086142,0.0012327,0.00363065,0.000303805,-0.000311032,0.0010132,-0.000144529,-0.00125516,-0.00061644,0.000303805,0.0025595,0.000281681,0.00183355,6.6233e-05,0.00033649,-0.00104401,-0.000311032,0.000281681,0.030552,0.00117773,-0.000926608,0.001254,0.000237271,0.0010132,0.00183355,0.00117773,0.0300584,0.000239991,-9.11553e-05,-9.37231e-05,-0.000144529,6.6233e-05,-0.000926608,0.000239991,0.0466459,
0.00219013,0.000505557,-0.000859935,-0.0012562,0.000333012,0.00125799,-9.13943e-05,0.000505557,0.00150503,0.0012323,-0.000615285,-0.00104954,0.000235332,-9.33603e-05,-0.000859935,0.0012323,0.00363395,0.000303402,-0.000312178,0.00101554,-0.000144318,-0.0012562,-0.000615285,0.000303402,0.00255715,0.0002769,0.00182892,6.67473e-05,0.000333012,-0.00104954,-0.000312178,0.0002769,0.0305272,0.0011734,-0.000920232,0.00125799,0.000235332,0.00101554,0.00182892,0.0011734,0.0300571,0.000241656,-9.13943e-05,-9.33603e-05,-0.000144318,6.67473e-05,-0.000920232,0.000241656,0.0466454,
0.00219631,0.00050797,-0.000858458,-0.00125722,0.000329495,0.00126194,-9.16276e-05,0.00050797,0.00150389,0.00123189,-0.000614122,-0.00105504,0.000233383,-9.29984e-05,-0.000858458,0.00123189,0.00363722,0.000302997,-0.000313357,0.00101785,-0.000144102,-0.00125722,-0.000614122,0.000302997,0.00255479,0.000272135,0.0018243,6.72563e-05,0.000329495,-0.00105504,-0.000313357,0.000272135,0.0305026,0.00116906,-0.000913879,0.00126194,0.000233383,0.00101785,0.0018243,0.00116906,0.0300556,0.000243324,-9.16276e-05,-9.29984e-05,-0.000144102,6.72563e-05,-0.000913879,0.000243324,0.0466449,
0.00220249,0.00051037,-0.000856987,-0.00125823,0.000325941,0.00126583,-9.18551e-05,0.00051037,0.00150275,0.00123148,-0.000612952,-0.00106053,0.000231424,-9.26374e-05,-0.000856987,0.00123148,0.00364048,0.00030259,-0.000314567,0.00102013,-0.000143881,-0.00125823,-0.000612952,0.00030259,0.00255243,0.000267387,0.00181971,6.77598e-05,0.000325941,-0.00106053,-0.000314567,0.000267387,0.030478,0.0011647,-0.000907547,0.00126583,0.000231424,0.00102013,0.00181971,0.0011647,0.030054,0.000244994,-9.18551e-05,-9.26373e-05,-0.000143881,6.77598e-05,-0.000907547,0.000244994,0.0466444,
0.00220867,0.000512755,-0.000855523,-0.00125922,0.000322348,0.00126968,-9.2077e-05,0.000512755,0.00150161,0.00123106,-0.000611776,-0.00106599,0.000229456,-9.22773e-05,-0.000855523,0.00123106,0.00364371,0.000302181,-0.000315808,0.00102238,-0.000143656,-0.00125922,-0.000611776,0.000302181,0.00255007,0.000262655,0.00181513,6.8258e-05,0.000322348,-0.00106599,-0.000315808,0.000262655,0.0304536,0.00116033,-0.000901238,0.00126968,0.000229456,0.00102238,0.00181513,0.00116033,0.0300523,0.000246666,-9.2077e-05,-9.22772e-05,-0.000143656,6.8258e-05,-0.000901238,0.000246666,0.0466439,
0.00221485,0.000515128,-0.000854066,-0.00126019,0.000318719,0.00127348,-9.22931e-05,0.000515128,0.00150047,0.00123063,-0.000610593,-0.00107143,0.000227479,-9.19181e-05,-0.000854066,0.00123063,0.00364693,0.00030177,-0.000317081,0.00102459,-0.000143426,-0.00126019,-0.000610593,0.00030177,0.00254771,0.000257941,0.00181058,6.87508e-05,0.000318719,-0.00107143,-0.000317081,0.000257941,0.0304294,0.00115594,-0.000894952,0.00127348,0.000227478,0.00102459,0.00181058,0.00115594,0.0300505,0.000248341,-9.22931e-05,-9.19181e-05,-0.000143426,6.87507e-05,-0.000894952,0.000248341,0.0466434,
0.00222103,0.000517486,-0.000852615,-0.00126114,0.000315052,0.00127723,-9.25036e-05,0.000517486,0.00149934,0.0012302,-0.000609404,-0.00107684,0.000225493,-9.15599e-05,-0.000852615,0.0012302,0.00365013,0.000301356,-0.000318383,0.00102678,-0.000143192,-0.00126114,-0.000609404,0.000301356,0.00254535,0.000253243,0.00180605,6.92382e-05,0.000315052,-0.00107684,-0.000318383,0.000253243,0.0304052,0.00115154,-0.000888688,0.00127723,0.000225493,0.00102678,0.00180605,0.00115154,0.0300486,0.000250018,-9.25037e-05,-9.15599e-05,-0.000143192,6.92382e-05,-0.000888688,0.000250018,0.0466429,
0.00222721,0.000519831,-0.000851171,-0.00126208,0.00031135,0.00128093,-9.27086e-05,0.000519831,0.0014982,0.00122976,-0.000608208,-0.00108224,0.000223498,-9.12027e-05,-0.000851171,0.00122976,0.00365331,0.000300941,-0.000319715,0.00102893,-0.000142953,-0.00126208,-0.000608208,0.000300941,0.00254298,0.000248561,0.00180154,6.97203e-05,0.00031135,-0.00108224,-0.000319715,0.000248561,0.0303812,0.00114712,-0.000882446,0.00128093,0.000223498,0.00102893,0.00180154,0.00114712,0.0300466,0.000251697,-9.27087e-05,-9.12027e-05,-0.000142953,6.97203e-05,-0.000882446,0.000251697,0.0466424,
0.00223338,0.000522163,-0.000849735,-0.001263,0.000307612,0.00128458,-9.29081e-05,0.000522163,0.00149707,0.00122931,-0.000607006,-0.0010876,0.000221496,-9.08465e-05,-0.000849735,0.00122931,0.00365647,0.000300524,-0.000321075,0.00103106,-0.00014271,-0.001263,-0.000607006,0.000300524,0.00254062,0.000243896,0.00179705,7.01972e-05,0.000307612,-0.0010876,-0.000321075,0.000243896,0.0303573,0.0011427,-0.000876227,0.00128458,0.000221496,0.00103106,0.00179705,0.0011427,0.0300445,0.000253379,-9.29081e-05,-9.08464e-05,-0.00014271,7.01972e-05,-0.000876227,0.000253379,0.0466419,
0.00223955,0.000524482,-0.000848305,-0.00126391,0.000303839,0.00128818,-9.31021e-05,0.000524482,0.00149593,0.00122886,-0.000605797,-0.00109295,0.000219486,-9.04913e-05,-0.000848305,0.00122886,0.00365961,0.000300106,-0.000322464,0.00103315,-0.000142463,-0.00126391,-0.000605797,0.000300106,0.00253825,0.000239247,0.00179258,7.06688e-05,0.000303839,-0.00109295,-0.000322464,0.000239247,0.0303335,0.00113826,-0.00087003,0.00128818,0.000219486,0.00103315,0.00179258,0.00113826,0.0300422,0.000255063,-9.31021e-05,-9.04913e-05,-0.000142463,7.06687e-05,-0.00087003,0.000255063,0.0466415,
0.00224572,0.000526787,-0.000846882,-0.00126479,0.000300031,0.00129174,-9.32907e-05,0.000526787,0.0014948,0.0012284,-0.000604583,-0.00109827,0.000217468,-9.01372e-05,-0.000846882,0.0012284,0.00366273,0.000299685,-0.000323881,0.00103521,-0.000142211,-0.00126479,-0.000604583,0.000299685,0.00253588,0.000234615,0.00178813,7.11351e-05,0.000300031,-0.00109827,-0.000323881,0.000234615,0.0303098,0.0011338,-0.000863857,0.00129174,0.000217468,0.00103521,0.00178813,0.0011338,0.0300399,0.000256749,-9.32907e-05,-9.01372e-05,-0.000142211,7.11352e-05,-0.000863856,0.000256749,0.046641,
0.00225189,0.000529079,-0.000845466,-0.00126566,0.00029619,0.00129524,-9.3474e-05,0.000529079,0.00149367,0.00122794,-0.000603362,-0.00110357,0.000215443,-8.97842e-05,-0.000845466,0.00122794,0.00366584,0.000299263,-0.000325325,0.00103725,-0.000141956,-0.00126566,-0.000603362,0.000299263,0.00253351,0.000229999,0.0017837,7.15963e-05,0.00029619,-0.00110357,-0.000325325,0.000229999,0.0302863,0.00112934,-0.000857705,0.00129524,0.000215443,0.00103725,0.0017837,0.00112934,0.0300374,0.000258438,-9.3474e-05,-8.97842e-05,-0.000141956,7.15962e-05,-0.000857705,0.000258438,0.0466405,
0.00225806,0.000531357,-0.000844056,-0.00126652,0.000292315,0.0012987,-9.36519e-05,0.000531357,0.00149254,0.00122747,-0.000602135,-0.00110884,0.000213411,-8.94323e-05,-0.000844056,0.00122747,0.00366892,0.00029884,-0.000326796,0.00103925,-0.000141696,-0.00126652,-0.000602135,0.00029884,0.00253114,0.000225399,0.0017793,7.20522e-05,0.000292315,-0.00110884,-0.000326796,0.000225399,0.0302629,0.00112487,-0.000851577,0.0012987,0.000213411,0.00103925,0.0017793,0.00112487,0.0300349,0.000260128,-9.36518e-05,-8.94322e-05,-0.000141696,7.20522e-05,-0.000851577,0.000260128,0.04664,
0.00226422,0.000533622,-0.000842654,-0.00126735,0.000288407,0.00130211,-9.38244e-05,0.000533622,0.00149141,0.001227,-0.000600901,-0.00111409,0.000211373,-8.90815e-05,-0.000842654,0.001227,0.00367199,0.000298415,-0.000328293,0.00104123,-0.000141433,-0.00126735,-0.000600901,0.000298415,0.00252877,0.000220815,0.00177491,7.25029e-05,0.000288407,-0.00111409,-0.000328293,0.000220815,0.0302396,0.00112039,-0.000845471,0.00130211,0.000211373,0.00104123,0.00177491,0.00112039,0.0300322,0.000261821,-9.38244e-05,-8.90815e-05,-0.000141433,7.25029e-05,-0.000845471,0.000261821,0.0466395,
0.00227038,0.000535875,-0.000841259,-0.00126817,0.000284466,0.00130548,-9.39918e-05,0.000535875,0.00149028,0.00122652,-0.000599662,-0.00111932,0.000209328,-8.87318e-05,-0.000841259,0.00122652,0.00367504,0.000297989,-0.000329815,0.00104318,-0.000141166,-0.00126817,-0.000599662,0.000297989,0.0025264,0.000216247,0.00177055,7.29486e-05,0.000284466,-0.00111932,-0.000329815,0.000216247,0.0302164,0.0011159,-0.000839388,0.00130548,0.000209328,0.00104318,0.00177055,0.0011159,0.0300295,0.000263515,-9.39919e-05,-8.87318e-05,-0.000141166,7.29485e-05,-0.000839388,0.000263515,0.0466391,
