0.00404496,-0.000810341,-0.000753574,0.000291348,-0.000892833,0.00139655,-0.000146243,-0.000810341,0.00131893,-0.000895859,0.000760181,0.000815315,0.000416692,7.14164e-05,-0.000753574,-0.000895859,0.00353086,-0.000679007,1.96467e-06,0.0016582,-0.000148796,0.000291348,0.000760181,-0.000679007,0.00227349,0.00214576,0.000559711,7.42175e-06,-0.000892833,0.000815315,1.96468e-06,0.00214576,0.0329693,0.000267276,-0.00219179,0.00139655,0.000416692,0.0016582,0.000559711,0.000267276,0.0273771,-0.00022517,-0.000146243,7.14164e-05,-0.000148796,7.42175e-06,-0.00219179,-0.00022517,0.0467817,
0.00404331,0,-0.000758185,0.000286816,-0.000883711,0.00140093,-0.000146144,-0.000812048,0,-0.00089614,0.000759345,0.000818715,0.000415865,7.13095e-05,-0.000758185,0,0.00353255,-0.000678587,3.91798e-06,0.00165836,-0.000148623,0.000286815,0,-0.000678587,0.00226892,0.00214269,0.000552449,8.27399e-06,-0.000883711,0,3.91798e-06,0.00214269,0.0329851,0.000278332,-0.00219138,0.00140093,0,0.00165836,0.000552449,0.000278332,0.0273916,-0.000224544,-0.000146144,0,-0.000148624,8.27399e-06,-0.00219138,-0.000224544,0.0467815,
0.0040409,0,-0.000764038,0.000281559,-0.000872149,0.00140671,-0.000145939,-0.000813969,0,-0.000896159,0.000759188,0.000822257,0.000414305,7.11796e-05,-0.000764038,0,0.00353244,-0.000678609,8.39137e-06,0.00165897,-0.000148259,0.000281559,0,-0.000678609,0.00226449,0.00213882,0.000542631,9.34292e-06,-0.000872149,0,8.39134e-06,0.00213882,0.0330024,0.000291457,-0.00219102,0.00140671,0,0.00165897,0.000542631,0.000291457,0.0274105,-0.000224049,-0.000145939,0,-0.000148259,9.34292e-06,-0.00219102,-0.000224049,0.0467813,
0.00403829,-0.000815959,-0.000770706,0.000275374,-0.00086007,0.00141252,-0.000145725,-0.000815959,0.00132507,-0.000896048,0.000759227,0.000825223,0.000412402,7.10794e-05,-0.000770706,-0.000896048,0.00353242,-0.00067841,1.24277e-05,0.00165905,-0.000147869,0.000275374,0.000759227,-0.00067841,0.00226008,0.00213559,0.000533296,1.03753e-05,-0.00086007,0.000825223,1.24277e-05,0.00213559,0.033018,0.000304434,-0.00219074,0.00141252,0.000412403,0.00165905,0.000533296,0.000304434,0.0274284,-0.000223509,-0.000145725,7.10794e-05,-0.000147869,1.03753e-05,-0.00219074,-0.000223509,0.0467811,
0.00403558,-0.000817931,-0.000777774,0.000268617,-0.000847272,0.00141849,-0.000145493,-0.000817931,0.00132748,-0.00089581,0.000759464,0.000828131,0.000410461,7.09695e-05,-0.000777774,-0.00089581,0.00353238,-0.000678179,1.67266e-05,0.00165905,-0.000147442,0.000268617,0.000759464,-0.000678179,0.00225566,0.00213225,0.000523267,1.14645e-05,-0.000847272,0.000828131,1.67266e-05,0.00213225,0.0330337,0.000317826,-0.00219047,0.00141849,0.000410461,0.00165905,0.000523267,0.000317826,0.0274468,-0.000223007,-0.000145493,7.09695e-05,-0.000147442,1.14645e-05,-0.00219047,-0.000223007,0.0467808,
0.00403277,-0.000819872,-0.00078512,0.000261478,-0.000834293,0.00142439,-0.000145254,-0.000819872,0.0013299,-0.000895492,0.000759829,0.000830762,0.000408416,7.08672e-05,-0.00078512,-0.000895492,0.00353237,-0.000677852,2.08563e-05,0.00165885,-0.000147003,0.000261478,0.000759829,-0.000677852,0.00225133,0.00212906,0.000513362,1.25453e-05,-0.000834293,0.000830762,2.08563e-05,0.00212906,0.0330487,0.000331172,-0.00219021,0.00142439,0.000408416,0.00165885,0.000513362,0.000331172,0.0274649,-0.00022249,-0.000145254,7.08672e-05,-0.000147003,1.25453e-05,-0.00219021,-0.00022249,0.0467806,
0.00402987,-0.000821774,-0.000792624,0.000254078,-0.000821081,0.00143028,-0.000145004,-0.000821774,0.00133233,-0.000895115,0.000760289,0.000833294,0.000406346,7.07623e-05,-0.000792624,-0.000895115,0.00353238,-0.000677474,2.49801e-05,0.00165859,-0.000146549,0.000254078,0.000760289,-0.000677474,0.00224704,0.0021258,0.000503247,1.36427e-05,-0.000821081,0.000833294,2.49801e-05,0.0021258,0.0330636,0.000344669,-0.00218995,0.00143028,0.000406346,0.00165859,0.000503247,0.000344669,0.027483,-0.000221979,-0.000145004,7.07623e-05,-0.000146549,1.36428e-05,-0.00218995,-0.000221979,0.0467804,
0.00402689,-0.000823632,-0.000800219,0.000246514,-0.000807795,0.00143608,-0.000144745,-0.000823632,0.00133476,-0.000894698,0.000760814,0.000835704,0.000404246,7.06579e-05,-0.000800219,-0.000894698,0.00353241,-0.00067704,2.90146e-05,0.00165825,-0.000146087,0.000246514,0.000760814,-0.00067704,0.0022428,0.0021225,0.00049309,1.4741e-05,-0.000807795,0.000835704,2.90146e-05,0.0021225,0.0330785,0.000358213,-0.00218967,0.00143608,0.000404247,0.00165825,0.00049309,0.000358213,0.027501,-0.000221463,-0.000144745,7.06579e-05,-0.000146087,1.4741e-05,-0.00218967,-0.000221463,0.0467801,
0.00402382,-0.000825443,-0.000807853,0.000238847,-0.000794468,0.00144179,-0.000144477,-0.000825443,0.00133718,-0.000894254,0.000761384,0.000838037,0.000402138,7.05522e-05,-0.000807853,-0.000894254,0.00353247,-0.00067656,3.29778e-05,0.00165787,-0.000145618,0.000238847,0.000761384,-0.00067656,0.00223861,0.00211912,0.000482852,1.58432e-05,-0.000794468,0.000838037,3.29778e-05,0.00211912,0.0330933,0.000371826,-0.00218938,0.00144179,0.000402138,0.00165787,0.000482852,0.000371826,0.0275189,-0.000220943,-0.000144477,7.05522e-05,-0.000145618,1.58432e-05,-0.00218938,-0.000220943,0.0467799,
0.00402068,-0.000827205,-0.000815491,0.000231122,-0.000781155,0.00144741,-0.000144201,-0.000827205,0.0013396,-0.000893791,0.000761986,0.000840297,0.000400024,7.04455e-05,-0.000815491,-0.000893791,0.00353255,-0.000676036,3.68539e-05,0.00165745,-0.000145144,0.000231122,0.000761986,-0.000676036,0.00223447,0.00211564,0.000472567,1.6945e-05,-0.000781155,0.000840297,3.68539e-05,0.00211564,0.0331081,0.000385482,-0.00218908,0.00144741,0.000400024,0.00165745,0.000472567,0.000385482,0.0275368,-0.000220417,-0.000144201,7.04455e-05,-0.000145144,1.6945e-05,-0.00218908,-0.000220417,0.0467797,
0.00401746,-0.000828918,-0.000823109,0.00022337,-0.000767882,0.00145292,-0.000143917,-0.000828918,0.00134201,-0.000893317,0.00076261,0.000842499,0.000397913,7.03375e-05,-0.000823109,-0.000893317,0.00353264,-0.000675473,4.06424e-05,0.001657,-0.000144667,0.00022337,0.00076261,-0.000675473,0.00223037,0.00211206,0.000462236,1.80459e-05,-0.000767882,0.000842499,4.06424e-05,0.00211206,0.033123,0.000399178,-0.00218875,0.00145292,0.000397913,0.001657,0.000462236,0.000399178,0.0275545,-0.000219886,-0.000143917,7.03375e-05,-0.000144667,1.80459e-05,-0.00218875,-0.000219886,0.0467794,
0.00401418,-0.000830582,-0.000830692,0.000215612,-0.000754673,0.00145831,-0.000143625,-0.000830582,0.0013444,-0.000892835,0.00076325,0.000844649,0.000395806,7.02282e-05,-0.000830692,-0.000892835,0.00353276,-0.000674871,4.43398e-05,0.00165653,-0.000144188,0.000215612,0.00076325,-0.000674871,0.00222633,0.00210837,0.00045187,1.91446e-05,-0.000754673,0.000844649,4.43398e-05,0.00210837,0.0331378,0.000412901,-0.0021884,0.00145831,0.000395806,0.00165653,0.00045187,0.000412901,0.0275722,-0.000219349,-0.000143625,7.02282e-05,-0.000144188,1.91446e-05,-0.0021884,-0.000219349,0.0467792,
0.00401083,-0.000832197,-0.000838228,0.000207863,-0.000741542,0.00146359,-0.000143326,-0.000832197,0.00134678,-0.000892349,0.000763899,0.000846753,0.000393707,7.01175e-05,-0.000838228,-0.000892349,0.0035329,-0.000674234,4.79454e-05,0.00165605,-0.000143707,0.000207863,0.000763899,-0.000674234,0.00222233,0.00210457,0.000441474,2.02404e-05,-0.000741542,0.000846753,4.79454e-05,0.00210457,0.0331528,0.000426647,-0.00218802,0.00146359,0.000393707,0.00165605,0.000441474,0.000426647,0.0275898,-0.000218807,-0.000143326,7.01175e-05,-0.000143707,2.02404e-05,-0.00218802,-0.000218807,0.0467789,
0.00400741,-0.000833763,-0.000845709,0.000200134,-0.000728502,0.00146876,-0.00014302,-0.000833763,0.00134915,-0.000891861,0.000764555,0.000848814,0.000391616,7.00055e-05,-0.000845709,-0.000891861,0.00353305,-0.000673563,5.14589e-05,0.00165555,-0.000143224,0.000200134,0.000764555,-0.000673563,0.00221839,0.00210066,0.000431053,2.13327e-05,-0.000728502,0.000848814,5.14589e-05,0.00210066,0.0331677,0.000440408,-0.00218762,0.00146876,0.000391616,0.00165555,0.000431053,0.000440408,0.0276073,-0.000218258,-0.00014302,7.00055e-05,-0.000143224,2.13327e-05,-0.00218762,-0.000218258,0.0467787,
0.00400394,-0.00083528,-0.00085313,0.000192432,-0.00071556,0.00147381,-0.000142706,-0.00083528,0.0013515,-0.000891372,0.000765216,0.000850836,0.000389536,6.98921e-05,-0.00085313,-0.000891372,0.00353323,-0.000672859,5.48808e-05,0.00165504,-0.000142741,0.000192432,0.000765216,-0.000672859,0.00221449,0.00209663,0.000420608,2.2421e-05,-0.00071556,0.000850836,5.48808e-05,0.00209663,0.0331827,0.000454179,-0.0021872,0.00147381,0.000389536,0.00165504,0.000420608,0.000454179,0.0276247,-0.000217703,-0.000142706,6.98921e-05,-0.000142741,2.2421e-05,-0.0021872,-0.000217703,0.0467785,
0.0040004,-0.00083675,-0.000860489,0.000184761,-0.00070272,0.00147873,-0.000142386,-0.00083675,0.00135384,-0.000890884,0.000765879,0.000852821,0.000387467,6.97774e-05,-0.000860489,-0.000890884,0.00353342,-0.000672122,5.82119e-05,0.00165452,-0.000142257,0.000184761,0.000765879,-0.000672122,0.00221063,0.0020925,0.000410144,2.35051e-05,-0.00070272,0.000852821,5.82118e-05,0.0020925,0.0331977,0.000467956,-0.00218676,0.00147873,0.000387467,0.00165452,0.000410144,0.000467956,0.0276419,-0.000217142,-0.000142386,6.97775e-05,-0.000142257,2.35051e-05,-0.00218676,-0.000217142,0.0467782,
0.00399681,-0.000838173,-0.000867784,0.000177125,-0.000689987,0.00148355,-0.000142059,-0.000838173,0.00135616,-0.000890398,0.000766543,0.000854771,0.000385409,6.96614e-05,-0.000867784,-0.000890398,0.00353362,-0.000671354,6.14531e-05,0.001654,-0.000141772,0.000177125,0.000766543,-0.000671354,0.00220683,0.00208826,0.000399661,2.45848e-05,-0.000689987,0.000854771,6.14531e-05,0.00208826,0.0332128,0.000481733,-0.00218629,0.00148355,0.000385409,0.001654,0.000399662,0.000481733,0.0276591,-0.000216576,-0.000142059,6.96614e-05,-0.000141772,2.45848e-05,-0.00218629,-0.000216576,0.046778,
0.00399317,-0.00083955,-0.000875012,0.000169526,-0.000677364,0.00148824,-0.000141726,-0.00083955,0.00135846,-0.000889914,0.000767207,0.000856688,0.000383363,6.95442e-05,-0.000875012,-0.000889914,0.00353385,-0.000670556,6.46058e-05,0.00165346,-0.000141287,0.000169526,0.000767207,-0.000670556,0.00220307,0.00208392,0.000389163,2.56599e-05,-0.000677364,0.000856688,6.46058e-05,0.00208392,0.0332278,0.000495508,-0.0021858,0.00148824,0.000383363,0.00165346,0.000389163,0.000495508,0.0276762,-0.000216004,-0.000141726,6.95441e-05,-0.000141287,2.56598e-05,-0.0021858,-0.000216004,0.0467777,
0.00398947,-0.000840881,-0.000882173,0.000161967,-0.000664852,0.00149282,-0.000141386,-0.000840881,0.00136075,-0.000889432,0.000767871,0.000858572,0.000381329,6.94256e-05,-0.000882173,-0.000889432,0.00353408,-0.000669728,6.76713e-05,0.00165291,-0.000140801,0.000161967,0.000767871,-0.000669728,0.00219936,0.00207947,0.000378649,2.67301e-05,-0.000664852,0.000858572,6.76713e-05,0.00207947,0.0332429,0.000509277,-0.00218529,0.00149282,0.000381329,0.00165291,0.000378649,0.000509277,0.0276931,-0.000215426,-0.000141386,6.94256e-05,-0.000140801,2.67301e-05,-0.00218529,-0.000215426,0.0467775,
0.00398572,-0.000842167,-0.000889267,0.000154448,-0.000652453,0.00149729,-0.000141041,-0.000842167,0.00136303,-0.000888954,0.000768533,0.000860424,0.000379307,6.93057e-05,-0.000889267,-0.000888954,0.00353433,-0.000668871,7.06511e-05,0.00165236,-0.000140316,0.000154448,0.000768533,-0.000668871,0.0021957,0.00207492,0.000368122,2.77954e-05,-0.000652453,0.000860424,7.06511e-05,0.00207492,0.033258,0.000523035,-0.00218476,0.00149729,0.000379307,0.00165236,0.000368122,0.000523035,0.02771,-0.000214843,-0.000141041,6.93057e-05,-0.000140316,2.77954e-05,-0.00218476,-0.000214843,0.0467772,
0.00398193,-0.000843409,-0.000896295,0.00014697,-0.000640168,0.00150164,-0.000140689,-0.000843409,0.00136529,-0.00088848,0.000769194,0.000862247,0.000377298,6.91847e-05,-0.000896295,-0.00088848,0.0035346,-0.000667985,7.35466e-05,0.0016518,-0.00013983,0.00014697,0.000769194,-0.000667985,0.00219208,0.00207026,0.000357583,2.88558e-05,-0.000640168,0.000862247,7.35466e-05,0.00207026,0.0332731,0.000536782,-0.00218421,0.00150164,0.000377298,0.0016518,0.000357583,0.000536782,0.0277267,-0.000214255,-0.000140689,6.91847e-05,-0.00013983,2.88558e-05,-0.00218421,-0.000214255,0.046777,
0.00397808,-0.000844608,-0.000903255,0.000139533,-0.000627998,0.00150588,-0.000140332,-0.000844608,0.00136753,-0.000888009,0.000769853,0.00086404,0.000375301,6.90623e-05,-0.000903255,-0.000888009,0.00353488,-0.000667072,7.63594e-05,0.00165123,-0.000139344,0.000139533,0.000769853,-0.000667072,0.00218851,0.00206552,0.000347033,2.99111e-05,-0.000627998,0.00086404,7.63595e-05,0.00206552,0.0332882,0.000550512,-0.00218363,0.00150588,0.000375301,0.00165123,0.000347033,0.000550512,0.0277433,-0.000213662,-0.000140332,6.90623e-05,-0.000139344,2.99111e-05,-0.00218363,-0.000213662,0.0467768,
0.00397419,-0.000845763,-0.000910149,0.000132138,-0.000615942,0.00151001,-0.000139968,-0.000845763,0.00136977,-0.000887542,0.00077051,0.000865805,0.000373316,6.89389e-05,-0.000910149,-0.000887542,0.00353517,-0.000666131,7.9091e-05,0.00165066,-0.000138858,0.000132138,0.00077051,-0.000666131,0.00218498,0.00206067,0.000336472,3.09613e-05,-0.000615942,0.000865805,7.9091e-05,0.00206067,0.0333034,0.000564225,-0.00218304,0.00151001,0.000373316,0.00165066,0.000336472,0.000564225,0.0277598,-0.000213063,-0.000139968,6.89389e-05,-0.000138858,3.09613e-05,-0.00218304,-0.000213063,0.0467765,
0.00397026,-0.000846877,-0.000916976,0.000124786,-0.000604002,0.00151403,-0.000139599,-0.000846877,0.00137198,-0.00088708,0.000771165,0.000867541,0.000371344,6.88142e-05,-0.000916976,-0.00088708,0.00353547,-0.000665163,8.17428e-05,0.00165008,-0.000138372,0.000124786,0.000771165,-0.000665163,0.0021815,0.00205574,0.000325903,3.20063e-05,-0.000604002,0.000867541,8.17428e-05,0.00205574,0.0333185,0.000577916,-0.00218242,0.00151403,0.000371344,0.00165008,0.000325903,0.000577916,0.0277762,-0.00021246,-0.000139599,6.88142e-05,-0.000138372,3.20064e-05,-0.00218242,-0.00021246,0.0467763,
0.00396628,-0.000847949,-0.000923738,0.000117476,-0.000592178,0.00151794,-0.000139225,-0.000847949,0.00137418,-0.000886622,0.000771816,0.000869251,0.000369384,6.86883e-05,-0.000923738,-0.000886622,0.00353579,-0.00066417,8.43164e-05,0.0016495,-0.000137887,0.000117476,0.000771816,-0.00066417,0.00217806,0.00205071,0.000315327,3.30461e-05,-0.000592178,0.000869251,8.43164e-05,0.00205071,0.0333336,0.000591584,-0.00218179,0.00151794,0.000369384,0.0016495,0.000315327,0.000591584,0.0277925,-0.000211852,-0.000139225,6.86883e-05,-0.000137887,3.30462e-05,-0.00218179,-0.000211852,0.046776,
0.00396227,-0.00084898,-0.000930434,0.000110208,-0.000580469,0.00152175,-0.000138846,-0.00084898,0.00137637,-0.000886168,0.000772465,0.000870935,0.000367437,6.85613e-05,-0.000930434,-0.000886168,0.00353611,-0.00066315,8.68133e-05,0.00164891,-0.000137401,0.000110208,0.000772465,-0.00066315,0.00217467,0.00204559,0.000304743,3.40807e-05,-0.000580469,0.000870935,8.68133e-05,0.00204559,0.0333487,0.000605226,-0.00218113,0.00152175,0.000367437,0.00164891,0.000304743,0.000605226,0.0278086,-0.000211239,-0.000138846,6.85613e-05,-0.000137401,3.40807e-05,-0.00218113,-0.000211239,0.0467758,
0.00395821,-0.000849972,-0.000937065,0.000102983,-0.000568877,0.00152545,-0.000138461,-0.000849972,0.00137854,-0.000885719,0.000773111,0.000872593,0.000365503,6.84332e-05,-0.000937065,-0.000885719,0.00353645,-0.000662106,8.92348e-05,0.00164832,-0.000136916,0.000102983,0.000773111,-0.000662106,0.00217133,0.00204039,0.000294154,3.51099e-05,-0.000568876,0.000872593,8.92348e-05,0.00204039,0.0333638,0.000618841,-0.00218045,0.00152545,0.000365503,0.00164832,0.000294154,0.000618841,0.0278246,-0.000210622,-0.000138461,6.84331e-05,-0.000136916,3.51099e-05,-0.00218045,-0.000210622,0.0467755,
0.00395411,-0.000850924,-0.000943631,9.58011e-05,-0.000557399,0.00152904,-0.000138071,-0.000850924,0.00138069,-0.000885274,0.000773753,0.000874226,0.000363581,6.83039e-05,-0.000943631,-0.000885274,0.00353679,-0.000661036,9.15824e-05,0.00164773,-0.000136431,9.58011e-05,0.000773753,-0.000661036,0.00216802,0.0020351,0.000283561,3.61338e-05,-0.000557399,0.000874226,9.15824e-05,0.0020351,0.0333789,0.000632425,-0.00217976,0.00152904,0.000363581,0.00164773,0.000283561,0.000632425,0.0278405,-0.00021,-0.000138071,6.8304e-05,-0.000136431,3.61338e-05,-0.00217976,-0.00021,0.0467753,
0.00394998,-0.000851837,-0.000950133,8.86617e-05,-0.000546038,0.00153253,-0.000137677,-0.000851837,0.00138283,-0.000884835,0.000774392,0.000875835,0.000361671,6.81736e-05,-0.000950133,-0.000884835,0.00353715,-0.000659943,9.38577e-05,0.00164713,-0.000135946,8.86617e-05,0.000774391,-0.000659943,0.00216476,0.00202973,0.000272963,3.71522e-05,-0.000546038,0.000875835,9.38577e-05,0.00202973,0.0333939,0.000645976,-0.00217905,0.00153253,0.000361671,0.00164713,0.000272963,0.000645976,0.0278563,-0.000209374,-0.000137677,6.81736e-05,-0.000135946,3.71522e-05,-0.00217905,-0.000209374,0.0467751,
0.00394582,-0.000852712,-0.000956572,8.15651e-05,-0.000534792,0.00153592,-0.000137277,-0.000852712,0.00138496,-0.000884401,0.000775026,0.00087742,0.000359774,6.80422e-05,-0.000956572,-0.000884401,0.00353751,-0.000658826,9.60619e-05,0.00164653,-0.000135462,8.15651e-05,0.000775026,-0.000658826,0.00216155,0.00202428,0.000262364,3.81653e-05,-0.000534792,0.00087742,9.60619e-05,0.00202428,0.033409,0.000659493,-0.00217832,0.00153592,0.000359774,0.00164653,0.000262364,0.000659493,0.027872,-0.000208743,-0.000137277,6.80422e-05,-0.000135462,3.81652e-05,-0.00217832,-0.000208743,0.0467748,
0.00394162,-0.000853549,-0.000962948,7.45114e-05,-0.000523661,0.00153921,-0.000136873,-0.000853549,0.00138707,-0.000883972,0.000775657,0.000878982,0.000357889,6.79098e-05,-0.000962948,-0.000883972,0.00353788,-0.000657685,9.81965e-05,0.00164592,-0.000134978,7.45114e-05,0.000775657,-0.000657685,0.00215838,0.00201875,0.000251763,3.91729e-05,-0.000523661,0.000878982,9.81965e-05,0.00201875,0.033424,0.000672974,-0.00217757,0.00153921,0.000357889,0.00164592,0.000251763,0.000672974,0.0278875,-0.000208109,-0.000136873,6.79098e-05,-0.000134978,3.91729e-05,-0.00217757,-0.000208109,0.0467746,
0.00393738,-0.00085435,-0.00096926,6.75005e-05,-0.000512646,0.0015424,-0.000136464,-0.00085435,0.00138917,-0.000883548,0.000776284,0.000880522,0.000356017,6.77763e-05,-0.00096926,-0.000883548,0.00353826,-0.000656522,0.000100263,0.00164532,-0.000134494,6.75005e-05,0.000776284,-0.000656522,0.00215525,0.00201314,0.000241161,4.0175e-05,-0.000512646,0.000880522,0.000100263,0.00201314,0.033439,0.000686417,-0.0021768,0.0015424,0.000356017,0.00164532,0.000241161,0.000686417,0.0279029,-0.00020747,-0.000136464,6.77763e-05,-0.000134494,4.0175e-05,-0.0021768,-0.00020747,0.0467743,
0.00393312,-0.000855114,-0.000975511,6.05326e-05,-0.000501746,0.00154549,-0.000136051,-0.000855114,0.00139125,-0.00088313,0.000776907,0.00088204,0.000354157,6.76418e-05,-0.000975511,-0.00088313,0.00353865,-0.000655337,0.000102262,0.00164471,-0.000134011,6.05326e-05,0.000776907,-0.000655337,0.00215216,0.00200745,0.000230559,4.11716e-05,-0.000501746,0.00088204,0.000102262,0.00200745,0.033454,0.000699819,-0.00217601,0.00154549,0.000354157,0.00164471,0.000230559,0.000699819,0.0279182,-0.000206827,-0.000136051,6.76418e-05,-0.000134011,4.11715e-05,-0.00217601,-0.000206827,0.0467741,
0.00392882,-0.000855843,-0.0009817,5.36077e-05,-0.000490961,0.00154849,-0.000135634,-0.000855843,0.00139332,-0.000882717,0.000777525,0.000883537,0.00035231,6.75064e-05,-0.0009817,-0.000882717,0.00353904,-0.00065413,0.000104196,0.0016441,-0.000133528,5.36076e-05,0.000777525,-0.00065413,0.00214912,0.0020017,0.000219959,4.21626e-05,-0.000490961,0.000883537,0.000104196,0.0020017,0.0334689,0.00071318,-0.00217521,0.00154849,0.00035231,0.0016441,0.000219959,0.00071318,0.0279334,-0.00020618,-0.000135634,6.75063e-05,-0.000133528,4.21626e-05,-0.00217521,-0.00020618,0.0467738,
0.0039245,-0.000856537,-0.000987827,4.67256e-05,-0.00048029,0.00155139,-0.000135212,-0.000856537,0.00139538,-0.00088231,0.000778139,0.000885013,0.000350474,6.73699e-05,-0.000987828,-0.00088231,0.00353944,-0.000652902,0.000106066,0.00164349,-0.000133046,4.67256e-05,0.000778139,-0.000652902,0.00214612,0.00199587,0.000209362,4.3148e-05,-0.00048029,0.000885013,0.000106066,0.00199587,0.0334838,0.000726497,-0.00217439,0.00155139,0.000350474,0.00164349,0.000209362,0.000726497,0.0279484,-0.00020553,-0.000135212,6.73699e-05,-0.000133046,4.3148e-05,-0.00217439,-0.00020553,0.0467736,
0.00392015,-0.000857196,-0.000993894,3.98865e-05,-0.000469733,0.0015542,-0.000134786,-0.000857196,0.00139742,-0.000881908,0.000778748,0.000886469,0.000348652,6.72325e-05,-0.000993894,-0.000881908,0.00353985,-0.000651653,0.000107872,0.00164288,-0.000132565,3.98865e-05,0.000778748,-0.000651653,0.00214315,0.00198997,0.000198768,4.41279e-05,-0.000469733,0.000886469,0.000107872,0.00198997,0.0334986,0.000739769,-0.00217355,0.0015542,0.000348651,0.00164288,0.000198768,0.000739769,0.0279634,-0.000204875,-0.000134786,6.72325e-05,-0.000132565,4.41279e-05,-0.00217355,-0.000204875,0.0467733,
0.00391577,-0.000857821,-0.000999901,3.30904e-05,-0.00045929,0.00155691,-0.000134357,-0.000857821,0.00139945,-0.000881512,0.000779352,0.000887906,0.000346841,6.70941e-05,-0.000999901,-0.000881512,0.00354027,-0.000650383,0.000109617,0.00164226,-0.000132084,3.30904e-05,0.000779352,-0.000650383,0.00214023,0.001984,0.000188177,4.51021e-05,-0.00045929,0.000887906,0.000109617,0.001984,0.0335135,0.000752994,-0.0021727,0.00155691,0.000346841,0.00164226,0.000188177,0.000752994,0.0279782,-0.000204217,-0.000134357,6.70942e-05,-0.000132084,4.51021e-05,-0.0021727,-0.000204217,0.0467731,
0.00391137,-0.000858413,-0.00100585,2.63372e-05,-0.000448961,0.00155953,-0.000133923,-0.000858413,0.00140146,-0.000881122,0.000779951,0.000889324,0.000345042,6.69549e-05,-0.00100585,-0.000881122,0.00354068,-0.000649094,0.000111301,0.00164165,-0.000131603,2.63372e-05,0.000779951,-0.000649094,0.00213735,0.00197796,0.000177592,4.60707e-05,-0.000448961,0.000889324,0.000111301,0.00197796,0.0335282,0.000766171,-0.00217183,0.00155953,0.000345042,0.00164165,0.000177593,0.000766171,0.0279929,-0.000203555,-0.000133923,6.69549e-05,-0.000131603,4.60707e-05,-0.00217183,-0.000203555,0.0467728,
0.00390713,-0.00085889,-0.00101205,1.97145e-05,-0.000438712,0.00156412,-0.000133425,-0.000858998,0.00140345,-0.000880697,0.000780534,0.000890718,0.000342988,6.68069e-05,-0.00101148,-0.000880628,0.00354069,-0.000647669,0.000112971,0.00164377,-0.000131044,1.96624e-05,0.000780561,-0.000647842,0.00213453,0.00197187,0.000167387,4.70446e-05,-0.000438626,0.000890774,0.000112733,0.00197191,0.033543,0.000780556,-0.0021709,0.00155947,0.000342156,0.00164522,0.000165858,0.000778854,0.0279802,-0.000203688,-0.00013351,6.68046e-05,-0.000131085,4.70229e-05,-0.00217094,-0.000203142,0.0467726,
0.00390268,-0.000859417,-0.00101788,1.30455e-05,-0.000428608,0.00156657,-0.000132985,-0.000859527,0.00140544,-0.000880318,0.000781123,0.000892099,0.000341204,6.66653e-05,-0.00101731,-0.00088025,0.00354112,-0.000646344,0.000114539,0.00164316,-0.000130565,1.29953e-05,0.000781149,-0.000646514,0.00213173,0.0019657,0.000156818,4.8006e-05,-0.000428523,0.000892154,0.000114301,0.00196575,0.0335577,0.000793632,-0.00217,0.00156192,0.000340385,0.00164459,0.000155311,0.000791924,0.0279946,-0.000203011,-0.000133069,6.66632e-05,-0.000130606,4.79847e-05,-0.00217004,-0.000202475,0.0467723,
0.00389821,-0.000859913,-0.00102365,6.41948e-06,-0.000418616,0.00156893,-0.000132541,-0.000860023,0.00140741,-0.000879945,0.000781706,0.000893462,0.000339433,6.65226e-05,-0.00102308,-0.000879879,0.00354156,-0.000644999,0.00011605,0.00164255,-0.000130087,6.37101e-06,0.000781733,-0.000645168,0.00212897,0.00195948,0.000146257,4.89647e-05,-0.000418532,0.000893517,0.000115813,0.00195953,0.0335723,0.000806655,-0.00216909,0.00156428,0.000338625,0.00164397,0.000144771,0.00080494,0.0280089,-0.000202332,-0.000132624,6.65207e-05,-0.000130127,4.89437e-05,-0.00216913,-0.000201804,0.0467721,
0.00389372,-0.000860378,-0.00102936,-1.63758e-07,-0.000408737,0.0015712,-0.000132093,-0.000860489,0.00140937,-0.000879578,0.000782284,0.000894808,0.000337673,6.63789e-05,-0.00102879,-0.000879514,0.00354199,-0.000643637,0.000117505,0.00164193,-0.00012961,-2.10332e-07,0.000782311,-0.000643803,0.00212625,0.0019532,0.000135704,4.99198e-05,-0.000408653,0.000894863,0.000117269,0.00195325,0.0335869,0.000819624,-0.00216816,0.00156656,0.000336878,0.00164334,0.00013424,0.000817903,0.028023,-0.000201651,-0.000132176,6.63772e-05,-0.000129649,4.98991e-05,-0.0021682,-0.000201131,0.0467718,
0.0038892,-0.000860813,-0.00103501,-6.70403e-06,-0.000398968,0.00157339,-0.000131642,-0.000860924,0.00141132,-0.000879217,0.000782856,0.000896137,0.000335926,6.62342e-05,-0.00103445,-0.000879155,0.00354244,-0.000642257,0.000118907,0.00164132,-0.000129132,-6.74871e-06,0.000782883,-0.00064242,0.00212357,0.00194686,0.00012516,5.08707e-05,-0.000398886,0.000896193,0.00011867,0.00194691,0.0336015,0.000832539,-0.00216721,0.00156875,0.000335142,0.00164272,0.000123719,0.000830811,0.028037,-0.000200967,-0.000131724,6.62327e-05,-0.000129171,5.08503e-05,-0.00216725,-0.000200455,0.0467716,
0.00388475,-0.000861184,-0.00104074,-1.31695e-05,-0.000389297,0.00157635,-0.000131164,-0.000861342,0.00141325,-0.000878844,0.000783417,0.000897448,0.000334062,6.60852e-05,-0.00103994,-0.000878758,0.00354272,-0.000640817,0.000120273,0.00164182,-0.000128625,-1.32297e-05,0.000783456,-0.000641043,0.00212094,0.00194047,0.000114785,5.18211e-05,-0.000389182,0.000897526,0.000119941,0.00194053,0.033616,0.00084591,-0.00216624,0.00156983,0.000332976,0.00164376,0.000112789,0.000843473,0.0280398,-0.000200588,-0.000131279,6.60834e-05,-0.000128678,5.17926e-05,-0.0021663,-0.000199878,0.0467713,
0.00388019,-0.000861559,-0.00104628,-1.96249e-05,-0.00037975,0.00157837,-0.000130707,-0.000861718,0.00141517,-0.000878495,0.000783978,0.000898745,0.000332335,6.59385e-05,-0.00104549,-0.000878411,0.00354317,-0.000639404,0.000121569,0.00164122,-0.00012815,-1.96825e-05,0.000784016,-0.000639626,0.00211833,0.00193402,0.000104265,5.27645e-05,-0.000379636,0.000898824,0.000121238,0.00193408,0.0336304,0.000858713,-0.00216527,0.00157186,0.000331265,0.00164313,0.000102299,0.000856268,0.0280536,-0.000199897,-0.00013082,6.5937e-05,-0.000128202,5.27365e-05,-0.00216532,-0.000199196,0.046771,
0.00387562,-0.000861906,-0.00105176,-2.60376e-05,-0.000370313,0.00158031,-0.000130246,-0.000862066,0.00141707,-0.000878153,0.000784532,0.000900027,0.000330619,6.57909e-05,-0.00105097,-0.000878072,0.00354362,-0.000637974,0.000122814,0.00164061,-0.000127674,-2.60926e-05,0.000784571,-0.000638192,0.00211577,0.00192752,9.37555e-05,5.37046e-05,-0.0003702,0.000900106,0.000122483,0.00192758,0.0336448,0.000871458,-0.00216428,0.00157381,0.000329566,0.0016425,9.18212e-05,0.000869004,0.0280672,-0.000199203,-0.000130359,6.57896e-05,-0.000127725,5.36768e-05,-0.00216434,-0.000198511,0.0467708,
0.00387104,-0.000862224,-0.00105719,-3.24076e-05,-0.000360985,0.00158217,-0.000129782,-0.000862385,0.00141897,-0.000877817,0.00078508,0.000901294,0.000328915,6.56422e-05,-0.0010564,-0.000877738,0.00354408,-0.000636527,0.000124008,0.00164001,-0.000127199,-3.24601e-05,0.000785119,-0.000636742,0.00211324,0.00192097,8.32593e-05,5.4641e-05,-0.000360873,0.000901373,0.000123678,0.00192102,0.0336591,0.000884143,-0.00216328,0.00157567,0.000327878,0.00164187,8.1356e-05,0.000881682,0.0280807,-0.000198507,-0.000129894,6.56413e-05,-0.00012725,5.46136e-05,-0.00216334,-0.000197823,0.0467705,
0.00386644,-0.000862515,-0.00106256,-3.87351e-05,-0.000351766,0.00158395,-0.000129315,-0.000862677,0.00142085,-0.000877488,0.000785622,0.000902547,0.000327222,6.54928e-05,-0.00106178,-0.000877411,0.00354453,-0.000635065,0.000125154,0.00163941,-0.000126725,-3.8785e-05,0.000785661,-0.000635277,0.00211075,0.00191437,7.27766e-05,5.55734e-05,-0.000351654,0.000902626,0.000124825,0.00191442,0.0336734,0.000896769,-0.00216227,0.00157747,0.000326202,0.00164125,7.09042e-05,0.000894301,0.0280941,-0.000197808,-0.000129427,6.54921e-05,-0.000126775,5.55464e-05,-0.00216232,-0.000197131,0.0467702,
0.00386182,-0.000862778,-0.00106788,-4.50201e-05,-0.000342655,0.00158565,-0.000128845,-0.000862941,0.00142272,-0.000877165,0.000786158,0.000903785,0.000325541,6.53425e-05,-0.0010671,-0.00087709,0.00354499,-0.000633587,0.000126252,0.00163882,-0.000126251,-4.50674e-05,0.000786197,-0.000633795,0.00210829,0.00190772,6.23078e-05,5.65014e-05,-0.000342544,0.000903864,0.000125923,0.00190777,0.0336876,0.000909334,-0.00216124,0.00157918,0.000324538,0.00164063,6.04664e-05,0.000906858,0.0281074,-0.000197106,-0.000128957,6.53421e-05,-0.000126301,5.64747e-05,-0.0021613,-0.000196436,0.04677,
0.00385719,-0.000863015,-0.00107315,-5.12627e-05,-0.000333652,0.00158728,-0.000128373,-0.000863178,0.00142458,-0.000876849,0.000786688,0.000905009,0.000323871,6.51914e-05,-0.00107237,-0.000876776,0.00354546,-0.000632095,0.000127303,0.00163822,-0.000125778,-5.13074e-05,0.000786727,-0.000632299,0.00210587,0.00190102,5.18542e-05,5.7425e-05,-0.000333542,0.000905089,0.000126975,0.00190107,0.0337017,0.000921837,-0.0021602,0.00158082,0.000322884,0.00164001,5.00437e-05,0.000919355,0.0281205,-0.000196402,-0.000128483,6.51912e-05,-0.000125827,5.73986e-05,-0.00216026,-0.000195738,0.0467697,
0.00385255,-0.000863226,-0.00107836,-5.74631e-05,-0.000324756,0.00158883,-0.000127897,-0.00086339,0.00142642,-0.00087654,0.000787211,0.00090622,0.000322213,6.50395e-05,-0.00107758,-0.000876468,0.00354592,-0.000630587,0.000128308,0.00163763,-0.000125306,-5.75052e-05,0.00078725,-0.000630789,0.00210349,0.00189428,4.1416e-05,5.83437e-05,-0.000324646,0.0009063,0.000127981,0.00189432,0.0337158,0.000934278,-0.00215915,0.00158238,0.000321242,0.00163939,3.96364e-05,0.000931789,0.0281336,-0.000195695,-0.000128008,6.50396e-05,-0.000125355,5.83177e-05,-0.0021592,-0.000195037,0.0467694,
0.0038479,-0.000863411,-0.00108351,-6.36212e-05,-0.000315966,0.0015903,-0.00012742,-0.000863575,0.00142825,-0.000876237,0.000787728,0.000907419,0.000320566,6.48868e-05,-0.00108275,-0.000876167,0.00354638,-0.000629066,0.000129268,0.00163705,-0.000124835,-6.36607e-05,0.000787767,-0.000629264,0.00210115,0.00188749,3.09942e-05,5.92576e-05,-0.000315857,0.000907499,0.000128941,0.00188753,0.0337298,0.000946657,-0.00215808,0.00158386,0.000319611,0.00163878,2.92454e-05,0.000944161,0.0281465,-0.000194986,-0.000127529,6.48873e-05,-0.000124883,5.92318e-05,-0.00215813,-0.000194332,0.0467691,
0.00384323,-0.00086357,-0.00108862,-6.97374e-05,-0.000307282,0.00159171,-0.000126939,-0.000863735,0.00143007,-0.00087594,0.000788238,0.000908604,0.00031893,6.47335e-05,-0.00108785,-0.000875873,0.00354684,-0.000627531,0.000130184,0.00163647,-0.000124364,-6.97743e-05,0.000788277,-0.000627725,0.00209883,0.00188065,2.05894e-05,6.01664e-05,-0.000307173,0.000908685,0.000129858,0.00188069,0.0337437,0.000958971,-0.00215699,0.00158528,0.000317992,0.00163817,1.88714e-05,0.000956469,0.0281593,-0.000194273,-0.000127048,6.47342e-05,-0.000124412,6.01409e-05,-0.00215705,-0.000193623,0.0467688,
0.00383856,-0.000863705,-0.00109367,-7.58115e-05,-0.000298703,0.00159304,-0.000126456,-0.000863871,0.00143188,-0.000875651,0.000788741,0.000909778,0.000317305,6.45794e-05,-0.00109291,-0.000875585,0.00354731,-0.000625982,0.000131057,0.00163589,-0.000123894,-7.58459e-05,0.00078878,-0.000626173,0.00209656,0.00187377,1.02023e-05,6.107e-05,-0.000298595,0.000909858,0.000130732,0.00187382,0.0337576,0.000971221,-0.0021559,0.00158662,0.000316383,0.00163757,8.51491e-06,0.000968713,0.028172,-0.000193558,-0.000126565,6.45805e-05,-0.000123942,6.10448e-05,-0.00215595,-0.000192912,0.0467686,
0.00383387,-0.000863815,-0.00109867,-8.18438e-05,-0.000290229,0.00159429,-0.000125971,-0.000863982,0.00143368,-0.000875368,0.000789238,0.000910939,0.000315691,6.44248e-05,-0.00109791,-0.000875304,0.00354777,-0.00062442,0.000131888,0.00163532,-0.000123425,-8.18756e-05,0.000789277,-0.000624607,0.00209432,0.00186686,-1.66811e-07,6.1968e-05,-0.000290121,0.00091102,0.000131563,0.0018669,0.0337714,0.000983404,-0.00215479,0.00158789,0.000314785,0.00163697,-1.82349e-06,0.000980891,0.0281845,-0.00019284,-0.00012608,6.44261e-05,-0.000123473,6.19431e-05,-0.00215484,-0.000192197,0.0467683,
0.00382918,-0.000863902,-0.00110362,-8.78344e-05,-0.000281859,0.00159548,-0.000125483,-0.000864069,0.00143546,-0.000875091,0.000789728,0.000912089,0.000314088,6.42695e-05,-0.00110287,-0.000875029,0.00354824,-0.000622845,0.000132677,0.00163475,-0.000122957,-8.78636e-05,0.000789767,-0.000623029,0.00209211,0.0018599,-1.05168e-05,6.28608e-05,-0.000281751,0.00091217,0.000132354,0.00185994,0.0337852,0.000995523,-0.00215366,0.0015891,0.000313198,0.00163637,-1.2143e-05,0.000993004,0.028197,-0.00019212,-0.000125592,6.42711e-05,-0.000123005,6.28361e-05,-0.00215372,-0.000191478,0.046768,
0.00382448,-0.000863965,-0.00110851,-9.37835e-05,-0.000273591,0.0015966,-0.000124994,-0.000864133,0.00143724,-0.000874822,0.000790212,0.000913227,0.000312496,6.41135e-05,-0.00110777,-0.000874761,0.0035487,-0.000621258,0.000133426,0.00163419,-0.00012249,-9.38101e-05,0.00079025,-0.000621438,0.00208994,0.00185291,-2.08474e-05,6.37479e-05,-0.000273484,0.000913309,0.000133104,0.00185294,0.0337988,0.00100757,-0.00215253,0.00159023,0.000311621,0.00163577,-2.24432e-05,0.00100505,0.0282093,-0.000191397,-0.000125102,6.41155e-05,-0.000122538,6.37234e-05,-0.00215258,-0.000190757,0.0467677,
0.00381977,-0.000864005,-0.00111336,-9.96911e-05,-0.000265426,0.00159765,-0.000124502,-0.000864174,0.001439,-0.000874558,0.000790688,0.000914355,0.000310914,6.3957e-05,-0.00111262,-0.000874499,0.00354916,-0.000619659,0.000134136,0.00163363,-0.000122023,-9.97151e-05,0.000790726,-0.000619836,0.0020878,0.00184587,-3.11579e-05,6.46295e-05,-0.000265319,0.000914436,0.000133815,0.00184591,0.0338124,0.00101956,-0.00215138,0.0015913,0.000310056,0.00163519,-3.27232e-05,0.00101703,0.0282215,-0.000190671,-0.00012461,6.39593e-05,-0.000122071,6.46053e-05,-0.00215143,-0.000190032,0.0467674,
0.00381506,-0.000864023,-0.00111815,-0.000105557,-0.000257363,0.00159863,-0.000124008,-0.000864192,0.00144075,-0.000874302,0.000791158,0.000915472,0.000309343,6.38e-05,-0.00111742,-0.000874245,0.00354963,-0.000618048,0.000134808,0.00163308,-0.000121558,-0.000105579,0.000791196,-0.000618221,0.00208569,0.0018388,-4.14476e-05,6.55054e-05,-0.000257256,0.000915554,0.000134487,0.00183884,0.033826,0.00103147,-0.00215021,0.0015923,0.0003085,0.0016346,-4.29826e-05,0.00102894,0.0282336,-0.000189942,-0.000124116,6.38026e-05,-0.000121606,6.54814e-05,-0.00215027,-0.000189304,0.0467672,
0.00381034,-0.000864019,-0.0011229,-0.000111382,-0.000249401,0.00159955,-0.000123513,-0.000864188,0.00144249,-0.000874052,0.00079162,0.000916578,0.000307782,6.36424e-05,-0.00112217,-0.000873996,0.00355009,-0.000616426,0.000135441,0.00163253,-0.000121094,-0.000111401,0.000791658,-0.000616595,0.00208362,0.0018317,-5.17161e-05,6.63757e-05,-0.000249294,0.00091666,0.000135122,0.00183173,0.0338394,0.00104332,-0.00214904,0.00159323,0.000306956,0.00163402,-5.3221e-05,0.00104078,0.0282456,-0.000189211,-0.000123621,6.36454e-05,-0.000121142,6.63519e-05,-0.00214909,-0.000188572,0.0467669,
0.00380561,-0.000863993,-0.0011276,-0.000117166,-0.000241539,0.0016004,-0.000123015,-0.000864163,0.00144421,-0.000873809,0.000792076,0.000917674,0.000306232,6.34843e-05,-0.00112687,-0.000873755,0.00355055,-0.000614792,0.000136038,0.00163199,-0.00012063,-0.000117183,0.000792114,-0.000614958,0.00208157,0.00182456,-6.19629e-05,6.724e-05,-0.000241432,0.000917757,0.000135719,0.00182459,0.0338528,0.0010551,-0.00214785,0.0015941,0.000305421,0.00163345,-6.34377e-05,0.00105256,0.0282575,-0.000188478,-0.000123123,6.34877e-05,-0.000120679,6.72165e-05,-0.0021479,-0.000187838,0.0467666,
0.00380088,-0.000863946,-0.00113225,-0.00012291,-0.000233777,0.00160119,-0.000122516,-0.000864116,0.00144593,-0.000873573,0.000792525,0.000918761,0.000304692,6.33257e-05,-0.00113153,-0.00087352,0.00355101,-0.000613148,0.000136598,0.00163145,-0.000120168,-0.000122924,0.000792562,-0.000613311,0.00207956,0.00181739,-7.21873e-05,6.80987e-05,-0.00023367,0.000918843,0.000136281,0.00181742,0.0338661,0.00106681,-0.00214665,0.00159491,0.000303897,0.00163288,-7.36322e-05,0.00106426,0.0282693,-0.000187742,-0.000122624,6.33294e-05,-0.000120217,6.80752e-05,-0.0021467,-0.000187101,0.0467663,
0.00379615,-0.000863878,-0.00113685,-0.000128612,-0.000226114,0.00160191,-0.000122016,-0.000864048,0.00144763,-0.000873343,0.000792966,0.000919837,0.000303162,6.31667e-05,-0.00113613,-0.000873292,0.00355146,-0.000611493,0.000137124,0.00163092,-0.000119707,-0.000128623,0.000793003,-0.000611652,0.00207759,0.00181019,-8.23888e-05,6.89509e-05,-0.000226006,0.00091992,0.000136808,0.00181022,0.0338793,0.00107844,-0.00214543,0.00159566,0.000302383,0.00163231,-8.38039e-05,0.00107589,0.0282809,-0.000187003,-0.000122124,6.31707e-05,-0.000119757,6.89276e-05,-0.00214549,-0.000186361,0.046766,
0.00379141,-0.00086379,-0.0011414,-0.000134274,-0.000218549,0.00160258,-0.000121513,-0.000863961,0.00144933,-0.00087312,0.000793401,0.000920905,0.000301643,6.3007e-05,-0.00114069,-0.00087307,0.00355192,-0.000609829,0.000137614,0.00163039,-0.000119246,-0.000134283,0.000793437,-0.000609985,0.00207564,0.00180295,-9.2567e-05,6.9799e-05,-0.000218441,0.000920988,0.0001373,0.00180298,0.0338924,0.00109002,-0.00214421,0.00159634,0.000300878,0.00163175,-9.39523e-05,0.00108746,0.0282925,-0.000186263,-0.000121621,6.30114e-05,-0.000119296,6.97759e-05,-0.00214426,-0.000185618,0.0467657,
0.00378667,-0.000863682,-0.0011459,-0.000139895,-0.000211081,0.00160318,-0.00012101,-0.000863853,0.00145101,-0.000872903,0.000793828,0.000921962,0.000300133,6.28472e-05,-0.0011452,-0.000872855,0.00355237,-0.000608153,0.000138072,0.00162987,-0.000118788,-0.000139902,0.000793864,-0.000608306,0.00207373,0.0017957,-0.000102721,7.06391e-05,-0.000210973,0.000922046,0.000137759,0.00179572,0.0339055,0.00110151,-0.00214297,0.00159696,0.000299384,0.00163119,-0.000104077,0.00109895,0.0283039,-0.00018552,-0.000121118,6.2852e-05,-0.000118838,7.06161e-05,-0.00214303,-0.000184872,0.0467654,
0.00378193,-0.000863554,-0.00115036,-0.000145477,-0.000203709,0.00160372,-0.000120504,-0.000863725,0.00145268,-0.000872693,0.000794248,0.000923012,0.000298633,6.26867e-05,-0.00114966,-0.000872646,0.00355282,-0.00060647,0.000138496,0.00162936,-0.000118329,-0.000145481,0.000794284,-0.000606619,0.00207184,0.0017884,-0.000112851,7.14751e-05,-0.000203601,0.000923096,0.000138184,0.00178843,0.0339185,0.00111294,-0.00214172,0.00159753,0.0002979,0.00163064,-0.000114178,0.00111037,0.0283153,-0.000184775,-0.000120613,6.26919e-05,-0.00011838,7.14522e-05,-0.00214178,-0.000184123,0.0467652,
0.00377719,-0.000863407,-0.00115477,-0.000151018,-0.000196434,0.0016042,-0.000119998,-0.000863579,0.00145434,-0.00087249,0.000794661,0.000924053,0.000297143,6.2526e-05,-0.00115408,-0.000872444,0.00355327,-0.000604776,0.000138889,0.00162885,-0.000117872,-0.000151019,0.000794697,-0.000604922,0.00206999,0.00178109,-0.000122956,7.23042e-05,-0.000196326,0.000924137,0.000138578,0.00178111,0.0339314,0.00112429,-0.00214046,0.00159804,0.000296425,0.0016301,-0.000124253,0.00112172,0.0283265,-0.000184027,-0.000120107,6.25316e-05,-0.000117924,7.22815e-05,-0.00214052,-0.000183371,0.0467649,
0.00377245,-0.000863241,-0.00115914,-0.000156519,-0.000189254,0.00160463,-0.00011949,-0.000863413,0.00145599,-0.000872293,0.000795066,0.000925085,0.000295662,6.23648e-05,-0.00115845,-0.000872248,0.00355372,-0.000603074,0.000139249,0.00162835,-0.000117416,-0.000156518,0.000795102,-0.000603216,0.00206816,0.00177374,-0.000133036,7.31279e-05,-0.000189145,0.000925169,0.00013894,0.00177377,0.0339442,0.00113557,-0.00213919,0.00159849,0.00029496,0.00162956,-0.000134304,0.001133,0.0283376,-0.000183277,-0.000119599,6.23708e-05,-0.000117469,7.31053e-05,-0.00213924,-0.000182617,0.0467646,
