-0.178,0.702873,-0.0592829,-1.73058,-0.00031762,0.722681,-1.59999,0.651003,0.253582,3.18059e-05,0.212304,0.00152196,-0.0563148,-0.0268967,0.0136118,0.000239836,-2.67276e-54,3.55271e-18,
-0.178193,0.703616,-0.0590494,-1.73104,-0.000979525,0.724907,-1.60444,0.65,3.19744e-20,-0.0483536,0.185665,0.0583616,-0.115347,-0.165476,0.556608,-1.11235,-7.10543e-18,3.55271e-18,
-0.178416,0.704306,-0.0587835,-1.73149,-0.00200972,0.727949,-1.60921,0.65,4.61853e-20,-0.0557447,0.172494,0.0664747,-0.111113,-0.257548,0.760626,-1.1909,-7.10543e-18,3.55271e-18,
-0.17864,0.704947,-0.0585198,-1.73188,-0.0031504,0.731365,-1.614,0.65,6.03961e-20,-0.0558405,0.160214,0.0659204,-0.0976498,-0.285169,0.853902,-1.19869,-7.10543e-18,2.66454e-18,
-0.178861,0.705537,-0.0582604,-1.73222,-0.00428494,0.734977,-1.6188,0.65,7.10543e-20,-0.0552667,0.147514,0.0648467,-0.0848045,-0.283635,0.902883,-1.20023,-6.21725e-18,0,
-0.17908,0.706076,-0.058004,-1.73251,-0.00536654,0.738703,-1.62361,0.65,7.10543e-20,-0.05481,0.13486,0.0641128,-0.074011,-0.270401,0.931701,-1.20073,-7.54952e-18,8.88178e-19,
-0.179298,0.706567,-0.0577495,-1.73277,-0.00637795,0.742505,-1.62841,0.65,7.4607e-20,-0.054451,0.122753,0.0636136,-0.0650486,-0.252852,0.950416,-1.20091,-4.88498e-18,8.88178e-19,
-0.179514,0.707013,-0.0574966,-1.733,-0.00731393,0.74636,-1.63321,0.65,7.81597e-20,-0.0541277,0.111485,0.0632272,-0.0575014,-0.233995,0.963646,-1.20096,-3.55271e-18,4.44089e-19,
-0.179729,0.707418,-0.0572451,-1.73321,-0.00817405,0.750254,-1.63802,0.65,7.99361e-20,-0.0538067,0.101173,0.0628888,-0.051036,-0.21503,0.973664,-1.20097,-1.77636e-18,-4.44089e-19,
-0.179943,0.707785,-0.0569948,-1.73339,-0.00895974,0.754181,-1.64282,0.65,7.81597e-20,-0.0534733,0.0918321,0.0625675,-0.0454193,-0.196423,0.981645,-1.20096,-8.88178e-19,-4.44089e-19,
-0.180156,0.708119,-0.0567458,-1.73355,-0.00967313,0.758134,-1.64762,0.65,7.63833e-20,-0.0531216,0.0834195,0.0622485,-0.0404908,-0.178349,0.988231,-1.20094,-4.44089e-19,-4.44089e-19,
-0.180367,0.708422,-0.0564981,-1.7337,-0.0103166,0.762109,-1.65243,0.65,7.4607e-20,-0.0527493,0.0758676,0.0619241,-0.0361374,-0.160864,0.993789,-1.20092,8.88178e-19,-4.44089e-19,
-0.180576,0.708699,-0.0562518,-1.73382,-0.0108925,0.766103,-1.65723,0.65,7.28306e-20,-0.0523556,0.0690991,0.06159,-0.0322752,-0.143979,0.998541,-1.2009,2.22045e-18,-4.44089e-19,
-0.180784,0.708951,-0.0560068,-1.73394,-0.0114033,0.770114,-1.66204,0.65,7.10543e-20,-0.0519404,0.0630362,0.0612435,-0.0288396,-0.127686,1.00263,-1.20088,8.88178e-19,4.44089e-19,
-0.18099,0.709181,-0.0557632,-1.73404,-0.0118511,0.774138,-1.66684,0.65,7.28306e-20,-0.0515038,0.0576047,0.0608827,-0.0257783,-0.111973,1.00617,-1.20086,-4.44089e-19,8.88178e-19,
-0.181194,0.709392,-0.0555212,-1.73414,-0.0122384,0.778175,-1.67164,0.65,7.63833e-20,-0.051046,0.0527362,0.060506,-0.0230476,-0.0968211,1.00923,-1.20084,1.33227e-18,3.55271e-18,
-0.181397,0.709586,-0.0552808,-1.73422,-0.0125673,0.782223,-1.67645,0.65,9.05942e-20,-0.0505673,0.0483685,0.0601123,-0.0206103,-0.0822146,1.01187,-1.20083,1.33227e-18,3.9968e-18,
-0.181597,0.709764,-0.055042,-1.73429,-0.0128398,0.786279,-1.68125,0.65,1.06581e-19,-0.0500681,0.0444456,0.0597008,-0.0184344,-0.0681361,1.01415,-1.20081,3.10862e-18,5.32907e-18,
-0.181795,0.709927,-0.0548049,-1.73436,-0.0130581,0.790344,-1.68605,0.65,1.27898e-19,-0.0495488,0.0409174,0.0592705,-0.0164915,-0.0545691,1.0161,-1.20079,4.44089e-18,5.32907e-18,
-0.181991,0.710078,-0.0545696,-1.73442,-0.0132241,0.794415,-1.69086,0.65,1.49214e-19,-0.0490095,0.0377393,0.0588208,-0.0147571,-0.0414974,1.01777,-1.20077,7.54952e-18,7.54952e-18,
-0.182185,0.710216,-0.0543363,-1.73446,-0.0133446,0.798407,-1.69566,0.65,1.79412e-19,-0.0484005,0.0345134,0.0583221,-0.0112921,-0.0301308,0.998113,-1.20067,6.66134e-18,7.10543e-18,
-0.182376,0.710341,-0.0541051,-1.73449,-0.0134197,0.802273,-1.70046,0.65,2.07834e-19,-0.04775,0.0310637,0.0578095,-0.00779155,-0.0187817,0.966342,-1.20063,8.43769e-18,7.10543e-18,
-0.182564,0.710451,-0.0538759,-1.73451,-0.0134488,0.805992,-1.70526,0.65,2.36255e-19,-0.0470811,0.0275541,0.0572933,-0.00490555,-0.00725884,0.929866,-1.20062,9.32587e-18,7.10543e-18,
-0.18275,0.710547,-0.0536489,-1.73452,-0.0134322,0.809559,-1.71007,0.65,2.64677e-19,-0.0463975,0.0241672,0.0567628,-0.00260346,0.00413554,0.891768,-1.20061,7.54952e-18,7.10543e-18,
-0.182932,0.710632,-0.053424,-1.73453,-0.0133714,0.812973,-1.71487,0.65,2.93099e-19,-0.0456982,0.0210133,0.0562075,-0.000759401,0.0152021,0.853494,-1.2006,8.43769e-18,7.54952e-18,
-0.183112,0.710704,-0.0532015,-1.73452,-0.013268,0.816236,-1.71967,0.65,3.23297e-19,-0.0449816,0.0181421,0.0556212,0.000733152,0.0258525,0.81577,-1.20058,9.32587e-18,7.54952e-18,
-0.183289,0.710766,-0.0529815,-1.73451,-0.0131238,0.819352,-1.72447,0.65,3.53495e-19,-0.0442474,0.0155663,0.0550013,0.00195043,0.0360598,0.778973,-1.20056,1.02141e-17,7.54952e-18,
-0.183463,0.710819,-0.0527641,-1.7345,-0.0129405,0.822325,-1.72927,0.65,3.83693e-19,-0.0434954,0.0132778,0.0543471,0.00294582,0.0458257,0.743298,-1.20054,1.02141e-17,7.54952e-18,
-0.183634,0.710864,-0.0525495,-1.73449,-0.0127198,0.825161,-1.73408,0.65,4.13891e-19,-0.042726,0.0112586,0.053659,0.00375772,0.0551644,0.708844,-1.20053,1.11022e-17,7.10543e-18,
-0.183802,0.710902,-0.0523378,-1.73447,-0.0124634,0.827863,-1.73888,0.65,4.42313e-19,-0.0419395,0.00948639,0.0529381,0.00441491,0.0640949,0.67565,-1.20051,1.15463e-17,7.10543e-18,
-0.183966,0.710934,-0.052129,-1.73445,-0.0121729,0.830438,-1.74368,0.65,4.70735e-19,-0.0411363,0.00793776,0.0521853,0.00493993,0.0726377,0.643729,-1.2005,1.15463e-17,7.10543e-18,
-0.184128,0.710961,-0.0519234,-1.73443,-0.0118496,0.832891,-1.74848,0.65,4.99156e-19,-0.0403169,0.00658989,0.0514022,0.00535112,0.0808133,0.613072,-1.20048,1.15463e-17,7.10543e-18,
-0.184286,0.710982,-0.0517211,-1.73441,-0.0114951,0.835225,-1.75328,0.65,5.27578e-19,-0.039482,0.00542134,0.0505899,0.00566385,0.0886417,0.58366,-1.20047,1.19904e-17,7.10543e-18,
-0.18444,0.711,-0.0515221,-1.73438,-0.0111105,0.837447,-1.75809,0.65,5.56e-19,-0.0386318,0.00441239,0.0497499,0.00589123,0.096142,0.555469,-1.20046,1.19904e-17,7.10543e-18,
-0.184591,0.711014,-0.0513265,-1.73436,-0.0106972,0.839561,-1.76289,0.65,5.84421e-19,-0.0377671,0.00354515,0.0488835,0.00604463,0.103332,0.528469,-1.20044,1.19904e-17,7.10543e-18,
-0.184739,0.711025,-0.0511342,-1.73433,-0.0102605,0.841571,-1.76756,0.65,6.12843e-19,-0.036872,0.00279551,0.0480809,0.00615425,0.109175,0.502512,-1.16777,1.19904e-17,7.10543e-18,
-0.184882,0.711034,-0.0509453,-1.73431,-0.00979965,0.843482,-1.77207,0.65,6.41265e-19,-0.0359228,0.00215844,0.0472281,0.00617909,0.115205,0.47776,-1.12686,1.19904e-17,7.10543e-18,
-0.185022,0.71104,-0.0507599,-1.73428,-0.00931476,0.845299,-1.77641,0.65,6.69687e-19,-0.0349736,0.00162469,0.0463566,0.00615243,0.121224,0.454143,-1.08646,1.19904e-17,7.10543e-18,
-0.185158,0.711045,-0.0505779,-1.73426,-0.00880722,0.847025,-1.7806,0.65,6.98108e-19,-0.0340461,0.00117992,0.0454874,0.00609259,0.126885,0.431604,-1.04743,1.11022e-17,6.66134e-18,
-0.185291,0.711048,-0.0503994,-1.73424,-0.00827895,0.848665,-1.78464,0.65,7.24754e-19,-0.0331424,0.000811073,0.0446231,0.00600421,0.132066,0.410109,-1.00982,1.06581e-17,6.66134e-18,
-0.18542,0.71105,-0.0502244,-1.73421,-0.00773197,0.850224,-1.78854,0.65,7.51399e-19,-0.0322616,0.000507575,0.0437641,0.00589008,0.136745,0.389626,-0.973597,1.06581e-17,6.21725e-18,
-0.185546,0.711051,-0.0500527,-1.73419,-0.00716822,0.851704,-1.79229,0.65,7.76268e-19,-0.0314025,0.000260765,0.042911,0.00575328,0.140937,0.370118,-0.938716,8.88178e-18,6.66134e-18,
-0.185668,0.711052,-0.0498845,-1.73417,-0.00658956,0.853111,-1.79591,0.65,8.02913e-19,-0.0305643,6.33059e-05,0.0420648,0.00559712,0.144665,0.351549,-0.905124,8.43769e-18,7.10543e-18,
-0.185787,0.711051,-0.0497195,-1.73415,-0.00599773,0.854446,-1.7994,0.65,8.31335e-19,-0.0297462,-9.1169e-05,0.0412265,0.00542478,0.147957,0.333881,-0.872774,8.43769e-18,7.10543e-18,
-0.185903,0.71105,-0.049558,-1.73412,-0.00539437,0.855714,-1.80277,0.65,8.59757e-19,-0.0289474,-0.000208256,0.0403969,0.0052392,0.15084,0.317076,-0.841617,7.54952e-18,6.21725e-18,
-0.186015,0.711049,-0.0493997,-1.7341,-0.00478101,0.856919,-1.80602,0.65,8.84626e-19,-0.0281674,-0.000292904,0.0395769,0.005043,0.153341,0.301098,-0.811608,6.66134e-18,5.32907e-18,
-0.186125,0.711048,-0.0492446,-1.73409,-0.00415907,0.858062,-1.80915,0.65,9.05942e-19,-0.0274055,-0.000349498,0.0387672,0.00483848,0.155485,0.28591,-0.782703,4.88498e-18,5.32907e-18,
-0.186232,0.711046,-0.0490927,-1.73407,-0.00352989,0.859148,-1.81217,0.65,9.27258e-19,-0.0266612,-0.000381925,0.0379685,0.00462767,0.157295,0.271479,-0.75486,4.88498e-18,5.32907e-18,
-0.186335,0.711045,-0.048944,-1.73405,-0.00289471,0.860179,-1.81508,0.65,9.48575e-19,-0.0259338,-0.000393627,0.0371814,0.00441234,0.158794,0.257769,-0.72804,4.44089e-18,4.88498e-18,
-0.186436,0.711043,-0.0487984,-1.73403,-0.0022547,0.861158,-1.81789,0.65,9.68114e-19,-0.0252231,-0.000387654,0.0364062,0.00419399,0.160003,0.244749,-0.702202,4.44089e-18,4.88498e-18,
-0.186534,0.711042,-0.0486558,-1.73402,-0.00161093,0.862088,-1.8206,0.65,9.87654e-19,-0.0245284,-0.0003667,0.0356434,0.00397397,0.160942,0.232387,-0.67731,4.44089e-18,5.32907e-18,
-0.18663,0.71104,-0.0485162,-1.734,-0.000964419,0.862971,-1.82321,0.65,1.00897e-18,-0.0238493,-0.000333144,0.0348933,0.00375339,0.161628,0.220652,-0.653327,5.32907e-18,5.32907e-18,
-0.186723,0.711039,-0.0483796,-1.73399,-0.000316101,0.863809,-1.82573,0.65,1.03029e-18,-0.0231854,-0.000289084,0.0341561,0.00353322,0.16208,0.209516,-0.63022,5.32907e-18,5.32907e-18,
-0.186813,0.711038,-0.0482459,-1.73397,0.000333152,0.864604,-1.82816,0.65,1.0516e-18,-0.0225364,-0.000236366,0.0334322,0.00331429,0.162313,0.198949,-0.607954,5.77316e-18,5.77316e-18,
-0.1869,0.711038,-0.048115,-1.73396,0.000982528,0.86536,-1.83051,0.65,1.0747e-18,-0.0219017,-0.000176613,0.0327216,0.0030973,0.162344,0.188925,-0.586498,5.32907e-18,5.77316e-18,
-0.186985,0.711037,-0.0479869,-1.73395,0.00163127,0.866078,-1.83277,0.65,1.09779e-18,-0.0212811,-0.000111247,0.0320244,0.00288282,0.162187,0.179417,-0.565821,4.88498e-18,6.21725e-18,
-0.187068,0.711037,-0.0478615,-1.73394,0.00227869,0.866759,-1.83495,0.65,1.12266e-18,-0.0206742,-4.15115e-05,0.0313408,0.00267133,0.161855,0.170401,-0.545894,3.9968e-18,6.21725e-18,
-0.187148,0.711037,-0.0477388,-1.73393,0.00292413,0.867407,-1.83706,0.65,1.14753e-18,-0.0200806,3.15075e-05,0.0306707,0.00246324,0.161361,0.161853,-0.526688,3.9968e-18,7.10543e-18,
-0.187226,0.711038,-0.0476188,-1.73392,0.003567,0.868022,-1.83909,0.65,1.17595e-18,-0.0195001,0.000106866,0.0300142,0.00225886,0.160717,0.15375,-0.508176,3.10862e-18,7.10543e-18,
-0.187302,0.711038,-0.0475013,-1.73391,0.00420674,0.868606,-1.84106,0.65,1.20437e-18,-0.0189323,0.000183743,0.0293713,0.00205844,0.159935,0.14607,-0.490332,3.10862e-18,7.10543e-18,
-0.187376,0.711039,-0.0473863,-1.7339,0.00484285,0.869161,-1.84295,0.65,1.23279e-18,-0.0183769,0.000261432,0.0287418,0.00186218,0.159025,0.138791,-0.47313,2.66454e-18,7.10543e-18,
-0.187447,0.711041,-0.0472738,-1.7339,0.00547484,0.869689,-1.84477,0.65,1.26121e-18,-0.0178336,0.000339323,0.0281257,0.00167022,0.157998,0.131895,-0.456546,3.10862e-18,7.10543e-18,
-0.187516,0.711042,-0.0471637,-1.73389,0.00610229,0.87019,-1.84654,0.65,1.28964e-18,-0.0173021,0.000416895,0.0275229,0.00148266,0.156862,0.125362,-0.440556,2.66454e-18,6.21725e-18,
-0.187583,0.711044,-0.047056,-1.73389,0.00672479,0.870667,-1.84824,0.65,1.3145e-18,-0.0167822,0.000493701,0.0269333,0.00129956,0.155627,0.119173,-0.425139,1.77636e-18,4.88498e-18,
-0.187648,0.711047,-0.0469506,-1.73388,0.007342,0.87112,-1.84988,0.65,1.33404e-18,-0.0162736,0.000569366,0.0263568,0.00112096,0.154301,0.113312,-0.410273,1.77636e-18,3.9968e-18,
-0.187712,0.711049,-0.0468474,-1.73388,0.00795356,0.871551,-1.85146,0.65,1.35003e-18,-0.015776,0.000643575,0.0257932,0.000946839,0.152891,0.107761,-0.395936,-4.44089e-19,5.77316e-18,
-0.187773,0.711052,-0.0467464,-1.73388,0.00855918,0.871961,-1.85299,0.65,1.37312e-18,-0.0152891,0.000716063,0.0252423,0.000777189,0.151405,0.102505,-0.38211,-1.77636e-18,8.43769e-18,
-0.187832,0.711055,-0.0466476,-1.73387,0.00915859,0.872351,-1.85447,0.65,1.40687e-18,-0.0148128,0.000786616,0.024704,0.000611962,0.149851,0.097529,-0.368774,-3.9968e-18,9.32587e-18,
-0.187889,0.711059,-0.0465509,-1.73387,0.00975152,0.872723,-1.85589,0.65,1.44418e-18,-0.0143467,0.000855058,0.0241782,0.000451099,0.148234,0.0928184,-0.35591,-5.77316e-18,1.06581e-17,
-0.187945,0.711062,-0.0464562,-1.73387,0.0103378,0.873076,-1.85726,0.65,1.48681e-18,-0.0138907,0.000921249,0.0236645,0.000294525,0.14656,0.0883597,-0.343501,-8.43769e-18,1.24345e-17,
-0.187999,0.711066,-0.0463636,-1.73387,0.0109171,0.873413,-1.85859,0.65,1.53655e-18,-0.0134445,0.000985083,0.0231629,0.000142153,0.144835,0.0841398,-0.331529,-9.32587e-18,1.37668e-17,
-0.188051,0.71107,-0.0462729,-1.73387,0.0114894,0.873733,-1.85987,0.65,1.59162e-18,-0.0130078,0.00104648,0.0226731,-6.11024e-06,0.143065,0.0801463,-0.319978,-1.06581e-17,1.59872e-17,
-0.188101,0.711075,-0.0461841,-1.73387,0.0120544,0.874039,-1.8611,0.65,1.65556e-18,-0.0125806,0.00110538,0.0221949,-0.000150369,0.141255,0.0763676,-0.308832,-1.15463e-17,1.68754e-17,
-0.18815,0.71108,-0.0460972,-1.73387,0.012612,0.87433,-1.8623,0.65,1.72307e-18,-0.0121625,0.00116175,0.0217282,-0.000290732,0.139409,0.0727925,-0.298076,-1.24345e-17,1.77636e-17,
-0.188197,0.711084,-0.0460121,-1.73387,0.0131621,0.874608,-1.86345,0.65,1.79412e-18,-0.0117533,0.00121557,0.0212727,-0.000427313,0.137532,0.0694104,-0.287696,-1.28786e-17,1.77636e-17,
-0.188242,0.711089,-0.0459288,-1.73388,0.0137047,0.874872,-1.86456,0.65,1.86517e-18,-0.0113529,0.00126684,0.0208281,-0.000560226,0.135628,0.0662111,-0.277677,-1.37668e-17,1.82077e-17,
-0.188286,0.711095,-0.0458472,-1.73388,0.0142395,0.875125,-1.86563,0.65,1.93801e-18,-0.010961,0.00131558,0.0203944,-0.000689592,0.1337,0.0631852,-0.268006,-1.42109e-17,1.9984e-17,
-0.188328,0.7111,-0.0457673,-1.73388,0.0147665,0.875366,-1.86666,0.65,2.01794e-18,-0.0105774,0.00136179,0.0199713,-0.000815527,0.131753,0.0603235,-0.25867,-1.37668e-17,2.08722e-17,
-0.188369,0.711106,-0.0456891,-1.73389,0.0152856,0.875597,-1.86766,0.65,2.10143e-18,-0.010202,0.00140551,0.0195585,-0.000938153,0.12979,0.0576173,-0.249656,-1.46549e-17,2.17604e-17,
-0.188408,0.711112,-0.0456125,-1.73389,0.0157969,0.875817,-1.86863,0.65,2.18847e-18,-0.00983458,0.00144679,0.0191559,-0.00105759,0.127813,0.0550586,-0.240953,-1.55431e-17,2.17604e-17,
-0.188446,0.711118,-0.0455374,-1.73389,0.0163002,0.876028,-1.86956,0.65,2.27551e-18,-0.00947493,0.00148566,0.0187633,-0.00117395,0.125827,0.0526394,-0.232549,-1.64313e-17,2.26485e-17,
-0.188483,0.711124,-0.0454639,-1.7339,0.0167955,0.876229,-1.87045,0.65,2.36611e-18,-0.00912289,0.00152217,0.0183804,-0.00128736,0.123833,0.0503525,-0.224433,-1.55431e-17,2.35367e-17,
-0.188518,0.71113,-0.0453919,-1.7339,0.0172829,0.876422,-1.87132,0.65,2.46025e-18,-0.00877827,0.00155639,0.0180071,-0.00139792,0.121835,0.0481908,-0.216594,-1.64313e-17,2.4869e-17,
-0.188552,0.711136,-0.0453213,-1.73391,0.0177622,0.876606,-1.87216,0.65,2.55973e-18,-0.00844092,0.00158837,0.0176431,-0.00150576,0.119834,0.0461476,-0.209021,-1.68754e-17,2.53131e-17,
-0.188584,0.711143,-0.0452521,-1.73392,0.0182335,0.876783,-1.87296,0.65,2.66098e-18,-0.00811065,0.00161817,0.0172882,-0.00161097,0.117834,0.0442167,-0.201706,-1.73195e-17,2.57572e-17,
-0.188615,0.711149,-0.0451844,-1.73392,0.0186969,0.876953,-1.87374,0.65,2.76401e-18,-0.00778732,0.00164585,0.0169423,-0.00171368,0.115835,0.0423922,-0.194639,-1.77636e-17,2.62013e-17,
-0.188645,0.711156,-0.045118,-1.73393,0.0191522,0.877116,-1.87449,0.65,2.86882e-18,-0.00747075,0.00167148,0.0166051,-0.00181397,0.113841,0.0406682,-0.18781,-1.86517e-17,2.57572e-17,
-0.188674,0.711163,-0.0450529,-1.73394,0.0195997,0.877272,-1.87522,0.65,2.97184e-18,-0.0071608,0.00169513,0.0162765,-0.00191196,0.111852,0.0390395,-0.181211,-1.86517e-17,2.66454e-17,
-0.188701,0.71117,-0.044989,-1.73395,0.0200391,0.877422,-1.87592,0.65,3.07843e-18,-0.0068573,0.00171685,0.0159563,-0.00200774,0.109871,0.037501,-0.174834,-1.82077e-17,2.70894e-17,
-0.188727,0.711177,-0.0449264,-1.73396,0.0204707,0.877566,-1.87659,0.65,3.18678e-18,-0.00656012,0.00173671,0.0156442,-0.0021014,0.107899,0.0360478,-0.168669,-1.82077e-17,2.70894e-17,
-0.188753,0.711184,-0.0448651,-1.73396,0.0208945,0.877705,-1.87724,0.65,3.29514e-18,-0.00626909,0.00175478,0.01534,-0.00219305,0.105938,0.0346753,-0.162711,-1.77636e-17,2.75335e-17,
-0.188777,0.711191,-0.0448049,-1.73397,0.0213104,0.877838,-1.87787,0.65,3.40528e-18,-0.00598409,0.00177113,0.0150437,-0.00228275,0.103988,0.0333793,-0.15695,-1.82077e-17,2.79776e-17,
-0.188799,0.711198,-0.0447459,-1.73398,0.0217186,0.877967,-1.87848,0.65,3.51719e-18,-0.00570497,0.00178581,0.014755,-0.00237061,0.102052,0.0321556,-0.15138,-1.82077e-17,2.84217e-17,
-0.188821,0.711205,-0.044688,-1.73399,0.0221192,0.878091,-1.87906,0.65,3.63087e-18,-0.00543159,0.00179889,0.0144738,-0.0024567,0.100129,0.0310003,-0.145994,-1.82077e-17,2.79776e-17,
-0.188842,0.711212,-0.0446312,-1.734,0.022512,0.87821,-1.87962,0.65,3.74278e-18,-0.00516383,0.00181043,0.0141998,-0.00254109,0.0982219,0.0299097,-0.140785,-1.82077e-17,2.79776e-17,
-0.188861,0.711219,-0.0445755,-1.73401,0.0228974,0.878326,-1.88017,0.65,3.85469e-18,-0.00490154,0.00182048,0.013933,-0.00262388,0.0963309,0.0288804,-0.135747,-1.86517e-17,2.79776e-17,
-0.18888,0.711227,-0.0445208,-1.73402,0.0232752,0.878438,-1.88069,0.65,3.9666e-18,-0.0046446,0.00182912,0.013673,-0.00270512,0.0944568,0.027909,-0.130874,-1.86517e-17,2.75335e-17,
-0.188897,0.711234,-0.0444671,-1.73404,0.0236456,0.878546,-1.8812,0.65,4.07674e-18,-0.00439289,0.00183638,0.0134199,-0.00278489,0.0926006,0.0269925,-0.126159,-1.86517e-17,2.75335e-17,
-0.188914,0.711242,-0.0444144,-1.73405,0.0240087,0.87865,-1.88168,0.65,4.18687e-18,-0.00414628,0.00184234,0.0131734,-0.00286325,0.090763,0.0261277,-0.121598,-1.86517e-17,2.70894e-17,
-0.18893,0.711249,-0.0443627,-1.73406,0.0243644,0.878751,-1.88215,0.65,4.29523e-18,-0.00390466,0.00184704,0.0129333,-0.00294027,0.0889445,0.025312,-0.117184,-1.90958e-17,2.75335e-17,
-0.188944,0.711256,-0.0443119,-1.73407,0.024713,0.878849,-1.8826,0.65,4.40536e-18,-0.00366791,0.00185054,0.0126996,-0.00301601,0.0871458,0.0245427,-0.112913,-1.95399e-17,2.70894e-17,
-0.188958,0.711264,-0.044262,-1.73408,0.0250545,0.878945,-1.88304,0.65,4.51372e-18,-0.00343591,0.00185287,0.012472,-0.00309052,0.0853674,0.0238172,-0.108778,-1.77636e-17,3.01981e-17,
-0.188971,0.711271,-0.044213,-1.7341,0.0253889,0.879037,-1.88346,0.65,4.63451e-18,-0.00320855,0.00185411,0.0122504,-0.00316386,0.0836097,0.0231332,-0.104776,-1.64313e-17,3.28626e-17,
-0.188983,0.711279,-0.0441648,-1.73411,0.0257164,0.879127,-1.88386,0.65,4.76597e-18,-0.00298572,0.00185428,0.0120347,-0.00323609,0.0818732,0.0224884,-0.100902,-1.5099e-17,3.5083e-17,
-0.188994,0.711286,-0.0441175,-1.73412,0.026037,0.879215,-1.88425,0.65,4.9063e-18,-0.00276732,0.00185343,0.0118248,-0.00330725,0.0801583,0.0218807,-0.0971513,-1.33227e-17,3.77476e-17,
-0.189004,0.711293,-0.0440711,-1.73414,0.0263509,0.8793,-1.88462,0.65,5.05729e-18,-0.00255325,0.00185162,0.0116204,-0.0033774,0.0784652,0.021308,-0.093519,-1.15463e-17,3.9968e-17,
-0.189014,0.711301,-0.0440254,-1.73415,0.0266581,0.879383,-1.88498,0.65,5.21716e-18,-0.0023434,0.00184887,0.0114215,-0.00344657,0.0767942,0.0207685,-0.0900015,-9.76996e-18,4.17444e-17,
-0.189022,0.711308,-0.0439805,-1.73416,0.0269587,0.879464,-1.88533,0.65,5.38414e-18,-0.00213766,0.00184524,0.0112279,-0.00351482,0.0751455,0.0202603,-0.0865945,-8.88178e-18,4.30767e-17,
-0.18903,0.711316,-0.0439363,-1.73418,0.0272527,0.879543,-1.88566,0.65,5.55644e-18,-0.00193596,0.00184075,0.0110396,-0.00358217,0.0735194,0.0197817,-0.0832943,-7.99361e-18,4.4853e-17,
-0.189037,0.711323,-0.0438929,-1.73419,0.0275404,0.879621,-1.88598,0.65,5.73586e-18,-0.00173818,0.00183545,0.0108563,-0.00364869,0.0719161,0.0193311,-0.0800971,-7.54952e-18,4.70735e-17,
-0.189043,0.71133,-0.0438502,-1.73421,0.0278218,0.879696,-1.88629,0.65,5.92415e-18,-0.00154425,0.00182937,0.010678,-0.00371439,0.0703355,0.018907,-0.0769993,-7.10543e-18,4.79616e-17,
-0.189048,0.711337,-0.0438082,-1.73422,0.0280969,0.87977,-1.88659,0.65,6.116e-18,-0.00135406,0.00182255,0.0105045,-0.00377932,0.0687778,0.0185078,-0.0739976,-6.21725e-18,4.88498e-17,
-0.189053,0.711345,-0.0437668,-1.73424,0.0283658,0.879843,-1.88687,0.65,6.3114e-18,-0.00116753,0.00181502,0.0103358,-0.00384351,0.0672431,0.0181323,-0.0710884,-6.21725e-18,4.9738e-17,
-0.189057,0.711352,-0.0437261,-1.73425,0.0286288,0.879914,-1.88714,0.65,6.51035e-18,-0.000984571,0.0018068,0.0101716,-0.00390699,0.0657315,0.0177791,-0.0682687,-5.77316e-18,5.10703e-17,
-0.18906,0.711359,-0.0436861,-1.73427,0.0288857,0.879984,-1.88741,0.65,6.71463e-18,-0.000805103,0.00179793,0.010012,-0.0039698,0.0642428,0.017447,-0.0655354,-5.32907e-18,5.19584e-17,
-0.189063,0.711366,-0.0436466,-1.73429,0.0291368,0.880052,-1.88766,0.65,6.92246e-18,-0.000629043,0.00178845,0.00985671,-0.00403196,0.0627771,0.0171349,-0.0628855,-4.44089e-18,5.24025e-17,
-0.189065,0.711373,-0.0436078,-1.7343,0.0293822,0.88012,-1.8879,0.65,7.13207e-18,-0.00045631,0.00177837,0.00970575,-0.0040935,0.0613343,0.0168416,-0.0603162,-4.44089e-18,5.24025e-17,
-0.189066,0.71138,-0.0435696,-1.73432,0.0296218,0.880186,-1.88813,0.65,7.34168e-18,-0.000286824,0.00176772,0.00955896,-0.00415445,0.0599145,0.016566,-0.0578246,-2.66454e-18,5.32907e-17,
-0.189066,0.711387,-0.0435319,-1.73434,0.0298559,0.880251,-1.88835,0.65,7.55485e-18,-0.000120511,0.00175653,0.00941626,-0.00421483,0.0585174,0.0163073,-0.0554082,-2.22045e-18,5.4623e-17,
-0.189066,0.711394,-0.0434948,-1.73435,0.0300845,0.880315,-1.88856,0.65,7.77334e-18,4.27052e-05,0.00174482,0.00927755,-0.00427468,0.057143,0.0160645,-0.0530644,-1.77636e-18,5.50671e-17,
-0.189065,0.711401,-0.0434582,-1.73437,0.0303076,0.880379,-1.88877,0.65,7.99361e-18,0.000202897,0.00173261,0.00914272,-0.004334,0.0557913,0.0158366,-0.0507908,-1.77636e-18,5.50671e-17,
-0.189064,0.711408,-0.0434222,-1.73439,0.0305255,0.880441,-1.88896,0.65,8.21387e-18,0.000360136,0.00171994,0.00901168,-0.00439282,0.0544619,0.0156229,-0.0485849,-1.33227e-18,5.50671e-17,
-0.189062,0.711415,-0.0433867,-1.7344,0.0307381,0.880503,-1.88915,0.65,8.43414e-18,0.000514492,0.00170681,0.00888435,-0.00445116,0.0531549,0.0154226,-0.0464445,-8.88178e-19,5.59552e-17,
-0.189059,0.711422,-0.0433516,-1.73442,0.0309456,0.880564,-1.88932,0.65,8.65796e-18,0.000666032,0.00169324,0.00876064,-0.00450905,0.05187,0.0152349,-0.0443674,-1.77636e-18,5.59552e-17,
-0.189056,0.711429,-0.0433171,-1.73444,0.031148,0.880624,-1.88949,0.65,8.88178e-18,0.000814822,0.00167927,0.00864045,-0.0045665,0.0506071,0.0150592,-0.0423515,-1.33227e-18,5.68434e-17,
-0.189052,0.711435,-0.043283,-1.73446,0.0313455,0.880684,-1.88966,0.65,9.10916e-18,0.000960928,0.0016649,0.0085237,-0.00462352,0.049366,0.0148947,-0.0403947,-1.33227e-18,5.63993e-17,
-0.189047,0.711442,-0.0432493,-1.73448,0.0315381,0.880743,-1.88981,0.65,9.33476e-18,0.00110441,0.00165016,0.00841031,-0.00468014,0.0481464,0.0147408,-0.0384951,-1.33227e-18,5.68434e-17,
-0.189043,0.711448,-0.0432161,-1.7345,0.0317259,0.880801,-1.88996,0.65,9.56213e-18,0.00124534,0.00163505,0.0083002,-0.00473637,0.0469483,0.0145969,-0.0366508,-1.33227e-18,5.77316e-17,
-0.189037,0.711455,-0.0431833,-1.73452,0.0319089,0.880859,-1.8901,0.65,9.79306e-18,0.00138376,0.0016196,0.00819329,-0.00479223,0.0457713,0.0144626,-0.0348599,-8.88178e-19,5.77316e-17,
-0.189031,0.711461,-0.043151,-1.73454,0.0320874,0.880916,-1.89023,0.65,1.0024e-17,0.00151975,0.00160383,0.0080895,-0.00484772,0.0446153,0.0143371,-0.0331208,-8.88178e-19,5.81757e-17,
-0.189024,0.711468,-0.043119,-1.73456,0.0322613,0.880973,-1.89035,0.65,1.02567e-17,0.00165335,0.00158774,0.00798876,-0.00490287,0.04348,0.0142201,-0.0314316,0,5.86198e-17,
-0.189017,0.711474,-0.0430875,-1.73458,0.0324308,0.881029,-1.89047,0.65,1.04912e-17,0.00178462,0.00157135,0.00789099,-0.00495768,0.0423653,0.014111,-0.0297908,4.44089e-19,5.90639e-17,
-0.189009,0.71148,-0.0430563,-1.7346,0.0325959,0.881086,-1.89059,0.65,1.07274e-17,0.00191362,0.00155467,0.00779612,-0.00501218,0.0412707,0.0140095,-0.0281967,0,5.9508e-17,
-0.189001,0.711486,-0.0430255,-1.73462,0.0327567,0.881141,-1.89069,0.65,1.09655e-17,0.0020404,0.00153772,0.00770409,-0.00506636,0.0401962,0.013915,-0.0266479,-1.33227e-18,6.21725e-17,
-0.188993,0.711492,-0.042995,-1.73464,0.0329132,0.881196,-1.89079,0.65,1.12141e-17,0.00216502,0.00152051,0.00761482,-0.00512024,0.0391415,0.0138272,-0.0251429,-3.55271e-18,6.43929e-17,
-0.188984,0.711498,-0.0429649,-1.73466,0.0330656,0.881251,-1.89089,0.65,1.14717e-17,0.00228751,0.00150305,0.00752824,-0.00517384,0.0381063,0.0137457,-0.0236803,-6.21725e-18,6.75016e-17,
-0.188974,0.711504,-0.0429351,-1.73468,0.033214,0.881306,-1.89098,0.65,1.17417e-17,0.00240794,0.00148535,0.0074443,-0.00522715,0.0370904,0.0136702,-0.0222587,-5.77316e-18,6.70575e-17,
-0.188964,0.71151,-0.0429057,-1.7347,0.0333584,0.881361,-1.89106,0.65,1.20099e-17,0.00252636,0.00146742,0.00736293,-0.0052802,0.0360934,0.0136002,-0.0208767,-4.88498e-18,6.61693e-17,
-0.188953,0.711516,-0.0428765,-1.73472,0.0334988,0.881415,-1.89114,0.65,1.22746e-17,0.0026428,0.00144927,0.00728406,-0.00533299,0.0351152,0.0135355,-0.0195332,-4.44089e-18,6.57252e-17,
-0.188942,0.711522,-0.0428477,-1.73474,0.0336355,0.881469,-1.89121,0.65,1.25375e-17,0.00275731,0.00143092,0.00720764,-0.00538553,0.0341555,0.0134758,-0.0182269,-4.44089e-18,6.35048e-17,
-0.188931,0.711527,-0.0428192,-1.73476,0.0337683,0.881522,-1.89128,0.65,1.27915e-17,0.00286995,0.00141237,0.00713361,-0.00543782,0.033214,0.0134208,-0.0169566,-3.9968e-18,6.35048e-17,
-0.188919,0.711533,-0.0427909,-1.73479,0.0338975,0.881576,-1.89134,0.65,1.30456e-17,0.00298075,0.00139363,0.00706191,-0.00548988,0.0322904,0.0133702,-0.0157211,-3.10862e-18,6.43929e-17,
-0.188906,0.711538,-0.0427629,-1.73481,0.034023,0.881629,-1.8914,0.65,1.33031e-17,0.00308975,0.00137471,0.00699248,-0.00554171,0.0313846,0.0133238,-0.0145195,-3.10862e-18,6.43929e-17,
-0.188894,0.711544,-0.0427352,-1.73483,0.034145,0.881682,-1.89145,0.65,1.35607e-17,0.00319701,0.00135561,0.00692527,-0.00559331,0.0304961,0.0132813,-0.0133505,-3.10862e-18,6.43929e-17,
-0.18888,0.711549,-0.0427078,-1.73485,0.0342635,0.881735,-1.8915,0.65,1.38183e-17,0.00330255,0.00133635,0.00686023,-0.00564471,0.0296248,0.0132425,-0.0122132,-2.66454e-18,6.43929e-17,
-0.188867,0.711554,-0.0426806,-1.73488,0.0343786,0.881788,-1.89155,0.65,1.40759e-17,0.00340642,0.00131694,0.0067973,-0.00569589,0.0287704,0.0132072,-0.0111066,-2.22045e-18,6.39488e-17,
-0.188853,0.71156,-0.0426537,-1.7349,0.0344903,0.881841,-1.89159,0.65,1.43316e-17,0.00350866,0.00129737,0.00673643,-0.00574687,0.0279326,0.0131751,-0.0100297,-1.77636e-18,6.35048e-17,
-0.188838,0.711565,-0.042627,-1.73492,0.0345988,0.881893,-1.89162,0.65,1.45857e-17,0.00360931,0.00127766,0.00667758,-0.00579766,0.0271112,0.0131461,-0.00898162,-1.33227e-18,6.35048e-17,
-0.188823,0.71157,-0.0426005,-1.73494,0.034704,0.881946,-1.89165,0.65,1.48397e-17,0.0037084,0.00125781,0.00662069,-0.00584825,0.0263059,0.0131201,-0.00796144,-1.33227e-18,6.30607e-17,
-0.188808,0.711575,-0.0425742,-1.73497,0.0348061,0.881998,-1.89168,0.65,1.50919e-17,0.00380597,0.00123783,0.00656573,-0.00589866,0.0255164,0.0130967,-0.00696831,-8.88178e-19,6.30607e-17,
-0.188793,0.71158,-0.0425482,-1.73499,0.034905,0.88205,-1.89171,0.65,1.53442e-17,0.00390206,0.00121773,0.00651263,-0.00594889,0.0247424,0.013076,-0.00600138,-3.10862e-18,6.61693e-17,
-0.188777,0.711584,-0.0425223,-1.73502,0.035001,0.882103,-1.89173,0.65,1.56088e-17,0.0039967,0.00119751,0.00646136,-0.00599894,0.0239838,0.0130576,-0.00505987,-5.32907e-18,6.88338e-17,
-0.18876,0.711589,-0.0424967,-1.73504,0.0350939,0.882155,-1.89174,0.65,1.58842e-17,0.00408992,0.00117717,0.00641187,-0.00604882,0.0232402,0.0130415,-0.00414298,-6.21725e-18,7.06102e-17,
-0.188744,0.711594,-0.0424712,-1.73506,0.035184,0.882207,-1.89176,0.65,1.61666e-17,0.00418175,0.00115673,0.00636412,-0.00609853,0.0225114,0.0130276,-0.00324997,-8.43769e-18,7.32747e-17,
-0.188726,0.711598,-0.0424459,-1.73509,0.0352712,0.882259,-1.89177,0.65,1.64597e-17,0.00427223,0.00113618,0.00631807,-0.00614808,0.0217971,0.0130157,-0.00238011,-7.54952e-18,7.28306e-17,
-0.188709,0.711603,-0.0424208,-1.73511,0.0353555,0.882311,-1.89177,0.65,1.6751e-17,0.0043614,0.00111553,0.00627368,-0.00619746,0.0210971,0.0130056,-0.0015327,-9.76996e-18,7.4607e-17,
-0.188691,0.711607,-0.0423959,-1.73514,0.0354372,0.882363,-1.89177,0.65,1.70495e-17,0.00444927,0.0010948,0.00623091,-0.00624669,0.0204111,0.0129973,-0.000707059,-8.88178e-18,7.37188e-17,
-0.188673,0.711611,-0.0423712,-1.73516,0.0355161,0.882415,-1.89177,0.65,1.73443e-17,0.00453588,0.00107397,0.00618971,-0.00629577,0.0197389,0.0129907,9.74668e-05,-8.88178e-18,7.28306e-17,
-0.188655,0.711616,-0.0423466,-1.73519,0.0355925,0.882467,-1.89177,0.65,1.76357e-17,0.00462127,0.00105306,0.00615006,-0.0063447,0.0190802,0.0129857,0.000881512,-1.02141e-17,7.41629e-17,
-0.188636,0.71162,-0.0423221,-1.73522,0.0356662,0.882519,-1.89176,0.65,1.79323e-17,0.00470544,0.00103206,0.00611191,-0.00639348,0.0184348,0.0129821,0.00164569,-1.11022e-17,7.54952e-17,
-0.188617,0.711624,-0.0422978,-1.73524,0.0357374,0.882571,-1.89175,0.65,1.82343e-17,0.00478845,0.00101099,0.00607522,-0.00644212,0.0178025,0.0129799,0.00239059,-1.15463e-17,7.72715e-17,
-0.188597,0.711628,-0.0422737,-1.73527,0.0358061,0.882623,-1.89174,0.65,1.85434e-17,0.00487031,0.000989852,0.00603997,-0.00649061,0.017183,0.0129789,0.0031168,-1.06581e-17,7.72715e-17,
-0.188577,0.711632,-0.0422496,-1.73529,0.0358724,0.882675,-1.89173,0.65,1.88525e-17,0.00495104,0.000968641,0.00600612,-0.00653897,0.016576,0.0129792,0.00382486,-1.19904e-17,7.90479e-17,
-0.188557,0.711635,-0.0422257,-1.73532,0.0359364,0.882727,-1.89171,0.65,1.91687e-17,0.00503068,0.000947364,0.00597363,-0.0065872,0.0159814,0.0129806,0.0045153,-1.28786e-17,8.03801e-17,
-0.188537,0.711639,-0.042202,-1.73535,0.035998,0.882778,-1.89169,0.65,1.94902e-17,0.00510925,0.000926025,0.00594248,-0.00663529,0.0153988,0.0129831,0.00518866,-1.33227e-17,8.12683e-17,
-0.188516,0.711643,-0.0421783,-1.73537,0.0360573,0.88283,-1.89166,0.65,1.98153e-17,0.00518678,0.000904627,0.00591262,-0.00668325,0.0148282,0.0129866,0.00584543,-1.46549e-17,8.17124e-17,
-0.188495,0.711646,-0.0421548,-1.7354,0.0361144,0.882882,-1.89164,0.65,2.01421e-17,0.00526328,0.000883173,0.00588403,-0.00673108,0.0142692,0.012991,0.0064861,-1.5099e-17,8.26006e-17,
-0.188474,0.71165,-0.0421314,-1.73543,0.0361692,0.882934,-1.89161,0.65,2.04725e-17,0.00533879,0.000861667,0.00585668,-0.00677879,0.0137216,0.0129962,0.00711113,-1.55431e-17,8.30447e-17,
-0.188452,0.711653,-0.042108,-1.73545,0.036222,0.882986,-1.89158,0.65,2.08047e-17,0.00541332,0.00084011,0.00583054,-0.00682637,0.0131853,0.0130023,0.00772099,-1.59872e-17,8.39329e-17,
-0.18843,0.711656,-0.0420848,-1.73548,0.0362726,0.883038,-1.89155,0.65,2.11404e-17,0.00548689,0.000818506,0.00580558,-0.00687383,0.0126599,0.0130091,0.00831611,-1.5099e-17,8.26006e-17,
-0.188408,0.71166,-0.0420617,-1.73551,0.0363212,0.88309,-1.89151,0.65,2.14708e-17,0.00555954,0.000796858,0.00578176,-0.00692118,0.0121453,0.0130167,0.00889692,-1.64313e-17,8.4821e-17,
-0.188385,0.711663,-0.0420386,-1.73554,0.0363678,0.883143,-1.89147,0.65,2.18101e-17,0.00563127,0.000775168,0.00575908,-0.0069684,0.0116413,0.0130249,0.00946384,-1.64313e-17,8.52651e-17,
-0.188362,0.711666,-0.0420157,-1.73557,0.0364124,0.883195,-1.89143,0.65,2.21512e-17,0.00570212,0.000753439,0.00573748,-0.00701551,0.0111477,0.0130337,0.0100173,-1.68754e-17,8.70415e-17,
-0.188339,0.711669,-0.0419928,-1.73559,0.036455,0.883247,-1.89139,0.65,2.24993e-17,0.0057721,0.000731673,0.00571696,-0.0070625,0.0106642,0.013043,0.0105576,-1.73195e-17,8.74856e-17,
-0.188316,0.711671,-0.04197,-1.73562,0.0364958,0.883299,-1.89135,0.65,2.28493e-17,0.00584123,0.000709872,0.00569748,-0.00710938,0.0101907,0.013053,0.0110851,-1.77636e-17,8.83738e-17,
-0.188292,0.711674,-0.0419473,-1.73565,0.0365347,0.883351,-1.8913,0.65,2.32028e-17,0.00590953,0.000688038,0.00567902,-0.00715615,0.0097269,0.0130634,0.0116003,-1.59872e-17,8.61533e-17,
-0.188268,0.711677,-0.0419247,-1.73568,0.0365718,0.883404,-1.89125,0.65,2.35474e-17,0.00597702,0.000666175,0.00566156,-0.0072028,0.00927272,0.0130742,0.0121035,-1.46549e-17,8.43769e-17,
-0.188244,0.711679,-0.0419021,-1.73571,0.0366071,0.883456,-1.8912,0.65,2.38849e-17,0.00604371,0.000644283,0.00564507,-0.00724935,0.00882791,0.0130855,0.012595,-1.37668e-17,8.30447e-17,
-0.18822,0.711682,-0.0418796,-1.73574,0.0366407,0.883508,-1.89115,0.65,2.42171e-17,0.00610964,0.000622365,0.00562952,-0.00729579,0.0083923,0.0130972,0.0130752,-1.24345e-17,8.17124e-17,
-0.188195,0.711684,-0.0418571,-1.73577,0.0366725,0.883561,-1.89109,0.65,2.45439e-17,0.0061748,0.000600422,0.0056149,-0.00734213,0.0079657,0.0131093,0.0135443,-1.15463e-17,8.17124e-17,
-0.18817,0.711687,-0.0418347,-1.7358,0.0367027,0.883613,-1.89104,0.65,2.48708e-17,0.00623923,0.000578458,0.00560118,-0.00738836,0.00754791,0.0131217,0.0140027,-1.11022e-17,8.03801e-17,
-0.188145,0.711689,-0.0418124,-1.73583,0.0367313,0.883666,-1.89098,0.65,2.51923e-17,0.00630293,0.000556472,0.00558834,-0.00743448,0.00713877,0.0131344,0.0144507,-9.76996e-18,7.90479e-17,
-0.18812,0.711691,-0.0417901,-1.73586,0.0367582,0.883718,-1.89092,0.65,2.55085e-17,0.00636593,0.000534468,0.00557637,-0.00748051,0.0067381,0.0131474,0.0148885,-8.88178e-18,7.81597e-17,
-0.188094,0.711693,-0.0417678,-1.73589,0.0367836,0.883771,-1.89086,0.65,2.58211e-17,0.00642823,0.000512447,0.00556523,-0.00752643,0.00634573,0.0131607,0.0153165,-1.06581e-17,7.90479e-17,
-0.188068,0.711695,-0.0417456,-1.73592,0.0368074,0.883824,-1.8908,0.65,2.61373e-17,0.00648986,0.00049041,0.0055549,-0.00757225,0.00596148,0.0131742,0.015735,-1.37668e-17,8.21565e-17,
-0.188042,0.711697,-0.0417234,-1.73595,0.0368298,0.883876,-1.89073,0.65,2.64659e-17,0.00655083,0.000468359,0.00554538,-0.00761797,0.0055852,0.0131879,0.0161441,-1.42109e-17,8.30447e-17,
-0.188015,0.711699,-0.0417012,-1.73598,0.0368507,0.883929,-1.89067,0.65,2.67981e-17,0.00661116,0.000446296,0.00553664,-0.00766359,0.0052167,0.0132018,0.0165442,-1.5099e-17,8.34888e-17,
-0.187989,0.7117,-0.0416791,-1.73601,0.0368701,0.883982,-1.8906,0.65,2.71321e-17,0.00667086,0.000424222,0.00552866,-0.00770912,0.00485584,0.013216,0.0169354,-1.59872e-17,8.43769e-17,
-0.187962,0.711702,-0.041657,-1.73604,0.0368881,0.884035,-1.89053,0.65,2.74696e-17,0.00672994,0.000402139,0.00552142,-0.00775455,0.00450246,0.0132303,0.0173182,-1.59872e-17,8.4821e-17,
-0.187934,0.711704,-0.041635,-1.73607,0.0369047,0.884088,-1.89046,0.65,2.78089e-17,0.00678841,0.000380047,0.00551491,-0.00779988,0.00415639,0.0132447,0.0176926,-1.46549e-17,8.30447e-17,
-0.187907,0.711705,-0.0416129,-1.7361,0.03692,0.884141,-1.89039,0.65,2.8141e-17,0.0068463,0.000357948,0.0055091,-0.00784512,0.00381749,0.0132593,0.0180588,-1.37668e-17,8.30447e-17,
-0.187879,0.711706,-0.0415909,-1.73613,0.0369339,0.884194,-1.89031,0.65,2.84732e-17,0.00690361,0.000335844,0.00550398,-0.00789026,0.00348561,0.013274,0.0184173,-1.24345e-17,8.12683e-17,
-0.187852,0.711708,-0.0415689,-1.73617,0.0369466,0.884247,-1.89024,0.65,2.87983e-17,0.00696036,0.000313736,0.00549954,-0.00793531,0.0031606,0.0132889,0.018768,-1.11022e-17,8.08242e-17,
-0.187824,0.711709,-0.041547,-1.7362,0.0369579,0.884301,-1.89016,0.65,2.91216e-17,0.00701656,0.000291625,0.00549576,-0.00798027,0.00284231,0.0133038,0.0191113,-1.24345e-17,8.21565e-17,
-0.187795,0.71171,-0.041525,-1.73623,0.0369681,0.884354,-1.89008,0.65,2.94502e-17,0.00707222,0.000269512,0.00549261,-0.00802513,0.00253061,0.0133188,0.0194474,-1.28786e-17,8.21565e-17,
-0.187767,0.711711,-0.041503,-1.73626,0.036977,0.884407,-1.89,0.65,2.97788e-17,0.00712736,0.000247398,0.00549009,-0.00806991,0.00222535,0.0133339,0.0197764,-1.37668e-17,8.30447e-17,
-0.187738,0.711712,-0.0414811,-1.73629,0.0369847,0.884461,-1.88992,0.65,3.0111e-17,0.00718198,0.000225284,0.00548819,-0.00811459,0.0019264,0.0133491,0.0200985,-1.46549e-17,8.39329e-17,
-0.187709,0.711712,-0.0414591,-1.73633,0.0369912,0.884514,-1.88984,0.65,3.04468e-17,0.00723609,0.000203172,0.00548688,-0.00815918,0.00163362,0.0133643,0.020414,-1.59872e-17,8.43769e-17,
-0.18768,0.711713,-0.0414372,-1.73636,0.0369966,0.884568,-1.88976,0.65,3.07843e-17,0.00728972,0.000181063,0.00548615,-0.00820368,0.00134689,0.0133796,0.0207229,-1.46549e-17,8.70415e-17,
-0.187651,0.711714,-0.0414152,-1.73639,0.0370009,0.884621,-1.88968,0.65,3.11324e-17,0.00734286,0.000158957,0.00548598,-0.0082481,0.00106607,0.0133949,0.0210255,-1.5099e-17,8.79297e-17,
-0.187621,0.711714,-0.0413933,-1.73643,0.037004,0.884675,-1.88959,0.65,3.14841e-17,0.00739554,0.000136856,0.00548638,-0.00829242,0.000791037,0.0134102,0.021322,-1.55431e-17,8.83738e-17,
-0.187591,0.711715,-0.0413713,-1.73646,0.0370061,0.884728,-1.8895,0.65,3.18376e-17,0.00744775,0.00011476,0.00548731,-0.00833666,0.00052167,0.0134256,0.0216125,-1.59872e-17,8.88178e-17,
-0.187561,0.711715,-0.0413494,-1.73649,0.0370071,0.884782,-1.88942,0.65,3.21929e-17,0.00749951,9.26702e-05,0.00548877,-0.00838081,0.000257845,0.013441,0.0218971,-1.5099e-17,8.70415e-17,
-0.187531,0.711716,-0.0413274,-1.73653,0.0370071,0.884836,-1.88933,0.65,3.25411e-17,0.00755084,7.0588e-05,0.00549074,-0.00842487,-5.56263e-07,0.0134564,0.022176,-1.24345e-17,8.65974e-17,
-0.187501,0.711716,-0.0413054,-1.73656,0.0370061,0.88489,-1.88924,0.65,3.28875e-17,0.00760173,4.8514e-05,0.00549322,-0.00846885,-0.000253651,0.0134718,0.0224494,-1.19904e-17,8.57092e-17,
-0.18747,0.711716,-0.0412835,-1.73659,0.0370041,0.884944,-1.88915,0.65,3.32303e-17,0.0076522,2.6449e-05,0.00549619,-0.00851274,-0.000501552,0.0134873,0.0227175,-1.15463e-17,8.43769e-17,
-0.187439,0.711716,-0.0412615,-1.73663,0.0370011,0.884998,-1.88905,0.65,3.35678e-17,0.00770226,4.39381e-06,0.00549963,-0.00855655,-0.000744374,0.0135027,0.0229802,-1.15463e-17,8.39329e-17,
-0.187408,0.711716,-0.0412394,-1.73666,0.0369972,0.885052,-1.88896,0.65,3.39035e-17,0.00775192,-1.76507e-05,0.00550354,-0.00860027,-0.000982225,0.0135181,0.0232379,-8.43769e-18,8.12683e-17,
-0.187377,0.711716,-0.0412174,-1.7367,0.0369923,0.885106,-1.88887,0.65,3.42286e-17,0.00780118,-3.96838e-05,0.00550791,-0.0086439,-0.00121521,0.0135335,0.0234906,-7.99361e-18,8.12683e-17,
-0.187346,0.711715,-0.0411954,-1.73673,0.0369866,0.88516,-1.88877,0.65,3.45537e-17,0.00785006,-6.17048e-05,0.00551272,-0.00868745,-0.00144344,0.0135489,0.0237384,-8.88178e-18,8.26006e-17,
-0.187314,0.711715,-0.0411733,-1.73677,0.0369799,0.885215,-1.88868,0.65,3.48841e-17,0.00789856,-8.37128e-05,0.00551796,-0.00873092,-0.00166702,0.0135643,0.0239816,-8.43769e-18,8.61533e-17,
-0.187282,0.711715,-0.0411512,-1.7368,0.0369724,0.885269,-1.88858,0.65,3.52287e-17,0.0079467,-0.000105707,0.00552362,-0.0087743,-0.00188605,0.0135796,0.0242201,-9.76996e-18,8.70415e-17,
-0.18725,0.711714,-0.0411291,-1.73684,0.036964,0.885323,-1.88848,0.65,3.55769e-17,0.00799447,-0.000127687,0.0055297,-0.00881761,-0.00210062,0.0135949,0.0244542,-9.32587e-18,8.57092e-17,
-0.187218,0.711713,-0.0411069,-1.73687,0.0369547,0.885378,-1.88838,0.65,3.59197e-17,0.00804189,-0.000149652,0.00553618,-0.00886082,-0.00231083,0.0136102,0.0246839,-8.88178e-18,8.26006e-17,
-0.187186,0.711713,-0.0410848,-1.73691,0.0369446,0.885432,-1.88828,0.65,3.62501e-17,0.00808896,-0.000171602,0.00554306,-0.00890396,-0.00251679,0.0136255,0.0249093,-7.99361e-18,8.03801e-17,
-0.187153,0.711712,-0.0410626,-1.73694,0.0369338,0.885487,-1.88818,0.65,3.65716e-17,0.0081357,-0.000193535,0.00555031,-0.00894701,-0.00271857,0.0136407,0.0251306,-7.54952e-18,7.9492e-17,
-0.18712,0.711711,-0.0410403,-1.73698,0.0369221,0.885541,-1.88808,0.65,3.68896e-17,0.0081821,-0.000215451,0.00555794,-0.00898998,-0.00291628,0.0136559,0.0253479,-7.10543e-18,7.81597e-17,
-0.187087,0.71171,-0.0410181,-1.73702,0.0369097,0.885596,-1.88798,0.65,3.72022e-17,0.00822819,-0.000237349,0.00556593,-0.00903287,-0.00311001,0.0136711,0.0255612,-6.21725e-18,7.68274e-17,
-0.187054,0.711709,-0.0409958,-1.73705,0.0368965,0.885651,-1.88788,0.65,3.75096e-17,0.00827395,-0.00025923,0.00557428,-0.00907568,-0.00329983,0.0136862,0.0257708,-5.77316e-18,7.54952e-17,
-0.187021,0.711708,-0.0409734,-1.73709,0.0368825,0.885706,-1.88777,0.65,3.78115e-17,0.0083194,-0.000281092,0.00558298,-0.00911841,-0.00348584,0.0137013,0.0259766,-4.44089e-18,7.32747e-17,
-0.186988,0.711707,-0.0409511,-1.73713,0.0368679,0.88576,-1.88767,0.65,3.81046e-17,0.00836456,-0.000302934,0.00559201,-0.00916106,-0.00366812,0.0137163,0.0261787,-6.21725e-18,7.4607e-17,
-0.186954,0.711706,-0.0409287,-1.73716,0.0368525,0.885815,-1.88756,0.65,3.84031e-17,0.00840941,-0.000324757,0.00560138,-0.00920363,-0.00384675,0.0137313,0.0263773,-5.77316e-18,7.86038e-17,
-0.18692,0.711704,-0.0409062,-1.7372,0.0368364,0.88587,-1.88746,0.65,3.87175e-17,0.00845397,-0.000346559,0.00561106,-0.00924611,-0.00402182,0.0137462,0.0265725,-5.32907e-18,8.21565e-17,
-0.186886,0.711703,-0.0408837,-1.73724,0.0368196,0.885925,-1.88735,0.65,3.90461e-17,0.00849825,-0.00036834,0.00562106,-0.00928852,-0.0041934,0.0137611,0.0267643,-3.9968e-18,8.12683e-17,
-0.186852,0.711701,-0.0408612,-1.73727,0.0368022,0.885981,-1.88724,0.65,3.93712e-17,0.00854226,-0.0003901,0.00563137,-0.00933085,-0.00436156,0.0137759,0.0269528,-3.55271e-18,7.99361e-17,
-0.186818,0.711699,-0.0408386,-1.73731,0.0367841,0.886036,-1.88713,0.65,3.96909e-17,0.00858598,-0.000411838,0.00564197,-0.0093731,-0.00452639,0.0137907,0.0271381,-3.55271e-18,7.90479e-17,
-0.186783,0.711698,-0.040816,-1.73735,0.0367653,0.886091,-1.88702,0.65,4.00071e-17,0.00862945,-0.000433554,0.00565287,-0.00941527,-0.00468796,0.0138055,0.0273203,-3.55271e-18,7.77156e-17,
-0.186748,0.711696,-0.0407934,-1.73739,0.0367459,0.886146,-1.88691,0.65,4.0318e-17,0.00867265,-0.000455247,0.00566404,-0.00945736,-0.00484634,0.0138202,0.0274995,-1.77636e-18,7.54952e-17,
-0.186714,0.711694,-0.0407707,-1.73743,0.0367259,0.886202,-1.8868,0.65,4.062e-17,0.00871559,-0.000476917,0.0056755,-0.00949937,-0.00500161,0.0138348,0.0276757,-1.33227e-18,7.4607e-17,
-0.186679,0.711692,-0.0407479,-1.73746,0.0367053,0.886257,-1.88669,0.65,4.09184e-17,0.00875829,-0.000498563,0.00568723,-0.0095413,-0.00515382,0.0138494,0.027849,-8.88178e-19,7.37188e-17,
-0.186643,0.71169,-0.0407251,-1.7375,0.0366841,0.886312,-1.88658,0.65,4.12133e-17,0.00880074,-0.000520184,0.00569922,-0.00958316,-0.00530305,0.0138639,0.0280195,-8.88178e-19,7.32747e-17,
-0.186608,0.711688,-0.0407023,-1.73754,0.0366623,0.886368,-1.88647,0.65,4.15064e-17,0.00884295,-0.000541781,0.00571146,-0.00962494,-0.00544937,0.0138784,0.0281872,-4.44089e-19,7.19425e-17,
-0.186572,0.711686,-0.0406794,-1.73758,0.0366399,0.886423,-1.88635,0.65,4.17941e-17,0.00888492,-0.000563354,0.00572396,-0.00966663,-0.00559283,0.0138928,0.0283523,0,7.10543e-17,
-0.186537,0.711683,-0.0406564,-1.73762,0.036617,0.886479,-1.88624,0.65,4.20783e-17,0.00892666,-0.0005849,0.0057367,-0.00970826,-0.00573351,0.0139072,0.0285148,-4.44089e-19,7.06102e-17,
-0.186501,0.711681,-0.0406334,-1.73766,0.0365935,0.886535,-1.88612,0.65,4.23608e-17,0.00896818,-0.000606421,0.00574968,-0.0097498,-0.00587147,0.0139215,0.0286747,-4.44089e-19,6.9722e-17,
-0.186465,0.711678,-0.0406104,-1.7377,0.0365695,0.886591,-1.88601,0.65,4.26397e-17,0.00900948,-0.000627916,0.0057629,-0.00979127,-0.00600676,0.0139357,0.0288322,8.88178e-19,6.9722e-17,
-0.186429,0.711676,-0.0405873,-1.73774,0.0365449,0.886646,-1.88589,0.65,4.29186e-17,0.00905056,-0.000649384,0.00577633,-0.00983266,-0.00613945,0.0139499,0.0289872,8.88178e-19,6.88338e-17,
-0.186392,0.711673,-0.0405641,-1.73777,0.0365198,0.886702,-1.88578,0.65,4.31939e-17,0.00909143,-0.000670825,0.00578999,-0.00987397,-0.00626959,0.0139641,0.0291398,1.33227e-18,6.83897e-17,
-0.186356,0.71167,-0.0405409,-1.73781,0.0364942,0.886758,-1.88566,0.65,4.34675e-17,0.00913209,-0.000692239,0.00580387,-0.00991521,-0.00639724,0.0139782,0.0292902,-4.44089e-19,7.01661e-17,
-0.186319,0.711667,-0.0405176,-1.73785,0.0364682,0.886814,-1.88554,0.65,4.37481e-17,0.00917255,-0.000713625,0.00581795,-0.00995636,-0.00652246,0.0139922,0.0294383,-4.44089e-19,7.4607e-17,
-0.186282,0.711664,-0.0404943,-1.73789,0.0364416,0.88687,-1.88542,0.65,4.40465e-17,0.00921281,-0.000734984,0.00583224,-0.00999745,-0.00664531,0.0140062,0.0295842,-8.88178e-19,7.90479e-17,
-0.186245,0.711661,-0.0404709,-1.73793,0.0364145,0.886926,-1.8853,0.65,4.43627e-17,0.00925287,-0.000756314,0.00584673,-0.0100385,-0.00676582,0.0140201,0.029728,-8.88178e-19,8.34888e-17,
-0.186208,0.711658,-0.0404475,-1.73797,0.036387,0.886982,-1.88518,0.65,4.46967e-17,0.00929274,-0.000777615,0.00586141,-0.0100794,-0.00688406,0.0140339,0.0298697,-4.44089e-19,8.30447e-17,
-0.186171,0.711655,-0.040424,-1.73802,0.036359,0.887039,-1.88506,0.65,4.50289e-17,0.00933243,-0.000798887,0.00587628,-0.0101202,-0.00700009,0.0140477,0.0300094,-8.88178e-19,8.12683e-17,
-0.186133,0.711652,-0.0404004,-1.73806,0.0363305,0.887095,-1.88494,0.65,4.53539e-17,0.00937193,-0.00082013,0.00589134,-0.010161,-0.00711393,0.0140615,0.030147,-8.88178e-19,7.9492e-17,
-0.186096,0.711648,-0.0403768,-1.7381,0.0363016,0.887151,-1.88482,0.65,4.56719e-17,0.00941125,-0.000841344,0.00590658,-0.0102017,-0.00722566,0.0140752,0.0302828,-4.44089e-19,7.9492e-17,
-0.186058,0.711645,-0.0403531,-1.73814,0.0362723,0.887207,-1.8847,0.65,4.59899e-17,0.00945039,-0.000862528,0.00592199,-0.0102423,-0.00733531,0.0140888,0.0304166,-8.88178e-19,7.81597e-17,
-0.18602,0.711641,-0.0403293,-1.73818,0.0362425,0.887264,-1.88458,0.65,4.63025e-17,0.00948936,-0.000883681,0.00593757,-0.0102829,-0.00744293,0.0141024,0.0305487,-1.33227e-18,7.68274e-17,
-0.185982,0.711638,-0.0403055,-1.73822,0.0362123,0.88732,-1.88446,0.65,4.66098e-17,0.00952816,-0.000904804,0.00595332,-0.0103234,-0.00754856,0.0141159,0.0306789,-1.77636e-18,7.59393e-17,
-0.185943,0.711634,-0.0402816,-1.73826,0.0361817,0.887377,-1.88433,0.65,4.69136e-17,0.0095668,-0.000925896,0.00596923,-0.0103638,-0.00765226,0.0141294,0.0308073,-2.22045e-18,7.41629e-17,
-0.185905,0.71163,-0.0402577,-1.7383,0.0361507,0.887433,-1.88421,0.65,4.72102e-17,0.00960527,-0.000946958,0.0059853,-0.0104041,-0.00775406,0.0141428,0.0309341,-1.77636e-18,7.32747e-17,
-0.185866,0.711626,-0.0402337,-1.73834,0.0361193,0.88749,-1.88409,0.65,4.75033e-17,0.00964358,-0.000967988,0.00600152,-0.0104443,-0.00785401,0.0141562,0.0310592,-1.33227e-18,7.28306e-17,
-0.185828,0.711622,-0.0402096,-1.73839,0.0360875,0.887547,-1.88396,0.65,4.77947e-17,0.00968174,-0.000988986,0.0060179,-0.0104845,-0.00795215,0.0141695,0.0311826,-1.33227e-18,7.14984e-17,
-0.185789,0.711618,-0.0401855,-1.73843,0.0360553,0.887603,-1.88384,0.65,4.80807e-17,0.00971974,-0.00100995,0.00603442,-0.0105246,-0.00804852,0.0141827,0.0313045,-8.88178e-19,7.19425e-17,
-0.18575,0.711614,-0.0401613,-1.73847,0.0360227,0.88766,-1.88371,0.65,4.83684e-17,0.00975759,-0.00103089,0.00605108,-0.0105646,-0.00814316,0.0141959,0.0314248,-8.88178e-19,7.10543e-17,
-0.185711,0.71161,-0.040137,-1.73851,0.0359897,0.887717,-1.88358,0.65,4.86526e-17,0.00979529,-0.00105179,0.00606788,-0.0106046,-0.00823611,0.014209,0.0315436,-8.88178e-19,7.14984e-17,
-0.185671,0.711606,-0.0401127,-1.73856,0.0359564,0.887774,-1.88346,0.65,4.89386e-17,0.00983285,-0.00107266,0.00608482,-0.0106445,-0.00832741,0.0142221,0.0316609,-8.88178e-19,7.10543e-17,
-0.185632,0.711601,-0.0400883,-1.7386,0.0359228,0.887831,-1.88333,0.65,4.92228e-17,0.00987027,-0.0010935,0.00610188,-0.0106843,-0.00841709,0.0142352,0.0317768,-4.44089e-19,7.01661e-17,
-0.185592,0.711597,-0.0400638,-1.73864,0.0358887,0.887888,-1.8832,0.65,4.95035e-17,0.00990754,-0.0011143,0.00611908,-0.010724,-0.00850519,0.0142481,0.0318912,0,6.92779e-17,
-0.185552,0.711592,-0.0400392,-1.73868,0.0358544,0.887945,-1.88307,0.65,4.97806e-17,0.00994468,-0.00113507,0.0061364,-0.0107636,-0.00859175,0.0142611,0.0320043,7.52316e-40,6.92779e-17,
-0.185512,0.711588,-0.0400146,-1.73873,0.0358197,0.888002,-1.88295,0.65,5.00577e-17,0.00998169,-0.00115581,0.00615384,-0.0108032,-0.0086768,0.0142739,0.0321161,7.52316e-40,7.41629e-17,
-0.185472,0.711583,-0.0399899,-1.73877,0.0357846,0.888059,-1.88282,0.65,5.03544e-17,0.0100186,-0.00117652,0.0061714,-0.0108427,-0.00876037,0.0142868,0.0322265,1.50463e-39,7.37188e-17,
-0.185432,0.711578,-0.0399652,-1.73881,0.0357493,0.888116,-1.88269,0.65,5.06493e-17,0.0100553,-0.00119719,0.00618908,-0.0108821,-0.00884251,0.0142995,0.0323356,-4.44089e-19,7.32747e-17,
-0.185392,0.711573,-0.0399404,-1.73886,0.0357136,0.888174,-1.88256,0.65,5.09424e-17,0.0100919,-0.00121782,0.00620687,-0.0109215,-0.00892323,0.0143122,0.0324435,-8.88178e-19,7.19425e-17,
-0.185351,0.711569,-0.0399155,-1.7389,0.0356776,0.888231,-1.88243,0.65,5.12301e-17,0.0101284,-0.00123843,0.00622477,-0.0109608,-0.00900258,0.0143249,0.0325502,-8.88178e-19,7.14984e-17,
-0.185311,0.711563,-0.0398905,-1.73895,0.0356412,0.888288,-1.8823,0.65,5.15161e-17,0.0101648,-0.00125899,0.00624277,-0.011,-0.00908059,0.0143375,0.0326557,-4.44089e-19,7.06102e-17,
-0.18527,0.711558,-0.0398654,-1.73899,0.0356046,0.888346,-1.88217,0.65,5.17986e-17,0.010201,-0.00127953,0.00626088,-0.0110391,-0.00915727,0.0143501,0.03276,0,7.01661e-17,
-0.185229,0.711553,-0.0398403,-1.73903,0.0355677,0.888403,-1.88203,0.65,5.20792e-17,0.0102372,-0.00130003,0.00627908,-0.0110782,-0.00923268,0.0143626,0.0328632,4.44089e-19,6.92779e-17,
-0.185188,0.711548,-0.0398151,-1.73908,0.0355304,0.888461,-1.8819,0.65,5.23563e-17,0.0102732,-0.00132049,0.00629739,-0.0111171,-0.00930683,0.014375,0.0329653,-4.44089e-19,6.92779e-17,
-0.185147,0.711543,-0.0397899,-1.73912,0.0354929,0.888518,-1.88177,0.65,5.26335e-17,0.0103091,-0.00134092,0.00631579,-0.0111561,-0.00937975,0.0143875,0.0330663,4.44089e-19,6.88338e-17,
-0.185105,0.711537,-0.0397645,-1.73917,0.0354551,0.888576,-1.88164,0.65,5.29088e-17,0.0103449,-0.00136131,0.00633428,-0.0111949,-0.00945147,0.0143998,0.0331663,4.44089e-19,6.79456e-17,
-0.185064,0.711532,-0.0397391,-1.73921,0.035417,0.888633,-1.8815,0.65,5.31806e-17,0.0103805,-0.00138167,0.00635287,-0.0112337,-0.00952201,0.0144121,0.0332652,-4.44089e-19,7.23865e-17,
-0.185022,0.711526,-0.0397136,-1.73926,0.0353787,0.888691,-1.88137,0.65,5.34701e-17,0.0104161,-0.00140199,0.00637154,-0.0112723,-0.00959141,0.0144244,0.0333631,-4.44089e-19,7.19425e-17,
-0.18498,0.71152,-0.0396881,-1.7393,0.03534,0.888749,-1.88124,0.65,5.37579e-17,0.0104516,-0.00142228,0.00639029,-0.011311,-0.0096597,0.0144366,0.03346,-4.44089e-19,7.86038e-17,
-0.184938,0.711514,-0.0396624,-1.73935,0.0353011,0.888807,-1.8811,0.65,5.40723e-17,0.0104869,-0.00144253,0.00640913,-0.0113495,-0.00972688,0.0144488,0.033556,0,7.72715e-17,
-0.184896,0.711509,-0.0396367,-1.7394,0.035262,0.888864,-1.88097,0.65,5.43814e-17,0.0105222,-0.00146274,0.00642805,-0.011388,-0.009793,0.0144609,0.033651,-4.44089e-19,8.03801e-17,
-0.184854,0.711503,-0.0396109,-1.73944,0.0352225,0.888922,-1.88083,0.65,5.47029e-17,0.0105574,-0.00148292,0.00644705,-0.0114264,-0.00985807,0.0144729,0.0337451,-8.88178e-19,7.9492e-17,
-0.184812,0.711497,-0.0395851,-1.73949,0.0351828,0.88898,-1.8807,0.65,5.50209e-17,0.0105924,-0.00150306,0.00646613,-0.0114647,-0.00992212,0.0144849,0.0338383,-8.88178e-19,7.81597e-17,
-0.184769,0.711491,-0.0395591,-1.73953,0.0351429,0.889038,-1.88056,0.65,5.53335e-17,0.0106274,-0.00152317,0.00648527,-0.0115029,-0.00998517,0.0144969,0.0339306,-1.33227e-18,7.68274e-17,
-0.184726,0.711484,-0.0395331,-1.73958,0.0351027,0.889096,-1.88043,0.65,5.56408e-17,0.0106623,-0.00154324,0.00650449,-0.0115411,-0.0100472,0.0145088,0.0340221,-1.33227e-18,7.59393e-17,
-0.184684,0.711478,-0.039507,-1.73963,0.0350623,0.889154,-1.88029,0.65,5.59446e-17,0.010697,-0.00156327,0.00652379,-0.0115792,-0.0101084,0.0145207,0.0341128,-8.88178e-19,7.54952e-17,
-0.184641,0.711472,-0.0394809,-1.73967,0.0350216,0.889213,-1.88015,0.65,5.62466e-17,0.0107317,-0.00158327,0.00654314,-0.0116172,-0.0101685,0.0145325,0.0342026,-8.88178e-19,7.41629e-17,
-0.184598,0.711465,-0.0394546,-1.73972,0.0349807,0.889271,-1.88002,0.65,5.65432e-17,0.0107663,-0.00160322,0.00656257,-0.0116552,-0.0102278,0.0145443,0.0342916,-1.33227e-18,7.41629e-17,
-0.184554,0.711459,-0.0394283,-1.73976,0.0349395,0.889329,-1.87988,0.65,5.68399e-17,0.0108008,-0.00162314,0.00658206,-0.011693,-0.0102862,0.014556,0.0343799,-1.77636e-18,7.37188e-17,
-0.184511,0.711452,-0.0394019,-1.73981,0.0348982,0.889387,-1.87974,0.65,5.71347e-17,0.0108352,-0.00164303,0.00660161,-0.0117309,-0.0103437,0.0145677,0.0344673,-1.33227e-18,7.28306e-17,
-0.184468,0.711446,-0.0393754,-1.73986,0.0348566,0.889446,-1.8796,0.65,5.74261e-17,0.0108696,-0.00166287,0.00662122,-0.0117686,-0.0104004,0.0145794,0.0345541,-1.33227e-18,7.23865e-17,
-0.184424,0.711439,-0.0393488,-1.73991,0.0348147,0.889504,-1.87946,0.65,5.77156e-17,0.0109038,-0.00168268,0.00664089,-0.0118062,-0.0104562,0.014591,0.0346401,-1.33227e-18,7.23865e-17,
-0.18438,0.711432,-0.0393222,-1.73995,0.0347727,0.889562,-1.87932,0.65,5.80052e-17,0.010938,-0.00170245,0.00666062,-0.0118438,-0.0105112,0.0146025,0.0347254,-4.44089e-19,7.14984e-17,
-0.184336,0.711425,-0.0392955,-1.74,0.0347304,0.889621,-1.87919,0.65,5.82911e-17,0.010972,-0.00172219,0.0066804,-0.0118813,-0.0105655,0.014614,0.03481,-4.44089e-19,7.06102e-17,
-0.184292,0.711418,-0.0392687,-1.74005,0.034688,0.889679,-1.87905,0.65,5.85736e-17,0.011006,-0.00174188,0.00670024,-0.0119188,-0.0106189,0.0146255,0.034894,0,6.9722e-17,
-0.184248,0.711411,-0.0392418,-1.7401,0.0346453,0.889738,-1.87891,0.65,5.88525e-17,0.0110399,-0.00176154,0.00672013,-0.0119562,-0.0106716,0.0146369,0.0349772,4.44089e-19,6.92779e-17,
-0.184204,0.711404,-0.0392148,-1.74014,0.0346024,0.889796,-1.87877,0.65,5.91296e-17,0.0110738,-0.00178116,0.00674006,-0.0119934,-0.0107235,0.0146482,0.0350599,1.77636e-18,7.10543e-17,
-0.184159,0.711397,-0.0391878,-1.74019,0.0345593,0.889855,-1.87863,0.65,5.94138e-17,0.0111075,-0.00180074,0.00676005,-0.0120307,-0.0107748,0.0146596,0.0351419,3.55271e-18,7.32747e-17,
-0.184115,0.71139,-0.0391607,-1.74024,0.034516,0.889914,-1.87848,0.65,5.97069e-17,0.0111412,-0.00182028,0.00678009,-0.0120678,-0.0108253,0.0146709,0.0352232,3.10862e-18,7.77156e-17,
-0.18407,0.711382,-0.0391335,-1.74029,0.0344725,0.889972,-1.87834,0.65,6.00178e-17,0.0111748,-0.00183978,0.00680017,-0.0121049,-0.0108751,0.0146821,0.035304,3.55271e-18,8.17124e-17,
-0.184025,0.711375,-0.0391062,-1.74034,0.0344288,0.890031,-1.8782,0.65,6.03446e-17,0.0112084,-0.00185925,0.00682029,-0.0121419,-0.0109242,0.0146933,0.0353842,3.55271e-18,8.52651e-17,
-0.18398,0.711367,-0.0390788,-1.74039,0.0343849,0.89009,-1.87806,0.65,6.06857e-17,0.0112419,-0.00187867,0.00684046,-0.0121788,-0.0109727,0.0147044,0.0354638,4.44089e-18,8.57092e-17,
-0.183935,0.71136,-0.0390514,-1.74044,0.0343408,0.890149,-1.87792,0.65,6.10285e-17,0.0112752,-0.00189806,0.00686067,-0.0122157,-0.0110206,0.0147155,0.0355428,3.9968e-18,8.39329e-17,
-0.18389,0.711352,-0.0390238,-1.74048,0.0342965,0.890208,-1.87777,0.65,6.13642e-17,0.0113086,-0.00191741,0.00688093,-0.0122525,-0.0110678,0.0147266,0.0356213,4.88498e-18,8.43769e-17,
-0.183845,0.711344,-0.0389962,-1.74053,0.0342521,0.890267,-1.87763,0.65,6.17018e-17,0.0113418,-0.00193672,0.00690122,-0.0122892,-0.0111144,0.0147376,0.0356993,4.88498e-18,8.26006e-17,
-0.183799,0.711337,-0.0389686,-1.74058,0.0342074,0.890326,-1.87749,0.65,6.20322e-17,0.011375,-0.00195599,0.00692154,-0.0123258,-0.0111603,0.0147486,0.0357767,4.44089e-18,8.08242e-17,
-0.183754,0.711329,-0.0389408,-1.74063,0.0341626,0.890385,-1.87735,0.65,6.23555e-17,0.0114081,-0.00197522,0.00694191,-0.0123624,-0.0112057,0.0147595,0.0358536,3.55271e-18,7.90479e-17,
-0.183708,0.711321,-0.0389129,-1.74068,0.0341176,0.890444,-1.8772,0.65,6.26716e-17,0.0114412,-0.00199442,0.00696231,-0.0123989,-0.0112506,0.0147704,0.03593,2.66454e-18,7.63833e-17,
-0.183662,0.711313,-0.038885,-1.74073,0.0340724,0.890503,-1.87706,0.65,6.29772e-17,0.0114742,-0.00201357,0.00698274,-0.0124353,-0.0112948,0.0147812,0.0360059,2.22045e-18,7.54952e-17,
-0.183616,0.711304,-0.038857,-1.74078,0.0340271,0.890562,-1.87691,0.65,6.32792e-17,0.0115071,-0.00203268,0.00700321,-0.0124716,-0.0113385,0.014792,0.0360813,2.22045e-18,8.03801e-17,
-0.18357,0.711296,-0.0388289,-1.74083,0.0339815,0.890621,-1.87677,0.65,6.36007e-17,0.01154,-0.00205176,0.00702371,-0.0125079,-0.0113817,0.0148028,0.0361563,2.22045e-18,8.39329e-17,
-0.183523,0.711288,-0.0388007,-1.74088,0.0339358,0.890681,-1.87662,0.65,6.39364e-17,0.0115728,-0.00207079,0.00704424,-0.0125441,-0.0114243,0.0148135,0.0362308,-4.44089e-19,8.4821e-17,
-0.183477,0.71128,-0.0387725,-1.74093,0.03389,0.89074,-1.87648,0.65,6.42757e-17,0.0116055,-0.00208979,0.00706481,-0.0125802,-0.0114664,0.0148242,0.0363048,4.44089e-19,8.26006e-17,
-0.18343,0.711271,-0.0387441,-1.74098,0.033844,0.890799,-1.87633,0.65,6.46061e-17,0.0116382,-0.00210874,0.0070854,-0.0126163,-0.0115081,0.0148348,0.0363784,4.44089e-19,8.12683e-17,
-0.183384,0.711263,-0.0387157,-1.74103,0.0337978,0.890859,-1.87619,0.65,6.49312e-17,0.0116708,-0.00212766,0.00710601,-0.0126523,-0.0115492,0.0148454,0.0364516,4.44089e-19,7.99361e-17,
-0.183337,0.711254,-0.0386872,-1.74108,0.0337514,0.890918,-1.87604,0.65,6.52509e-17,0.0117033,-0.00214653,0.00712666,-0.0126882,-0.0115898,0.014856,0.0365244,4.44089e-19,7.86038e-17,
-0.18329,0.711245,-0.0386586,-1.74113,0.0337049,0.890978,-1.87589,0.65,6.55653e-17,0.0117358,-0.00216537,0.00714733,-0.012724,-0.01163,0.0148665,0.0365967,-4.44089e-19,7.77156e-17,
-0.183243,0.711237,-0.0386299,-1.74119,0.0336582,0.891037,-1.87575,0.65,6.58762e-17,0.0117683,-0.00218417,0.00716802,-0.0127598,-0.0116697,0.014877,0.0366686,-8.88178e-19,7.72715e-17,
-0.183196,0.711228,-0.0386012,-1.74124,0.0336114,0.891097,-1.8756,0.65,6.61853e-17,0.0118007,-0.00220292,0.00718874,-0.0127954,-0.011709,0.0148874,0.0367402,-8.88178e-19,7.59393e-17,
-0.183148,0.711219,-0.0385723,-1.74129,0.0335644,0.891156,-1.87545,0.65,6.6489e-17,0.011833,-0.00222164,0.00720949,-0.0128311,-0.0117479,0.0148978,0.0368113,-8.88178e-19,7.4607e-17,
-0.183101,0.71121,-0.0385434,-1.74134,0.0335172,0.891216,-1.87531,0.65,6.67875e-17,0.0118652,-0.00224031,0.00723025,-0.0128666,-0.0117863,0.0149081,0.0368821,-1.33227e-18,7.37188e-17,
-0.183053,0.711201,-0.0385144,-1.74139,0.0334699,0.891275,-1.87516,0.65,6.70823e-17,0.0118975,-0.00225895,0.00725104,-0.0129021,-0.0118242,0.0149184,0.0369525,-1.33227e-18,7.28306e-17,
-0.183006,0.711192,-0.0384853,-1.74144,0.0334225,0.891335,-1.87501,0.65,6.73737e-17,0.0119296,-0.00227754,0.00727184,-0.0129375,-0.0118618,0.0149287,0.0370226,-1.33227e-18,7.23865e-17,
-0.182958,0.711183,-0.0384562,-1.7415,0.0333749,0.891395,-1.87486,0.65,6.76632e-17,0.0119617,-0.0022961,0.00729267,-0.0129728,-0.011899,0.0149389,0.0370923,-1.33227e-18,7.14984e-17,
-0.18291,0.711173,-0.0384269,-1.74155,0.0333271,0.891455,-1.87471,0.65,6.79492e-17,0.0119938,-0.00231461,0.00731351,-0.013008,-0.0119358,0.0149491,0.0371616,-1.77636e-18,7.06102e-17,
-0.182862,0.711164,-0.0383976,-1.7416,0.0332793,0.891515,-1.87456,0.65,6.82316e-17,0.0120258,-0.00233308,0.00733438,-0.0130432,-0.0119722,0.0149592,0.0372306,-1.33227e-18,7.01661e-17,
-0.182813,0.711155,-0.0383681,-1.74165,0.0332312,0.891574,-1.87442,0.65,6.85123e-17,0.0120577,-0.00235152,0.00735526,-0.0130783,-0.0120082,0.0149693,0.0372993,-8.88178e-19,6.92779e-17,
-0.182765,0.711145,-0.0383386,-1.7417,0.033183,0.891634,-1.87427,0.65,6.87894e-17,0.0120896,-0.00236991,0.00737615,-0.0131134,-0.0120439,0.0149794,0.0373677,-4.44089e-19,6.88338e-17,
-0.182717,0.711136,-0.038309,-1.74176,0.0331347,0.891694,-1.87412,0.65,6.90648e-17,0.0121215,-0.00238826,0.00739707,-0.0131483,-0.0120792,0.0149894,0.0374357,-8.88178e-19,6.79456e-17,
-0.182668,0.711126,-0.0382794,-1.74181,0.0330863,0.891754,-1.87397,0.65,6.93365e-17,0.0121533,-0.00240657,0.007418,-0.0131832,-0.0121141,0.0149994,0.0375034,-1.77636e-18,6.75016e-17,
-0.182619,0.711116,-0.0382496,-1.74186,0.0330377,0.891814,-1.87382,0.65,6.96065e-17,0.012185,-0.00242484,0.00743894,-0.013218,-0.0121488,0.0150094,0.0375709,-1.33227e-18,6.75016e-17,
-0.18257,0.711107,-0.0382198,-1.74192,0.0329889,0.891874,-1.87367,0.65,6.98765e-17,0.0122167,-0.00244307,0.00745989,-0.0132528,-0.012183,0.0150193,0.037638,-4.44089e-19,6.79456e-17,
-0.182521,0.711097,-0.0381899,-1.74197,0.0329401,0.891935,-1.87351,0.65,7.01483e-17,0.0122484,-0.00246126,0.00748086,-0.0132874,-0.012217,0.0150291,0.0377048,7.70372e-34,6.75016e-17,
-0.182472,0.711087,-0.0381598,-1.74202,0.0328911,0.891995,-1.87336,0.65,7.04183e-17,0.01228,-0.0024794,0.00750184,-0.013322,-0.0122506,0.015039,0.0377714,4.44089e-19,6.75016e-17,
-0.182423,0.711077,-0.0381298,-1.74208,0.0328419,0.892055,-1.87321,0.65,7.06883e-17,0.0123116,-0.00249751,0.00752284,-0.0133565,-0.0122839,0.0150488,0.0378377,4.44089e-19,6.66134e-17,
-0.182374,0.711067,-0.0380996,-1.74213,0.0327927,0.892115,-1.87306,0.65,7.09548e-17,0.0123431,-0.00251558,0.00754384,-0.013391,-0.012317,0.0150585,0.0379037,7.70372e-34,6.61693e-17,
-0.182324,0.711057,-0.0380693,-1.74218,0.0327433,0.892175,-1.87291,0.65,7.12195e-17,0.0123746,-0.0025336,0.00756486,-0.0134254,-0.0123497,0.0150682,0.0379694,7.70372e-34,6.57252e-17,
-0.182274,0.711046,-0.038039,-1.74224,0.0326937,0.892236,-1.87276,0.65,7.14824e-17,0.012406,-0.00255158,0.00758588,-0.0134597,-0.0123821,0.0150779,0.0380349,-4.44089e-19,6.57252e-17,
-0.182225,0.711036,-0.0380086,-1.74229,0.0326441,0.892296,-1.8726,0.65,7.17453e-17,0.0124374,-0.00256952,0.00760692,-0.0134939,-0.0124143,0.0150875,0.0381001,-2.22045e-18,6.79456e-17,
-0.182175,0.711026,-0.037978,-1.74234,0.0325943,0.892356,-1.87245,0.65,7.20171e-17,0.0124687,-0.00258742,0.00762796,-0.0135281,-0.0124461,0.0150971,0.038165,-3.9968e-18,6.9722e-17,
-0.182125,0.711015,-0.0379474,-1.7424,0.0325444,0.892417,-1.8723,0.65,7.22959e-17,0.0125,-0.00260528,0.00764901,-0.0135622,-0.0124777,0.0151067,0.0382298,-5.77316e-18,7.23865e-17,
-0.182075,0.711005,-0.0379168,-1.74245,0.0324944,0.892477,-1.87215,0.65,7.25855e-17,0.0125312,-0.0026231,0.00767007,-0.0135962,-0.012509,0.0151162,0.0382942,-6.66134e-18,7.50511e-17,
-0.182024,0.710994,-0.037886,-1.74251,0.0324442,0.892538,-1.87199,0.65,7.28857e-17,0.0125624,-0.00264088,0.00769114,-0.0136301,-0.0125401,0.0151257,0.0383585,-5.77316e-18,7.9492e-17,
-0.181974,0.710984,-0.0378552,-1.74256,0.0323939,0.892598,-1.87184,0.65,7.32037e-17,0.0125936,-0.00265861,0.00771222,-0.013664,-0.0125709,0.0151351,0.0384225,-7.10543e-18,7.99361e-17,
-0.181924,0.710973,-0.0378242,-1.74262,0.0323435,0.892659,-1.87168,0.65,7.35234e-17,0.0126247,-0.0026763,0.0077333,-0.0136978,-0.0126015,0.0151445,0.0384863,-8.88178e-18,8.12683e-17,
-0.181873,0.710962,-0.0377932,-1.74267,0.032293,0.89272,-1.87153,0.65,7.38485e-17,0.0126558,-0.00269396,0.00775438,-0.0137315,-0.0126318,0.0151539,0.0385498,-9.76996e-18,8.26006e-17,
-0.181822,0.710951,-0.0377621,-1.74273,0.0322423,0.89278,-1.87138,0.65,7.41789e-17,0.0126868,-0.00271157,0.00777547,-0.0137651,-0.0126619,0.0151632,0.0386132,-8.88178e-18,8.03801e-17,
-0.181771,0.71094,-0.0377309,-1.74278,0.0321916,0.892841,-1.87122,0.65,7.45004e-17,0.0127178,-0.00272913,0.00779657,-0.0137987,-0.0126917,0.0151725,0.0386763,-7.99361e-18,7.90479e-17,
-0.18172,0.710929,-0.0376996,-1.74284,0.0321407,0.892902,-1.87107,0.65,7.48166e-17,0.0127488,-0.00274666,0.00781767,-0.0138322,-0.0127213,0.0151817,0.0387392,-6.66134e-18,7.81597e-17,
-0.181669,0.710918,-0.0376683,-1.74289,0.0320897,0.892962,-1.87091,0.65,7.51292e-17,0.0127797,-0.00276415,0.00783877,-0.0138656,-0.0127507,0.0151909,0.038802,-6.21725e-18,7.68274e-17,
-0.181618,0.710907,-0.0376368,-1.74295,0.0320386,0.893023,-1.87076,0.65,7.54365e-17,0.0128105,-0.00278159,0.00785988,-0.013899,-0.0127799,0.0152001,0.0388645,-5.32907e-18,7.50511e-17,
-0.181567,0.710896,-0.0376053,-1.743,0.0319873,0.893084,-1.8706,0.65,7.57368e-17,0.0128414,-0.00279899,0.00788099,-0.0139323,-0.0128088,0.0152092,0.0389268,-4.88498e-18,7.4607e-17,
-0.181515,0.710885,-0.0375737,-1.74306,0.031936,0.893145,-1.87044,0.65,7.60352e-17,0.0128722,-0.00281635,0.00790211,-0.0139655,-0.0128376,0.0152183,0.0389889,-4.88498e-18,7.41629e-17,
-0.181464,0.710873,-0.037542,-1.74312,0.0318845,0.893206,-1.87029,0.65,7.63318e-17,0.0129029,-0.00283367,0.00792322,-0.0139986,-0.0128661,0.0152274,0.0390509,-3.9968e-18,7.32747e-17,
-0.181412,0.710862,-0.0375102,-1.74317,0.0318329,0.893267,-1.87013,0.65,7.66249e-17,0.0129336,-0.00285094,0.00794434,-0.0140317,-0.0128945,0.0152364,0.0391126,-3.9968e-18,7.23865e-17,
-0.18136,0.710851,-0.0374784,-1.74323,0.0317812,0.893328,-1.86997,0.65,7.69145e-17,0.0129643,-0.00286818,0.00796546,-0.0140647,-0.0129226,0.0152454,0.0391742,-3.55271e-18,7.10543e-17,
-0.181308,0.710839,-0.0374464,-1.74328,0.0317294,0.893389,-1.86982,0.65,7.71987e-17,0.0129949,-0.00288537,0.00798658,-0.0140976,-0.0129506,0.0152543,0.0392356,-3.55271e-18,6.9722e-17,
-0.181256,0.710827,-0.0374144,-1.74334,0.0316775,0.89345,-1.86966,0.65,7.74776e-17,0.0130255,-0.00290252,0.00800771,-0.0141304,-0.0129784,0.0152632,0.0392968,-3.55271e-18,6.92779e-17,
-0.181204,0.710816,-0.0373823,-1.7434,0.0316255,0.893511,-1.8695,0.65,7.77547e-17,0.0130561,-0.00291963,0.00802883,-0.0141632,-0.013006,0.0152721,0.0393579,-3.55271e-18,6.88338e-17,
-0.181151,0.710804,-0.0373501,-1.74345,0.0315734,0.893572,-1.86935,0.65,7.803e-17,0.0130866,-0.0029367,0.00804995,-0.0141959,-0.0130334,0.0152809,0.0394188,-2.66454e-18,6.88338e-17,
-0.181099,0.710792,-0.0373178,-1.74351,0.0315211,0.893633,-1.86919,0.65,7.83054e-17,0.0131171,-0.00295372,0.00807107,-0.0142285,-0.0130606,0.0152897,0.0394795,-2.22045e-18,6.83897e-17,
-0.181046,0.71078,-0.0372854,-1.74357,0.0314688,0.893694,-1.86903,0.65,7.85789e-17,0.0131476,-0.0029707,0.0080922,-0.0142611,-0.0130877,0.0152985,0.0395401,-1.77636e-18,6.88338e-17,
-0.180994,0.710768,-0.037253,-1.74363,0.0314163,0.893756,-1.86887,0.65,7.88543e-17,0.013178,-0.00298764,0.00811332,-0.0142935,-0.0131146,0.0153072,0.0396005,-1.77636e-18,6.83897e-17,
-0.180941,0.710756,-0.0372204,-1.74368,0.0313637,0.893817,-1.86871,0.65,7.91278e-17,0.0132084,-0.00300454,0.00813444,-0.0143259,-0.0131413,0.0153159,0.0396607,-1.33227e-18,6.79456e-17,
-0.180888,0.710744,-0.0371878,-1.74374,0.0313111,0.893878,-1.86855,0.65,7.93996e-17,0.0132387,-0.00302139,0.00815555,-0.0143583,-0.0131679,0.0153245,0.0397208,-8.88178e-19,6.70575e-17,
-0.180835,0.710732,-0.0371551,-1.7438,0.0312583,0.89394,-1.86839,0.65,7.96678e-17,0.013269,-0.00303821,0.00817667,-0.0143905,-0.0131943,0.0153331,0.0397808,1.54074e-33,6.52811e-17,
-0.180781,0.71072,-0.0371223,-1.74386,0.0312054,0.894001,-1.86823,0.65,7.9929e-17,0.0132993,-0.00305498,0.00819779,-0.0144227,-0.0132206,0.0153417,0.0398406,1.54074e-33,6.61693e-17,
-0.180728,0.710708,-0.0370894,-1.74391,0.0311524,0.894062,-1.86808,0.65,8.01936e-17,0.0133295,-0.00307171,0.0082189,-0.0144548,-0.0132467,0.0153502,0.0399002,4.44089e-19,6.61693e-17,
-0.180675,0.710695,-0.0370565,-1.74397,0.0310993,0.894124,-1.86792,0.65,8.04583e-17,0.0133598,-0.00308839,0.00824001,-0.0144869,-0.0132727,0.0153587,0.0399597,8.88178e-19,6.66134e-17,
-0.180621,0.710683,-0.0370234,-1.74403,0.0310461,0.894185,-1.86776,0.65,8.07248e-17,0.0133899,-0.00310504,0.00826111,-0.0145188,-0.0132985,0.0153672,0.0400191,8.88178e-19,6.70575e-17,
-0.180567,0.71067,-0.0369903,-1.74409,0.0309928,0.894247,-1.86759,0.65,8.0993e-17,0.0134201,-0.00312164,0.00828222,-0.0145507,-0.0133242,0.0153756,0.0400784,4.44089e-19,6.66134e-17,
-0.180514,0.710658,-0.0369571,-1.74415,0.0309394,0.894308,-1.86743,0.65,8.12594e-17,0.0134502,-0.0031382,0.00830332,-0.0145825,-0.0133498,0.015384,0.0401375,4.44089e-19,6.70575e-17,
-0.18046,0.710645,-0.0369238,-1.7442,0.0308859,0.89437,-1.86727,0.65,8.15277e-17,0.0134802,-0.00315472,0.00832441,-0.0146143,-0.0133752,0.0153923,0.0401964,4.44089e-19,6.70575e-17,
-0.180406,0.710632,-0.0368904,-1.74426,0.0308323,0.894431,-1.86711,0.65,8.17959e-17,0.0135103,-0.00317119,0.00834551,-0.014646,-0.0134004,0.0154006,0.0402553,4.44089e-19,6.66134e-17,
-0.180352,0.71062,-0.036857,-1.74432,0.0307786,0.894493,-1.86695,0.65,8.20624e-17,0.0135403,-0.00318762,0.0083666,-0.0146776,-0.0134256,0.0154089,0.040314,8.88178e-19,6.66134e-17,
-0.180297,0.710607,-0.0368234,-1.74438,0.0307248,0.894555,-1.86679,0.65,8.23288e-17,0.0135702,-0.00320401,0.00838768,-0.0147091,-0.0134506,0.0154172,0.0403726,4.44089e-19,6.57252e-17,
-0.180243,0.710594,-0.0367898,-1.74444,0.0306709,0.894616,-1.86663,0.65,8.25917e-17,0.0136002,-0.00322036,0.00840876,-0.0147405,-0.0134755,0.0154254,0.0404311,4.44089e-19,6.4837e-17,
-0.180188,0.710581,-0.0367561,-1.7445,0.0306169,0.894678,-1.86647,0.65,8.28511e-17,0.0136301,-0.00323667,0.00842984,-0.0147719,-0.0135003,0.0154335,0.0404895,4.44089e-19,6.4837e-17,
-0.180134,0.710568,-0.0367222,-1.74456,0.0305628,0.89474,-1.8663,0.65,8.31104e-17,0.01366,-0.00325293,0.00845091,-0.0148032,-0.013525,0.0154416,0.0405477,8.88178e-19,6.4837e-17,
-0.180079,0.710555,-0.0366884,-1.74462,0.0305086,0.894802,-1.86614,0.65,8.33698e-17,0.0136898,-0.00326915,0.00847197,-0.0148345,-0.0135495,0.0154497,0.0406058,8.88178e-19,6.4837e-17,
-0.180024,0.710542,-0.0366544,-1.74468,0.0304543,0.894864,-1.86598,0.65,8.36291e-17,0.0137196,-0.00328533,0.00849303,-0.0148656,-0.013574,0.0154578,0.0406638,-8.88178e-19,6.57252e-17,
-0.179969,0.710529,-0.0366203,-1.74474,0.0303999,0.894925,-1.86582,0.65,8.3892e-17,0.0137494,-0.00330146,0.00851408,-0.0148967,-0.0135983,0.0154658,0.0407217,-1.33227e-18,7.01661e-17,
-0.179914,0.710515,-0.0365862,-1.7448,0.0303455,0.894987,-1.86565,0.65,8.41727e-17,0.0137791,-0.00331755,0.00853513,-0.0149277,-0.0136225,0.0154738,0.0407795,-1.77636e-18,7.54952e-17,
-0.179859,0.710502,-0.036552,-1.74486,0.0302909,0.895049,-1.86549,0.65,8.44746e-17,0.0138088,-0.0033336,0.00855617,-0.0149587,-0.0136466,0.0154817,0.0408372,-1.77636e-18,7.9492e-17,
-0.179803,0.710489,-0.0365177,-1.74492,0.0302362,0.895111,-1.86533,0.65,8.47926e-17,0.0138385,-0.00334961,0.00857721,-0.0149895,-0.0136706,0.0154896,0.0408948,-1.77636e-18,8.26006e-17,
-0.179748,0.710475,-0.0364833,-1.74498,0.0301814,0.895173,-1.86516,0.65,8.5123e-17,0.0138682,-0.00336557,0.00859824,-0.0150203,-0.0136945,0.0154975,0.0409523,-4.44089e-19,8.61533e-17,
-0.179692,0.710462,-0.0364488,-1.74504,0.0301265,0.895235,-1.865,0.65,8.54676e-17,0.0138978,-0.00338149,0.00861926,-0.015051,-0.0137184,0.0155053,0.0410097,1.54074e-33,9.05942e-17,
-0.179637,0.710448,-0.0364142,-1.7451,0.0300716,0.895297,-1.86483,0.65,8.583e-17,0.0139274,-0.00339737,0.00864028,-0.0150817,-0.0137421,0.0155131,0.0410669,-1.77636e-18,9.14824e-17,
-0.179581,0.710434,-0.0363796,-1.74516,0.0300165,0.895359,-1.86467,0.65,8.61959e-17,0.0139569,-0.00341321,0.00866129,-0.0151123,-0.0137657,0.0155209,0.0411241,-1.33227e-18,8.88178e-17,
-0.179525,0.710421,-0.0363449,-1.74522,0.0299614,0.895421,-1.8645,0.65,8.65512e-17,0.0139865,-0.003429,0.00868229,-0.0151427,-0.0137892,0.0155286,0.0411812,-1.33227e-18,8.61533e-17,
-0.179469,0.710407,-0.03631,-1.74528,0.0299061,0.895484,-1.86434,0.65,8.68958e-17,0.014016,-0.00344475,0.00870328,-0.0151732,-0.0138126,0.0155363,0.0412382,-1.77636e-18,8.43769e-17,
-0.179413,0.710393,-0.0362751,-1.74534,0.0298508,0.895546,-1.86417,0.65,8.72333e-17,0.0140454,-0.00346046,0.00872427,-0.0152035,-0.013836,0.015544,0.041295,-1.77636e-18,8.26006e-17,
-0.179356,0.710379,-0.0362402,-1.7454,0.0297953,0.895608,-1.86401,0.65,8.75637e-17,0.0140749,-0.00347612,0.00874525,-0.0152338,-0.0138592,0.0155516,0.0413518,-1.33227e-18,8.12683e-17,
-0.1793,0.710365,-0.0362051,-1.74546,0.0297398,0.89567,-1.86384,0.65,8.78888e-17,0.0141043,-0.00349174,0.00876622,-0.015264,-0.0138824,0.0155591,0.0414085,-1.77636e-18,7.9492e-17,
-0.179243,0.710351,-0.0361699,-1.74552,0.0296842,0.895733,-1.86368,0.65,8.82068e-17,0.0141337,-0.00350732,0.00878719,-0.0152941,-0.0139054,0.0155667,0.0414652,-2.66454e-18,7.77156e-17,
-0.179187,0.710337,-0.0361347,-1.74558,0.0296285,0.895795,-1.86351,0.65,8.85176e-17,0.014163,-0.00352286,0.00880814,-0.0153242,-0.0139284,0.0155742,0.0415217,-2.66454e-18,7.63833e-17,
-0.17913,0.710323,-0.0360994,-1.74565,0.0295726,0.895857,-1.86335,0.65,8.88232e-17,0.0141923,-0.00353835,0.00882909,-0.0153542,-0.0139514,0.0155817,0.0415781,-2.22045e-18,7.4607e-17,
-0.179073,0.710309,-0.036064,-1.74571,0.0295168,0.895919,-1.86318,0.65,8.91216e-17,0.0142216,-0.0035538,0.00885003,-0.0153841,-0.0139742,0.0155891,0.0416345,-1.77636e-18,7.37188e-17,
-0.179016,0.710294,-0.0360285,-1.74577,0.0294608,0.895982,-1.86301,0.65,8.94165e-17,0.0142509,-0.00356921,0.00887096,-0.0154139,-0.0139969,0.0155965,0.0416908,-1.33227e-18,7.28306e-17,
-0.178959,0.71028,-0.0359929,-1.74583,0.0294047,0.896044,-1.86284,0.65,8.97078e-17,0.0142801,-0.00358458,0.00889189,-0.0154437,-0.0140196,0.0156039,0.041747,-1.33227e-18,7.19425e-17,
-0.178902,0.710266,-0.0359573,-1.74589,0.0293485,0.896107,-1.86268,0.65,8.99956e-17,0.0143093,-0.0035999,0.0089128,-0.0154734,-0.0140422,0.0156112,0.0418031,-4.44089e-19,7.10543e-17,
-0.178844,0.710251,-0.0359216,-1.74595,0.0292923,0.896169,-1.86251,0.65,9.02798e-17,0.0143385,-0.00361518,0.00893371,-0.015503,-0.0140648,0.0156185,0.0418591,-8.88178e-19,7.06102e-17,
-0.178787,0.710237,-0.0358857,-1.74602,0.0292359,0.896232,-1.86234,0.65,9.05622e-17,0.0143676,-0.00363041,0.00895461,-0.0155325,-0.0140872,0.0156257,0.041915,-8.88178e-19,6.9722e-17,
-0.178729,0.710222,-0.0358498,-1.74608,0.0291795,0.896294,-1.86217,0.65,9.08411e-17,0.0143968,-0.0036456,0.0089755,-0.015562,-0.0141096,0.0156329,0.0419709,4.44089e-19,6.88338e-17,
-0.178672,0.710207,-0.0358139,-1.74614,0.0291229,0.896357,-1.86201,0.65,9.11164e-17,0.0144258,-0.00366075,0.00899637,-0.0155914,-0.0141319,0.0156401,0.0420267,1.54074e-33,6.79456e-17,
-0.178614,0.710193,-0.0357778,-1.7462,0.0290663,0.896419,-1.86184,0.65,9.13882e-17,0.0144549,-0.00367586,0.00901725,-0.0156207,-0.0141542,0.0156473,0.0420824,-8.88178e-19,6.75016e-17,
-0.178556,0.710178,-0.0357416,-1.74627,0.0290096,0.896482,-1.86167,0.65,9.16582e-17,0.0144839,-0.00369093,0.00903811,-0.01565,-0.0141764,0.0156544,0.0421381,-4.44089e-19,6.79456e-17,
-0.178498,0.710163,-0.0357054,-1.74633,0.0289528,0.896545,-1.8615,0.65,9.193e-17,0.0145129,-0.00370595,0.00905896,-0.0156792,-0.0141985,0.0156615,0.0421936,1.54074e-33,6.75016e-17,
-0.17844,0.710148,-0.0356691,-1.74639,0.0288959,0.896607,-1.86133,0.65,9.22e-17,0.0145419,-0.00372092,0.0090798,-0.0157083,-0.0142206,0.0156685,0.0422491,1.54074e-33,6.70575e-17,
-0.178381,0.710133,-0.0356327,-1.74645,0.028839,0.89667,-1.86116,0.65,9.24683e-17,0.0145709,-0.00373586,0.00910063,-0.0157373,-0.0142426,0.0156755,0.0423046,1.54074e-33,6.66134e-17,
-0.178323,0.710118,-0.0355962,-1.74652,0.0287819,0.896733,-1.86099,0.65,9.27347e-17,0.0145998,-0.00375075,0.00912146,-0.0157662,-0.0142645,0.0156825,0.0423599,1.54074e-33,6.66134e-17,
-0.178264,0.710103,-0.0355596,-1.74658,0.0287248,0.896796,-1.86082,0.65,9.30012e-17,0.0146287,-0.0037656,0.00914227,-0.0157951,-0.0142864,0.0156894,0.0424152,4.44089e-19,6.66134e-17,
-0.178206,0.710088,-0.035523,-1.74664,0.0286675,0.896858,-1.86065,0.65,9.32676e-17,0.0146575,-0.0037804,0.00916307,-0.0158239,-0.0143082,0.0156963,0.0424704,1.54074e-33,6.66134e-17,
-0.178147,0.710073,-0.0354862,-1.74671,0.0286102,0.896921,-1.86048,0.65,9.35341e-17,0.0146864,-0.00379517,0.00918387,-0.0158527,-0.01433,0.0157031,0.0425256,-4.44089e-19,6.57252e-17,
-0.178088,0.710058,-0.0354494,-1.74677,0.0285528,0.896984,-1.86031,0.65,9.3797e-17,0.0147152,-0.00380989,0.00920465,-0.0158813,-0.0143517,0.01571,0.0425807,-4.44089e-19,6.4837e-17,
-0.178029,0.710042,-0.0354125,-1.74683,0.0284953,0.897047,-1.86014,0.65,9.40563e-17,0.014744,-0.00382456,0.00922542,-0.0159099,-0.0143733,0.0157167,0.0426357,-8.88178e-19,6.4837e-17,
-0.17797,0.710027,-0.0353755,-1.7469,0.0284377,0.89711,-1.85997,0.65,9.43157e-17,0.0147727,-0.0038392,0.00924619,-0.0159384,-0.0143949,0.0157235,0.0426906,-1.77636e-18,6.43929e-17,
-0.177911,0.710012,-0.0353385,-1.74696,0.0283801,0.897173,-1.8598,0.65,9.45732e-17,0.0148015,-0.00385379,0.00926694,-0.0159668,-0.0144164,0.0157302,0.0427455,-1.77636e-18,6.4837e-17,
-0.177852,0.709996,-0.0353013,-1.74703,0.0283223,0.897236,-1.85963,0.65,9.48326e-17,0.0148302,-0.00386833,0.00928768,-0.0159952,-0.0144379,0.0157369,0.0428004,-1.33227e-18,6.52811e-17,
-0.177792,0.709981,-0.0352641,-1.74709,0.0282645,0.897299,-1.85946,0.65,9.50937e-17,0.0148588,-0.00388284,0.00930842,-0.0160235,-0.0144594,0.0157435,0.0428551,-1.33227e-18,6.43929e-17,
-0.177733,0.709965,-0.0352268,-1.74715,0.0282066,0.897362,-1.85929,0.65,9.53513e-17,0.0148875,-0.0038973,0.00932914,-0.0160517,-0.0144808,0.0157501,0.0429098,-1.33227e-18,6.39488e-17,
-0.177673,0.709949,-0.0351894,-1.74722,0.0281486,0.897425,-1.85911,0.65,9.56071e-17,0.0149161,-0.00391171,0.00934985,-0.0160799,-0.0145021,0.0157567,0.0429645,-1.33227e-18,6.39488e-17,
-0.177613,0.709934,-0.0351519,-1.74728,0.0280905,0.897488,-1.85894,0.65,9.58629e-17,0.0149447,-0.00392609,0.00937055,-0.0161079,-0.0145234,0.0157632,0.0430191,-1.77636e-18,6.43929e-17,
-0.177553,0.709918,-0.0351143,-1.74735,0.0280323,0.897551,-1.85877,0.65,9.61204e-17,0.0149733,-0.00394042,0.00939124,-0.0161359,-0.0145446,0.0157697,0.0430736,-1.33227e-18,6.43929e-17,
-0.177493,0.709902,-0.0350767,-1.74741,0.027974,0.897614,-1.8586,0.65,9.6378e-17,0.0150018,-0.00395471,0.00941192,-0.0161638,-0.0145658,0.0157762,0.0431281,-8.88178e-19,6.4837e-17,
-0.177433,0.709886,-0.0350389,-1.74748,0.0279157,0.897677,-1.85843,0.65,9.66374e-17,0.0150303,-0.00396895,0.00943259,-0.0161917,-0.014587,0.0157826,0.0431825,-8.88178e-19,6.4837e-17,
-0.177373,0.70987,-0.0350011,-1.74754,0.0278572,0.89774,-1.85825,0.65,9.68967e-17,0.0150588,-0.00398315,0.00945325,-0.0162195,-0.0146081,0.015789,0.0432368,-8.88178e-19,6.4837e-17,
-0.177313,0.709854,-0.0349632,-1.74761,0.0277987,0.897803,-1.85808,0.65,9.71561e-17,0.0150873,-0.00399731,0.00947389,-0.0162472,-0.0146291,0.0157954,0.0432911,-8.88178e-19,6.52811e-17,
-0.177252,0.709838,-0.0349252,-1.74767,0.0277401,0.897867,-1.85791,0.65,9.74172e-17,0.0151157,-0.00401143,0.00949453,-0.0162748,-0.0146501,0.0158017,0.0433454,1.54074e-33,6.52811e-17,
-0.177191,0.709822,-0.0348872,-1.74774,0.0276814,0.89793,-1.85773,0.65,9.76783e-17,0.0151441,-0.0040255,0.00951515,-0.0163023,-0.0146711,0.015808,0.0433996,1.54074e-33,6.52811e-17,
-0.177131,0.709806,-0.034849,-1.7478,0.0276227,0.897993,-1.85756,0.65,9.79394e-17,0.0151725,-0.00403953,0.00953577,-0.0163298,-0.014692,0.0158142,0.0434537,1.54074e-33,6.39488e-17,
-0.17707,0.70979,-0.0348108,-1.74787,0.0275638,0.898056,-1.85738,0.65,9.81952e-17,0.0152009,-0.00405351,0.00955637,-0.0163572,-0.0147129,0.0158204,0.0435078,1.54074e-33,6.39488e-17,
-0.177009,0.709774,-0.0347725,-1.74793,0.0275049,0.89812,-1.85721,0.65,9.8451e-17,0.0152292,-0.00406746,0.00957696,-0.0163846,-0.0147338,0.0158266,0.0435618,4.44089e-19,6.39488e-17,
-0.176948,0.709757,-0.0347341,-1.748,0.0274459,0.898183,-1.85704,0.65,9.87068e-17,0.0152575,-0.00408136,0.00959754,-0.0164118,-0.0147546,0.0158328,0.0436158,4.44089e-19,6.35048e-17,
-0.176887,0.709741,-0.0346956,-1.74806,0.0273868,0.898246,-1.85686,0.65,9.89608e-17,0.0152858,-0.00409521,0.00961811,-0.016439,-0.0147754,0.0158389,0.0436697,1.33227e-18,6.43929e-17,
-0.176826,0.709724,-0.0346571,-1.74813,0.0273276,0.89831,-1.85669,0.65,9.92184e-17,0.0153141,-0.00410902,0.00963867,-0.0164661,-0.0147961,0.0158449,0.0437236,8.88178e-19,6.39488e-17,
-0.176764,0.709708,-0.0346185,-1.7482,0.0272683,0.898373,-1.85651,0.65,9.94742e-17,0.0153423,-0.00412279,0.00965921,-0.0164932,-0.0148168,0.015851,0.0437774,8.88178e-19,6.43929e-17,
-0.176703,0.709691,-0.0345797,-1.74826,0.027209,0.898436,-1.85634,0.65,9.97318e-17,0.0153705,-0.00413652,0.00967975,-0.0165201,-0.0148374,0.015857,0.0438312,1.33227e-18,6.39488e-17,
-0.176641,0.709675,-0.0345409,-1.74833,0.0271495,0.8985,-1.85616,0.65,9.99876e-17,0.0153987,-0.0041502,0.00970027,-0.016547,-0.0148581,0.015863,0.0438849,8.88178e-19,6.39488e-17,
-0.176579,0.709658,-0.0345021,-1.7484,0.02709,0.898563,-1.85598,0.65,1.00243e-16,0.0154269,-0.00416384,0.00972078,-0.0165738,-0.0148787,0.0158689,0.0439386,8.88178e-19,6.35048e-17,
-0.176518,0.709641,-0.0344631,-1.74846,0.0270304,0.898627,-1.85581,0.65,1.00497e-16,0.015455,-0.00417744,0.00974129,-0.0166006,-0.0148992,0.0158748,0.0439922,8.88178e-19,6.26166e-17,
-0.176456,0.709625,-0.034424,-1.74853,0.0269707,0.89869,-1.85563,0.65,1.00748e-16,0.0154831,-0.00419099,0.00976177,-0.0166272,-0.0149197,0.0158806,0.0440458,1.77636e-18,6.26166e-17,
-0.176394,0.709608,-0.0343849,-1.74859,0.026911,0.898754,-1.85546,0.65,1.00998e-16,0.0155112,-0.0042045,0.00978225,-0.0166538,-0.0149402,0.0158865,0.0440993,1.77636e-18,6.39488e-17,
-0.176332,0.709591,-0.0343457,-1.74866,0.0268511,0.898818,-1.85528,0.65,1.01254e-16,0.0155392,-0.00421796,0.00980272,-0.0166803,-0.0149606,0.0158922,0.0441528,8.88178e-19,6.30607e-17,
-0.176269,0.709574,-0.0343064,-1.74873,0.0267912,0.898881,-1.8551,0.65,1.01506e-16,0.0155673,-0.00423139,0.00982317,-0.0167068,-0.0149811,0.015898,0.0442062,4.44089e-19,6.30607e-17,
-0.176207,0.709557,-0.034267,-1.7488,0.0267312,0.898945,-1.85493,0.65,1.01759e-16,0.0155953,-0.00424477,0.00984361,-0.0167331,-0.0150014,0.0159037,0.0442596,-1.33227e-18,6.52811e-17,
-0.176144,0.70954,-0.0342276,-1.74886,0.0266711,0.899008,-1.85475,0.65,1.0202e-16,0.0156232,-0.0042581,0.00986404,-0.0167594,-0.0150218,0.0159094,0.0443129,-3.55271e-18,6.79456e-17,
-0.176082,0.709523,-0.034188,-1.74893,0.0266109,0.899072,-1.85457,0.65,1.02292e-16,0.0156512,-0.0042714,0.00988446,-0.0167857,-0.0150421,0.015915,0.0443662,-3.10862e-18,7.28306e-17,
-0.176019,0.709506,-0.0341484,-1.749,0.0265507,0.899136,-1.85439,0.65,1.02583e-16,0.0156791,-0.00428465,0.00990487,-0.0168118,-0.0150624,0.0159207,0.0444195,-4.44089e-18,7.4607e-17,
-0.175956,0.709489,-0.0341087,-1.74906,0.0264904,0.899199,-1.85421,0.65,1.02881e-16,0.015707,-0.00429785,0.00992526,-0.0168379,-0.0150827,0.0159262,0.0444727,-3.9968e-18,7.41629e-17,
-0.175893,0.709471,-0.0340689,-1.74913,0.02643,0.899263,-1.85404,0.65,1.03178e-16,0.0157349,-0.00431102,0.00994565,-0.0168639,-0.0151029,0.0159318,0.0445258,-3.9968e-18,7.32747e-17,
-0.17583,0.709454,-0.0340291,-1.7492,0.0263695,0.899327,-1.85386,0.65,1.03471e-16,0.0157628,-0.00432413,0.00996602,-0.0168898,-0.0151231,0.0159373,0.0445789,-3.55271e-18,7.28306e-17,
-0.175767,0.709437,-0.0339891,-1.74927,0.0263089,0.899391,-1.85368,0.65,1.03762e-16,0.0157906,-0.00433721,0.00998638,-0.0169157,-0.0151433,0.0159427,0.044632,-2.66454e-18,7.23865e-17,
-0.175704,0.709419,-0.0339491,-1.74933,0.0262482,0.899454,-1.8535,0.65,1.04052e-16,0.0158184,-0.00435024,0.0100067,-0.0169415,-0.0151634,0.0159482,0.0446851,-2.22045e-18,7.14984e-17,
-0.17564,0.709402,-0.033909,-1.7494,0.0261875,0.899518,-1.85332,0.65,1.04338e-16,0.0158462,-0.00436323,0.0100271,-0.0169672,-0.0151835,0.0159536,0.044738,-3.9968e-18,7.32747e-17,
-0.175577,0.709384,-0.0338688,-1.74947,0.0261267,0.899582,-1.85314,0.65,1.04631e-16,0.0158739,-0.00437618,0.0100474,-0.0169928,-0.0152036,0.0159589,0.044791,-3.9968e-18,7.77156e-17,
-0.175513,0.709367,-0.0338285,-1.74954,0.0260658,0.899646,-1.85296,0.65,1.04942e-16,0.0159017,-0.00438908,0.0100677,-0.0170183,-0.0152237,0.0159643,0.0448439,-5.32907e-18,7.90479e-17,
-0.17545,0.709349,-0.0337882,-1.74961,0.0260048,0.89971,-1.85278,0.65,1.05258e-16,0.0159294,-0.00440194,0.010088,-0.0170438,-0.0152437,0.0159696,0.0448968,-4.44089e-18,7.63833e-17,
-0.175386,0.709332,-0.0337477,-1.74967,0.0259438,0.899774,-1.8526,0.65,1.05564e-16,0.0159571,-0.00441476,0.0101083,-0.0170692,-0.0152637,0.0159748,0.0449496,-4.44089e-18,7.50511e-17,
-0.175322,0.709314,-0.0337072,-1.74974,0.0258826,0.899838,-1.85242,0.65,1.05864e-16,0.0159847,-0.00442753,0.0101286,-0.0170946,-0.0152837,0.0159801,0.0450024,-3.10862e-18,7.37188e-17,
-0.175258,0.709296,-0.0336666,-1.74981,0.0258214,0.899902,-1.85224,0.65,1.06159e-16,0.0160124,-0.00444026,0.0101488,-0.0171198,-0.0153037,0.0159852,0.0450551,-3.10862e-18,7.23865e-17,
-0.175194,0.709278,-0.033626,-1.74988,0.0257601,0.899966,-1.85206,0.65,1.06448e-16,0.01604,-0.00445295,0.0101691,-0.017145,-0.0153236,0.0159904,0.0451078,-3.10862e-18,7.28306e-17,
-0.175129,0.70926,-0.0335852,-1.74995,0.0256987,0.90003,-1.85188,0.65,1.0674e-16,0.0160676,-0.00446559,0.0101893,-0.0171701,-0.0153435,0.0159955,0.0451605,-2.66454e-18,7.19425e-17,
-0.175065,0.709242,-0.0335444,-1.75002,0.0256373,0.900094,-1.8517,0.65,1.07027e-16,0.0160951,-0.00447819,0.0102095,-0.0171952,-0.0153634,0.0160006,0.0452131,-1.77636e-18,7.14984e-17,
-0.175,0.709225,-0.0335034,-1.75009,0.0255758,0.900158,-1.85152,0.65,1.07313e-16,0.0161227,-0.00449075,0.0102298,-0.0172201,-0.0153832,0.0160056,0.0452657,-2.22045e-18,7.10543e-17,
-0.174936,0.709207,-0.0334624,-1.75016,0.0255141,0.900222,-1.85134,0.65,1.07597e-16,0.0161502,-0.00450326,0.01025,-0.017245,-0.0154031,0.0160107,0.0453182,-1.33227e-18,7.10543e-17,
-0.174871,0.709188,-0.0334214,-1.75022,0.0254525,0.900286,-1.85116,0.65,1.07882e-16,0.0161777,-0.00451573,0.0102701,-0.0172699,-0.0154229,0.0160156,0.0453707,-1.33227e-18,7.06102e-17,
-0.174806,0.70917,-0.0333802,-1.75029,0.0253907,0.90035,-1.85098,0.65,1.08164e-16,0.0162052,-0.00452815,0.0102903,-0.0172946,-0.0154427,0.0160206,0.0454232,8.88178e-19,7.23865e-17,
-0.174741,0.709152,-0.033339,-1.75036,0.0253288,0.900414,-1.85079,0.65,1.08454e-16,0.0162326,-0.00454054,0.0103105,-0.0173193,-0.0154624,0.0160255,0.0454756,2.66454e-18,7.41629e-17,
-0.174676,0.709134,-0.0332976,-1.75043,0.0252669,0.900478,-1.85061,0.65,1.0875e-16,0.01626,-0.00455288,0.0103306,-0.0173439,-0.0154822,0.0160304,0.045528,2.22045e-18,7.81597e-17,
-0.174611,0.709116,-0.0332562,-1.7505,0.0252049,0.900542,-1.85043,0.65,1.09063e-16,0.0162874,-0.00456517,0.0103508,-0.0173684,-0.0155019,0.0160352,0.0455803,2.66454e-18,8.17124e-17,
-0.174546,0.709097,-0.0332148,-1.75057,0.0251428,0.900606,-1.85025,0.65,1.0939e-16,0.0163148,-0.00457742,0.0103709,-0.0173928,-0.0155216,0.01604,0.0456326,1.33227e-18,8.57092e-17,
-0.174481,0.709079,-0.0331732,-1.75064,0.0250806,0.90067,-1.85007,0.65,1.09733e-16,0.0163421,-0.00458963,0.010391,-0.0174172,-0.0155413,0.0160448,0.0456849,2.66454e-18,8.65974e-17,
-0.174415,0.709061,-0.0331315,-1.75071,0.0250184,0.900735,-1.84988,0.65,1.10079e-16,0.0163695,-0.0046018,0.0104111,-0.0174415,-0.0155609,0.0160495,0.0457371,4.88498e-18,8.74856e-17,
-0.17435,0.709042,-0.0330898,-1.75078,0.0249561,0.900799,-1.8497,0.65,1.10429e-16,0.0163968,-0.00461392,0.0104312,-0.0174657,-0.0155806,0.0160542,0.0457893,4.88498e-18,8.57092e-17,
-0.174284,0.709024,-0.033048,-1.75085,0.0248937,0.900863,-1.84952,0.65,1.10772e-16,0.016424,-0.004626,0.0104513,-0.0174899,-0.0156002,0.0160589,0.0458415,3.9968e-18,8.39329e-17,
-0.174218,0.709005,-0.0330061,-1.75092,0.0248312,0.900927,-1.84933,0.65,1.11108e-16,0.0164513,-0.00463804,0.0104714,-0.017514,-0.0156198,0.0160635,0.0458936,3.9968e-18,8.17124e-17,
-0.174152,0.708987,-0.0329642,-1.75099,0.0247686,0.900992,-1.84915,0.65,1.11434e-16,0.0164785,-0.00465003,0.0104914,-0.017538,-0.0156393,0.0160681,0.0459457,3.9968e-18,7.99361e-17,
-0.174086,0.708968,-0.0329221,-1.75106,0.024706,0.901056,-1.84896,0.65,1.11754e-16,0.0165057,-0.00466198,0.0105115,-0.0175619,-0.0156589,0.0160726,0.0459978,4.44089e-18,7.86038e-17,
-0.17402,0.708949,-0.03288,-1.75113,0.0246433,0.90112,-1.84878,0.65,1.12069e-16,0.0165329,-0.00467388,0.0105315,-0.0175858,-0.0156784,0.0160772,0.0460498,3.9968e-18,7.77156e-17,
-0.173954,0.70893,-0.0328378,-1.7512,0.0245805,0.901185,-1.8486,0.65,1.12379e-16,0.0165601,-0.00468575,0.0105515,-0.0176095,-0.015698,0.0160816,0.0461018,4.44089e-18,7.63833e-17,
-0.173887,0.708912,-0.0327955,-1.75127,0.0245176,0.901249,-1.84841,0.65,1.12685e-16,0.0165872,-0.00469757,0.0105715,-0.0176332,-0.0157174,0.0160861,0.0461537,3.9968e-18,7.54952e-17,
-0.173821,0.708893,-0.0327531,-1.75134,0.0244547,0.901313,-1.84823,0.65,1.12987e-16,0.0166143,-0.00470934,0.0105915,-0.0176569,-0.0157369,0.0160905,0.0462057,2.66454e-18,7.37188e-17,
-0.173754,0.708874,-0.0327107,-1.75141,0.0243917,0.901378,-1.84804,0.65,1.13282e-16,0.0166414,-0.00472107,0.0106115,-0.0176804,-0.0157564,0.0160949,0.0462575,2.22045e-18,7.28306e-17,
-0.173688,0.708855,-0.0326682,-1.75148,0.0243286,0.901442,-1.84786,0.65,1.13573e-16,0.0166685,-0.00473276,0.0106315,-0.0177039,-0.0157758,0.0160992,0.0463094,1.77636e-18,7.23865e-17,
-0.173621,0.708836,-0.0326256,-1.75156,0.0242654,0.901506,-1.84767,0.65,1.13863e-16,0.0166955,-0.00474441,0.0106514,-0.0177273,-0.0157952,0.0161036,0.0463612,1.33227e-18,7.28306e-17,
-0.173554,0.708817,-0.0325829,-1.75163,0.0242021,0.901571,-1.84748,0.65,1.14154e-16,0.0167226,-0.00475601,0.0106714,-0.0177507,-0.0158147,0.0161078,0.046413,4.44089e-19,7.19425e-17,
-0.173487,0.708798,-0.0325401,-1.7517,0.0241388,0.901635,-1.8473,0.65,1.14442e-16,0.0167496,-0.00476757,0.0106913,-0.0177739,-0.015834,0.0161121,0.0464647,1.77636e-18,7.4607e-17,
-0.17342,0.708779,-0.0324973,-1.75177,0.0240754,0.9017,-1.84711,0.65,1.1474e-16,0.0167765,-0.00477908,0.0107112,-0.0177971,-0.0158534,0.0161163,0.0465164,3.9968e-18,7.63833e-17,
-0.173353,0.70876,-0.0324543,-1.75184,0.0240119,0.901764,-1.84693,0.65,1.15046e-16,0.0168035,-0.00479056,0.0107311,-0.0178202,-0.0158728,0.0161205,0.0465681,3.55271e-18,8.08242e-17,
-0.173285,0.70874,-0.0324113,-1.75191,0.0239483,0.901829,-1.84674,0.65,1.15369e-16,0.0168304,-0.00480198,0.010751,-0.0178433,-0.0158921,0.0161246,0.0466197,4.88498e-18,8.21565e-17,
-0.173218,0.708721,-0.0323683,-1.75198,0.0238847,0.901893,-1.84655,0.65,1.15698e-16,0.0168573,-0.00481337,0.0107709,-0.0178663,-0.0159114,0.0161287,0.0466713,4.88498e-18,8.03801e-17,
-0.17315,0.708702,-0.0323251,-1.75205,0.0238209,0.901958,-1.84637,0.65,1.16019e-16,0.0168842,-0.00482471,0.0107907,-0.0178891,-0.0159307,0.0161328,0.0467229,6.21725e-18,8.21565e-17,
-0.173083,0.708683,-0.0322818,-1.75213,0.0237571,0.902022,-1.84618,0.65,1.16348e-16,0.0169111,-0.00483601,0.0108106,-0.017912,-0.01595,0.0161368,0.0467745,5.32907e-18,8.43769e-17,
-0.173015,0.708663,-0.0322385,-1.7522,0.0236933,0.902087,-1.84599,0.65,1.16685e-16,0.0169379,-0.00484727,0.0108304,-0.0179347,-0.0159693,0.0161408,0.046826,6.66134e-18,8.4821e-17,
-0.172947,0.708644,-0.0321951,-1.75227,0.0236293,0.902152,-1.8458,0.65,1.17025e-16,0.0169647,-0.00485848,0.0108503,-0.0179574,-0.0159885,0.0161448,0.0468774,6.66134e-18,8.34888e-17,
-0.172879,0.708624,-0.0321516,-1.75234,0.0235653,0.902216,-1.84562,0.65,1.17359e-16,0.0169915,-0.00486965,0.0108701,-0.01798,-0.0160078,0.0161487,0.0469289,5.77316e-18,8.17124e-17,
-0.172811,0.708605,-0.0321081,-1.75241,0.0235012,0.902281,-1.84543,0.65,1.17685e-16,0.0170183,-0.00488077,0.0108899,-0.0180025,-0.016027,0.0161526,0.0469803,5.77316e-18,8.03801e-17,
-0.172743,0.708585,-0.0320644,-1.75249,0.023437,0.902345,-1.84524,0.65,1.18007e-16,0.017045,-0.00489185,0.0109097,-0.018025,-0.0160462,0.0161565,0.0470317,4.88498e-18,7.86038e-17,
-0.172675,0.708566,-0.0320207,-1.75256,0.0233727,0.90241,-1.84505,0.65,1.18321e-16,0.0170718,-0.00490289,0.0109295,-0.0180473,-0.0160654,0.0161603,0.047083,4.44089e-18,7.68274e-17,
-0.172606,0.708546,-0.0319769,-1.75263,0.0233084,0.902475,-1.84486,0.65,1.18629e-16,0.0170985,-0.00491389,0.0109492,-0.0180696,-0.0160845,0.0161641,0.0471343,3.9968e-18,7.54952e-17,
-0.172538,0.708526,-0.0319331,-1.7527,0.023244,0.902539,-1.84468,0.65,1.18931e-16,0.0171252,-0.00492484,0.010969,-0.0180919,-0.0161037,0.0161678,0.0471856,3.55271e-18,7.37188e-17,
-0.172469,0.708506,-0.0318891,-1.75278,0.0231795,0.902604,-1.84449,0.65,1.19226e-16,0.0171518,-0.00493575,0.0109887,-0.018114,-0.0161228,0.0161716,0.0472369,3.55271e-18,7.28306e-17,
-0.1724,0.708487,-0.0318451,-1.75285,0.0231149,0.902669,-1.8443,0.65,1.19517e-16,0.0171784,-0.00494662,0.0110085,-0.0181361,-0.016142,0.0161753,0.0472881,3.10862e-18,7.23865e-17,
-0.172332,0.708467,-0.031801,-1.75292,0.0230503,0.902733,-1.84411,0.65,1.19806e-16,0.0172051,-0.00495744,0.0110282,-0.0181581,-0.0161611,0.0161789,0.0473393,3.10862e-18,7.14984e-17,
-0.172263,0.708447,-0.0317568,-1.75299,0.0229855,0.902798,-1.84392,0.65,1.20092e-16,0.0172316,-0.00496822,0.0110479,-0.01818,-0.0161802,0.0161825,0.0473904,1.33227e-18,7.19425e-17,
-0.172194,0.708427,-0.0317125,-1.75307,0.0229207,0.902863,-1.84373,0.65,1.2038e-16,0.0172582,-0.00497895,0.0110676,-0.0182019,-0.0161993,0.0161861,0.0474415,8.88178e-19,7.63833e-17,
-0.172125,0.708407,-0.0316681,-1.75314,0.0228559,0.902928,-1.84354,0.65,1.20686e-16,0.0172848,-0.00498965,0.0110873,-0.0182237,-0.0162183,0.0161897,0.0474926,-8.88178e-19,7.77156e-17,
-0.172055,0.708387,-0.0316237,-1.75321,0.0227909,0.902992,-1.84335,0.65,1.20997e-16,0.0173113,-0.00500029,0.0111069,-0.0182454,-0.0162374,0.0161932,0.0475437,-8.88178e-19,7.63833e-17,
-0.171986,0.708367,-0.0315792,-1.75328,0.0227259,0.903057,-1.84316,0.65,1.21302e-16,0.0173378,-0.0050109,0.0111266,-0.018267,-0.0162564,0.0161967,0.0475947,-3.10862e-18,7.81597e-17,
-0.171916,0.708347,-0.0315346,-1.75336,0.0226608,0.903122,-1.84297,0.65,1.21615e-16,0.0173643,-0.00502146,0.0111462,-0.0182886,-0.0162754,0.0162001,0.0476457,-3.10862e-18,8.17124e-17,
-0.171847,0.708327,-0.03149,-1.75343,0.0225956,0.903187,-1.84278,0.65,1.21942e-16,0.0173907,-0.00503198,0.0111659,-0.0183101,-0.0162945,0.0162035,0.0476967,-4.88498e-18,8.30447e-17,
-0.171777,0.708307,-0.0314452,-1.7535,0.0225304,0.903252,-1.84259,0.65,1.22274e-16,0.0174171,-0.00504246,0.0111855,-0.0183315,-0.0163135,0.0162069,0.0477476,-3.9968e-18,8.17124e-17,
-0.171707,0.708286,-0.0314004,-1.75358,0.022465,0.903317,-1.84239,0.65,1.22601e-16,0.0174436,-0.00505289,0.0112051,-0.0183528,-0.0163324,0.0162102,0.0477985,-3.55271e-18,8.08242e-17,
-0.171638,0.708266,-0.0313555,-1.75365,0.0223996,0.903381,-1.8422,0.65,1.22924e-16,0.0174699,-0.00506328,0.0112247,-0.0183741,-0.0163514,0.0162135,0.0478494,-3.55271e-18,7.86038e-17,
-0.171568,0.708246,-0.0313105,-1.75373,0.0223342,0.903446,-1.84201,0.65,1.23238e-16,0.0174963,-0.00507363,0.0112443,-0.0183953,-0.0163704,0.0162168,0.0479002,-3.10862e-18,7.77156e-17,
-0.171497,0.708226,-0.0312655,-1.7538,0.0222686,0.903511,-1.84182,0.65,1.23549e-16,0.0175226,-0.00508393,0.0112638,-0.0184164,-0.0163893,0.0162201,0.0479511,-3.10862e-18,8.12683e-17,
-0.171427,0.708205,-0.0312203,-1.75387,0.022203,0.903576,-1.84163,0.65,1.23874e-16,0.017549,-0.00509419,0.0112834,-0.0184375,-0.0164082,0.0162233,0.0480018,-3.10862e-18,7.99361e-17,
-0.171357,0.708185,-0.0311751,-1.75395,0.0221373,0.903641,-1.84144,0.65,1.24194e-16,0.0175753,-0.00510441,0.0113029,-0.0184584,-0.0164272,0.0162264,0.0480526,-2.66454e-18,8.39329e-17,
-0.171287,0.708164,-0.0311298,-1.75402,0.0220715,0.903706,-1.84124,0.65,1.2453e-16,0.0176015,-0.00511458,0.0113225,-0.0184793,-0.0164461,0.0162296,0.0481033,-2.66454e-18,8.26006e-17,
-0.171216,0.708144,-0.0310845,-1.75409,0.0220056,0.903771,-1.84105,0.65,1.2486e-16,0.0176278,-0.00512471,0.011342,-0.0185002,-0.016465,0.0162327,0.048154,-3.55271e-18,8.65974e-17,
-0.171145,0.708123,-0.031039,-1.75417,0.0219397,0.903836,-1.84086,0.65,1.25207e-16,0.017654,-0.00513479,0.0113615,-0.0185209,-0.0164838,0.0162357,0.0482047,-3.10862e-18,8.9706e-17,
-0.171075,0.708103,-0.0309935,-1.75424,0.0218737,0.903901,-1.84066,0.65,1.25565e-16,0.0176802,-0.00514484,0.011381,-0.0185416,-0.0165027,0.0162388,0.0482553,-1.33227e-18,8.9706e-17,
-0.171004,0.708082,-0.0309479,-1.75432,0.0218076,0.903966,-1.84047,0.65,1.25924e-16,0.0177064,-0.00515484,0.0114005,-0.0185622,-0.0165216,0.0162418,0.0483059,-1.77636e-18,8.70415e-17,
-0.170933,0.708061,-0.0309022,-1.75439,0.0217414,0.904031,-1.84028,0.65,1.26272e-16,0.0177326,-0.0051648,0.0114199,-0.0185827,-0.0165404,0.0162447,0.0483565,-1.77636e-18,8.52651e-17,
-0.170862,0.708041,-0.0308565,-1.75447,0.0216752,0.904096,-1.84008,0.65,1.26613e-16,0.0177587,-0.00517471,0.0114394,-0.0186032,-0.0165592,0.0162477,0.048407,-1.77636e-18,8.43769e-17,
-0.170791,0.70802,-0.0308106,-1.75454,0.0216089,0.904161,-1.83989,0.65,1.26951e-16,0.0177849,-0.00518458,0.0114588,-0.0186235,-0.016578,0.0162506,0.0484575,-8.88178e-19,8.21565e-17,
-0.17072,0.707999,-0.0307647,-1.75461,0.0215425,0.904226,-1.8397,0.65,1.2728e-16,0.017811,-0.00519441,0.0114783,-0.0186439,-0.0165968,0.0162534,0.048508,-1.77636e-18,8.08242e-17,
-0.170648,0.707978,-0.0307187,-1.75469,0.021476,0.904291,-1.8395,0.65,1.27603e-16,0.017837,-0.00520419,0.0114977,-0.0186641,-0.0166156,0.0162563,0.0485585,-1.77636e-18,7.99361e-17,
-0.170577,0.707958,-0.0306726,-1.75476,0.0214095,0.904356,-1.83931,0.65,1.27923e-16,0.0178631,-0.00521393,0.0115171,-0.0186842,-0.0166344,0.016259,0.0486089,-1.33227e-18,7.90479e-17,
-0.170505,0.707937,-0.0306265,-1.75484,0.0213429,0.904421,-1.83911,0.65,1.28239e-16,0.0178891,-0.00522363,0.0115365,-0.0187043,-0.0166532,0.0162618,0.0486593,-8.88178e-19,7.72715e-17,
-0.170434,0.707916,-0.0305803,-1.75491,0.0212762,0.904486,-1.83892,0.65,1.28548e-16,0.0179151,-0.00523329,0.0115559,-0.0187243,-0.0166719,0.0162645,0.0487097,-8.88178e-19,7.59393e-17,
-0.170362,0.707895,-0.030534,-1.75499,0.0212094,0.904551,-1.83872,0.65,1.28852e-16,0.0179411,-0.0052429,0.0115752,-0.0187443,-0.0166907,0.0162672,0.04876,4.44089e-19,7.68274e-17,
-0.17029,0.707874,-0.0304876,-1.75506,0.0211426,0.904616,-1.83853,0.65,1.29159e-16,0.0179671,-0.00525247,0.0115946,-0.0187641,-0.0167094,0.0162699,0.0488103,2.22045e-18,7.81597e-17,
-0.170218,0.707853,-0.0304411,-1.75514,0.0210757,0.904681,-1.83833,0.65,1.29472e-16,0.0179931,-0.00526199,0.0116139,-0.0187839,-0.0167281,0.0162725,0.0488606,4.44089e-18,7.9492e-17,
-0.170146,0.707832,-0.0303946,-1.75521,0.0210087,0.904746,-1.83814,0.65,1.2979e-16,0.018019,-0.00527147,0.0116333,-0.0188036,-0.0167468,0.0162751,0.0489109,5.77316e-18,8.08242e-17,
-0.170074,0.70781,-0.030348,-1.75529,0.0209416,0.904811,-1.83794,0.65,1.30113e-16,0.0180449,-0.00528091,0.0116526,-0.0188233,-0.0167655,0.0162776,0.0489611,3.9968e-18,7.9492e-17,
-0.170001,0.707789,-0.0303013,-1.75536,0.0208745,0.904876,-1.83775,0.65,1.30431e-16,0.0180708,-0.00529031,0.0116719,-0.0188429,-0.0167842,0.0162802,0.0490113,3.55271e-18,7.81597e-17,
-0.169929,0.707768,-0.0302545,-1.75544,0.0208073,0.904941,-1.83755,0.65,1.30743e-16,0.0180966,-0.00529966,0.0116912,-0.0188624,-0.0168029,0.0162826,0.0490615,3.55271e-18,7.77156e-17,
-0.169857,0.707747,-0.0302077,-1.75552,0.02074,0.905007,-1.83735,0.65,1.31054e-16,0.0181225,-0.00530897,0.0117105,-0.0188818,-0.0168216,0.0162851,0.0491116,3.10862e-18,7.68274e-17,
-0.169784,0.707726,-0.0301608,-1.75559,0.0206726,0.905072,-1.83716,0.65,1.31362e-16,0.0181483,-0.00531824,0.0117297,-0.0189011,-0.0168402,0.0162875,0.0491617,3.55271e-18,7.54952e-17,
-0.169711,0.707704,-0.0301138,-1.75567,0.0206052,0.905137,-1.83696,0.65,1.31664e-16,0.0181741,-0.00532746,0.011749,-0.0189204,-0.0168589,0.0162899,0.0492118,5.32907e-18,7.72715e-17,
-0.169638,0.707683,-0.0300667,-1.75574,0.0205377,0.905202,-1.83676,0.65,1.31973e-16,0.0181999,-0.00533664,0.0117682,-0.0189396,-0.0168775,0.0162922,0.0492618,7.10543e-18,7.81597e-17,
-0.169566,0.707662,-0.0300196,-1.75582,0.0204701,0.905267,-1.83656,0.65,1.32285e-16,0.0182256,-0.00534578,0.0117875,-0.0189587,-0.0168961,0.0162946,0.0493119,6.66134e-18,7.68274e-17,
-0.169493,0.70764,-0.0299723,-1.75589,0.0204024,0.905332,-1.83637,0.65,1.32593e-16,0.0182513,-0.00535487,0.0118067,-0.0189778,-0.0169147,0.0162968,0.0493619,6.21725e-18,8.08242e-17,
-0.169419,0.707619,-0.029925,-1.75597,0.0203347,0.905398,-1.83617,0.65,1.32916e-16,0.0182771,-0.00536392,0.0118259,-0.0189968,-0.0169333,0.0162991,0.0494118,5.32907e-18,7.90479e-17,
-0.169346,0.707597,-0.0298777,-1.75605,0.0202669,0.905463,-1.83597,0.65,1.33232e-16,0.0183027,-0.00537293,0.0118451,-0.0190157,-0.0169519,0.0163013,0.0494618,4.44089e-18,8.34888e-17,
-0.169273,0.707576,-0.0298302,-1.75612,0.020199,0.905528,-1.83577,0.65,1.33566e-16,0.0183284,-0.0053819,0.0118643,-0.0190345,-0.0169705,0.0163035,0.0495117,4.44089e-18,8.21565e-17,
-0.169199,0.707554,-0.0297827,-1.7562,0.0201311,0.905593,-1.83558,0.65,1.33895e-16,0.0183541,-0.00539082,0.0118835,-0.0190532,-0.016989,0.0163056,0.0495616,3.9968e-18,8.57092e-17,
-0.169126,0.707532,-0.0297351,-1.75628,0.020063,0.905659,-1.83538,0.65,1.34238e-16,0.0183797,-0.0053997,0.0119026,-0.0190719,-0.0170076,0.0163077,0.0496114,3.9968e-18,8.92619e-17,
-0.169052,0.707511,-0.0296874,-1.75635,0.0199949,0.905724,-1.83518,0.65,1.34595e-16,0.0184053,-0.00540853,0.0119218,-0.0190905,-0.0170261,0.0163098,0.0496612,4.44089e-18,9.10383e-17,
-0.168979,0.707489,-0.0296396,-1.75643,0.0199267,0.905789,-1.83498,0.65,1.34959e-16,0.0184309,-0.00541733,0.0119409,-0.0191091,-0.0170447,0.0163119,0.049711,4.44089e-18,9.41469e-17,
-0.168905,0.707467,-0.0295918,-1.7565,0.0198585,0.905854,-1.83478,0.65,1.35335e-16,0.0184564,-0.00542608,0.01196,-0.0191275,-0.0170632,0.0163139,0.0497608,4.44089e-18,9.68114e-17,
-0.168831,0.707446,-0.0295438,-1.75658,0.0197902,0.90592,-1.83458,0.65,1.35723e-16,0.018482,-0.00543478,0.0119791,-0.0191459,-0.0170817,0.0163158,0.0498106,4.44089e-18,9.90319e-17,
-0.168757,0.707424,-0.0294959,-1.75666,0.0197218,0.905985,-1.83438,0.65,1.36119e-16,0.0185075,-0.00544345,0.0119982,-0.0191642,-0.0171002,0.0163178,0.0498603,4.44089e-18,1.00364e-16,
-0.168683,0.707402,-0.0294478,-1.75673,0.0196533,0.90605,-1.83418,0.65,1.3652e-16,0.018533,-0.00545207,0.0120173,-0.0191825,-0.0171187,0.0163197,0.04991,3.9968e-18,1.02141e-16,
-0.168608,0.70738,-0.0293996,-1.75681,0.0195847,0.906115,-1.83398,0.65,1.36929e-16,0.0185585,-0.00546065,0.0120364,-0.0192007,-0.0171371,0.0163216,0.0499596,3.55271e-18,1.03917e-16,
-0.168534,0.707358,-0.0293514,-1.75689,0.0195161,0.906181,-1.83378,0.65,1.37344e-16,0.0185839,-0.00546918,0.0120554,-0.0192188,-0.0171556,0.0163234,0.0500093,2.66454e-18,1.05693e-16,
-0.16846,0.707337,-0.0293031,-1.75697,0.0194474,0.906246,-1.83358,0.65,1.37767e-16,0.0186093,-0.00547767,0.0120745,-0.0192368,-0.0171741,0.0163252,0.0500589,2.22045e-18,1.07914e-16,
-0.168385,0.707315,-0.0292547,-1.75704,0.0193786,0.906311,-1.83338,0.65,1.38199e-16,0.0186348,-0.00548612,0.0120935,-0.0192547,-0.0171925,0.016327,0.0501084,4.44089e-18,1.07025e-16,
-0.168311,0.707293,-0.0292063,-1.75712,0.0193098,0.906377,-1.83318,0.65,1.38627e-16,0.0186601,-0.00549453,0.0121125,-0.0192726,-0.017211,0.0163287,0.050158,3.55271e-18,1.03917e-16,
-0.168236,0.707271,-0.0291578,-1.7572,0.0192409,0.906442,-1.83298,0.65,1.39043e-16,0.0186855,-0.00550289,0.0121316,-0.0192904,-0.0172294,0.0163304,0.0502075,3.10862e-18,1.01696e-16,
-0.168161,0.707249,-0.0291092,-1.75727,0.0191719,0.906507,-1.83278,0.65,1.39449e-16,0.0187109,-0.00551121,0.0121506,-0.0193081,-0.0172478,0.0163321,0.050257,2.66454e-18,9.85878e-17,
-0.168086,0.707226,-0.0290605,-1.75735,0.0191028,0.906573,-1.83258,0.65,1.39844e-16,0.0187362,-0.00551949,0.0121695,-0.0193258,-0.0172662,0.0163337,0.0503065,3.10862e-18,9.59233e-17,
-0.168011,0.707204,-0.0290117,-1.75743,0.0190337,0.906638,-1.83238,0.65,1.40227e-16,0.0187615,-0.00552772,0.0121885,-0.0193434,-0.0172846,0.0163353,0.0503559,2.66454e-18,9.32587e-17,
-0.167936,0.707182,-0.0289636,-1.75751,0.0189652,0.906704,-1.83217,0.65,1.406e-16,0.0187454,-0.00555385,0.0120264,-0.0193566,-0.0171117,0.016561,0.0511695,2.28901e-05,0.000156007,
-0.167861,0.70716,-0.0289161,-1.75758,0.0188974,0.906771,-1.83197,0.65,6.24026e-07,0.0186633,-0.00557544,0.0118883,-0.01934,-0.0169601,0.0168044,0.0516021,3.61724e-05,0.000357735,
-0.167787,0.707137,-0.028869,-1.75766,0.01883,0.906839,-1.83176,0.65,2.05497e-06,0.018554,-0.00560229,0.0117606,-0.019314,-0.0168502,0.0170181,0.0518595,4.39995e-05,0.000580055,
-0.167713,0.707115,-0.0288225,-1.75774,0.0187629,0.906908,-1.83155,0.65,4.37519e-06,0.0184338,-0.00563593,0.0116378,-0.0192869,-0.0167701,0.0171968,0.0520314,4.85644e-05,0.000812068,
-0.16764,0.707092,-0.0287764,-1.75781,0.0186961,0.906978,-1.83134,0.650001,7.62346e-06,0.0183095,-0.00567537,0.0115177,-0.0192609,-0.0167076,0.0173464,0.0521589,5.10865e-05,0.00104904,
-0.167567,0.707069,-0.0287308,-1.75789,0.0186295,0.907048,-1.83113,0.650001,1.18196e-05,0.018184,-0.0057192,0.0113991,-0.0192363,-0.0166548,0.0174744,0.0522611,5.22658e-05,0.00128899,
-0.167495,0.707046,-0.0286857,-1.75797,0.018563,0.907118,-1.83092,0.650001,1.69755e-05,0.0180581,-0.00576625,0.0112813,-0.0192128,-0.016607,0.0175874,0.0523476,5.25119e-05,0.00153119,
-0.167423,0.707023,-0.028641,-1.75805,0.0184968,0.907189,-1.83071,0.650001,2.31003e-05,0.0179321,-0.00581567,0.0111639,-0.0191896,-0.0165616,0.0176901,0.0524226,5.20435e-05,0.00177542,
-0.167352,0.707,-0.0285968,-1.75812,0.0184307,0.90726,-1.8305,0.650001,3.0202e-05,0.0178058,-0.0058669,0.0110466,-0.0191665,-0.0165174,0.0177855,0.0524876,5.09514e-05,0.00202153,
-0.167281,0.706976,-0.0285531,-1.7582,0.0183648,0.907331,-1.83029,0.650002,3.82881e-05,0.0176792,-0.00591962,0.0109294,-0.019143,-0.0164739,0.0178756,0.0525434,4.92751e-05,0.00226938,
-0.167211,0.706952,-0.0285099,-1.75827,0.0182991,0.907403,-1.83008,0.650002,4.73657e-05,0.0175522,-0.00597363,0.0108122,-0.019119,-0.0164309,0.0179615,0.0525903,4.70192e-05,0.00251883,
-0.167142,0.706928,-0.0284671,-1.75835,0.0182336,0.907475,-1.82987,0.650002,5.7441e-05,0.0174246,-0.00602881,0.010695,-0.0190943,-0.0163882,0.0180437,0.0526282,4.41643e-05,0.00276966,
-0.167072,0.706903,-0.028425,-1.75843,0.0181668,0.907548,-1.82966,0.650002,6.85196e-05,0.0172837,-0.00608166,0.0105149,-0.0190289,-0.0166963,0.0182232,0.0522235,2.21753e-05,0.0030842,
-0.167004,0.706879,-0.0283835,-1.7585,0.0180995,0.907621,-1.82945,0.650002,8.08564e-05,0.0171341,-0.00614927,0.0103911,-0.0189965,-0.0168144,0.0182826,0.0520585,1.02298e-05,0.00337081,
-0.166936,0.706854,-0.0283424,-1.75858,0.0180321,0.907695,-1.82925,0.650002,9.43396e-05,0.0169944,-0.00621836,0.0102764,-0.0189731,-0.0168467,0.018308,0.0519791,2.16023e-06,0.00364357,
-0.166868,0.706829,-0.0283017,-1.75865,0.0179647,0.907768,-1.82904,0.650002,0.000108914,0.016862,-0.00628542,0.0101656,-0.0189514,-0.016844,0.0183239,0.0519264,-4.492e-06,0.00390741,
-0.166802,0.706803,-0.0282614,-1.75873,0.0178974,0.907841,-1.82883,0.650002,0.000124544,0.0167366,-0.00634822,0.0100662,-0.0189303,-0.0168317,0.0183234,0.0518551,-1.20122e-05,0.00415755,
-0.166735,0.706778,-0.0282215,-1.75881,0.0178301,0.907914,-1.82862,0.650002,0.000141174,0.0166197,-0.0064076,0.00997586,-0.0189112,-0.0168182,0.018309,0.0517715,-2.00892e-05,0.00439359,
-0.166669,0.706752,-0.028182,-1.75888,0.0177629,0.907988,-1.82842,0.650002,0.000158748,0.0165114,-0.00646388,0.0098935,-0.0188945,-0.0168061,0.0182832,0.0516794,-2.84877e-05,0.00461581,
-0.166603,0.706726,-0.0281427,-1.75896,0.0176957,0.908061,-1.82821,0.650002,0.000177211,0.0164113,-0.00651722,0.00981827,-0.0188803,-0.016796,0.018248,0.0515811,-3.70386e-05,0.00482476,
-0.166538,0.7067,-0.0281037,-1.75903,0.0176286,0.908133,-1.82801,0.650002,0.00019651,0.0163189,-0.0065677,0.00974952,-0.0188685,-0.0167878,0.018205,0.051478,-4.56198e-05,0.00502108,
-0.166473,0.706673,-0.0280649,-1.75911,0.0175615,0.908206,-1.8278,0.650002,0.000216595,0.0162335,-0.00661545,0.00968666,-0.0188589,-0.0167815,0.0181557,0.0513713,-5.41427e-05,0.00520546,
-0.166409,0.706647,-0.0280264,-1.75918,0.0174944,0.908278,-1.8276,0.650002,0.000237417,0.0161546,-0.00666058,0.00962919,-0.0188512,-0.0167766,0.0181012,0.051262,-6.25419e-05,0.00537857,
-0.166344,0.70662,-0.0279881,-1.75926,0.0174273,0.908351,-1.82739,0.650001,0.000258931,0.0160817,-0.00670322,0.00957662,-0.0188454,-0.016773,0.0180425,0.0511506,-7.07696e-05,0.00554109,
-0.16628,0.706593,-0.02795,-1.75933,0.0173602,0.908422,-1.82719,0.650001,0.000281095,0.0160143,-0.00674351,0.00952853,-0.0188413,-0.0167704,0.0179804,0.0510379,-7.87908e-05,0.00569366,
-0.166216,0.706566,-0.0279121,-1.75941,0.0172931,0.908494,-1.82698,0.650001,0.00030387,0.0159519,-0.00678159,0.00948453,-0.0188387,-0.0167686,0.0179157,0.0509244,-8.65805e-05,0.00583689,
-0.166153,0.706538,-0.0278743,-1.75949,0.017226,0.908566,-1.82678,0.65,0.000327217,0.0158941,-0.0068176,0.00944424,-0.0188375,-0.0167675,0.0178489,0.0508105,-9.41211e-05,0.00597136,
-0.166089,0.706511,-0.0278367,-1.75956,0.017159,0.908637,-1.82658,0.65,0.000351103,0.0158405,-0.00685168,0.00940736,-0.0188376,-0.0167669,0.0177806,0.0506967,-0.000101401,0.00609764,
-0.166026,0.706483,-0.0277992,-1.75964,0.0170919,0.908707,-1.82637,0.65,0.000375493,0.0157908,-0.00688396,0.00937356,-0.0188388,-0.0167666,0.0177112,0.0505834,-0.000108414,0.00621625,
-0.165963,0.706456,-0.0277618,-1.75971,0.0170248,0.908778,-1.82617,0.649999,0.000400358,0.0157446,-0.00691456,0.00934259,-0.0188412,-0.0167666,0.0176412,0.0504707,-0.000115156,0.00632769,
-0.1659,0.706428,-0.0277245,-1.75979,0.0169578,0.908848,-1.82597,0.649999,0.000425669,0.0157016,-0.0069436,0.00931418,-0.0188445,-0.0167667,0.0175708,0.050359,-0.000121628,0.00643245,
-0.165838,0.7064,-0.0276874,-1.75986,0.0168907,0.908918,-1.82577,0.649998,0.000451399,0.0156616,-0.00697119,0.00928811,-0.0188487,-0.0167668,0.0175005,0.0502485,-0.000127833,0.00653097,
-0.165775,0.706372,-0.0276503,-1.75994,0.0168236,0.908988,-1.82557,0.649998,0.000477523,0.0156242,-0.00699745,0.00926418,-0.0188538,-0.016767,0.0174305,0.0501394,-0.000133774,0.00662366,
-0.165713,0.706344,-0.0276134,-1.76001,0.0167566,0.909057,-1.82537,0.649997,0.000504018,0.0155894,-0.00702246,0.00924218,-0.0188596,-0.016767,0.0173609,0.0500318,-0.000139458,0.00671094,
-0.165651,0.706316,-0.0275765,-1.76009,0.0166895,0.909127,-1.82517,0.649997,0.000530861,0.0155568,-0.00704632,0.00922195,-0.018866,-0.0167669,0.0172921,0.0499259,-0.000144892,0.00679319,
-0.165589,0.706288,-0.0275397,-1.76016,0.0166224,0.909196,-1.82497,0.649996,0.000558034,0.0155263,-0.00706912,0.00920334,-0.0188731,-0.0167666,0.0172241,0.0498219,-0.000150085,0.00687074,
-0.165527,0.706259,-0.0275029,-1.76024,0.0165554,0.909264,-1.82477,0.649995,0.000585517,0.0154977,-0.00709094,0.00918618,-0.0188808,-0.0167661,0.0171572,0.0497197,-0.000155044,0.00694394,
-0.165465,0.706231,-0.0274662,-1.76031,0.0164883,0.909333,-1.82457,0.649995,0.000613293,0.0154709,-0.00711186,0.00917036,-0.0188889,-0.0167653,0.0170914,0.0496195,-0.00015978,0.00701311,
-0.165403,0.706202,-0.0274296,-1.76039,0.0164213,0.909401,-1.82437,0.649994,0.000641345,0.0154456,-0.00713194,0.00915575,-0.0188975,-0.0167642,0.0170269,0.0495214,-0.000164302,0.00707852,
-0.165341,0.706174,-0.027393,-1.76047,0.0163542,0.909469,-1.82418,0.649993,0.000669659,0.0154218,-0.00715125,0.00914225,-0.0189066,-0.0167629,0.0169638,0.0494253,-0.00016862,0.00714047,
-0.16528,0.706145,-0.0273565,-1.76054,0.0162872,0.909536,-1.82398,0.649993,0.000698221,0.0153994,-0.00716985,0.00912976,-0.018916,-0.0167612,0.0169022,0.0493314,-0.000172744,0.00719921,
-0.165218,0.706116,-0.0273201,-1.76062,0.0162201,0.909603,-1.82378,0.649992,0.000727018,0.0153782,-0.00718779,0.00911818,-0.0189257,-0.0167591,0.016842,0.0492395,-0.000176683,0.00725498,
-0.165157,0.706087,-0.0272836,-1.76069,0.0161531,0.909671,-1.82359,0.649991,0.000756038,0.0153581,-0.00720514,0.00910744,-0.0189357,-0.0167568,0.0167833,0.0491498,-0.000180449,0.00730801,
-0.165095,0.706058,-0.0272472,-1.76077,0.0160861,0.909738,-1.82339,0.649991,0.00078527,0.0153391,-0.00722193,0.00909746,-0.018946,-0.016754,0.0167263,0.0490623,-0.000184049,0.00735851,
-0.165034,0.70603,-0.0272109,-1.76084,0.0160191,0.909804,-1.82319,0.64999,0.000814704,0.015321,-0.00723821,0.00908817,-0.0189565,-0.016751,0.0166708,0.0489769,-0.000187495,0.00740667,
-0.164973,0.706001,-0.0271746,-1.76092,0.0159521,0.909871,-1.823,0.649989,0.000844331,0.0153038,-0.00725403,0.00907952,-0.0189673,-0.0167476,0.016617,0.0488936,-0.000190794,0.00745268,
-0.164912,0.705971,-0.0271383,-1.761,0.0158851,0.909937,-1.8228,0.649988,0.000874141,0.0152874,-0.00726942,0.00907144,-0.0189782,-0.0167438,0.0165648,0.0488124,-0.000193956,0.00749672,
-0.164851,0.705942,-0.027102,-1.76107,0.0158181,0.910003,-1.82261,0.649988,0.000904128,0.0152718,-0.00728441,0.0090639,-0.0189893,-0.0167397,0.0165142,0.0487333,-0.000196989,0.00753894,
-0.16479,0.705913,-0.0270658,-1.76115,0.0157512,0.910069,-1.82241,0.649987,0.000934284,0.0152569,-0.00729905,0.00905683,-0.0190005,-0.0167353,0.0164652,0.0486563,-0.000199901,0.0075795,
-0.164729,0.705884,-0.0270296,-1.76122,0.0156843,0.910135,-1.82222,0.649986,0.000964602,0.0152426,-0.00731336,0.00905021,-0.0190118,-0.0167306,0.0164178,0.0485812,-0.000202701,0.00761853,
-0.164668,0.705855,-0.0269934,-1.7613,0.0156174,0.9102,-1.82203,0.649985,0.000995076,0.015229,-0.00732736,0.00904399,-0.0190233,-0.0167256,0.016372,0.0485082,-0.000205396,0.00765615,
-0.164607,0.705825,-0.0269573,-1.76138,0.0155505,0.910265,-1.82183,0.649984,0.0010257,0.0152158,-0.00734109,0.00903815,-0.0190348,-0.0167203,0.0163277,0.0484372,-0.000207992,0.0076925,
-0.164546,0.705796,-0.0269211,-1.76145,0.0154836,0.91033,-1.82164,0.649984,0.00105647,0.0152032,-0.00735456,0.00903264,-0.0190464,-0.0167146,0.016285,0.048368,-0.000210497,0.00772768,
-0.164485,0.705766,-0.026885,-1.76153,0.0154168,0.910395,-1.82144,0.649983,0.00108738,0.0151911,-0.00736781,0.00902745,-0.0190581,-0.0167088,0.0162438,0.0483008,-0.000212917,0.00776179,
-0.164425,0.705737,-0.0268489,-1.76161,0.01535,0.91046,-1.82125,0.649982,0.00111843,0.0151795,-0.00738084,0.00902255,-0.0190698,-0.0167026,0.016204,0.0482353,-0.000215259,0.00779494,
-0.164364,0.705707,-0.0268129,-1.76168,0.0152832,0.910525,-1.82106,0.649981,0.00114961,0.0151682,-0.00739368,0.00901792,-0.0190815,-0.0166962,0.0161657,0.0481717,-0.000217527,0.0078272,
-0.164303,0.705678,-0.0267768,-1.76176,0.0152165,0.910589,-1.82087,0.64998,0.00118092,0.0151574,-0.00740634,0.00901353,-0.0190933,-0.0166896,0.0161287,0.0481098,-0.000219727,0.00785866,
-0.164243,0.705648,-0.0267408,-1.76183,0.0151497,0.910654,-1.82067,0.649979,0.00121235,0.0151469,-0.00741884,0.00900938,-0.0191051,-0.0166828,0.0160932,0.0480497,-0.000221865,0.0078894,
-0.164182,0.705618,-0.0267048,-1.76191,0.015083,0.910718,-1.82048,0.649978,0.00124391,0.0151367,-0.00743119,0.00900544,-0.0191169,-0.0166757,0.0160589,0.0479912,-0.000223944,0.00791948,
-0.164122,0.705588,-0.0266687,-1.76199,0.0150163,0.910782,-1.82029,0.649978,0.00127559,0.0151269,-0.00744341,0.00900169,-0.0191287,-0.0166685,0.0160259,0.0479343,-0.00022597,0.00794897,
-0.164061,0.705559,-0.0266328,-1.76206,0.0149497,0.910846,-1.8201,0.649977,0.00130738,0.0151174,-0.00745551,0.00899814,-0.0191405,-0.0166611,0.0159942,0.0478791,-0.000227946,0.00797793,
-0.164001,0.705529,-0.0265968,-1.76214,0.0148831,0.91091,-1.81991,0.649976,0.0013393,0.0151083,-0.00746749,0.00899475,-0.0191523,-0.0166535,0.0159637,0.0478254,-0.000229877,0.00800641,
-0.16394,0.705499,-0.0265608,-1.76222,0.0148165,0.910974,-1.81972,0.649975,0.00137132,0.0150993,-0.00747938,0.00899154,-0.0191641,-0.0166458,0.0159343,0.0477731,-0.000231766,0.00803446,
-0.16388,0.705469,-0.0265249,-1.76229,0.01475,0.911037,-1.81953,0.649974,0.00140346,0.0150907,-0.00749116,0.00898848,-0.0191758,-0.0166379,0.0159061,0.0477224,-0.000233616,0.00806213,
-0.16382,0.705439,-0.0264889,-1.76237,0.0146834,0.911101,-1.81934,0.649973,0.00143571,0.0150823,-0.00750287,0.00898556,-0.0191876,-0.0166299,0.0158789,0.047673,-0.00023543,0.00808946,
-0.163759,0.705409,-0.026453,-1.76245,0.0146169,0.911164,-1.81915,0.649972,0.00146806,0.0150742,-0.00751449,0.00898278,-0.0191993,-0.0166218,0.0158528,0.0476251,-0.000237212,0.00811648,
-0.163699,0.705379,-0.0264171,-1.76252,0.0145505,0.911228,-1.81895,0.649971,0.00150053,0.0150663,-0.00752604,0.00898014,-0.019211,-0.0166136,0.0158276,0.0475785,-0.000238963,0.00814324,
-0.163639,0.705349,-0.0263811,-1.7626,0.0144841,0.911291,-1.81876,0.64997,0.0015331,0.0150586,-0.00753752,0.00897763,-0.0192226,-0.0166053,0.0158035,0.0475332,-0.000240688,0.00816976,
-0.163579,0.705318,-0.0263452,-1.76268,0.0144177,0.911354,-1.81857,0.649969,0.00156578,0.0150511,-0.00754895,0.00897523,-0.0192342,-0.0165969,0.0157802,0.0474892,-0.000242387,0.00819607,
-0.163518,0.705288,-0.0263094,-1.76276,0.0143513,0.911417,-1.81838,0.649968,0.00159857,0.0150439,-0.00756032,0.00897296,-0.0192458,-0.0165885,0.0157579,0.0474464,-0.000244062,0.0082222,
-0.163458,0.705258,-0.0262735,-1.76283,0.014285,0.91148,-1.8182,0.649967,0.00163146,0.0150369,-0.00757163,0.00897079,-0.0192573,-0.01658,0.0157364,0.0474048,-0.000245717,0.00824817,
-0.163398,0.705227,-0.0262376,-1.76291,0.0142187,0.911543,-1.81801,0.649966,0.00166445,0.01503,-0.0075829,0.00896874,-0.0192688,-0.0165715,0.0157157,0.0473644,-0.000247352,0.00827401,
-0.163338,0.705197,-0.0262017,-1.76299,0.0141525,0.911606,-1.81782,0.649965,0.00169754,0.0150234,-0.00759412,0.00896679,-0.0192802,-0.0165629,0.0156958,0.0473251,-0.00024897,0.00829973,
-0.163278,0.705167,-0.0261659,-1.76306,0.0140863,0.911668,-1.81763,0.649964,0.00173074,0.0150169,-0.0076053,0.00896495,-0.0192916,-0.0165543,0.0156767,0.0472869,-0.000250571,0.00832536,
-0.163218,0.705136,-0.02613,-1.76314,0.0140201,0.911731,-1.81744,0.649963,0.00176404,0.0150107,-0.00761644,0.00896321,-0.019303,-0.0165457,0.0156582,0.0472498,-0.000252157,0.0083509,
-0.163158,0.705106,-0.0260942,-1.76322,0.0139539,0.911793,-1.81725,0.649962,0.00179745,0.0150046,-0.00762755,0.00896157,-0.0193143,-0.0165371,0.0156405,0.0472137,-0.00025373,0.00837637,
-0.163098,0.705075,-0.0260583,-1.7633,0.0138878,0.911856,-1.81706,0.649961,0.00183095,0.0149987,-0.00763862,0.00896003,-0.0193256,-0.0165285,0.0156234,0.0471786,-0.00025529,0.00840179,
-0.163038,0.705045,-0.0260225,-1.76337,0.0138217,0.911918,-1.81687,0.64996,0.00186456,0.014993,-0.00764965,0.00895858,-0.0193368,-0.0165199,0.0156069,0.0471445,-0.000256839,0.00842716,
-0.162978,0.705014,-0.0259867,-1.76345,0.0137557,0.911981,-1.81668,0.649959,0.00189827,0.0149874,-0.00766066,0.00895722,-0.0193479,-0.0165113,0.015591,0.0471114,-0.000258378,0.00845249,
-0.162918,0.704983,-0.0259508,-1.76353,0.0136897,0.912043,-1.8165,0.649958,0.00193208,0.014982,-0.00767164,0.00895596,-0.0193591,-0.0165027,0.0155757,0.0470792,-0.000259907,0.0084778,
-0.162858,0.704952,-0.025915,-1.76361,0.0136237,0.912105,-1.81631,0.649957,0.00196599,0.0149768,-0.00768258,0.00895479,-0.0193701,-0.0164942,0.0155609,0.0470479,-0.000261427,0.00850309,
-0.162798,0.704922,-0.0258792,-1.76368,0.0135578,0.912167,-1.81612,0.649956,0.002,0.0149718,-0.0076935,0.00895372,-0.0193811,-0.0164857,0.0155467,0.0470175,-0.00026294,0.00852837,
-0.162738,0.704891,-0.0258434,-1.76376,0.0134918,0.91223,-1.81593,0.649955,0.00203412,0.0149669,-0.00770439,0.00895273,-0.0193921,-0.0164772,0.0155329,0.046988,-0.000264445,0.00855365,
-0.162679,0.70486,-0.0258076,-1.76384,0.013426,0.912292,-1.81574,0.649954,0.00206833,0.0149621,-0.00771526,0.00895183,-0.019403,-0.0164689,0.0155196,0.0469592,-0.000265943,0.00857892,
-0.162619,0.704829,-0.0257718,-1.76392,0.0133601,0.912354,-1.81556,0.649953,0.00210265,0.0149576,-0.0077261,0.00895102,-0.0194139,-0.0164605,0.0155067,0.0469313,-0.000267435,0.00860419,
-0.162559,0.704798,-0.025736,-1.76399,0.0132943,0.912416,-1.81537,0.649952,0.00213706,0.0149532,-0.00773691,0.0089503,-0.0194247,-0.0164522,0.0154943,0.0469042,-0.000268921,0.00862947,
-0.162499,0.704767,-0.0257002,-1.76407,0.0132285,0.912478,-1.81518,0.649951,0.00217158,0.0149489,-0.0077477,0.00894966,-0.0194355,-0.016444,0.0154823,0.0468779,-0.000270402,0.00865476,
-0.162439,0.704736,-0.0256644,-1.76415,0.0131628,0.912539,-1.81499,0.64995,0.0022062,0.0149448,-0.00775847,0.00894912,-0.0194462,-0.0164359,0.0154706,0.0468523,-0.000271878,0.00868006,
-0.16238,0.704705,-0.0256286,-1.76423,0.0130971,0.912601,-1.81481,0.649949,0.00224092,0.0149409,-0.00776921,0.00894865,-0.0194569,-0.0164278,0.0154593,0.0468274,-0.00027335,0.00870537,
-0.16232,0.704674,-0.0255928,-1.7643,0.0130314,0.912663,-1.81462,0.649947,0.00227574,0.0149371,-0.00777992,0.00894828,-0.0194675,-0.0164199,0.0154484,0.0468033,-0.000274817,0.0087307,
-0.16226,0.704643,-0.025557,-1.76438,0.0129658,0.912725,-1.81443,0.649946,0.00231067,0.0149334,-0.00779061,0.00894799,-0.0194781,-0.016412,0.0154377,0.0467799,-0.000276281,0.00875604,
-0.1622,0.704612,-0.0255212,-1.76446,0.0129001,0.912787,-1.81424,0.649945,0.00234569,0.0149299,-0.00780128,0.00894779,-0.0194887,-0.0164042,0.0154274,0.0467571,-0.000277741,0.0087814,
-0.162141,0.70458,-0.0254854,-1.76454,0.0128346,0.912848,-1.81406,0.649944,0.00238082,0.0149266,-0.00781192,0.00894767,-0.0194991,-0.0163965,0.0154174,0.046735,-0.000279197,0.00880677,
-0.162081,0.704549,-0.0254496,-1.76462,0.012769,0.91291,-1.81387,0.649943,0.00241604,0.0149234,-0.00782253,0.00894764,-0.0195096,-0.0163888,0.0154076,0.0467135,-0.00028065,0.00883216,
-0.162021,0.704518,-0.0254138,-1.76469,0.0127035,0.912971,-1.81368,0.649942,0.00245137,0.0149204,-0.00783312,0.00894769,-0.01952,-0.0163813,0.0153982,0.0466927,-0.000282101,0.00885756,
-0.161962,0.704486,-0.0253781,-1.76477,0.012638,0.913033,-1.8135,0.649941,0.0024868,0.0149175,-0.00784369,0.00894783,-0.0195303,-0.0163739,0.0153889,0.0466725,-0.000283548,0.00888298,
-0.161902,0.704455,-0.0253423,-1.76485,0.0125725,0.913095,-1.81331,0.64994,0.00252233,0.0149147,-0.00785422,0.00894805,-0.0195406,-0.0163666,0.0153799,0.0466529,-0.000284992,0.00890842,
-0.161842,0.704423,-0.0253065,-1.76493,0.0125071,0.913156,-1.81312,0.649938,0.00255797,0.0149121,-0.00786474,0.00894836,-0.0195509,-0.0163594,0.0153711,0.0466339,-0.000286434,0.00893386,
-0.161783,0.704392,-0.0252707,-1.76501,0.0124417,0.913217,-1.81294,0.649937,0.0025937,0.0149096,-0.00787522,0.00894875,-0.0195611,-0.0163523,0.0153626,0.0466155,-0.000287873,0.00895932,
-0.161723,0.70436,-0.0252349,-1.76509,0.0123763,0.913279,-1.81275,0.649936,0.00262954,0.0149073,-0.00788568,0.00894922,-0.0195713,-0.0163453,0.0153542,0.0465977,-0.00028931,0.00898479,
-0.161663,0.704329,-0.0251991,-1.76516,0.0123109,0.91334,-1.81256,0.649935,0.00266548,0.0149051,-0.00789612,0.00894978,-0.0195814,-0.0163384,0.015346,0.0465804,-0.000290745,0.00901026,
-0.161604,0.704297,-0.0251633,-1.76524,0.0122456,0.913402,-1.81238,0.649934,0.00270152,0.014903,-0.00790652,0.00895042,-0.0195915,-0.0163317,0.015338,0.0465636,-0.000292177,0.00903575,
-0.161544,0.704266,-0.0251275,-1.76532,0.0121803,0.913463,-1.81219,0.649933,0.00273766,0.0149011,-0.0079169,0.00895114,-0.0196015,-0.016325,0.0153302,0.0465474,-0.000293607,0.00906124,
-0.161485,0.704234,-0.0250917,-1.7654,0.012115,0.913524,-1.81201,0.649932,0.00277391,0.0148993,-0.00792725,0.00895194,-0.0196115,-0.0163185,0.0153225,0.0465317,-0.000295035,0.00908673,
-0.161425,0.704202,-0.0250559,-1.76548,0.0120498,0.913585,-1.81182,0.64993,0.00281025,0.0148977,-0.00793757,0.00895283,-0.0196214,-0.0163121,0.0153149,0.0465165,-0.000296461,0.00911223,
-0.161365,0.70417,-0.02502,-1.76556,0.0119846,0.913647,-1.81163,0.649929,0.0028467,0.0148962,-0.00794787,0.0089538,-0.0196313,-0.0163058,0.0153075,0.0465018,-0.000297884,0.00913773,
-0.161306,0.704138,-0.0249842,-1.76563,0.0119194,0.913708,-1.81145,0.649928,0.00288325,0.0148948,-0.00795813,0.00895485,-0.0196412,-0.0162996,0.0153003,0.0464876,-0.000299306,0.00916322,
-0.161246,0.704107,-0.0249484,-1.76571,0.0118542,0.913769,-1.81126,0.649927,0.00291991,0.0148936,-0.00796837,0.00895598,-0.019651,-0.0162936,0.0152932,0.0464739,-0.000300726,0.00918872,
-0.161187,0.704075,-0.0249126,-1.76579,0.011789,0.91383,-1.81108,0.649926,0.00295666,0.0148925,-0.00797857,0.00895719,-0.0196608,-0.0162876,0.0152861,0.0464607,-0.000302143,0.0092142,
-0.161127,0.704043,-0.0248767,-1.76587,0.0117239,0.913891,-1.81089,0.649924,0.00299352,0.0148915,-0.00798875,0.00895849,-0.0196705,-0.0162818,0.0152792,0.0464479,-0.000303559,0.00923969,
-0.161068,0.704011,-0.0248409,-1.76595,0.0116588,0.913952,-1.8107,0.649923,0.00303048,0.0148907,-0.00799889,0.00895986,-0.0196802,-0.0162762,0.0152724,0.0464356,-0.000304973,0.00926516,
-0.161008,0.703979,-0.0248051,-1.76603,0.0115937,0.914014,-1.81052,0.649922,0.00306754,0.01489,-0.008009,0.00896131,-0.0196899,-0.0162706,0.0152657,0.0464237,-0.000306385,0.00929062,
-0.160949,0.703947,-0.0247692,-1.76611,0.0115287,0.914075,-1.81033,0.649921,0.0031047,0.0148894,-0.00801909,0.00896284,-0.0196995,-0.0162652,0.0152591,0.0464123,-0.000307795,0.00931607,
-0.160889,0.703914,-0.0247333,-1.76619,0.0114636,0.914136,-1.81015,0.649919,0.00314196,0.0148889,-0.00802914,0.00896446,-0.019709,-0.0162599,0.0152526,0.0464013,-0.000309203,0.00934151,
-0.160829,0.703882,-0.0246975,-1.76626,0.0113986,0.914197,-1.80996,0.649918,0.00317933,0.0148886,-0.00803916,0.00896615,-0.0197186,-0.0162547,0.0152461,0.0463907,-0.000310609,0.00936693,
-0.16077,0.70385,-0.0246616,-1.76634,0.0113336,0.914258,-1.80978,0.649917,0.0032168,0.0148884,-0.00804915,0.00896792,-0.0197281,-0.0162496,0.0152398,0.0463806,-0.000312013,0.00939234,
-0.16071,0.703818,-0.0246257,-1.76642,0.0112686,0.914318,-1.80959,0.649916,0.00325437,0.0148883,-0.0080591,0.00896976,-0.0197375,-0.0162447,0.0152335,0.0463708,-0.000313416,0.00941772,
-0.160651,0.703786,-0.0245898,-1.7665,0.0112037,0.914379,-1.80941,0.649914,0.00329204,0.0148884,-0.00806902,0.00897169,-0.0197469,-0.0162399,0.0152273,0.0463615,-0.000314817,0.00944309,
-0.160591,0.703753,-0.0245539,-1.76658,0.0111387,0.91444,-1.80922,0.649913,0.00332981,0.0148886,-0.00807891,0.00897369,-0.0197563,-0.0162352,0.0152211,0.0463526,-0.000316216,0.00946843,
-0.160532,0.703721,-0.024518,-1.76666,0.0110738,0.914501,-1.80904,0.649912,0.00336769,0.0148889,-0.00808877,0.00897576,-0.0197656,-0.0162307,0.015215,0.046344,-0.000317613,0.00949375,
-0.160472,0.703689,-0.0244821,-1.76674,0.0110089,0.914562,-1.80885,0.649911,0.00340566,0.0148893,-0.00809859,0.00897792,-0.0197749,-0.0162263,0.0152089,0.0463359,-0.000319008,0.00951905,
-0.160413,0.703656,-0.0244462,-1.76682,0.010944,0.914623,-1.80866,0.649909,0.00344374,0.0148899,-0.00810838,0.00898015,-0.0197841,-0.016222,0.015203,0.0463281,-0.000320401,0.00954431,
-0.160353,0.703624,-0.0244103,-1.7669,0.0108791,0.914684,-1.80848,0.649908,0.00348191,0.0148905,-0.00811814,0.00898245,-0.0197933,-0.0162178,0.015197,0.0463207,-0.000321793,0.00956955,
-0.160293,0.703591,-0.0243743,-1.76698,0.0108143,0.914744,-1.80829,0.649907,0.00352019,0.0148913,-0.00812786,0.00898483,-0.0198025,-0.0162137,0.0151911,0.0463137,-0.000323183,0.00959476,
-0.160234,0.703559,-0.0243384,-1.76706,0.0107494,0.914805,-1.80811,0.649906,0.00355857,0.0148922,-0.00813755,0.00898729,-0.0198116,-0.0162098,0.0151853,0.046307,-0.000324571,0.00961994,
-0.160174,0.703526,-0.0243024,-1.76713,0.0106846,0.914866,-1.80792,0.649904,0.00359705,0.0148932,-0.0081472,0.00898982,-0.0198207,-0.016206,0.0151794,0.0463007,-0.000325957,0.00964509,
-0.160115,0.703493,-0.0242665,-1.76721,0.0106198,0.914926,-1.80774,0.649903,0.00363563,0.0148944,-0.00815682,0.00899242,-0.0198298,-0.0162023,0.0151737,0.0462947,-0.000327342,0.0096702,
-0.160055,0.703461,-0.0242305,-1.76729,0.010555,0.914987,-1.80755,0.649902,0.00367431,0.0148956,-0.0081664,0.00899509,-0.0198388,-0.0161987,0.0151679,0.0462891,-0.000328724,0.00969527,
-0.159996,0.703428,-0.0241945,-1.76737,0.0104902,0.915048,-1.80737,0.6499,0.00371309,0.014897,-0.00817595,0.00899784,-0.0198477,-0.0161953,0.0151622,0.0462839,-0.000330106,0.00972032,
-0.159936,0.703395,-0.0241585,-1.76745,0.0104255,0.915108,-1.80718,0.649899,0.00375197,0.0148985,-0.00818546,0.00900066,-0.0198567,-0.016192,0.0151565,0.0462789,-0.000331485,0.00974532,
-0.159876,0.703362,-0.0241225,-1.76753,0.0103607,0.915169,-1.807,0.649898,0.00379096,0.0149001,-0.00819494,0.00900355,-0.0198656,-0.0161888,0.0151509,0.0462743,-0.000332863,0.00977029,
-0.159817,0.70333,-0.0240864,-1.76761,0.010296,0.91523,-1.80681,0.649896,0.00383004,0.0149018,-0.00820438,0.00900651,-0.0198744,-0.0161857,0.0151452,0.0462701,-0.000334239,0.00979521,
-0.159757,0.703297,-0.0240504,-1.76769,0.0102312,0.91529,-1.80663,0.649895,0.00386922,0.0149036,-0.00821378,0.00900954,-0.0198832,-0.0161827,0.0151396,0.0462662,-0.000335613,0.0098201,
-0.159697,0.703264,-0.0240144,-1.76777,0.0101665,0.915351,-1.80644,0.649894,0.0039085,0.0149055,-0.00822315,0.00901264,-0.019892,-0.0161799,0.0151341,0.0462625,-0.000336986,0.00984495,
-0.159638,0.703231,-0.0239783,-1.76785,0.0101018,0.915411,-1.80626,0.649892,0.00394788,0.0149076,-0.00823249,0.00901581,-0.0199007,-0.0161772,0.0151285,0.0462592,-0.000338357,0.00986975,
-0.159578,0.703198,-0.0239422,-1.76793,0.0100371,0.915472,-1.80607,0.649891,0.00398736,0.0149097,-0.00824178,0.00901905,-0.0199094,-0.0161746,0.015123,0.0462563,-0.000339726,0.00989451,
-0.159519,0.703165,-0.0239061,-1.76801,0.00997242,0.915532,-1.80589,0.64989,0.00402693,0.014912,-0.00825104,0.00902236,-0.0199181,-0.0161721,0.0151175,0.0462536,-0.000341094,0.00991923,
-0.159459,0.703132,-0.02387,-1.76809,0.00990775,0.915593,-1.8057,0.649888,0.00406661,0.0149143,-0.00826027,0.00902573,-0.0199267,-0.0161697,0.015112,0.0462512,-0.00034246,0.0099439,
-0.159399,0.703099,-0.0238339,-1.76817,0.00984308,0.915653,-1.80552,0.649887,0.00410639,0.0149168,-0.00826946,0.00902917,-0.0199353,-0.0161675,0.0151065,0.0462492,-0.000343824,0.00996853,
-0.15934,0.703066,-0.0237978,-1.76825,0.00977841,0.915713,-1.80533,0.649885,0.00414626,0.0149194,-0.00827861,0.00903268,-0.0199438,-0.0161653,0.015101,0.0462474,-0.000345188,0.00999311,
-0.15928,0.703033,-0.0237616,-1.76833,0.00971376,0.915774,-1.80515,0.649884,0.00418623,0.014922,-0.00828772,0.00903626,-0.0199523,-0.0161633,0.0150955,0.046246,-0.000346549,0.0100176,
-0.15922,0.702999,-0.0237255,-1.76841,0.00964912,0.915834,-1.80496,0.649883,0.0042263,0.0149248,-0.0082968,0.0090399,-0.0199608,-0.0161614,0.0150901,0.0462448,-0.000347909,0.0100421,
-0.15916,0.702966,-0.0236893,-1.76849,0.00958448,0.915895,-1.80478,0.649881,0.00426647,0.0149277,-0.00830584,0.00904361,-0.0199692,-0.0161596,0.0150847,0.0462439,-0.000349268,0.0100666,
-0.159101,0.702933,-0.0236531,-1.76857,0.00951985,0.915955,-1.80459,0.64988,0.00430674,0.0149307,-0.00831484,0.00904738,-0.0199776,-0.0161579,0.0150792,0.0462433,-0.000350625,0.010091,
-0.159041,0.7029,-0.0236169,-1.76865,0.00945522,0.916015,-1.80441,0.649879,0.0043471,0.0149337,-0.0083238,0.00905121,-0.0199859,-0.0161563,0.0150738,0.046243,-0.00035198,0.0101153,
-0.158981,0.702866,-0.0235807,-1.76873,0.0093906,0.916075,-1.80422,0.649877,0.00438756,0.0149369,-0.00833273,0.00905511,-0.0199942,-0.0161549,0.0150684,0.0462429,-0.000353334,0.0101396,
-0.158921,0.702833,-0.0235444,-1.76881,0.00932599,0.916136,-1.80404,0.649876,0.00442812,0.0149402,-0.00834162,0.00905907,-0.0200025,-0.0161535,0.015063,0.0462432,-0.000354687,0.0101638,
-0.158862,0.7028,-0.0235082,-1.76889,0.00926138,0.916196,-1.80385,0.649874,0.00446878,0.0149436,-0.00835048,0.0090631,-0.0200107,-0.0161522,0.0150576,0.0462437,-0.000356038,0.010188,
-0.158802,0.702766,-0.0234719,-1.76897,0.00919677,0.916256,-1.80367,0.649873,0.00450953,0.014947,-0.00835929,0.00906718,-0.0200189,-0.0161511,0.0150522,0.0462444,-0.000357388,0.0102122,
-0.158742,0.702733,-0.0234356,-1.76905,0.00913217,0.916316,-1.80348,0.649871,0.00455038,0.0149506,-0.00836807,0.00907133,-0.020027,-0.0161501,0.0150468,0.0462455,-0.000358737,0.0102363,
-0.158682,0.702699,-0.0233993,-1.76913,0.00906758,0.916376,-1.8033,0.64987,0.00459132,0.0149543,-0.00837681,0.00907554,-0.0200351,-0.0161491,0.0150415,0.0462468,-0.000360084,0.0102603,
-0.158622,0.702666,-0.023363,-1.76921,0.00900298,0.916437,-1.80311,0.649869,0.00463237,0.014958,-0.00838552,0.00907981,-0.0200432,-0.0161483,0.0150361,0.0462483,-0.00036143,0.0102843,
-0.158563,0.702632,-0.0233267,-1.76929,0.00893839,0.916497,-1.80293,0.649867,0.0046735,0.0149619,-0.00839418,0.00908414,-0.0200512,-0.0161476,0.0150307,0.0462502,-0.000362775,0.0103083,
-0.158503,0.702598,-0.0232903,-1.76937,0.00887381,0.916557,-1.80274,0.649866,0.00471474,0.0149658,-0.00840281,0.00908853,-0.0200592,-0.0161469,0.0150254,0.0462522,-0.000364118,0.0103321,
-0.158443,0.702565,-0.023254,-1.76945,0.00880922,0.916617,-1.80256,0.649864,0.00475606,0.0149698,-0.0084114,0.00909298,-0.0200672,-0.0161464,0.01502,0.0462546,-0.00036546,0.010356,
-0.158383,0.702531,-0.0232176,-1.76953,0.00874464,0.916677,-1.80237,0.649863,0.00479749,0.014974,-0.00841996,0.00909749,-0.0200751,-0.016146,0.0150146,0.0462571,-0.000366801,0.0103798,
-0.158323,0.702497,-0.0231812,-1.76961,0.00868005,0.916737,-1.80219,0.649861,0.00483901,0.0149782,-0.00842847,0.00910205,-0.0200829,-0.0161457,0.0150093,0.04626,-0.000368141,0.0104035,
-0.158263,0.702464,-0.0231447,-1.76969,0.00861547,0.916797,-1.802,0.64986,0.00488062,0.0149825,-0.00843695,0.00910667,-0.0200908,-0.0161455,0.0150039,0.046263,-0.00036948,0.0104272,
-0.158203,0.70243,-0.0231083,-1.76977,0.00855089,0.916857,-1.80182,0.649858,0.00492233,0.0149869,-0.00844539,0.00911135,-0.0200986,-0.0161453,0.0149986,0.0462663,-0.000370817,0.0104508,
-0.158143,0.702396,-0.0230718,-1.76985,0.00848631,0.916917,-1.80163,0.649857,0.00496413,0.0149913,-0.00845379,0.00911609,-0.0201063,-0.0161453,0.0149932,0.0462699,-0.000372154,0.0104744,
-0.158083,0.702362,-0.0230353,-1.76993,0.00842173,0.916977,-1.80145,0.649855,0.00500603,0.0149959,-0.00846216,0.00912088,-0.020114,-0.0161454,0.0149879,0.0462737,-0.000373489,0.0104979,
-0.158023,0.702328,-0.0229988,-1.77001,0.00835715,0.917037,-1.80126,0.649854,0.00504802,0.0150005,-0.00847048,0.00912573,-0.0201217,-0.0161456,0.0149825,0.0462777,-0.000374823,0.0105213,
-0.157963,0.702294,-0.0229623,-1.77009,0.00829256,0.917097,-1.80108,0.649852,0.00509011,0.0150053,-0.00847877,0.00913063,-0.0201293,-0.0161458,0.0149771,0.0462819,-0.000376156,0.0105448,
-0.157903,0.70226,-0.0229258,-1.77017,0.00822798,0.917157,-1.80089,0.649851,0.00513229,0.0150101,-0.00848703,0.00913559,-0.0201369,-0.0161462,0.0149718,0.0462864,-0.000377488,0.0105681,
-0.157843,0.702226,-0.0228892,-1.77025,0.00816339,0.917217,-1.80071,0.649849,0.00517456,0.015015,-0.00849524,0.0091406,-0.0201444,-0.0161466,0.0149664,0.0462911,-0.00037882,0.0105914,
-0.157783,0.702192,-0.0228526,-1.77033,0.0080988,0.917276,-1.80052,0.649848,0.00521692,0.01502,-0.00850342,0.00914566,-0.0201519,-0.0161472,0.0149611,0.046296,-0.00038015,0.0106147,
-0.157723,0.702158,-0.022816,-1.77041,0.00803421,0.917336,-1.80034,0.649846,0.00525938,0.015025,-0.00851155,0.00915078,-0.0201594,-0.0161478,0.0149557,0.0463012,-0.000381479,0.0106379,
-0.157663,0.702124,-0.0227794,-1.7705,0.00796962,0.917396,-1.80015,0.649845,0.00530193,0.0150302,-0.00851965,0.00915595,-0.0201668,-0.0161486,0.0149503,0.0463065,-0.000382807,0.010661,
-0.157603,0.70209,-0.0227428,-1.77058,0.00790502,0.917456,-1.79997,0.649843,0.00534458,0.0150354,-0.00852772,0.00916117,-0.0201742,-0.0161494,0.014945,0.0463121,-0.000384135,0.0106841,
-0.157543,0.702056,-0.0227061,-1.77066,0.00784042,0.917516,-1.79978,0.649842,0.00538732,0.0150407,-0.00853574,0.00916645,-0.0201816,-0.0161503,0.0149396,0.0463179,-0.000385461,0.0107072,
-0.157482,0.702022,-0.0226694,-1.77074,0.00777581,0.917575,-1.7996,0.64984,0.00543014,0.0150461,-0.00854373,0.00917177,-0.0201889,-0.0161513,0.0149342,0.0463239,-0.000386787,0.0107302,
-0.157422,0.701988,-0.0226327,-1.77082,0.0077112,0.917635,-1.79941,0.649839,0.00547306,0.0150516,-0.00855168,0.00917715,-0.0201961,-0.0161524,0.0149289,0.0463301,-0.000388111,0.0107531,
-0.157362,0.701953,-0.022596,-1.7709,0.00764659,0.917695,-1.79922,0.649837,0.00551608,0.0150571,-0.00855959,0.00918257,-0.0202033,-0.0161535,0.0149235,0.0463366,-0.000389435,0.010776,
-0.157302,0.701919,-0.0225592,-1.77098,0.00758197,0.917754,-1.79904,0.649836,0.00555918,0.0150627,-0.00856747,0.00918805,-0.0202105,-0.0161548,0.0149181,0.0463432,-0.000390759,0.0107988,
-0.157241,0.701885,-0.0225224,-1.77106,0.00751734,0.917814,-1.79885,0.649834,0.00560238,0.0150684,-0.00857531,0.00919358,-0.0202177,-0.0161562,0.0149127,0.0463501,-0.000392081,0.0108216,
-0.157181,0.701851,-0.0224856,-1.77114,0.00745271,0.917874,-1.79867,0.649832,0.00564566,0.0150742,-0.00858311,0.00919915,-0.0202248,-0.0161576,0.0149073,0.0463571,-0.000393403,0.0108443,
-0.157121,0.701816,-0.0224488,-1.77122,0.00738808,0.917933,-1.79848,0.649831,0.00568904,0.01508,-0.00859087,0.00920477,-0.0202318,-0.0161591,0.014902,0.0463643,-0.000394724,0.010867,
-0.15706,0.701782,-0.022412,-1.7713,0.00732344,0.917993,-1.7983,0.649829,0.00573251,0.0150859,-0.00859859,0.00921044,-0.0202388,-0.0161607,0.0148966,0.0463718,-0.000396044,0.0108896,
-0.157,0.701747,-0.0223751,-1.77138,0.00725879,0.918052,-1.79811,0.649828,0.00577607,0.0150919,-0.00860628,0.00921616,-0.0202458,-0.0161624,0.0148912,0.0463794,-0.000397363,0.0109122,
-0.15694,0.701713,-0.0223382,-1.77147,0.00719413,0.918112,-1.79793,0.649826,0.00581972,0.015098,-0.00861393,0.00922193,-0.0202527,-0.0161641,0.0148858,0.0463873,-0.000398682,0.0109347,
-0.156879,0.701678,-0.0223013,-1.77155,0.00712947,0.918171,-1.79774,0.649824,0.00586345,0.0151041,-0.00862154,0.00922774,-0.0202596,-0.016166,0.0148803,0.0463953,-0.000400001,0.0109572,
-0.156819,0.701644,-0.0222644,-1.77163,0.00706479,0.918231,-1.79756,0.649823,0.00590728,0.0151103,-0.00862912,0.0092336,-0.0202665,-0.0161679,0.0148749,0.0464035,-0.000401318,0.0109796,
-0.156758,0.701609,-0.0222274,-1.77171,0.00700011,0.91829,-1.79737,0.649821,0.0059512,0.0151166,-0.00863666,0.0092395,-0.0202733,-0.0161699,0.0148695,0.0464119,-0.000402635,0.011002,
-0.156698,0.701575,-0.0221904,-1.77179,0.00693543,0.91835,-1.79718,0.64982,0.00599521,0.0151229,-0.00864416,0.00924545,-0.02028,-0.016172,0.0148641,0.0464205,-0.000403952,0.0110243,
-0.156637,0.70154,-0.0221534,-1.77187,0.00687073,0.918409,-1.797,0.649818,0.00603931,0.0151293,-0.00865162,0.00925145,-0.0202868,-0.0161741,0.0148587,0.0464293,-0.000405268,0.0110465,
-0.156577,0.701506,-0.0221164,-1.77195,0.00680602,0.918469,-1.79681,0.649816,0.00608349,0.0151358,-0.00865905,0.00925749,-0.0202934,-0.0161764,0.0148532,0.0464383,-0.000406583,0.0110687,
-0.156516,0.701471,-0.0220794,-1.77203,0.00674131,0.918528,-1.79663,0.649815,0.00612777,0.0151423,-0.00866643,0.00926357,-0.0203001,-0.0161787,0.0148478,0.0464474,-0.000407898,0.0110909,
-0.156456,0.701436,-0.0220423,-1.77211,0.00667659,0.918587,-1.79644,0.649813,0.00617213,0.015149,-0.00867379,0.0092697,-0.0203067,-0.0161811,0.0148424,0.0464567,-0.000409212,0.011113,
-0.156395,0.701401,-0.0220052,-1.7722,0.00661185,0.918647,-1.79626,0.649812,0.00621658,0.0151556,-0.0086811,0.00927587,-0.0203132,-0.0161835,0.0148369,0.0464662,-0.000410526,0.0111351,
-0.156334,0.701367,-0.021968,-1.77228,0.00654711,0.918706,-1.79607,0.64981,0.00626112,0.0151624,-0.00868838,0.00928209,-0.0203197,-0.0161861,0.0148315,0.0464759,-0.00041184,0.0111571,
-0.156274,0.701332,-0.0219309,-1.77236,0.00648235,0.918765,-1.79588,0.649808,0.00630575,0.0151692,-0.00869562,0.00928834,-0.0203262,-0.0161887,0.014826,0.0464858,-0.000413153,0.0111791,
-0.156213,0.701297,-0.0218937,-1.77244,0.00641759,0.918825,-1.7957,0.649807,0.00635047,0.0151761,-0.00870282,0.00929464,-0.0203326,-0.0161913,0.0148205,0.0464958,-0.000414465,0.011201,
-0.156152,0.701262,-0.0218565,-1.77252,0.00635281,0.918884,-1.79551,0.649805,0.00639527,0.015183,-0.00870999,0.00930098,-0.020339,-0.0161941,0.0148151,0.046506,-0.000415777,0.0112228,
-0.156091,0.701227,-0.0218193,-1.7726,0.00628802,0.918943,-1.79533,0.649803,0.00644016,0.01519,-0.00871712,0.00930737,-0.0203454,-0.0161969,0.0148096,0.0465164,-0.000417089,0.0112446,
-0.156031,0.701192,-0.021782,-1.77268,0.00622322,0.919002,-1.79514,0.649802,0.00648514,0.015197,-0.00872421,0.00931379,-0.0203517,-0.0161998,0.0148041,0.0465269,-0.000418401,0.0112664,
-0.15597,0.701158,-0.0217447,-1.77277,0.00615841,0.919062,-1.79495,0.6498,0.00653021,0.0152042,-0.00873127,0.00932025,-0.0203579,-0.0162028,0.0147986,0.0465376,-0.000419712,0.0112881,
-0.155909,0.701123,-0.0217074,-1.77285,0.00609359,0.919121,-1.79477,0.649798,0.00657536,0.0152114,-0.00873829,0.00932676,-0.0203641,-0.0162058,0.0147931,0.0465485,-0.000421022,0.0113098,
-0.155848,0.701088,-0.0216701,-1.77293,0.00602875,0.91918,-1.79458,0.649797,0.0066206,0.0152186,-0.00874527,0.0093333,-0.0203703,-0.0162089,0.0147876,0.0465595,-0.000422333,0.0113314,
-0.155787,0.701053,-0.0216327,-1.77301,0.00596391,0.919239,-1.79439,0.649795,0.00666592,0.0152259,-0.00875221,0.00933988,-0.0203764,-0.0162121,0.0147821,0.0465707,-0.000423643,0.011353,
-0.155726,0.701018,-0.0215954,-1.77309,0.00589904,0.919298,-1.79421,0.649793,0.00671134,0.0152333,-0.00875912,0.00934651,-0.0203825,-0.0162153,0.0147766,0.046582,-0.000424953,0.0113745,
-0.155665,0.700983,-0.0215579,-1.77317,0.00583417,0.919357,-1.79402,0.649791,0.00675683,0.0152407,-0.008766,0.00935317,-0.0203885,-0.0162186,0.0147711,0.0465936,-0.000426263,0.011396,
-0.155604,0.700947,-0.0215205,-1.77325,0.00576928,0.919416,-1.79384,0.64979,0.00680242,0.0152482,-0.00877283,0.00935987,-0.0203945,-0.016222,0.0147655,0.0466052,-0.000427572,0.0114174,
-0.155543,0.700912,-0.021483,-1.77334,0.00570438,0.919475,-1.79365,0.649788,0.00684809,0.0152557,-0.00877963,0.00936661,-0.0204005,-0.0162254,0.01476,0.046617,-0.000428882,0.0114388,
-0.155482,0.700877,-0.0214455,-1.77342,0.00563946,0.919534,-1.79346,0.649786,0.00689384,0.0152633,-0.00878639,0.00937338,-0.0204064,-0.0162289,0.0147545,0.046629,-0.000430191,0.0114602,
-0.155421,0.700842,-0.021408,-1.7735,0.00557453,0.919593,-1.79328,0.649785,0.00693968,0.015271,-0.00879312,0.00938019,-0.0204123,-0.0162325,0.0147489,0.0466412,-0.000431499,0.0114815,
-0.15536,0.700807,-0.0213705,-1.77358,0.00550959,0.919652,-1.79309,0.649783,0.00698561,0.0152787,-0.00879981,0.00938704,-0.0204181,-0.0162361,0.0147433,0.0466534,-0.000432808,0.0115027,
-0.155299,0.700772,-0.0213329,-1.77366,0.00544463,0.919711,-1.7929,0.649781,0.00703162,0.0152864,-0.00880646,0.00939393,-0.0204239,-0.0162398,0.0147378,0.0466659,-0.000434117,0.0115239,
-0.155238,0.700736,-0.0212953,-1.77374,0.00537966,0.91977,-1.79272,0.649779,0.00707772,0.0152942,-0.00881308,0.00940085,-0.0204296,-0.0162436,0.0147322,0.0466784,-0.000435425,0.0115451,
-0.155177,0.700701,-0.0212577,-1.77383,0.00531467,0.919829,-1.79253,0.649778,0.0071239,0.0153021,-0.00881966,0.00940781,-0.0204353,-0.0162474,0.0147266,0.0466912,-0.000436733,0.0115662,
-0.155115,0.700666,-0.02122,-1.77391,0.00524966,0.919888,-1.79234,0.649776,0.00717016,0.01531,-0.00882621,0.0094148,-0.0204409,-0.0162513,0.014721,0.046704,-0.000438042,0.0115873,
-0.155054,0.70063,-0.0211823,-1.77399,0.00518464,0.919947,-1.79216,0.649774,0.00721651,0.015318,-0.00883272,0.00942183,-0.0204465,-0.0162552,0.0147154,0.0467171,-0.00043935,0.0116083,
-0.154993,0.700595,-0.0211446,-1.77407,0.0051196,0.920006,-1.79197,0.649772,0.00726294,0.015326,-0.00883919,0.0094289,-0.0204521,-0.0162592,0.0147098,0.0467302,-0.000440658,0.0116293,
-0.154931,0.70056,-0.0211069,-1.77415,0.00505455,0.920065,-1.79178,0.649771,0.00730946,0.0153341,-0.00884562,0.009436,-0.0204576,-0.0162633,0.0147042,0.0467435,-0.000441966,0.0116502,
-0.15487,0.700524,-0.0210691,-1.77424,0.00498948,0.920123,-1.79159,0.649769,0.00735606,0.0153423,-0.00885202,0.00944313,-0.0204631,-0.0162674,0.0146986,0.046757,-0.000443274,0.0116711,
-0.154809,0.700489,-0.0210313,-1.77432,0.00492439,0.920182,-1.79141,0.649767,0.00740275,0.0153505,-0.00885839,0.0094503,-0.0204685,-0.0162716,0.0146929,0.0467705,-0.000444582,0.0116919,
-0.154747,0.700453,-0.0209935,-1.7744,0.00485929,0.920241,-1.79122,0.649765,0.00744951,0.0153587,-0.00886472,0.0094575,-0.0204739,-0.0162758,0.0146873,0.0467842,-0.00044589,0.0117128,
-0.154686,0.700418,-0.0209556,-1.77448,0.00479417,0.9203,-1.79103,0.649764,0.00749637,0.015367,-0.00887101,0.00946473,-0.0204792,-0.0162801,0.0146817,0.0467981,-0.000447198,0.0117335,
-0.154624,0.700382,-0.0209177,-1.77456,0.00472903,0.920358,-1.79085,0.649762,0.0075433,0.0153753,-0.00887727,0.009472,-0.0204845,-0.0162844,0.014676,0.0468121,-0.000448506,0.0117542,
-0.154563,0.700347,-0.0208798,-1.77464,0.00466388,0.920417,-1.79066,0.64976,0.00759032,0.0153837,-0.00888349,0.0094793,-0.0204898,-0.0162888,0.0146703,0.0468262,-0.000449814,0.0117749,
-0.154501,0.700311,-0.0208418,-1.77473,0.00459871,0.920476,-1.79047,0.649758,0.00763742,0.0153921,-0.00888967,0.00948663,-0.020495,-0.0162933,0.0146647,0.0468404,-0.000451122,0.0117956,
-0.15444,0.700276,-0.0208039,-1.77481,0.00453351,0.920534,-1.79028,0.649756,0.0076846,0.0154006,-0.00889582,0.00949399,-0.0205001,-0.0162978,0.014659,0.0468548,-0.00045243,0.0118161,
-0.154378,0.70024,-0.0207659,-1.77489,0.0044683,0.920593,-1.7901,0.649755,0.00773186,0.0154091,-0.00890194,0.00950139,-0.0205052,-0.0163023,0.0146533,0.0468693,-0.000453738,0.0118367,
-0.154316,0.700204,-0.0207278,-1.77497,0.00440308,0.920651,-1.78991,0.649753,0.00777921,0.0154177,-0.00890802,0.00950881,-0.0205103,-0.016307,0.0146476,0.046884,-0.000455047,0.0118572,
-0.154255,0.700169,-0.0206898,-1.77505,0.00433783,0.92071,-1.78972,0.649751,0.00782664,0.0154263,-0.00891406,0.00951627,-0.0205153,-0.0163116,0.0146419,0.0468987,-0.000456355,0.0118777,
-0.154193,0.700133,-0.0206517,-1.77514,0.00427256,0.920769,-1.78953,0.649749,0.00787415,0.015435,-0.00892007,0.00952376,-0.0205203,-0.0163164,0.0146361,0.0469136,-0.000457664,0.0118981,
-0.154131,0.700097,-0.0206135,-1.77522,0.00420728,0.920827,-1.78935,0.649747,0.00792174,0.0154437,-0.00892604,0.00953128,-0.0205252,-0.0163211,0.0146304,0.0469286,-0.000458972,0.0119185,
-0.154069,0.700062,-0.0205754,-1.7753,0.00414198,0.920886,-1.78916,0.649745,0.00796942,0.0154525,-0.00893198,0.00953883,-0.0205301,-0.016326,0.0146247,0.0469438,-0.000460281,0.0119389,
-0.154007,0.700026,-0.0205372,-1.77538,0.00407665,0.920944,-1.78897,0.649744,0.00801717,0.0154613,-0.00893788,0.00954641,-0.020535,-0.0163308,0.0146189,0.046959,-0.00046159,0.0119592,
-0.153945,0.69999,-0.020499,-1.77547,0.00401131,0.921003,-1.78878,0.649742,0.00806501,0.0154702,-0.00894374,0.00955402,-0.0205397,-0.0163358,0.0146131,0.0469744,-0.0004629,0.0119794,
-0.153884,0.699954,-0.0204607,-1.77555,0.00394595,0.921061,-1.78859,0.64974,0.00811293,0.015479,-0.00894957,0.00956165,-0.0205445,-0.0163408,0.0146074,0.0469899,-0.000464209,0.0119997,
-0.153822,0.699919,-0.0204225,-1.77563,0.00388056,0.921119,-1.78841,0.649738,0.00816092,0.015488,-0.00895537,0.00956932,-0.0205492,-0.0163458,0.0146016,0.0470055,-0.000465519,0.0120199,
-0.15376,0.699883,-0.0203842,-1.77571,0.00381516,0.921178,-1.78822,0.649736,0.008209,0.015497,-0.00896113,0.00957702,-0.0205539,-0.0163509,0.0145958,0.0470213,-0.000466829,0.01204,
-0.153698,0.699847,-0.0203458,-1.77579,0.00374974,0.921236,-1.78803,0.649734,0.00825716,0.015506,-0.00896685,0.00958474,-0.0205585,-0.016356,0.01459,0.0470371,-0.000468139,0.0120601,
-0.153636,0.699811,-0.0203074,-1.77588,0.00368429,0.921294,-1.78784,0.649732,0.0083054,0.0155151,-0.00897254,0.00959249,-0.020563,-0.0163612,0.0145842,0.0470531,-0.000469449,0.0120802,
-0.153573,0.699775,-0.020269,-1.77596,0.00361883,0.921353,-1.78765,0.649731,0.00835372,0.0155242,-0.0089782,0.00960028,-0.0205676,-0.0163664,0.0145784,0.0470692,-0.00047076,0.0121002,
-0.153511,0.699739,-0.0202306,-1.77604,0.00355334,0.921411,-1.78746,0.649729,0.00840213,0.0155333,-0.00898382,0.00960808,-0.0205721,-0.0163717,0.0145725,0.0470854,-0.00047207,0.0121202,
-0.153449,0.699703,-0.0201921,-1.77612,0.00348783,0.921469,-1.78728,0.649727,0.00845061,0.0155425,-0.0089894,0.00961592,-0.0205765,-0.016377,0.0145667,0.0471017,-0.000473382,0.0121402,
-0.153387,0.699667,-0.0201537,-1.77621,0.0034223,0.921528,-1.78709,0.649725,0.00849917,0.0155517,-0.00899495,0.00962378,-0.0205809,-0.0163824,0.0145608,0.0471181,-0.000474693,0.0121601,
-0.153325,0.699631,-0.0201151,-1.77629,0.00335675,0.921586,-1.7869,0.649723,0.00854781,0.015561,-0.00900047,0.00963167,-0.0205852,-0.0163878,0.014555,0.0471346,-0.000476005,0.01218,
-0.153262,0.699595,-0.0200766,-1.77637,0.00329118,0.921644,-1.78671,0.649721,0.00859653,0.0155703,-0.00900595,0.00963959,-0.0205895,-0.0163932,0.0145491,0.0471513,-0.000477317,0.0121999,
-0.1532,0.699559,-0.020038,-1.77645,0.00322558,0.921702,-1.78652,0.649719,0.00864533,0.0155797,-0.0090114,0.00964753,-0.0205937,-0.0163987,0.0145432,0.047168,-0.000478629,0.0122197,
-0.153138,0.699523,-0.0199994,-1.77654,0.00315997,0.92176,-1.78633,0.649717,0.00869421,0.0155891,-0.00901681,0.0096555,-0.020598,-0.0164043,0.0145373,0.0471848,-0.000479942,0.0122394,
-0.153075,0.699487,-0.0199607,-1.77662,0.00309433,0.921818,-1.78614,0.649715,0.00874316,0.0155985,-0.00902218,0.00966349,-0.0206021,-0.0164099,0.0145314,0.0472018,-0.000481255,0.0122592,
-0.153013,0.699451,-0.019922,-1.7767,0.00302866,0.921877,-1.78596,0.649713,0.0087922,0.015608,-0.00902753,0.00967151,-0.0206062,-0.0164155,0.0145255,0.0472189,-0.000482568,0.0122789,
-0.15295,0.699415,-0.0198833,-1.77678,0.00296298,0.921935,-1.78577,0.649711,0.00884132,0.0156175,-0.00903283,0.00967956,-0.0206103,-0.0164212,0.0145195,0.047236,-0.000483882,0.0122986,
-0.152888,0.699379,-0.0198445,-1.77686,0.00289727,0.921993,-1.78558,0.64971,0.00889051,0.015627,-0.00903811,0.00968763,-0.0206143,-0.0164269,0.0145136,0.0472533,-0.000485197,0.0123182,
-0.152825,0.699342,-0.0198058,-1.77695,0.00283154,0.922051,-1.78539,0.649708,0.00893978,0.0156366,-0.00904334,0.00969573,-0.0206183,-0.0164327,0.0145076,0.0472707,-0.000486511,0.0123378,
-0.152763,0.699306,-0.0197669,-1.77703,0.00276579,0.922109,-1.7852,0.649706,0.00898913,0.0156462,-0.00904855,0.00970385,-0.0206222,-0.0164385,0.0145017,0.0472881,-0.000487826,0.0123574,
-0.1527,0.69927,-0.0197281,-1.77711,0.00270001,0.922167,-1.78501,0.649704,0.00903856,0.0156558,-0.00905372,0.00971199,-0.0206261,-0.0164443,0.0144957,0.0473057,-0.000489142,0.0123769,
-0.152637,0.699234,-0.0196892,-1.77719,0.00263421,0.922225,-1.78482,0.649702,0.00908807,0.0156655,-0.00905885,0.00972016,-0.0206299,-0.0164502,0.0144897,0.0473234,-0.000490458,0.0123964,
-0.152575,0.699197,-0.0196503,-1.77728,0.00256838,0.922283,-1.78463,0.6497,0.00913766,0.0156752,-0.00906395,0.00972835,-0.0206337,-0.0164561,0.0144837,0.0473411,-0.000491774,0.0124158,
-0.152512,0.699161,-0.0196114,-1.77736,0.00250254,0.922341,-1.78444,0.649698,0.00918732,0.015685,-0.00906902,0.00973657,-0.0206374,-0.0164621,0.0144777,0.047359,-0.000493091,0.0124353,
-0.152449,0.699125,-0.0195724,-1.77744,0.00243666,0.922398,-1.78425,0.649696,0.00923706,0.0156948,-0.00907405,0.00974481,-0.0206411,-0.0164681,0.0144717,0.0473769,-0.000494408,0.0124547,
-0.152386,0.699089,-0.0195334,-1.77753,0.00237077,0.922456,-1.78406,0.649694,0.00928688,0.0157046,-0.00907905,0.00975307,-0.0206448,-0.0164742,0.0144656,0.047395,-0.000495726,0.012474,
-0.152324,0.699052,-0.0194943,-1.77761,0.00230485,0.922514,-1.78387,0.649692,0.00933678,0.0157145,-0.00908401,0.00976135,-0.0206483,-0.0164803,0.0144596,0.0474131,-0.000497044,0.0124933,
-0.152261,0.699016,-0.0194552,-1.77769,0.0022389,0.922572,-1.78368,0.64969,0.00938675,0.0157244,-0.00908894,0.00976966,-0.0206519,-0.0164864,0.0144535,0.0474314,-0.000498363,0.0125126,
-0.152198,0.698979,-0.0194161,-1.77777,0.00217293,0.92263,-1.78349,0.649688,0.0094368,0.0157343,-0.00909384,0.00977799,-0.0206554,-0.0164926,0.0144474,0.0474497,-0.000499682,0.0125319,
-0.152135,0.698943,-0.019377,-1.77786,0.00210694,0.922687,-1.7833,0.649686,0.00948693,0.0157443,-0.0090987,0.00978635,-0.0206589,-0.0164988,0.0144413,0.0474681,-0.000501002,0.0125511,
-0.152072,0.698907,-0.0193378,-1.77794,0.00204092,0.922745,-1.78311,0.649684,0.00953713,0.0157542,-0.00910353,0.00979472,-0.0206623,-0.016505,0.0144352,0.0474866,-0.000502322,0.0125703,
-0.152009,0.69887,-0.0192986,-1.77802,0.00197487,0.922803,-1.78292,0.649682,0.00958741,0.0157643,-0.00910832,0.00980312,-0.0206656,-0.0165113,0.0144291,0.0475052,-0.000503643,0.0125895,
-0.151946,0.698834,-0.0192593,-1.7781,0.0019088,0.922861,-1.78273,0.64968,0.00963777,0.0157743,-0.00911308,0.00981154,-0.0206689,-0.0165176,0.014423,0.0475239,-0.000504964,0.0126086,
-0.151882,0.698797,-0.0192201,-1.77819,0.0018427,0.922918,-1.78254,0.649678,0.00968821,0.0157844,-0.00911781,0.00981998,-0.0206722,-0.0165239,0.0144168,0.0475427,-0.000506286,0.0126277,
-0.151819,0.698761,-0.0191808,-1.77827,0.00177658,0.922976,-1.78235,0.649676,0.00973872,0.0157945,-0.0091225,0.00982844,-0.0206754,-0.0165303,0.0144107,0.0475615,-0.000507609,0.0126468,
-0.151756,0.698724,-0.0191414,-1.77835,0.00171044,0.923034,-1.78216,0.649674,0.0097893,0.0158047,-0.00912716,0.00983692,-0.0206786,-0.0165368,0.0144045,0.0475805,-0.000508932,0.0126658,
-0.151693,0.698688,-0.019102,-1.77843,0.00164426,0.923091,-1.78197,0.649672,0.00983997,0.0158149,-0.00913178,0.00984542,-0.0206817,-0.0165432,0.0143983,0.0475995,-0.000510256,0.0126848,
-0.15163,0.698651,-0.0190626,-1.77852,0.00157806,0.923149,-1.78178,0.64967,0.00989071,0.0158251,-0.00913637,0.00985394,-0.0206848,-0.0165497,0.0143921,0.0476186,-0.00051158,0.0127038,
-0.151566,0.698615,-0.0190232,-1.7786,0.00151184,0.923206,-1.78159,0.649668,0.00994152,0.0158353,-0.00914093,0.00986249,-0.0206878,-0.0165562,0.0143859,0.0476378,-0.000512905,0.0127227,
-0.151503,0.698578,-0.0189837,-1.77868,0.00144559,0.923264,-1.7814,0.649666,0.00999241,0.0158456,-0.00914545,0.00987105,-0.0206908,-0.0165628,0.0143797,0.0476571,-0.000514231,0.0127416,
-0.151439,0.698542,-0.0189442,-1.77877,0.00137931,0.923321,-1.78121,0.649664,0.0100434,0.0158559,-0.00914995,0.00987964,-0.0206938,-0.0165694,0.0143735,0.0476765,-0.000515557,0.0127605,
-0.151376,0.698505,-0.0189046,-1.77885,0.00131301,0.923379,-1.78102,0.649662,0.0100944,0.0158662,-0.0091544,0.00988824,-0.0206967,-0.016576,0.0143672,0.0476959,-0.000516884,0.0127794,
-0.151312,0.698468,-0.018865,-1.77893,0.00124667,0.923436,-1.78083,0.649659,0.0101455,0.0158766,-0.00915883,0.00989686,-0.0206995,-0.0165827,0.014361,0.0477155,-0.000518211,0.0127982,
-0.151249,0.698432,-0.0188254,-1.77901,0.00118032,0.923494,-1.78064,0.649657,0.0101967,0.015887,-0.00916321,0.00990551,-0.0207023,-0.0165894,0.0143547,0.0477351,-0.000519539,0.012817,
-0.151185,0.698395,-0.0187857,-1.7791,0.00111393,0.923551,-1.78045,0.649655,0.010248,0.0158974,-0.00916757,0.00991417,-0.020705,-0.0165961,0.0143484,0.0477548,-0.000520868,0.0128357,
-0.151122,0.698358,-0.018746,-1.77918,0.00104752,0.923608,-1.78026,0.649653,0.0102993,0.0159078,-0.00917189,0.00992285,-0.0207077,-0.0166029,0.0143421,0.0477745,-0.000522197,0.0128545,
-0.151058,0.698322,-0.0187063,-1.77926,0.000981082,0.923666,-1.78006,0.649651,0.0103508,0.0159183,-0.00917618,0.00993155,-0.0207104,-0.0166097,0.0143358,0.0477944,-0.000523527,0.0128732,
-0.150994,0.698285,-0.0186666,-1.77935,0.000914616,0.923723,-1.77987,0.649649,0.0104023,0.0159288,-0.00918044,0.00994027,-0.020713,-0.0166165,0.0143294,0.0478143,-0.000524858,0.0128918,
-0.15093,0.698248,-0.0186268,-1.77943,0.000848123,0.92378,-1.77968,0.649647,0.0104538,0.0159393,-0.00918466,0.009949,-0.0207155,-0.0166234,0.0143231,0.0478343,-0.00052619,0.0129105,
-0.150867,0.698211,-0.0185869,-1.77951,0.000781602,0.923838,-1.77949,0.649645,0.0105055,0.0159499,-0.00918885,0.00995776,-0.020718,-0.0166303,0.0143167,0.0478543,-0.000527522,0.0129291,
-0.150803,0.698175,-0.0185471,-1.77959,0.000715053,0.923895,-1.7793,0.649643,0.0105572,0.0159604,-0.00919301,0.00996653,-0.0207205,-0.0166372,0.0143104,0.0478745,-0.000528855,0.0129477,
-0.150739,0.698138,-0.0185072,-1.77968,0.000648476,0.923952,-1.77911,0.649641,0.010609,0.0159711,-0.00919713,0.00997532,-0.0207229,-0.0166441,0.014304,0.0478947,-0.000530189,0.0129663,
-0.150675,0.698101,-0.0184672,-1.77976,0.000581872,0.924009,-1.77892,0.649638,0.0106608,0.0159817,-0.00920123,0.00998413,-0.0207253,-0.0166511,0.0142976,0.047915,-0.000531523,0.0129848,
-0.150611,0.698064,-0.0184273,-1.77984,0.000515239,0.924066,-1.77872,0.649636,0.0107128,0.0159923,-0.00920528,0.00999295,-0.0207276,-0.0166581,0.0142912,0.0479353,-0.000532858,0.0130033,
-0.150547,0.698027,-0.0183872,-1.77993,0.000448579,0.924124,-1.77853,0.649634,0.0107648,0.016003,-0.00920931,0.0100018,-0.0207299,-0.0166652,0.0142847,0.0479557,-0.000534194,0.0130218,
-0.150483,0.69799,-0.0183472,-1.78001,0.00038189,0.924181,-1.77834,0.649632,0.0108169,0.0160137,-0.0092133,0.0100107,-0.0207321,-0.0166723,0.0142783,0.0479762,-0.000535531,0.0130402,
-0.150419,0.697954,-0.0183071,-1.78009,0.000315172,0.924238,-1.77815,0.64963,0.010869,0.0160245,-0.00921726,0.0100195,-0.0207342,-0.0166794,0.0142718,0.0479968,-0.000536869,0.0130586,
-0.150355,0.697917,-0.018267,-1.78017,0.000248426,0.924295,-1.77796,0.649628,0.0109213,0.0160352,-0.00922118,0.0100284,-0.0207364,-0.0166865,0.0142653,0.0480174,-0.000538207,0.013077,
-0.150291,0.69788,-0.0182269,-1.78026,0.000181652,0.924352,-1.77776,0.649626,0.0109736,0.016046,-0.00922508,0.0100373,-0.0207384,-0.0166936,0.0142588,0.0480381,-0.000539546,0.0130954,
-0.150226,0.697843,-0.0181867,-1.78034,0.000114848,0.924409,-1.77757,0.649623,0.011026,0.0160568,-0.00922894,0.0100463,-0.0207405,-0.0167008,0.0142523,0.0480589,-0.000540886,0.0131137,
-0.150162,0.697806,-0.0181465,-1.78042,4.80163e-05,0.924466,-1.77738,0.649621,0.0110784,0.0160676,-0.00923276,0.0100552,-0.0207424,-0.016708,0.0142458,0.0480797,-0.000542226,0.013132,
-0.150098,0.697769,-0.0181062,-1.78051,-1.88449e-05,0.924523,-1.77719,0.649619,0.0111309,0.0160785,-0.00923656,0.0100642,-0.0207444,-0.0167153,0.0142393,0.0481007,-0.000543568,0.0131503,
-0.150033,0.697732,-0.0180659,-1.78059,-8.5735e-05,0.92458,-1.77699,0.649617,0.0111835,0.0160893,-0.00924032,0.0100731,-0.0207463,-0.0167225,0.0142327,0.0481216,-0.00054491,0.0131686,
-0.149969,0.697695,-0.0180256,-1.78067,-0.000152654,0.924637,-1.7768,0.649615,0.0112362,0.0161002,-0.00924405,0.0100821,-0.0207481,-0.0167298,0.0142261,0.0481427,-0.000546253,0.0131868,
-0.149905,0.697658,-0.0179852,-1.78076,-0.000219603,0.924693,-1.77661,0.649613,0.011289,0.0161112,-0.00924775,0.0100911,-0.0207499,-0.0167372,0.0142196,0.0481638,-0.000547597,0.013205,
-0.14984,0.697621,-0.0179448,-1.78084,-0.000286581,0.92475,-1.77642,0.64961,0.0113418,0.0161221,-0.00925141,0.0101002,-0.0207516,-0.0167445,0.014213,0.0481849,-0.000548942,0.0132232,
-0.149776,0.697584,-0.0179044,-1.78092,-0.000353589,0.924807,-1.77622,0.649608,0.0113947,0.0161331,-0.00925504,0.0101092,-0.0207533,-0.0167519,0.0142063,0.0482061,-0.000550288,0.0132414,
-0.149711,0.697547,-0.0178639,-1.781,-0.000420626,0.924864,-1.77603,0.649606,0.0114476,0.016144,-0.00925864,0.0101183,-0.0207549,-0.0167593,0.0141997,0.0482274,-0.000551634,0.0132595,
-0.149646,0.69751,-0.0178234,-1.78109,-0.000487693,0.924921,-1.77584,0.649604,0.0115007,0.0161551,-0.00926221,0.0101273,-0.0207565,-0.0167667,0.0141931,0.0482488,-0.000552982,0.0132776,
-0.149582,0.697473,-0.0177829,-1.78117,-0.000554789,0.924977,-1.77565,0.649602,0.0115538,0.0161661,-0.00926574,0.0101364,-0.0207581,-0.0167742,0.0141864,0.0482702,-0.00055433,0.0132957,
-0.149517,0.697436,-0.0177423,-1.78125,-0.000621916,0.925034,-1.77545,0.649599,0.011607,0.0161771,-0.00926924,0.0101455,-0.0207596,-0.0167816,0.0141797,0.0482917,-0.000555679,0.0133137,
-0.149452,0.697399,-0.0177017,-1.78134,-0.000689072,0.925091,-1.77526,0.649597,0.0116602,0.0161882,-0.00927271,0.0101546,-0.020761,-0.0167891,0.014173,0.0483132,-0.000557029,0.0133318,
-0.149387,0.697362,-0.017661,-1.78142,-0.000756259,0.925148,-1.77507,0.649595,0.0117136,0.0161993,-0.00927615,0.0101637,-0.0207624,-0.0167967,0.0141663,0.0483348,-0.00055838,0.0133498,
-0.149323,0.697325,-0.0176203,-1.7815,-0.000823476,0.925204,-1.77487,0.649593,0.011767,0.0162104,-0.00927955,0.0101729,-0.0207637,-0.0168042,0.0141596,0.0483564,-0.000559732,0.0133678,
-0.149258,0.697287,-0.0175796,-1.78159,-0.000890723,0.925261,-1.77468,0.64959,0.0118204,0.0162215,-0.00928292,0.010182,-0.020765,-0.0168118,0.0141528,0.0483781,-0.000561085,0.0133857,
-0.149193,0.69725,-0.0175388,-1.78167,-0.000958001,0.925317,-1.77448,0.649588,0.011874,0.0162327,-0.00928626,0.0101912,-0.0207663,-0.0168194,0.0141461,0.0483999,-0.000562439,0.0134037,
-0.149128,0.697213,-0.017498,-1.78175,-0.00102531,0.925374,-1.77429,0.649586,0.0119276,0.0162439,-0.00928957,0.0102004,-0.0207675,-0.016827,0.0141393,0.0484217,-0.000563793,0.0134216,
-0.149063,0.697176,-0.0174572,-1.78183,-0.00109265,0.92543,-1.7741,0.649584,0.0119813,0.0162551,-0.00929285,0.0102096,-0.0207686,-0.0168347,0.0141325,0.0484436,-0.000565149,0.0134395,
-0.148998,0.697139,-0.0174163,-1.78192,-0.00116002,0.925487,-1.7739,0.649581,0.012035,0.0162663,-0.00929609,0.0102188,-0.0207698,-0.0168423,0.0141257,0.0484655,-0.000566506,0.0134573,
-0.148933,0.697102,-0.0173754,-1.782,-0.00122742,0.925543,-1.77371,0.649579,0.0120889,0.0162775,-0.0092993,0.010228,-0.0207708,-0.01685,0.0141189,0.0484875,-0.000567863,0.0134752,
-0.148867,0.697064,-0.0173344,-1.78208,-0.00129485,0.9256,-1.77352,0.649577,0.0121428,0.0162887,-0.00930248,0.0102372,-0.0207718,-0.0168577,0.014112,0.0485095,-0.000569221,0.013493,
-0.148802,0.697027,-0.0172934,-1.78217,-0.00136231,0.925656,-1.77332,0.649575,0.0121967,0.0163,-0.00930563,0.0102465,-0.0207728,-0.0168655,0.0141052,0.0485316,-0.000570581,0.0135108,
-0.148737,0.69699,-0.0172524,-1.78225,-0.0014298,0.925713,-1.77313,0.649572,0.0122508,0.0163113,-0.00930874,0.0102558,-0.0207737,-0.0168732,0.0140983,0.0485538,-0.000571941,0.0135285,
-0.148672,0.696953,-0.0172114,-1.78233,-0.00149733,0.925769,-1.77293,0.64957,0.0123049,0.0163226,-0.00931182,0.010265,-0.0207745,-0.016881,0.0140914,0.048576,-0.000573303,0.0135463,
-0.148606,0.696915,-0.0171703,-1.78242,-0.00156488,0.925825,-1.77274,0.649568,0.0123591,0.0163339,-0.00931487,0.0102743,-0.0207753,-0.0168888,0.0140845,0.0485982,-0.000574665,0.013564,
-0.148541,0.696878,-0.0171291,-1.7825,-0.00163247,0.925882,-1.77254,0.649565,0.0124133,0.0163453,-0.00931789,0.0102836,-0.0207761,-0.0168966,0.0140776,0.0486205,-0.000576028,0.0135817,
-0.148476,0.696841,-0.017088,-1.78258,-0.00170009,0.925938,-1.77235,0.649563,0.0124677,0.0163566,-0.00932088,0.0102929,-0.0207768,-0.0169045,0.0140706,0.0486429,-0.000577393,0.0135994,
-0.14841,0.696804,-0.0170468,-1.78267,-0.00176774,0.925994,-1.77215,0.649561,0.0125221,0.016368,-0.00932383,0.0103023,-0.0207775,-0.0169124,0.0140637,0.0486653,-0.000578758,0.013617,
-0.148345,0.696766,-0.0170055,-1.78275,-0.00183542,0.92605,-1.77196,0.649559,0.0125765,0.0163794,-0.00932676,0.0103116,-0.0207781,-0.0169202,0.0140567,0.0486878,-0.000580125,0.0136347,
-0.148279,0.696729,-0.0169642,-1.78283,-0.00190313,0.926107,-1.77177,0.649556,0.0126311,0.0163908,-0.00932965,0.0103209,-0.0207787,-0.0169282,0.0140497,0.0487103,-0.000581492,0.0136523,
-0.148213,0.696692,-0.0169229,-1.78291,-0.00197087,0.926163,-1.77157,0.649554,0.0126857,0.0164022,-0.00933251,0.0103303,-0.0207792,-0.0169361,0.0140427,0.0487328,-0.00058286,0.0136699,
-0.148148,0.696654,-0.0168815,-1.783,-0.00203865,0.926219,-1.77138,0.649552,0.0127403,0.0164137,-0.00933534,0.0103397,-0.0207796,-0.016944,0.0140357,0.0487554,-0.00058423,0.0136874,
-0.148082,0.696617,-0.0168401,-1.78308,-0.00210646,0.926275,-1.77118,0.649549,0.0127951,0.0164252,-0.00933813,0.0103491,-0.02078,-0.016952,0.0140286,0.0487781,-0.0005856,0.013705,
-0.148016,0.696579,-0.0167987,-1.78316,-0.0021743,0.926331,-1.77098,0.649547,0.0128499,0.0164366,-0.0093409,0.0103585,-0.0207804,-0.01696,0.0140216,0.0488008,-0.000586972,0.0137225,
-0.14795,0.696542,-0.0167572,-1.78325,-0.00224217,0.926387,-1.77079,0.649545,0.0129048,0.0164481,-0.00934363,0.0103679,-0.0207807,-0.016968,0.0140145,0.0488235,-0.000588345,0.01374,
-0.147885,0.696505,-0.0167157,-1.78333,-0.00231007,0.926443,-1.77059,0.649542,0.0129598,0.0164596,-0.00934633,0.0103773,-0.020781,-0.016976,0.0140074,0.0488463,-0.000589718,0.0137575,
-0.147819,0.696467,-0.0166742,-1.78341,-0.00237801,0.926499,-1.7704,0.64954,0.0130148,0.0164712,-0.009349,0.0103867,-0.0207812,-0.0169841,0.0140003,0.0488691,-0.000591093,0.0137749,
-0.147753,0.69643,-0.0166326,-1.7835,-0.00244598,0.926555,-1.7702,0.649537,0.0130699,0.0164827,-0.00935164,0.0103961,-0.0207814,-0.0169921,0.0139931,0.048892,-0.000592469,0.0137924,
-0.147687,0.696393,-0.016591,-1.78358,-0.00251398,0.926611,-1.77001,0.649535,0.0131251,0.0164943,-0.00935425,0.0104056,-0.0207815,-0.0170002,0.013986,0.0489149,-0.000593846,0.0138098,
-0.147621,0.696355,-0.0165493,-1.78366,-0.00258201,0.926667,-1.76981,0.649533,0.0131803,0.0165058,-0.00935682,0.0104151,-0.0207816,-0.0170083,0.0139788,0.0489379,-0.000595224,0.0138272,
-0.147555,0.696318,-0.0165076,-1.78375,-0.00265008,0.926723,-1.76962,0.64953,0.0132356,0.0165174,-0.00935936,0.0104245,-0.0207816,-0.0170164,0.0139716,0.0489609,-0.000596603,0.0138446,
-0.147489,0.69628,-0.0164659,-1.78383,-0.00271818,0.926779,-1.76942,0.649528,0.013291,0.016529,-0.00936188,0.010434,-0.0207816,-0.0170246,0.0139644,0.048984,-0.000597983,0.0138619,
-0.147422,0.696243,-0.0164241,-1.78391,-0.00278631,0.926835,-1.76922,0.649526,0.0133464,0.0165406,-0.00936436,0.0104435,-0.0207815,-0.0170327,0.0139572,0.0490071,-0.000599364,0.0138792,
-0.147356,0.696205,-0.0163823,-1.784,-0.00285447,0.92689,-1.76903,0.649523,0.013402,0.0165523,-0.00936681,0.010453,-0.0207814,-0.0170409,0.01395,0.0490302,-0.000600747,0.0138966,
-0.14729,0.696168,-0.0163404,-1.78408,-0.00292267,0.926946,-1.76883,0.649521,0.0134575,0.0165639,-0.00936922,0.0104625,-0.0207812,-0.0170491,0.0139427,0.0490534,-0.00060213,0.0139138,
-0.147224,0.69613,-0.0162986,-1.78416,-0.0029909,0.927002,-1.76864,0.649518,0.0135132,0.0165756,-0.00937161,0.010472,-0.020781,-0.0170573,0.0139355,0.0490767,-0.000603515,0.0139311,
-0.147157,0.696093,-0.0162566,-1.78424,-0.00305916,0.927058,-1.76844,0.649516,0.0135689,0.0165873,-0.00937397,0.0104816,-0.0207807,-0.0170656,0.0139282,0.0490999,-0.000604901,0.0139484,
-0.147091,0.696055,-0.0162147,-1.78433,-0.00312745,0.927113,-1.76824,0.649514,0.0136247,0.016599,-0.00937629,0.0104911,-0.0207804,-0.0170738,0.0139209,0.0491232,-0.000606288,0.0139656,
-0.147025,0.696018,-0.0161727,-1.78441,-0.00319578,0.927169,-1.76805,0.649511,0.0136806,0.0166107,-0.00937858,0.0105007,-0.02078,-0.0170821,0.0139135,0.0491466,-0.000607676,0.0139828,
-0.146958,0.69598,-0.0161306,-1.78449,-0.00326414,0.927225,-1.76785,0.649509,0.0137365,0.0166224,-0.00938084,0.0105102,-0.0207796,-0.0170903,0.0139062,0.04917,-0.000609065,0.014,
-0.146892,0.695943,-0.0160885,-1.78458,-0.00333254,0.92728,-1.76765,0.649506,0.0137925,0.0166341,-0.00938307,0.0105198,-0.0207791,-0.0170986,0.0138988,0.0491934,-0.000610456,0.0140172,
-0.146825,0.695905,-0.0160464,-1.78466,-0.00340097,0.927336,-1.76746,0.649504,0.0138486,0.0166458,-0.00938527,0.0105294,-0.0207786,-0.0171069,0.0138914,0.0492169,-0.000611847,0.0140343,
-0.146758,0.695868,-0.0160043,-1.78474,-0.00346943,0.927391,-1.76726,0.649501,0.0139047,0.0166576,-0.00938744,0.010539,-0.020778,-0.0171153,0.013884,0.0492404,-0.00061324,0.0140515,
-0.146692,0.69583,-0.0159621,-1.78483,-0.00353792,0.927447,-1.76706,0.649499,0.0139609,0.0166694,-0.00938958,0.0105486,-0.0207774,-0.0171236,0.0138766,0.0492639,-0.000614634,0.0140686,
-0.146625,0.695793,-0.0159198,-1.78491,-0.00360645,0.927502,-1.76686,0.649496,0.0140172,0.0166812,-0.00939168,0.0105582,-0.0207767,-0.017132,0.0138692,0.0492875,-0.000616029,0.0140857,
-0.146558,0.695755,-0.0158776,-1.78499,-0.00367501,0.927558,-1.76667,0.649494,0.0140735,0.0166929,-0.00939376,0.0105678,-0.020776,-0.0171403,0.0138617,0.0493111,-0.000617425,0.0141028,
-0.146491,0.695717,-0.0158353,-1.78508,-0.00374361,0.927613,-1.76647,0.649492,0.01413,0.0167048,-0.0093958,0.0105774,-0.0207752,-0.0171487,0.0138543,0.0493348,-0.000618823,0.0141198,
-0.146424,0.69568,-0.0157929,-1.78516,-0.00381224,0.927669,-1.76627,0.649489,0.0141864,0.0167166,-0.00939782,0.0105871,-0.0207744,-0.0171571,0.0138468,0.0493585,-0.000620221,0.0141369,
-0.146358,0.695642,-0.0157505,-1.78524,-0.0038809,0.927724,-1.76607,0.649487,0.014243,0.0167284,-0.0093998,0.0105967,-0.0207735,-0.0171656,0.0138393,0.0493822,-0.000621621,0.0141539,
-0.146291,0.695605,-0.0157081,-1.78533,-0.00394959,0.927779,-1.76588,0.649484,0.0142996,0.0167403,-0.00940175,0.0106064,-0.0207726,-0.017174,0.0138317,0.049406,-0.000623022,0.0141709,
-0.146224,0.695567,-0.0156656,-1.78541,-0.00401832,0.927835,-1.76568,0.649482,0.0143563,0.0167521,-0.00940367,0.010616,-0.0207716,-0.0171825,0.0138242,0.0494298,-0.000624425,0.0141879,
-0.146157,0.695529,-0.0156231,-1.78549,-0.00408709,0.92789,-1.76548,0.649479,0.014413,0.016764,-0.00940556,0.0106257,-0.0207706,-0.0171909,0.0138166,0.0494536,-0.000625828,0.0142048,
-0.146089,0.695492,-0.0155806,-1.78557,-0.00415588,0.927945,-1.76528,0.649477,0.0144698,0.0167759,-0.00940742,0.0106354,-0.0207695,-0.0171994,0.013809,0.0494775,-0.000627233,0.0142218,
-0.146022,0.695454,-0.015538,-1.78566,-0.00422472,0.928,-1.76509,0.649474,0.0145267,0.0167877,-0.00940924,0.0106451,-0.0207684,-0.0172079,0.0138014,0.0495014,-0.000628639,0.0142387,
-0.145955,0.695416,-0.0154954,-1.78574,-0.00429358,0.928055,-1.76489,0.649472,0.0145837,0.0167996,-0.00941104,0.0106548,-0.0207673,-0.0172164,0.0137938,0.0495254,-0.000630046,0.0142556,
-0.145888,0.695379,-0.0154527,-1.78582,-0.00436248,0.928111,-1.76469,0.649469,0.0146407,0.0168116,-0.00941281,0.0106645,-0.020766,-0.0172249,0.0137862,0.0495493,-0.000631455,0.0142725,
-0.145821,0.695341,-0.01541,-1.78591,-0.00443142,0.928166,-1.76449,0.649466,0.0146978,0.0168235,-0.00941454,0.0106742,-0.0207648,-0.0172335,0.0137785,0.0495733,-0.000632864,0.0142894,
-0.145753,0.695303,-0.0153673,-1.78599,-0.00450038,0.928221,-1.76429,0.649464,0.014755,0.0168354,-0.00941625,0.0106839,-0.0207634,-0.017242,0.0137708,0.0495974,-0.000634275,0.0143062,
-0.145686,0.695266,-0.0153245,-1.78607,-0.00456939,0.928276,-1.76409,0.649461,0.0148122,0.0168474,-0.00941792,0.0106936,-0.0207621,-0.0172506,0.0137631,0.0496214,-0.000635688,0.0143231,
-0.145618,0.695228,-0.0152817,-1.78616,-0.00463842,0.928331,-1.7639,0.649459,0.0148695,0.0168593,-0.00941956,0.0107034,-0.0207607,-0.0172591,0.0137554,0.0496456,-0.000637101,0.0143399,
-0.145551,0.69519,-0.0152389,-1.78624,-0.00470749,0.928386,-1.7637,0.649456,0.0149268,0.0168713,-0.00942117,0.0107131,-0.0207592,-0.0172677,0.0137477,0.0496697,-0.000638516,0.0143567,
-0.145483,0.695153,-0.015196,-1.78632,-0.0047766,0.928441,-1.7635,0.649454,0.0149843,0.0168833,-0.00942276,0.0107229,-0.0207577,-0.0172763,0.0137399,0.0496939,-0.000639932,0.0143735,
-0.145416,0.695115,-0.015153,-1.78641,-0.00484574,0.928496,-1.7633,0.649451,0.0150418,0.0168953,-0.00942431,0.0107326,-0.0207561,-0.017285,0.0137321,0.049718,-0.000641349,0.0143903,
-0.145348,0.695077,-0.0151101,-1.78649,-0.00491491,0.928551,-1.7631,0.649449,0.0150993,0.0169073,-0.00942583,0.0107424,-0.0207545,-0.0172936,0.0137243,0.0497423,-0.000642768,0.014407,
-0.14528,0.69504,-0.0150671,-1.78657,-0.00498412,0.928606,-1.7629,0.649446,0.0151569,0.0169193,-0.00942732,0.0107522,-0.0207528,-0.0173022,0.0137165,0.0497665,-0.000644188,0.0144237,
-0.145213,0.695002,-0.015024,-1.78665,-0.00505336,0.92866,-1.7627,0.649444,0.0152146,0.0169313,-0.00942878,0.010762,-0.0207511,-0.0173109,0.0137087,0.0497908,-0.000645609,0.0144405,
-0.145145,0.694964,-0.0149809,-1.78674,-0.00512264,0.928715,-1.7625,0.649441,0.0152724,0.0169433,-0.0094302,0.0107717,-0.0207493,-0.0173195,0.0137009,0.0498151,-0.000647031,0.0144572,
-0.145077,0.694926,-0.0149378,-1.78682,-0.00519196,0.92877,-1.7623,0.649438,0.0153302,0.0169553,-0.0094316,0.0107815,-0.0207475,-0.0173282,0.013693,0.0498395,-0.000648455,0.0144738,
-0.145009,0.694889,-0.0148946,-1.7869,-0.0052613,0.928825,-1.7621,0.649436,0.0153881,0.0169674,-0.00943297,0.0107913,-0.0207457,-0.0173369,0.0136851,0.0498639,-0.00064988,0.0144905,
-0.144941,0.694851,-0.0148514,-1.78699,-0.00533069,0.928879,-1.7619,0.649433,0.0154461,0.0169794,-0.00943431,0.0108011,-0.0207437,-0.0173456,0.0136772,0.0498883,-0.000651307,0.0145072,
-0.144873,0.694813,-0.0148082,-1.78707,-0.0054001,0.928934,-1.7617,0.649431,0.0155041,0.0169915,-0.00943562,0.010811,-0.0207418,-0.0173543,0.0136693,0.0499127,-0.000652734,0.0145238,
-0.144805,0.694775,-0.0147649,-1.78715,-0.00546956,0.928989,-1.76151,0.649428,0.0155622,0.0170036,-0.00943689,0.0108208,-0.0207398,-0.0173631,0.0136613,0.0499372,-0.000654163,0.0145404,
-0.144737,0.694738,-0.0147216,-1.78723,-0.00553904,0.929043,-1.76131,0.649425,0.0156204,0.0170157,-0.00943814,0.0108306,-0.0207377,-0.0173718,0.0136533,0.0499616,-0.000655594,0.014557,
-0.144669,0.6947,-0.0146782,-1.78732,-0.00560856,0.929098,-1.76111,0.649423,0.0156786,0.0170278,-0.00943935,0.0108404,-0.0207356,-0.0173805,0.0136454,0.0499861,-0.000657026,0.0145736,
-0.144601,0.694662,-0.0146348,-1.7874,-0.00567812,0.929152,-1.76091,0.64942,0.0157369,0.0170399,-0.00944054,0.0108503,-0.0207334,-0.0173893,0.0136374,0.0500107,-0.000658459,0.0145902,
-0.144533,0.694624,-0.0145914,-1.78748,-0.00574771,0.929207,-1.76071,0.649417,0.0157953,0.017052,-0.00944169,0.0108601,-0.0207312,-0.0173981,0.0136293,0.0500353,-0.000659893,0.0146067,
-0.144465,0.694587,-0.0145479,-1.78757,-0.00581734,0.929261,-1.7605,0.649415,0.0158537,0.0170641,-0.00944282,0.01087,-0.0207289,-0.0174068,0.0136213,0.0500598,-0.000661329,0.0146232,
-0.144396,0.694549,-0.0145044,-1.78765,-0.005887,0.929316,-1.7603,0.649412,0.0159122,0.0170762,-0.00944391,0.0108798,-0.0207266,-0.0174156,0.0136132,0.0500845,-0.000662766,0.0146398,
-0.144328,0.694511,-0.0144608,-1.78773,-0.0059567,0.92937,-1.7601,0.649409,0.0159707,0.0170883,-0.00944498,0.0108897,-0.0207242,-0.0174244,0.0136051,0.0501091,-0.000664204,0.0146563,
-0.144259,0.694473,-0.0144172,-1.78782,-0.00602644,0.929425,-1.7599,0.649407,0.0160294,0.0171005,-0.00944601,0.0108996,-0.0207218,-0.0174333,0.013597,0.0501338,-0.000665644,0.0146728,
-0.144191,0.694436,-0.0143736,-1.7879,-0.0060962,0.929479,-1.7597,0.649404,0.0160881,0.0171126,-0.00944702,0.0109095,-0.0207193,-0.0174421,0.0135889,0.0501585,-0.000667086,0.0146892,
-0.144123,0.694398,-0.0143299,-1.78798,-0.00616601,0.929533,-1.7595,0.649402,0.0161468,0.0171248,-0.00944799,0.0109193,-0.0207168,-0.0174509,0.0135808,0.0501832,-0.000668528,0.0147057,
-0.144054,0.69436,-0.0142862,-1.78806,-0.00623585,0.929588,-1.7593,0.649399,0.0162056,0.017137,-0.00944894,0.0109292,-0.0207143,-0.0174598,0.0135726,0.0502079,-0.000669972,0.0147221,
-0.143985,0.694322,-0.0142424,-1.78815,-0.00630572,0.929642,-1.7591,0.649396,0.0162645,0.0171491,-0.00944985,0.0109391,-0.0207116,-0.0174686,0.0135644,0.0502327,-0.000671417,0.0147385,
-0.143917,0.694284,-0.0141986,-1.78823,-0.00637563,0.929696,-1.7589,0.649393,0.0163235,0.0171613,-0.00945073,0.010949,-0.020709,-0.0174775,0.0135562,0.0502575,-0.000672864,0.014755,
-0.143848,0.694247,-0.0141548,-1.78831,-0.00644558,0.92975,-1.7587,0.649391,0.0163825,0.0171735,-0.00945159,0.0109589,-0.0207063,-0.0174864,0.013548,0.0502823,-0.000674312,0.0147713,
-0.143779,0.694209,-0.0141109,-1.7884,-0.00651556,0.929805,-1.7585,0.649388,0.0164416,0.0171857,-0.00945241,0.0109688,-0.0207035,-0.0174952,0.0135397,0.0503071,-0.000675762,0.0147877,
-0.143711,0.694171,-0.014067,-1.78848,-0.00658557,0.929859,-1.7583,0.649385,0.0165007,0.0171979,-0.0094532,0.0109788,-0.0207007,-0.0175041,0.0135315,0.050332,-0.000677213,0.0148041,
-0.143642,0.694133,-0.0140231,-1.78856,-0.00665563,0.929913,-1.75809,0.649383,0.0165599,0.0172101,-0.00945397,0.0109887,-0.0206978,-0.017513,0.0135232,0.0503569,-0.000678665,0.0148204,
-0.143573,0.694095,-0.0139791,-1.78864,-0.00672571,0.929967,-1.75789,0.64938,0.0166192,0.0172223,-0.0094547,0.0109986,-0.0206949,-0.017522,0.0135149,0.0503818,-0.000680119,0.0148368,
-0.143504,0.694057,-0.013935,-1.78873,-0.00679584,0.930021,-1.75769,0.649377,0.0166786,0.0172346,-0.0094554,0.0110085,-0.0206919,-0.0175309,0.0135066,0.0504067,-0.000681574,0.0148531,
-0.143435,0.69402,-0.013891,-1.78881,-0.006866,0.930075,-1.75749,0.649375,0.016738,0.0172468,-0.00945608,0.0110185,-0.0206889,-0.0175398,0.0134982,0.0504317,-0.000683031,0.0148694,
-0.143366,0.693982,-0.0138468,-1.78889,-0.00693619,0.930129,-1.75729,0.649372,0.0167975,0.017259,-0.00945672,0.0110284,-0.0206858,-0.0175487,0.0134899,0.0504566,-0.000684489,0.0148857,
-0.143297,0.693944,-0.0138027,-1.78897,-0.00700642,0.930183,-1.75709,0.649369,0.016857,0.0172713,-0.00945734,0.0110384,-0.0206827,-0.0175577,0.0134815,0.0504816,-0.000685948,0.0149019,
-0.143228,0.693906,-0.0137585,-1.78906,-0.00707669,0.930237,-1.75688,0.649366,0.0169166,0.0172835,-0.00945792,0.0110483,-0.0206795,-0.0175667,0.0134731,0.0505066,-0.000687409,0.0149182,
-0.143158,0.693868,-0.0137143,-1.78914,-0.00714699,0.93029,-1.75668,0.649364,0.0169763,0.0172958,-0.00945847,0.0110583,-0.0206763,-0.0175756,0.0134647,0.0505317,-0.000688871,0.0149344,
-0.143089,0.69383,-0.01367,-1.78922,-0.00721733,0.930344,-1.75648,0.649361,0.017036,0.0173081,-0.009459,0.0110682,-0.0206731,-0.0175846,0.0134562,0.0505567,-0.000690335,0.0149507,
-0.14302,0.693793,-0.0136257,-1.78931,-0.0072877,0.930398,-1.75628,0.649358,0.0170958,0.0173203,-0.00945949,0.0110782,-0.0206697,-0.0175936,0.0134478,0.0505818,-0.0006918,0.0149669,
-0.142951,0.693755,-0.0135813,-1.78939,-0.00735811,0.930452,-1.75607,0.649355,0.0171557,0.0173326,-0.00945996,0.0110882,-0.0206664,-0.0176026,0.0134393,0.0506069,-0.000693267,0.0149831,
-0.142881,0.693717,-0.0135369,-1.78947,-0.00742856,0.930506,-1.75587,0.649352,0.0172156,0.0173449,-0.00946039,0.0110982,-0.0206629,-0.0176116,0.0134308,0.050632,-0.000694735,0.0149993,
-0.142812,0.693679,-0.0134925,-1.78955,-0.00749904,0.930559,-1.75567,0.64935,0.0172756,0.0173572,-0.0094608,0.0111082,-0.0206595,-0.0176206,0.0134223,0.0506571,-0.000696205,0.0150154,
-0.142742,0.693641,-0.013448,-1.78964,-0.00756956,0.930613,-1.75547,0.649347,0.0173357,0.0173695,-0.00946117,0.0111181,-0.020656,-0.0176296,0.0134137,0.0506823,-0.000697676,0.0150316,
-0.142673,0.693603,-0.0134035,-1.78972,-0.00764012,0.930667,-1.75526,0.649344,0.0173958,0.0173818,-0.00946152,0.0111281,-0.0206524,-0.0176386,0.0134051,0.0507074,-0.000699148,0.0150477,
-0.142603,0.693566,-0.013359,-1.7898,-0.00771071,0.93072,-1.75506,0.649341,0.017456,0.0173941,-0.00946183,0.0111381,-0.0206488,-0.0176477,0.0133966,0.0507326,-0.000700622,0.0150639,
-0.142534,0.693528,-0.0133144,-1.78988,-0.00778133,0.930774,-1.75486,0.649339,0.0175163,0.0174064,-0.00946212,0.0111481,-0.0206451,-0.0176567,0.013388,0.0507578,-0.000702098,0.01508,
-0.142464,0.69349,-0.0132697,-1.78997,-0.007852,0.930827,-1.75465,0.649336,0.0175766,0.0174187,-0.00946238,0.0111581,-0.0206414,-0.0176658,0.0133793,0.050783,-0.000703575,0.0150961,
-0.142394,0.693452,-0.0132251,-1.79005,-0.0079227,0.930881,-1.75445,0.649333,0.017637,0.0174311,-0.0094626,0.0111681,-0.0206376,-0.0176748,0.0133707,0.0508083,-0.000705053,0.0151122,
-0.142324,0.693414,-0.0131804,-1.79013,-0.00799343,0.930934,-1.75425,0.64933,0.0176974,0.0174434,-0.0094628,0.0111782,-0.0206338,-0.0176839,0.013362,0.0508335,-0.000706533,0.0151282,
-0.142255,0.693376,-0.0131356,-1.79021,-0.0080642,0.930988,-1.75404,0.649327,0.0177579,0.0174557,-0.00946297,0.0111882,-0.0206299,-0.0176929,0.0133533,0.0508588,-0.000708015,0.0151443,
-0.142185,0.693338,-0.0130908,-1.7903,-0.00813501,0.931041,-1.75384,0.649324,0.0178185,0.0174681,-0.00946311,0.0111982,-0.020626,-0.017702,0.0133446,0.0508841,-0.000709498,0.0151603,
-0.142115,0.693301,-0.013046,-1.79038,-0.00820586,0.931094,-1.75364,0.649322,0.0178791,0.0174804,-0.00946322,0.0112082,-0.020622,-0.0177111,0.0133359,0.0509094,-0.000710985,0.0151764,
-0.142045,0.693263,-0.0130011,-1.79046,-0.00827674,0.931148,-1.75343,0.649319,0.0179398,0.0174928,-0.0094633,0.0112182,-0.020618,-0.0177203,0.0133271,0.0509347,-0.000712472,0.0151924,
-0.141975,0.693225,-0.0129562,-1.79054,-0.00834765,0.931201,-1.75323,0.649316,0.0180006,0.0175051,-0.00946335,0.0112283,-0.0206139,-0.0177294,0.0133184,0.05096,-0.000713959,0.0152084,
-0.141905,0.693187,-0.0129112,-1.79063,-0.00841861,0.931254,-1.75303,0.649313,0.0180615,0.0175175,-0.00946337,0.0112383,-0.0206098,-0.0177385,0.0133096,0.0509853,-0.00071545,0.0152244,
-0.141835,0.693149,-0.0128662,-1.79071,-0.0084896,0.931307,-1.75282,0.64931,0.0181223,0.0175299,-0.00946336,0.0112484,-0.0206056,-0.0177476,0.0133008,0.0510107,-0.000716941,0.0152404,
-0.141764,0.693111,-0.0128212,-1.79079,-0.00856063,0.93136,-1.75262,0.649307,0.0181833,0.0175422,-0.00946333,0.0112584,-0.0206014,-0.0177567,0.0132919,0.0510361,-0.000718433,0.0152563,
-0.141694,0.693074,-0.0127761,-1.79087,-0.00863169,0.931414,-1.75241,0.649304,0.0182443,0.0175546,-0.00946326,0.0112684,-0.0205971,-0.0177659,0.0132831,0.0510615,-0.000719926,0.0152723,
-0.141624,0.693036,-0.012731,-1.79096,-0.00870279,0.931467,-1.75221,0.649302,0.0183054,0.017567,-0.00946316,0.0112785,-0.0205928,-0.017775,0.0132742,0.0510869,-0.00072142,0.0152882,
-0.141554,0.692998,-0.0126859,-1.79104,-0.00877393,0.93152,-1.752,0.649299,0.0183666,0.0175794,-0.00946303,0.0112886,-0.0205885,-0.0177841,0.0132653,0.0511123,-0.000722916,0.0153041,
-0.141483,0.69296,-0.0126407,-1.79112,-0.0088451,0.931573,-1.7518,0.649296,0.0184278,0.0175918,-0.00946288,0.0112986,-0.020584,-0.0177933,0.0132564,0.0511378,-0.000724413,0.01532,
-0.141413,0.692922,-0.0125954,-1.7912,-0.00891631,0.931626,-1.7516,0.649293,0.0184891,0.0176042,-0.00946269,0.0113087,-0.0205796,-0.0178024,0.0132474,0.0511633,-0.000725912,0.0153359,
-0.141342,0.692884,-0.0125506,-1.79128,-0.00899042,0.931679,-1.75139,0.64929,0.0185504,0.0175951,-0.00945735,0.01121,-0.0204933,-0.0185274,0.0133864,0.0502394,-0.000769484,0.0154585,
-0.141272,0.692846,-0.0125057,-1.79137,-0.00906569,0.931732,-1.75119,0.649287,0.0186123,0.017576,-0.00947788,0.0112256,-0.0204869,-0.0188175,0.0132966,0.0499518,-0.000785043,0.015517,
-0.141202,0.692808,-0.0124607,-1.79145,-0.00914136,0.931785,-1.751,0.649284,0.0186743,0.0175801,-0.00949578,0.0112529,-0.0204997,-0.0189179,0.0131717,0.0498838,-0.000789706,0.0155483,
-0.141131,0.69277,-0.0124156,-1.79153,-0.00921713,0.931837,-1.7508,0.649281,0.0187365,0.0175972,-0.00950617,0.0112789,-0.0205142,-0.0189425,0.0130621,0.0499014,-0.000789286,0.0155681,
-0.141061,0.692732,-0.0123704,-1.79161,-0.00929288,0.931889,-1.7506,0.649277,0.0187988,0.0176196,-0.00950992,0.0113027,-0.0205262,-0.0189374,0.0129775,0.0499543,-0.000786348,0.015583,
-0.14099,0.692694,-0.0123251,-1.7917,-0.00936856,0.931941,-1.7504,0.649274,0.0188611,0.0176437,-0.00950897,0.0113249,-0.0205351,-0.0189207,0.0129159,0.0500221,-0.000782191,0.0155959,
-0.14092,0.692656,-0.0122797,-1.79178,-0.00944416,0.931992,-1.7502,0.649271,0.0189235,0.0176678,-0.00950499,0.0113455,-0.0205412,-0.0188996,0.0128721,0.0500961,-0.000777528,0.0156082,
-0.140849,0.692618,-0.0122342,-1.79186,-0.00951967,0.932044,-1.74999,0.649268,0.0189859,0.0176912,-0.00949926,0.0113649,-0.0205452,-0.0188771,0.0128415,0.0501723,-0.000772761,0.0156203,
-0.140778,0.69258,-0.0121887,-1.79194,-0.00959509,0.932095,-1.74979,0.649265,0.0190484,0.0177136,-0.00949264,0.0113832,-0.0205476,-0.0188544,0.0128203,0.0502489,-0.000768119,0.0156326,
-0.140707,0.692542,-0.0121431,-1.79202,-0.00967041,0.932146,-1.74959,0.649262,0.0191109,0.017735,-0.00948567,0.0114005,-0.0205487,-0.0188321,0.0128058,0.0503251,-0.00076373,0.0156452,
-0.140636,0.692504,-0.0120974,-1.79211,-0.00974566,0.932198,-1.74939,0.649259,0.0191735,0.0177554,-0.00947871,0.0114169,-0.0205488,-0.0188104,0.012796,0.0504003,-0.000759663,0.0156582,
-0.140565,0.692467,-0.0120517,-1.79219,-0.00982081,0.932249,-1.74919,0.649256,0.0192362,0.0177749,-0.00947197,0.0114325,-0.020548,-0.0187894,0.0127894,0.0504744,-0.000755948,0.0156716,
-0.140494,0.692429,-0.0120059,-1.79227,-0.00989589,0.9323,-1.74899,0.649253,0.0192988,0.0177935,-0.00946555,0.0114473,-0.0205466,-0.0187693,0.0127853,0.050547,-0.000752595,0.0156853,
-0.140423,0.692391,-0.01196,-1.79235,-0.00997089,0.932351,-1.74878,0.64925,0.0193616,0.0178112,-0.00945952,0.0114614,-0.0205446,-0.01875,0.0127829,0.0506181,-0.000749598,0.0156995,
-0.140351,0.692353,-0.0119141,-1.79243,-0.0100458,0.932402,-1.74858,0.649247,0.0194244,0.0178283,-0.0094539,0.011475,-0.0205421,-0.0187316,0.0127818,0.0506878,-0.000746945,0.0157141,
-0.14028,0.692315,-0.0118682,-1.79252,-0.0101207,0.932453,-1.74838,0.649244,0.0194872,0.0178446,-0.00944869,0.011488,-0.0205392,-0.0187141,0.0127815,0.0507559,-0.000744619,0.015729,
-0.140208,0.692277,-0.0118222,-1.7926,-0.0101955,0.932504,-1.74818,0.649241,0.0195502,0.0178604,-0.00944385,0.0115005,-0.0205359,-0.0186974,0.0127819,0.0508225,-0.000742601,0.0157442,
-0.140137,0.69224,-0.0117761,-1.79268,-0.0102702,0.932555,-1.74797,0.649238,0.0196131,0.0178756,-0.00943938,0.0115126,-0.0205323,-0.0186817,0.0127826,0.0508875,-0.000740869,0.0157598,
-0.140065,0.692202,-0.01173,-1.79276,-0.0103449,0.932607,-1.74777,0.649235,0.0196762,0.0178903,-0.00943525,0.0115243,-0.0205284,-0.0186667,0.0127837,0.050951,-0.000739405,0.0157756,
-0.139994,0.692164,-0.0116839,-1.79285,-0.0104195,0.932658,-1.74756,0.649232,0.0197393,0.0179045,-0.00943142,0.0115357,-0.0205242,-0.0186526,0.0127849,0.051013,-0.000738188,0.0157917,
-0.139922,0.692127,-0.0116377,-1.79293,-0.010494,0.932709,-1.74736,0.649229,0.0198024,0.0179184,-0.00942787,0.0115467,-0.0205198,-0.0186393,0.0127862,0.0510735,-0.000737199,0.015808,
-0.13985,0.692089,-0.0115915,-1.79301,-0.0105685,0.93276,-1.74716,0.649226,0.0198657,0.0179319,-0.00942458,0.0115575,-0.0205152,-0.0186268,0.0127875,0.0511326,-0.000736421,0.0158246,
-0.139779,0.692051,-0.0115452,-1.79309,-0.010643,0.932811,-1.74695,0.649223,0.019929,0.0179451,-0.0094215,0.011568,-0.0205103,-0.0186151,0.0127888,0.0511903,-0.000735837,0.0158414,
-0.139707,0.692013,-0.0114989,-1.79317,-0.0107174,0.932862,-1.74675,0.64922,0.0199923,0.017958,-0.00941863,0.0115783,-0.0205053,-0.0186042,0.0127899,0.0512466,-0.000735432,0.0158583,
-0.139635,0.691976,-0.0114525,-1.79326,-0.0107918,0.932914,-1.74654,0.649217,0.0200558,0.0179706,-0.00941593,0.0115885,-0.0205001,-0.018594,0.0127908,0.0513016,-0.00073519,0.0158754,
-0.139563,0.691938,-0.0114062,-1.79334,-0.0108661,0.932965,-1.74633,0.649214,0.0201193,0.017983,-0.00941339,0.0115984,-0.0204948,-0.0185845,0.0127915,0.0513553,-0.000735098,0.0158926,
-0.139491,0.691901,-0.0113597,-1.79342,-0.0109404,0.933016,-1.74613,0.649211,0.0201828,0.0179953,-0.00941098,0.0116082,-0.0204893,-0.0185757,0.012792,0.0514077,-0.000735144,0.01591,
-0.139419,0.691863,-0.0113132,-1.7935,-0.0110147,0.933067,-1.74592,0.649208,0.0202465,0.0180073,-0.0094087,0.0116179,-0.0204837,-0.0185676,0.0127923,0.0514589,-0.000735316,0.0159275,
-0.139347,0.691825,-0.0112667,-1.79358,-0.0110889,0.933118,-1.74572,0.649205,0.0203102,0.0180192,-0.00940651,0.0116275,-0.020478,-0.0185602,0.0127922,0.0515089,-0.000735603,0.015945,
-0.139275,0.691788,-0.0112202,-1.79367,-0.0111632,0.933169,-1.74551,0.649202,0.020374,0.018031,-0.00940442,0.0116369,-0.0204722,-0.0185533,0.0127919,0.0515578,-0.000735996,0.0159627,
-0.139203,0.69175,-0.0111736,-1.79375,-0.0112373,0.933221,-1.7453,0.6492,0.0204378,0.0180426,-0.0094024,0.0116463,-0.0204663,-0.0185471,0.0127913,0.0516056,-0.000736484,0.0159804,
-0.13913,0.691712,-0.011127,-1.79383,-0.0113115,0.933272,-1.7451,0.649197,0.0205017,0.0180541,-0.00940045,0.0116557,-0.0204603,-0.0185415,0.0127904,0.0516523,-0.00073706,0.0159981,
-0.139058,0.691675,-0.0110803,-1.79391,-0.0113857,0.933323,-1.74489,0.649194,0.0205657,0.0180656,-0.00939855,0.0116649,-0.0204542,-0.0185365,0.0127891,0.051698,-0.000737717,0.0160159,
-0.138986,0.691637,-0.0110336,-1.79399,-0.0114598,0.933374,-1.74468,0.649191,0.0206298,0.018077,-0.00939669,0.0116741,-0.020448,-0.018532,0.0127876,0.0517427,-0.000738446,0.0160338,
-0.138913,0.6916,-0.0109869,-1.79407,-0.0115339,0.933425,-1.74448,0.649188,0.0206939,0.0180883,-0.00939486,0.0116833,-0.0204418,-0.0185281,0.0127857,0.0517865,-0.000739241,0.0160516,
-0.138841,0.691562,-0.0109401,-1.79416,-0.011608,0.933476,-1.74427,0.649185,0.0207581,0.0180996,-0.00939306,0.0116925,-0.0204355,-0.0185246,0.0127835,0.0518294,-0.000740096,0.0160695,
-0.138769,0.691525,-0.0108933,-1.79424,-0.0116821,0.933527,-1.74406,0.649182,0.0208224,0.0181108,-0.00939128,0.0117016,-0.0204291,-0.0185217,0.012781,0.0518714,-0.000741007,0.0160874,
-0.138696,0.691487,-0.0108465,-1.79432,-0.0117562,0.933579,-1.74385,0.649179,0.0208868,0.018122,-0.00938951,0.0117107,-0.0204227,-0.0185192,0.0127782,0.0519126,-0.000741966,0.0161053,
-0.138624,0.691449,-0.0107996,-1.7944,-0.0118302,0.93363,-1.74365,0.649176,0.0209512,0.0181331,-0.00938775,0.0117198,-0.0204162,-0.0185172,0.0127751,0.051953,-0.000742971,0.0161232,
-0.138551,0.691412,-0.0107527,-1.79448,-0.0119043,0.933681,-1.74344,0.649173,0.0210157,0.0181442,-0.00938598,0.0117288,-0.0204097,-0.0185156,0.0127717,0.0519925,-0.000744017,0.016141,
-0.138478,0.691374,-0.0107057,-1.79456,-0.0119783,0.933732,-1.74323,0.64917,0.0210802,0.0181553,-0.00938422,0.0117379,-0.0204031,-0.0185145,0.012768,0.0520314,-0.0007451,0.0161589,
-0.138406,0.691337,-0.0106587,-1.79465,-0.0120524,0.933783,-1.74302,0.649167,0.0211449,0.0181664,-0.00938244,0.011747,-0.0203965,-0.0185137,0.012764,0.0520696,-0.000746216,0.0161767,
-0.138333,0.691299,-0.0106117,-1.79473,-0.0121265,0.933834,-1.74281,0.649164,0.0212096,0.0181775,-0.00938066,0.011756,-0.0203898,-0.0185134,0.0127598,0.0521071,-0.000747362,0.0161945,
-0.13826,0.691262,-0.0105647,-1.79481,-0.0122005,0.933885,-1.74261,0.649161,0.0212744,0.0181886,-0.00937885,0.0117651,-0.0203831,-0.0185134,0.0127552,0.0521439,-0.000748535,0.0162122,
-0.138187,0.691224,-0.0105176,-1.79489,-0.0122746,0.933936,-1.7424,0.649158,0.0213392,0.0181998,-0.00937704,0.0117743,-0.0203764,-0.018513,0.0127502,0.0521816,-0.000749669,0.0162298,
-0.138115,0.691187,-0.0104704,-1.79497,-0.0123486,0.933987,-1.74219,0.649155,0.0214041,0.0182109,-0.00937516,0.0117834,-0.0203696,-0.0185134,0.0127453,0.0522177,-0.000750867,0.0162474,
-0.138042,0.691149,-0.0104233,-1.79505,-0.0124227,0.934038,-1.74198,0.649152,0.0214691,0.018222,-0.00937326,0.0117924,-0.0203627,-0.0185144,0.0127402,0.0522529,-0.000752102,0.016265,
-0.137969,0.691112,-0.010376,-1.79513,-0.0124967,0.934089,-1.74177,0.649149,0.0215342,0.0182331,-0.00937136,0.0118015,-0.0203558,-0.0185158,0.0127348,0.0522875,-0.000753363,0.0162826,
-0.137896,0.691074,-0.0103288,-1.79522,-0.0125708,0.93414,-1.74156,0.649146,0.0215993,0.0182441,-0.00936943,0.0118106,-0.0203488,-0.0185175,0.0127292,0.0523215,-0.000754644,0.0163002,
-0.137823,0.691037,-0.0102815,-1.7953,-0.0126449,0.934191,-1.74135,0.649143,0.0216645,0.0182552,-0.00936748,0.0118197,-0.0203418,-0.0185195,0.0127232,0.052355,-0.000755941,0.0163177,
-0.13775,0.690999,-0.0102342,-1.79538,-0.012719,0.934241,-1.74114,0.64914,0.0217298,0.0182664,-0.00936551,0.0118289,-0.0203348,-0.0185218,0.0127171,0.052388,-0.000757252,0.0163352,
-0.137677,0.690962,-0.0101869,-1.79546,-0.0127931,0.934292,-1.74093,0.649137,0.0217951,0.0182775,-0.00936351,0.011838,-0.0203278,-0.0185244,0.0127107,0.0524205,-0.000758574,0.0163526,
-0.137603,0.690924,-0.0101395,-1.79554,-0.0128672,0.934343,-1.74072,0.649134,0.0218605,0.0182886,-0.00936147,0.0118472,-0.0203207,-0.0185272,0.0127041,0.0524526,-0.000759906,0.01637,
-0.13753,0.690887,-0.010092,-1.79562,-0.0129413,0.934394,-1.74051,0.649131,0.021926,0.0182998,-0.00935941,0.0118564,-0.0203135,-0.0185303,0.0126973,0.0524844,-0.000761247,0.0163873,
-0.137457,0.69085,-0.0100446,-1.7957,-0.0130154,0.934445,-1.7403,0.649128,0.0219916,0.018311,-0.00935731,0.0118656,-0.0203064,-0.0185336,0.0126903,0.0525157,-0.000762596,0.0164045,
-0.137384,0.690812,-0.00999708,-1.79579,-0.0130896,0.934495,-1.74009,0.649125,0.0220572,0.0183222,-0.00935517,0.0118749,-0.0202992,-0.0185372,0.0126831,0.0525467,-0.000763952,0.0164218,
-0.13731,0.690775,-0.00994955,-1.79587,-0.0131637,0.934546,-1.73988,0.649122,0.0221229,0.0183334,-0.009353,0.0118841,-0.020292,-0.018541,0.0126757,0.0525773,-0.000765313,0.0164389,
-0.137237,0.690737,-0.00990197,-1.79595,-0.0132379,0.934597,-1.73967,0.649119,0.0221886,0.0183447,-0.00935079,0.0118934,-0.0202847,-0.0185449,0.0126682,0.0526076,-0.000766679,0.016456,
-0.137164,0.6907,-0.00985436,-1.79603,-0.0133121,0.934647,-1.73946,0.649116,0.0222545,0.0183559,-0.00934854,0.0119027,-0.0202774,-0.0185491,0.0126606,0.0526376,-0.00076805,0.0164731,
-0.13709,0.690663,-0.00980671,-1.79611,-0.0133863,0.934698,-1.73925,0.649112,0.0223203,0.0183672,-0.00934625,0.011912,-0.02027,-0.0185535,0.0126528,0.0526673,-0.000769425,0.0164901,
-0.137017,0.690625,-0.00975903,-1.79619,-0.0134606,0.934749,-1.73904,0.649109,0.0223863,0.0183785,-0.00934393,0.0119213,-0.0202627,-0.0185581,0.0126448,0.0526968,-0.000770804,0.016507,
-0.136943,0.690588,-0.00971131,-1.79627,-0.0135348,0.934799,-1.73883,0.649106,0.0224523,0.0183899,-0.00934157,0.0119307,-0.0202553,-0.0185628,0.0126367,0.0527259,-0.000772185,0.0165239,
-0.136869,0.69055,-0.00966355,-1.79635,-0.0136091,0.93485,-1.73862,0.649103,0.0225184,0.0184012,-0.00933917,0.0119401,-0.0202478,-0.0185677,0.0126285,0.0527548,-0.00077357,0.0165408,
-0.136796,0.690513,-0.00961575,-1.79643,-0.0136834,0.9349,-1.73841,0.6491,0.0225846,0.0184126,-0.00933674,0.0119495,-0.0202403,-0.0185728,0.0126202,0.0527835,-0.000774957,0.0165576,
-0.136722,0.690476,-0.00956791,-1.79651,-0.0137577,0.934951,-1.73819,0.649097,0.0226508,0.018424,-0.00933426,0.0119589,-0.0202328,-0.018578,0.0126117,0.052812,-0.000776346,0.0165744,
-0.136648,0.690438,-0.00952004,-1.7966,-0.013832,0.935001,-1.73798,0.649094,0.0227171,0.0184354,-0.00933175,0.0119683,-0.0202252,-0.0185834,0.0126032,0.0528402,-0.000777736,0.0165911,
-0.136575,0.690401,-0.00947213,-1.79668,-0.0139064,0.935051,-1.73777,0.649091,0.0227835,0.0184468,-0.0093292,0.0119777,-0.0202176,-0.0185889,0.0125945,0.0528682,-0.000779129,0.0166077,
-0.136501,0.690364,-0.00942418,-1.79676,-0.0139808,0.935102,-1.73756,0.649088,0.0228499,0.0184582,-0.00932662,0.0119872,-0.02021,-0.0185945,0.0125857,0.0528961,-0.000780523,0.0166243,
-0.136427,0.690327,-0.00937619,-1.79684,-0.0140552,0.935152,-1.73735,0.649085,0.0229164,0.0184697,-0.00932399,0.0119966,-0.0202023,-0.0186003,0.0125769,0.0529237,-0.000781919,0.0166409,
-0.136353,0.690289,-0.00932817,-1.79692,-0.0141296,0.935202,-1.73714,0.649081,0.022983,0.0184812,-0.00932133,0.0120061,-0.0201946,-0.0186062,0.0125679,0.0529512,-0.000783316,0.0166574,
-0.136279,0.690252,-0.00928011,-1.797,-0.014204,0.935253,-1.73692,0.649078,0.0230496,0.0184927,-0.00931863,0.0120156,-0.0201869,-0.0186122,0.0125589,0.0529785,-0.000784714,0.0166739,
-0.136205,0.690215,-0.00923201,-1.79708,-0.0142785,0.935303,-1.73671,0.649075,0.0231163,0.0185042,-0.0093159,0.0120251,-0.0201791,-0.0186184,0.0125497,0.0530057,-0.000786113,0.0166904,
-0.136131,0.690177,-0.00918387,-1.79716,-0.014353,0.935353,-1.7365,0.649072,0.0231831,0.0185157,-0.00931313,0.0120347,-0.0201713,-0.0186246,0.0125405,0.0530327,-0.000787514,0.0167068,
-0.136057,0.69014,-0.00913569,-1.79724,-0.0144275,0.935403,-1.73629,0.649069,0.0232499,0.0185273,-0.00931032,0.0120442,-0.0201634,-0.018631,0.0125313,0.0530596,-0.000788915,0.0167231,
-0.135983,0.690103,-0.00908747,-1.79732,-0.0145021,0.935453,-1.73608,0.649066,0.0233168,0.0185389,-0.00930747,0.0120538,-0.0201555,-0.0186374,0.0125219,0.0530863,-0.000790317,0.0167394,
-0.135908,0.690066,-0.00903922,-1.7974,-0.0145767,0.935503,-1.73586,0.649063,0.0233837,0.0185504,-0.00930459,0.0120633,-0.0201475,-0.018644,0.0125125,0.053113,-0.000791721,0.0167557,
-0.135834,0.690029,-0.00899093,-1.79748,-0.0146513,0.935553,-1.73565,0.649059,0.0234508,0.018562,-0.00930168,0.0120729,-0.0201395,-0.0186506,0.012503,0.0531395,-0.000793125,0.016772,
-0.13576,0.689991,-0.0089426,-1.79756,-0.0147259,0.935603,-1.73544,0.649056,0.0235179,0.0185736,-0.00929873,0.0120825,-0.0201315,-0.0186574,0.0124935,0.0531659,-0.00079453,0.0167882,
-0.135686,0.689954,-0.00889423,-1.79764,-0.0148005,0.935653,-1.73523,0.649053,0.023585,0.0185853,-0.00929574,0.0120921,-0.0201234,-0.0186642,0.0124839,0.0531922,-0.000795936,0.0168044,
-0.135611,0.689917,-0.00884582,-1.79773,-0.0148752,0.935703,-1.73501,0.64905,0.0236522,0.0185969,-0.00929272,0.0121017,-0.0201153,-0.0186711,0.0124743,0.0532184,-0.000797343,0.0168205,
-0.135537,0.68988,-0.00879738,-1.79781,-0.0149499,0.935753,-1.7348,0.649047,0.0237195,0.0186086,-0.00928966,0.0121113,-0.0201072,-0.0186781,0.0124645,0.0532445,-0.000798751,0.0168366,
-0.135462,0.689843,-0.0087489,-1.79789,-0.0150247,0.935803,-1.73459,0.649043,0.0237869,0.0186202,-0.00928657,0.012121,-0.020099,-0.0186852,0.0124548,0.0532705,-0.000800161,0.0168527,
-0.135388,0.689806,-0.00870037,-1.79797,-0.0150994,0.935852,-1.73437,0.64904,0.0238543,0.0186319,-0.00928344,0.0121306,-0.0200907,-0.0186923,0.012445,0.0532964,-0.000801574,0.0168687,
-0.135313,0.689768,-0.00865181,-1.79805,-0.0151742,0.935902,-1.73416,0.649037,0.0239217,0.0186436,-0.00928028,0.0121402,-0.0200824,-0.0186995,0.0124351,0.0533223,-0.000802985,0.0168848,
-0.135237,0.689732,-0.00859821,-1.79813,-0.0152646,0.935949,-1.73398,0.649034,0.0239893,0.0189534,-0.00906512,0.0133998,-0.0197494,-0.0225863,0.011609,0.0442223,-0.00118069,0.0158632,
-0.135159,0.689696,-0.00854459,-1.7982,-0.0153696,0.935991,-1.73382,0.649029,0.0240527,0.0195018,-0.0091045,0.0134061,-0.0197713,-0.0262631,0.01052,0.0410507,-0.00132408,0.0154984,
-0.13508,0.689659,-0.00849146,-1.79828,-0.0154838,0.93603,-1.73366,0.649024,0.0241147,0.0198155,-0.0091799,0.0132831,-0.0199069,-0.0285284,0.00974957,0.0399166,-0.00136282,0.0154514,
-0.135,0.689622,-0.00843876,-1.79836,-0.0156025,0.936067,-1.7335,0.649018,0.0241765,0.0199575,-0.00923328,0.0131734,-0.020048,-0.0296979,0.00923947,0.0396872,-0.00134846,0.0155609,
-0.13492,0.689585,-0.00838711,-1.79845,-0.0157203,0.936103,-1.73333,0.649013,0.0242388,0.019962,-0.00929287,0.012913,-0.0202284,-0.0294323,0.009008,0.0415226,-0.00123974,0.0158843,
-0.13484,0.689548,-0.00833144,-1.79853,-0.0158103,0.936134,-1.73313,0.649008,0.0243023,0.020096,-0.00930874,0.0139184,-0.0210444,-0.0225024,0.00779788,0.0507634,-0.000788862,0.0151147,
-0.134759,0.689511,-0.00827604,-1.79861,-0.0158886,0.936168,-1.73291,0.649005,0.0243628,0.0203506,-0.00908947,0.0138489,-0.021097,-0.0195729,0.00857223,0.0542258,-0.000595065,0.0149116,
-0.134676,0.689476,-0.00821772,-1.7987,-0.0159795,0.936205,-1.73273,0.649002,0.0244224,0.0206237,-0.00872428,0.0145798,-0.0205564,-0.022739,0.00921679,0.0464865,-0.00088393,0.0142046,
-0.134592,0.689442,-0.00816102,-1.79878,-0.0160816,0.936242,-1.73255,0.648999,0.0244792,0.0209134,-0.00870613,0.0141751,-0.0204228,-0.0255232,0.00936301,0.0449369,-0.000944284,0.0142722,
-0.134508,0.689406,-0.00810225,-1.79886,-0.0161652,0.936277,-1.73234,0.648995,0.0245363,0.0210887,-0.00879681,0.0146923,-0.0210923,-0.0208831,0.00852426,0.0528841,-0.000578874,0.0137357,
-0.134423,0.689372,-0.00804439,-1.79895,-0.0162405,0.936314,-1.73211,0.648993,0.0245913,0.0212277,-0.00867102,0.0144668,-0.0211246,-0.0188263,0.00933865,0.0559049,-0.000426759,0.0137098,
-0.134338,0.689338,-0.00798371,-1.79903,-0.0163297,0.936353,-1.73192,0.648991,0.0246461,0.0214021,-0.00837642,0.0151691,-0.0205898,-0.0223095,0.00988209,0.0478698,-0.000745134,0.0130946,
-0.134251,0.689305,-0.007924,-1.79911,-0.0164324,0.936392,-1.73174,0.648988,0.0246985,0.0216747,-0.00838113,0.0149267,-0.0204318,-0.0256675,0.00975413,0.0450592,-0.000872246,0.0130691,
-0.134163,0.689271,-0.00786257,-1.7992,-0.0165159,0.936427,-1.73153,0.648985,0.0247508,0.0218685,-0.0085401,0.0153583,-0.0211782,-0.0208792,0.00874205,0.0537819,-0.000484651,0.012567,
-0.134075,0.689237,-0.00780168,-1.79928,-0.0166107,0.936467,-1.73133,0.648983,0.024801,0.0220358,-0.00833447,0.0152229,-0.0207114,-0.0237071,0.00977742,0.0484478,-0.000690285,0.0125365,
-0.133987,0.689204,-0.00774,-1.79936,-0.0166906,0.936504,-1.73111,0.64898,0.0248512,0.022147,-0.00842641,0.0154195,-0.021205,-0.0199785,0.00927453,0.0555029,-0.000379248,0.012255,
-0.133898,0.68917,-0.00767973,-1.79945,-0.0167638,0.936544,-1.73088,0.648978,0.0249002,0.0221495,-0.00834293,0.0150685,-0.0211762,-0.0182845,0.010178,0.058221,-0.00025497,0.0124297,
-0.133809,0.689138,-0.00761675,-1.79953,-0.0168516,0.936587,-1.73068,0.648977,0.0249499,0.0222166,-0.00808817,0.0157444,-0.0206106,-0.0219555,0.010681,0.0498342,-0.000600137,0.0119318,
-0.13372,0.689105,-0.00755503,-1.79961,-0.0169535,0.936629,-1.73049,0.648975,0.0249976,0.0224113,-0.0081345,0.0154289,-0.0204334,-0.0254692,0.0105098,0.0468679,-0.000746021,0.0120345,
-0.133629,0.689072,-0.00749184,-1.7997,-0.017036,0.936667,-1.73027,0.648972,0.0250458,0.0225315,-0.008332,0.0157992,-0.0211807,-0.0206241,0.00947683,0.0557303,-0.000363685,0.0116514,
-0.133539,0.689039,-0.00742946,-1.79978,-0.0171301,0.936709,-1.73007,0.648971,0.0250924,0.0226282,-0.00815504,0.0155945,-0.02069,-0.0235393,0.0105098,0.0502521,-0.000583574,0.0117452,
-0.133448,0.689006,-0.00736647,-1.79986,-0.0172091,0.936749,-1.72984,0.648968,0.0251394,0.0226732,-0.00827475,0.0157458,-0.0211805,-0.019735,0.00999537,0.0574169,-0.000276555,0.0115691,
-0.133357,0.688974,-0.00730382,-1.79995,-0.0173011,0.936793,-1.72963,0.648967,0.0251856,0.0227087,-0.00808967,0.0156624,-0.0206354,-0.0230179,0.0109882,0.0511391,-0.000534326,0.0116357,
-0.133266,0.688941,-0.00724075,-1.80003,-0.0173791,0.936835,-1.7294,0.648965,0.0252322,0.0227468,-0.00822986,0.0157684,-0.0211124,-0.0194798,0.0104369,0.058125,-0.000242047,0.0115006,
-0.133175,0.688909,-0.00717654,-1.80011,-0.0174704,0.936879,-1.7292,0.648964,0.0252782,0.0228522,-0.00802553,0.0160529,-0.0205931,-0.0228295,0.0109838,0.0510145,-0.000538723,0.0112626,
-0.133083,0.688876,-0.007115,-1.8002,-0.0175722,0.936923,-1.729,0.648962,0.0253232,0.0228786,-0.00812312,0.0153851,-0.0204464,-0.025467,0.0111512,0.0498587,-0.00060934,0.0117686,
-0.132992,0.688843,-0.00705174,-1.80028,-0.0176533,0.936964,-1.72876,0.648959,0.0253703,0.0228202,-0.0082912,0.0158142,-0.0211205,-0.0202701,0.0103038,0.0583425,-0.000245859,0.0115302,
-0.132901,0.68881,-0.00699005,-1.80036,-0.0177253,0.937009,-1.72852,0.648958,0.0254164,0.0227686,-0.00822421,0.0154217,-0.0211081,-0.0179928,0.0111893,0.0615247,-0.000108353,0.0118168,
-0.13281,0.688778,-0.00692586,-1.80045,-0.017812,0.937056,-1.72831,0.648958,0.0254637,0.0227787,-0.00797444,0.01605,-0.0204943,-0.0216673,0.0117032,0.0528451,-0.000470745,0.0114339,
-0.132718,0.688746,-0.00686315,-1.80053,-0.0179131,0.937102,-1.72811,0.648956,0.0255094,0.0229165,-0.00803693,0.0156752,-0.0202852,-0.0252749,0.0115227,0.0497018,-0.00063172,0.0116589,
-0.132627,0.688713,-0.00680317,-1.80061,-0.0180202,0.937148,-1.72791,0.648954,0.0255561,0.0227837,-0.00821878,0.0149948,-0.0202994,-0.0267763,0.0115263,0.0502543,-0.000630799,0.0123579,
-0.132537,0.68868,-0.00674066,-1.80069,-0.0181021,0.93719,-1.72767,0.648951,0.0256055,0.0226675,-0.00838067,0.0156291,-0.021051,-0.0204933,0.0105435,0.0594402,-0.000232833,0.012062,
-0.132446,0.688647,-0.00667958,-1.80078,-0.0181734,0.937236,-1.72742,0.64895,0.0256537,0.0226342,-0.00829167,0.0152705,-0.0210393,-0.0178083,0.011442,0.0628375,-8.30717e-05,0.0123256,
-0.132355,0.688615,-0.00661592,-1.80086,-0.0182591,0.937284,-1.7272,0.64895,0.0257031,0.0226614,-0.00802371,0.0159153,-0.0204016,-0.021432,0.0119762,0.0540313,-0.000448442,0.0119268,
-0.132264,0.688582,-0.00655372,-1.80094,-0.0183593,0.937331,-1.727,0.648948,0.0257508,0.022813,-0.00807767,0.0155486,-0.0201795,-0.025061,0.0118028,0.0508037,-0.000612622,0.0121421,
-0.132173,0.688549,-0.00649007,-1.80102,-0.0184389,0.937374,-1.72676,0.648946,0.0257993,0.0228914,-0.00828926,0.0159139,-0.0209454,-0.0198835,0.0107936,0.0600839,-0.000221523,0.0118353,
-0.13208,0.688517,-0.00642594,-1.8011,-0.0185309,0.93742,-1.72654,0.648945,0.0258467,0.0230338,-0.00808072,0.0160308,-0.0204201,-0.0230021,0.0114603,0.0533502,-0.000498221,0.0117034,
-0.131988,0.688484,-0.00636474,-1.80119,-0.0186325,0.937467,-1.72633,0.648943,0.0258935,0.0230172,-0.0081735,0.0153001,-0.0202611,-0.0254107,0.0117453,0.0524666,-0.000554745,0.0123097,
-0.131897,0.688451,-0.00630165,-1.80127,-0.0187117,0.937511,-1.72609,0.648941,0.0259427,0.0229224,-0.00832769,0.0157717,-0.0209426,-0.0198043,0.0109718,0.0612718,-0.000177417,0.0120913,
-0.131805,0.688418,-0.00623932,-1.80135,-0.018803,0.937559,-1.72587,0.64894,0.0259911,0.0229261,-0.00813428,0.015584,-0.0203575,-0.0228026,0.0120666,0.0550281,-0.000431939,0.0122901,
-0.131713,0.688385,-0.00617643,-1.80143,-0.018878,0.937606,-1.72562,0.648938,0.0260402,0.0229187,-0.00826609,0.0157234,-0.0208416,-0.0187612,0.0115598,0.062418,-0.000125797,0.0121991,
-0.131621,0.688353,-0.0061123,-1.80152,-0.0189669,0.937654,-1.7254,0.648938,0.026089,0.0230077,-0.00804777,0.0160308,-0.0202667,-0.0222249,0.0120753,0.0547623,-0.000446383,0.0119815,
-0.131529,0.688321,-0.0060499,-1.8016,-0.0190692,0.937702,-1.72519,0.648936,0.026137,0.0230864,-0.00810984,0.0155999,-0.0200558,-0.0255666,0.0119745,0.0518914,-0.000592842,0.0123117,
-0.131436,0.688287,-0.00598579,-1.80168,-0.0191485,0.937746,-1.72495,0.648933,0.0261862,0.0231172,-0.00831308,0.0160282,-0.0208535,-0.0198414,0.0109714,0.0616654,-0.00017938,0.0120072,
-0.131344,0.688255,-0.00592297,-1.80176,-0.0192401,0.937794,-1.72472,0.648933,0.0262342,0.0231466,-0.00813292,0.0157048,-0.0202819,-0.0228918,0.0121092,0.0557498,-0.000420499,0.0122709,
-0.131251,0.688222,-0.00585961,-1.80184,-0.0193149,0.937841,-1.72447,0.648931,0.0262833,0.0231157,-0.00826319,0.01584,-0.0207771,-0.0187076,0.0116473,0.0633248,-0.000105744,0.0122008,
-0.131159,0.68819,-0.00579508,-1.80192,-0.0194038,0.93789,-1.72425,0.648931,0.0263321,0.0231865,-0.00804064,0.0161316,-0.0201859,-0.0222119,0.0121895,0.0555474,-0.000430149,0.0120075,
-0.131066,0.688157,-0.00573237,-1.802,-0.0195062,0.937938,-1.72404,0.648929,0.0263802,0.0232466,-0.008104,0.0156783,-0.0199649,-0.0256072,0.0120989,0.0526102,-0.000579604,0.0123681,
-0.130973,0.688124,-0.00566796,-1.80209,-0.0195853,0.937982,-1.72379,0.648927,0.0264296,0.0232603,-0.0083098,0.0161037,-0.0207716,-0.0197734,0.0111096,0.0625363,-0.000160715,0.0120798,
-0.13088,0.688091,-0.00560495,-1.80217,-0.0196768,0.938031,-1.72356,0.648926,0.026478,0.023273,-0.0081303,0.0157526,-0.0201861,-0.022876,0.012265,0.0565269,-0.000405439,0.012376,
-0.130787,0.688059,-0.00554419,-1.80225,-0.0197775,0.938082,-1.72334,0.648924,0.0265275,0.0230999,-0.00820671,0.0151883,-0.0199646,-0.0251838,0.0125215,0.0548885,-0.000493836,0.0130155,
-0.130695,0.688025,-0.00548148,-1.80233,-0.019855,0.938128,-1.72309,0.648922,0.0265795,0.0229651,-0.0083697,0.0156794,-0.0206483,-0.0193683,0.0116909,0.0638218,-0.000118067,0.0128244,
-0.130603,0.687992,-0.00541955,-1.80241,-0.0199451,0.938179,-1.72286,0.648922,0.0266308,0.0229483,-0.00818031,0.0154815,-0.020033,-0.0225239,0.0127129,0.0571791,-0.000391925,0.013052,
-0.130512,0.687959,-0.00535973,-1.80249,-0.0200448,0.93823,-1.72264,0.64892,0.026683,0.0228078,-0.0082635,0.0149548,-0.0198146,-0.0249289,0.0128285,0.0553619,-0.000492587,0.0136435,
-0.130421,0.687926,-0.00529788,-1.80257,-0.0201214,0.938278,-1.72238,0.648918,0.0267376,0.0227034,-0.00843384,0.0154621,-0.0205119,-0.0191456,0.0119254,0.0642769,-0.000120729,0.0134189,
-0.13033,0.687893,-0.00523486,-1.80265,-0.0202107,0.938328,-1.72215,0.648918,0.0267913,0.022817,-0.0081997,0.0157551,-0.019928,-0.0223232,0.0123894,0.0565826,-0.000439636,0.0132027,
-0.130239,0.68786,-0.00517355,-1.80273,-0.0203131,0.938377,-1.72194,0.648916,0.0268441,0.0229009,-0.00825024,0.0153287,-0.0197084,-0.02559,0.0122477,0.053642,-0.000587849,0.0135331,
-0.130147,0.687826,-0.00511026,-1.80281,-0.0203909,0.938422,-1.72168,0.648914,0.0268982,0.0229444,-0.00844194,0.0158223,-0.0205448,-0.019449,0.0112358,0.0638551,-0.000156136,0.0131754,
-0.130054,0.687793,-0.00504651,-1.80289,-0.0204814,0.938469,-1.72146,0.648913,0.0269509,0.0230923,-0.00819977,0.0159369,-0.0199621,-0.0226315,0.0119186,0.0566395,-0.000448519,0.0130367,
-0.129962,0.68776,-0.00498601,-1.80297,-0.0205818,0.938518,-1.72123,0.648911,0.0270031,0.0230584,-0.00828993,0.0151251,-0.019783,-0.0251037,0.0122495,0.0557713,-0.000505102,0.0137069,
-0.12987,0.687726,-0.00492347,-1.80305,-0.0206582,0.938564,-1.72097,0.648909,0.0270579,0.0229361,-0.00843518,0.0156352,-0.0204915,-0.0190993,0.0115348,0.06499,-0.000113072,0.0134807,
-0.129779,0.687693,-0.00486182,-1.80313,-0.0207475,0.938615,-1.72074,0.648909,0.0271118,0.0229237,-0.00822982,0.0154111,-0.0198556,-0.022336,0.0126532,0.0582171,-0.000387335,0.0137093,
-0.129688,0.68766,-0.00480234,-1.80321,-0.0208467,0.938666,-1.72051,0.648907,0.0271667,0.0227758,-0.00830612,0.0148707,-0.0196261,-0.0247868,0.0128142,0.0563486,-0.000487875,0.0143051,
-0.129597,0.687626,-0.00474076,-1.80329,-0.0209222,0.938714,-1.72025,0.648905,0.0272239,0.0226663,-0.00847037,0.0153958,-0.0203327,-0.0188694,0.011946,0.0654159,-0.000109249,0.0140625,
-0.129506,0.687593,-0.00467792,-1.80337,-0.0210107,0.938764,-1.72002,0.648905,0.0272801,0.0227851,-0.00822679,0.0157085,-0.0197317,-0.0221326,0.0123967,0.0574735,-0.000436449,0.0138177,
-0.129414,0.68756,-0.00461682,-1.80345,-0.0211127,0.938813,-1.71981,0.648903,0.0273354,0.0228761,-0.00827617,0.0152766,-0.0195058,-0.0255038,0.012235,0.0544046,-0.000589682,0.0141357,
-0.129323,0.687526,-0.00455368,-1.80353,-0.0211896,0.938858,-1.71955,0.648901,0.0273919,0.0229242,-0.00846829,0.0157846,-0.0203623,-0.0192259,0.0112307,0.0648303,-0.000149591,0.0137544,
-0.12923,0.687494,-0.00449005,-1.80361,-0.0212796,0.938905,-1.71932,0.6489,0.027447,0.0230792,-0.00821983,0.0159071,-0.0197662,-0.0224973,0.011896,0.057403,-0.000449071,0.0135939,
-0.129138,0.68746,-0.00442978,-1.80369,-0.0213797,0.938954,-1.71909,0.648898,0.0275013,0.0230453,-0.00831311,0.0150673,-0.0195855,-0.0250293,0.0122274,0.0565286,-0.000505608,0.014273,
-0.129046,0.687426,-0.00436741,-1.80377,-0.0214553,0.939,-1.71883,0.648896,0.0275584,0.0229178,-0.00845768,0.0155921,-0.020308,-0.0188959,0.0115252,0.0659062,-0.000107201,0.0140325,
-0.128954,0.687394,-0.00430394,-1.80385,-0.0215441,0.939049,-1.7186,0.648896,0.0276146,0.0230175,-0.00819844,0.0158683,-0.0196825,-0.0221889,0.0121155,0.0579031,-0.00043093,0.013815,
-0.128862,0.68736,-0.0042438,-1.80393,-0.0216435,0.939098,-1.71837,0.648894,0.0276698,0.0229966,-0.00829857,0.0150353,-0.0194935,-0.0248643,0.012374,0.056825,-0.000499272,0.0144766,
-0.128771,0.687327,-0.0041816,-1.80401,-0.0217187,0.939145,-1.7181,0.648892,0.0277277,0.0228766,-0.00845358,0.015551,-0.0202212,-0.0187877,0.011636,0.0661916,-0.000104067,0.0142344,
-0.128679,0.687294,-0.00411824,-1.80409,-0.0218072,0.939193,-1.71787,0.648892,0.0277847,0.0229812,-0.00819891,0.0158391,-0.0195973,-0.0221379,0.0121756,0.0580876,-0.000433079,0.0140043,
-0.128587,0.687261,-0.00405673,-1.80416,-0.0219096,0.939242,-1.71765,0.64889,0.0278407,0.0230528,-0.00824644,0.0153774,-0.0193565,-0.025597,0.0120614,0.0549358,-0.000587505,0.0143485,
-0.128494,0.687227,-0.00399317,-1.80424,-0.0219862,0.939286,-1.71739,0.648888,0.0278981,0.0230829,-0.00843887,0.0158893,-0.0202272,-0.0191486,0.0110962,0.065615,-0.000136614,0.0139705,
-0.128402,0.687194,-0.00392917,-1.80432,-0.0220762,0.939333,-1.71716,0.648887,0.0279539,0.0232258,-0.00818599,0.0159998,-0.0196106,-0.0224995,0.0117819,0.0579991,-0.000441716,0.013819,
-0.128309,0.687161,-0.00386871,-1.8044,-0.0221765,0.939382,-1.71693,0.648885,0.0280092,0.0231735,-0.00828523,0.0151164,-0.0194227,-0.0250781,0.0121384,0.0571442,-0.000497109,0.0145355,
-0.128217,0.687127,-0.00380612,-1.80448,-0.0222517,0.939428,-1.71666,0.648883,0.0280674,0.0230248,-0.00843191,0.0156467,-0.0201552,-0.0187972,0.0114616,0.0667035,-9.18028e-05,0.0143031,
-0.128124,0.687095,-0.00374242,-1.80456,-0.0223404,0.939476,-1.71643,0.648883,0.0281246,0.0231146,-0.00816949,0.0159256,-0.0195114,-0.0221709,0.0120467,0.0584765,-0.000423343,0.0140863,
-0.128032,0.687062,-0.00368064,-1.80464,-0.0224431,0.939524,-1.71621,0.648881,0.0281809,0.0231718,-0.00821661,0.0154447,-0.0192589,-0.0256769,0.0119561,0.0552684,-0.00057935,0.0144513,
-0.127939,0.687028,-0.0036168,-1.80472,-0.0225195,0.939568,-1.71594,0.648879,0.0282387,0.0231894,-0.00841019,0.0159598,-0.0201384,-0.0191077,0.0110126,0.0661206,-0.000121821,0.0140782,
-0.127846,0.686995,-0.00355468,-1.80479,-0.0226094,0.939617,-1.7157,0.648879,0.028295,0.0232048,-0.00820937,0.0155293,-0.0194898,-0.022472,0.0122621,0.0595943,-0.000380313,0.0143984,
-0.127754,0.686962,-0.00349503,-1.80487,-0.0227091,0.939667,-1.71547,0.648877,0.0283526,0.0230013,-0.00828695,0.0149142,-0.0192431,-0.0249339,0.0125331,0.0577745,-0.000474489,0.0150752,
-0.127663,0.686929,-0.00343315,-1.80495,-0.0227836,0.939714,-1.7152,0.648875,0.0284129,0.0228457,-0.00844603,0.0154688,-0.0199719,-0.0186195,0.0117403,0.067282,-7.73396e-05,0.0148374,
-0.127571,0.686896,-0.00336997,-1.80503,-0.0228718,0.939763,-1.71497,0.648875,0.0284723,0.0229478,-0.00818787,0.0157946,-0.0193267,-0.0220518,0.0121943,0.0588233,-0.000421463,0.0145822,
-0.127479,0.686863,-0.00330867,-1.8051,-0.0229744,0.939811,-1.71475,0.648873,0.0285306,0.0230268,-0.00824122,0.0153251,-0.0190807,-0.0256393,0.0120114,0.0555075,-0.00058453,0.0149237,
-0.127386,0.686829,-0.00324525,-1.80518,-0.0230504,0.939855,-1.71448,0.648871,0.0285903,0.0230619,-0.00843975,0.0158563,-0.0199803,-0.0190039,0.0110288,0.0664797,-0.000124002,0.014526,
-0.127294,0.686796,-0.00318135,-1.80526,-0.0231403,0.939901,-1.71425,0.64887,0.0286484,0.0232131,-0.00818199,0.0159742,-0.0193485,-0.022467,0.0116817,0.0586001,-0.000438872,0.0143587,
-0.127201,0.686763,-0.00312114,-1.80534,-0.0232407,0.93995,-1.71401,0.648869,0.0287058,0.0231594,-0.00828778,0.0150525,-0.0191602,-0.0251165,0.0120312,0.0577559,-0.000494282,0.0150987,
-0.127109,0.686729,-0.00305873,-1.80542,-0.0233154,0.939995,-1.71374,0.648867,0.0287662,0.0230031,-0.00843494,0.0156033,-0.0199118,-0.0186575,0.0113648,0.0675391,-8.09347e-05,0.0148563,
-0.127017,0.686697,-0.00299513,-1.8055,-0.0234039,0.940043,-1.71351,0.648866,0.0288257,0.0230971,-0.00816492,0.0159004,-0.0192505,-0.0221381,0.0119234,0.059019,-0.000422758,0.0146197,
-0.126924,0.686664,-0.00293349,-1.80557,-0.023507,0.94009,-1.71329,0.648865,0.0288841,0.0231598,-0.00821339,0.015408,-0.0189924,-0.0257709,0.0118014,0.0556709,-0.000584542,0.0149851,
-0.126831,0.68663,-0.00286972,-1.80565,-0.023583,0.940133,-1.71302,0.648862,0.0289441,0.0231808,-0.00840904,0.0159435,-0.0198994,-0.01901,0.0108587,0.0668237,-0.000115892,0.0145921,
-0.126738,0.686598,-0.00280552,-1.80573,-0.0236731,0.94018,-1.71278,0.648862,0.0290025,0.0233228,-0.00814682,0.0160504,-0.0192525,-0.0225195,0.0115409,0.0588327,-0.000433516,0.0144357,
-0.126645,0.686565,-0.00274512,-1.8058,-0.0237739,0.940227,-1.71255,0.64886,0.0290602,0.0232552,-0.00825565,0.0150987,-0.0190583,-0.0251932,0.0119163,0.0580129,-0.00048753,0.0152043,
-0.126553,0.686531,-0.00268251,-1.80588,-0.0238484,0.940272,-1.71228,0.648858,0.029121,0.0230837,-0.00840349,0.0156531,-0.0198153,-0.0186332,0.0112718,0.0679212,-6.95315e-05,0.0149699,
-0.12646,0.686499,-0.00261871,-1.80596,-0.0239371,0.94032,-1.71204,0.648858,0.0291809,0.0231701,-0.00813124,0.0159501,-0.0191414,-0.022164,0.0118347,0.0592619,-0.000416136,0.0147374,
-0.126367,0.686466,-0.00255693,-1.80604,-0.0240405,0.940366,-1.71182,0.648856,0.0292398,0.0232264,-0.00818238,0.0154442,-0.0188771,-0.0258573,0.0117093,0.0558507,-0.00058067,0.015116,
-0.126274,0.686432,-0.00249299,-1.80611,-0.0241165,0.94041,-1.71155,0.648854,0.0293003,0.0232412,-0.008381,0.015985,-0.0197957,-0.0189923,0.010773,0.0671643,-0.000106427,0.0147235,
-0.12618,0.6864,-0.00242864,-1.80619,-0.0242067,0.940455,-1.71131,0.648853,0.0293592,0.0233799,-0.00811729,0.0160877,-0.0191384,-0.0225541,0.0114555,0.0590525,-0.000428294,0.0145711,
-0.126087,0.686367,-0.0023682,-1.80627,-0.0243077,0.940503,-1.71108,0.648852,0.0294175,0.0233044,-0.0082307,0.0151108,-0.0189416,-0.0252574,0.0118379,0.0582499,-0.000481871,0.0153624,
-0.125995,0.686333,-0.00230551,-1.80635,-0.0243821,0.940548,-1.71081,0.64885,0.0294789,0.0231229,-0.00837996,0.0156718,-0.0197062,-0.0186024,0.0112046,0.0682775,-5.98205e-05,0.0151316,
-0.125902,0.686301,-0.00224162,-1.80642,-0.0244709,0.940595,-1.71057,0.648849,0.0295395,0.023206,-0.00810542,0.0159728,-0.0190217,-0.0221842,0.0117622,0.0594773,-0.000411467,0.0148984,
-0.125809,0.686268,-0.0021798,-1.8065,-0.0245746,0.940641,-1.71035,0.648848,0.0295991,0.02326,-0.0081588,0.0154567,-0.018753,-0.0259388,0.0116264,0.0560012,-0.000578887,0.0152858,
-0.125716,0.686235,-0.00211577,-1.80658,-0.0246505,0.940684,-1.71008,0.648846,0.0296602,0.0232723,-0.00835979,0.0160053,-0.0196842,-0.0189732,0.0106931,0.0674719,-9.92271e-05,0.0148902,
-0.125623,0.686202,-0.00205376,-1.80665,-0.0247407,0.940732,-1.70983,0.648845,0.0297198,0.0232763,-0.00815626,0.0155036,-0.0189985,-0.0225495,0.0119928,0.0606152,-0.000367469,0.0152609,
-0.125531,0.686169,-0.0019944,-1.80673,-0.0248412,0.940781,-1.7096,0.648844,0.0297808,0.0230385,-0.00824312,0.014839,-0.0187381,-0.02512,0.0122668,0.0587129,-0.000464731,0.015997,
-0.125439,0.686136,-0.00193267,-1.8068,-0.024915,0.940827,-1.70932,0.648842,0.0298448,0.0228575,-0.00840486,0.0154327,-0.0194997,-0.0184425,0.0114914,0.0686655,-5.22906e-05,0.0157521,
-0.125347,0.686103,-0.00186951,-1.80688,-0.0250033,0.940874,-1.70909,0.648842,0.0299078,0.0229616,-0.00813374,0.0157909,-0.0188178,-0.0220785,0.0118983,0.0596349,-0.000416681,0.0154693,
-0.125255,0.68607,-0.00180833,-1.80695,-0.0251069,0.940921,-1.70886,0.64884,0.0299697,0.023046,-0.00819201,0.015294,-0.0185589,-0.0259119,0.011657,0.0560539,-0.000591036,0.0158226,
-0.125163,0.686037,-0.0017476,-1.80703,-0.0251881,0.940965,-1.70859,0.648838,0.030033,0.0229419,-0.00844864,0.0151843,-0.0193227,-0.020298,0.0110339,0.0668721,-0.00015775,0.0159953,
-0.125072,0.686004,-0.00168544,-1.80711,-0.0252814,0.941011,-1.70836,0.648837,0.030097,0.022906,-0.00821437,0.0155381,-0.0187403,-0.0233226,0.011567,0.0588169,-0.000473474,0.015857,
-0.12498,0.685971,-0.00162516,-1.80718,-0.0253879,0.941057,-1.70814,0.648835,0.0301604,0.0229143,-0.00826894,0.0150703,-0.0185082,-0.0266201,0.0114089,0.0556933,-0.000621384,0.0162716,
-0.124888,0.685937,-0.00156214,-1.80726,-0.025464,0.941099,-1.70787,0.648833,0.0302255,0.0229372,-0.0084509,0.0157552,-0.0194884,-0.019035,0.0104129,0.0676614,-0.000117698,0.0157851,
-0.124796,0.685904,-0.00150113,-1.80733,-0.0255541,0.941146,-1.70762,0.648832,0.0302886,0.0229769,-0.0082255,0.0152536,-0.0187917,-0.0225199,0.0117451,0.0608049,-0.000381238,0.0161259,
-0.124705,0.685871,-0.00144271,-1.80741,-0.0256543,0.941194,-1.70739,0.648831,0.0303531,0.0227599,-0.00829711,0.0146052,-0.0185264,-0.025053,0.0120378,0.0588991,-0.000475638,0.0168319,
-0.124615,0.685837,-0.00138174,-1.80748,-0.0257272,0.941239,-1.70711,0.648829,0.0304204,0.0226015,-0.00844462,0.015241,-0.019299,-0.0182314,0.0112813,0.0689944,-5.62652e-05,0.0165361,
-0.124524,0.685804,-0.00131921,-1.80756,-0.0258149,0.941286,-1.70687,0.648828,0.0304866,0.0227352,-0.00815775,0.0156343,-0.0186071,-0.0219242,0.0116829,0.0597752,-0.00042571,0.0161986,
-0.124433,0.685771,-0.0012586,-1.80763,-0.0259183,0.941331,-1.70665,0.648827,0.0305514,0.022848,-0.00820835,0.015151,-0.0183469,-0.0258357,0.011427,0.0561024,-0.000602581,0.0165126,
-0.124342,0.685738,-0.00119842,-1.80771,-0.025999,0.941375,-1.70638,0.648824,0.0306174,0.0227633,-0.00846178,0.0150452,-0.0191228,-0.0201681,0.0108146,0.0670664,-0.000163785,0.01666,
-0.124251,0.685705,-0.00113671,-1.80778,-0.0260919,0.94142,-1.70614,0.648824,0.0306841,0.0227444,-0.00821824,0.0154267,-0.0185366,-0.0232387,0.0113414,0.0588663,-0.000483251,0.0164818,
-0.12416,0.685672,-0.00107684,-1.80786,-0.0261983,0.941465,-1.70592,0.648822,0.03075,0.0227712,-0.00826849,0.0149674,-0.0183051,-0.026596,0.0111686,0.0556748,-0.000632848,0.0168682,
-0.124068,0.685638,-0.00101412,-1.80793,-0.0262738,0.941505,-1.70565,0.648819,0.0308175,0.0228118,-0.00844619,0.0156809,-0.0193047,-0.0188832,0.0101747,0.0678363,-0.000121387,0.01634,
-0.123977,0.685605,-0.000953428,-1.80801,-0.0263636,0.941552,-1.70541,0.648819,0.0308828,0.0228667,-0.00821431,0.0151731,-0.0186003,-0.0224305,0.011521,0.0608796,-0.000386863,0.0166634,
-0.123886,0.685572,-0.000895335,-1.80808,-0.0264636,0.941599,-1.70517,0.648817,0.0309495,0.0226561,-0.0082837,0.0145233,-0.0183339,-0.0249992,0.0118132,0.0589472,-0.000481268,0.0173571,
-0.123796,0.685538,-0.000834609,-1.80816,-0.0265359,0.941643,-1.70489,0.648815,0.0310189,0.0225052,-0.00842746,0.0151816,-0.0191188,-0.0180751,0.0110626,0.0691782,-5.65447e-05,0.0170324,
-0.123706,0.685506,-0.000772231,-1.80823,-0.0266232,0.941689,-1.70465,0.648815,0.031087,0.0226526,-0.00813246,0.0155944,-0.0184185,-0.0218326,0.0114565,0.0597894,-0.000431138,0.0166619,
-0.123614,0.685473,-0.000711783,-1.8083,-0.0267265,0.941734,-1.70443,0.648813,0.0311537,0.0227787,-0.00818102,0.015112,-0.0181568,-0.0258196,0.011185,0.0560407,-0.000610406,0.0169567,
-0.123524,0.685439,-0.000651775,-1.80838,-0.0268068,0.941776,-1.70416,0.648811,0.0312215,0.0227006,-0.00843552,0.015002,-0.0189439,-0.0200935,0.0105776,0.0671587,-0.000166159,0.0170944,
-0.123433,0.685406,-0.000590178,-1.80845,-0.0268997,0.94182,-1.70393,0.64881,0.0312899,0.0226873,-0.00818625,0.0153993,-0.0183527,-0.0232074,0.0111031,0.0588291,-0.000489112,0.0168939,
-0.123342,0.685374,-0.00053042,-1.80853,-0.0270061,0.941864,-1.7037,0.648808,0.0313575,0.0227218,-0.00823516,0.0149395,-0.0181204,-0.0266192,0.0109193,0.0555825,-0.000640153,0.0172683,
-0.123251,0.68534,-0.00046772,-1.8086,-0.0270813,0.941904,-1.70343,0.648806,0.0314265,0.0227707,-0.00841106,0.0156749,-0.0191375,-0.0187779,0.00992665,0.0679396,-0.000121172,0.0167121,
-0.12316,0.685307,-0.000408979,-1.80868,-0.027151,0.94195,-1.70315,0.648805,0.0314934,0.0227072,-0.0083011,0.0146853,-0.0189075,-0.0174261,0.0115118,0.0701754,-1.76201e-05,0.0173812,
-0.12307,0.685275,-0.000346949,-1.80875,-0.027237,0.941997,-1.70291,0.648805,0.0315629,0.0225967,-0.00802312,0.0155075,-0.0182023,-0.0215211,0.0117516,0.0599315,-0.000426671,0.0169542,
-0.122979,0.685242,-0.000286617,-1.80882,-0.0273399,0.942042,-1.70269,0.648803,0.0316307,0.0227112,-0.00809864,0.0150829,-0.0179559,-0.0257265,0.0113097,0.0559347,-0.000621273,0.0172196,
-0.122888,0.685209,-0.000228353,-1.80889,-0.0274536,0.942086,-1.70247,0.648801,0.0316996,0.0225939,-0.00826029,0.0145661,-0.0179009,-0.0284251,0.0109256,0.0541618,-0.000716849,0.0178003,
-0.122798,0.685175,-0.000166114,-1.80897,-0.0275312,0.942124,-1.7022,0.648798,0.0317708,0.0225931,-0.0084506,0.0155598,-0.0190451,-0.0193862,0.00968169,0.0674755,-0.000155504,0.0171359,
-0.122707,0.685143,-0.000106073,-1.80904,-0.0276218,0.942169,-1.70196,0.648797,0.0318394,0.0226787,-0.00820545,0.0150102,-0.01834,-0.0226446,0.0110542,0.0607377,-0.000406616,0.0174612,
-0.122617,0.685109,-4.73373e-05,-1.80912,-0.0276972,0.942213,-1.70168,0.648796,0.0319092,0.0225123,-0.00833808,0.014684,-0.0187115,-0.0188556,0.0110669,0.0684653,-9.89174e-05,0.0177986,
-0.122527,0.685077,1.39004e-05,-1.80919,-0.027787,0.942258,-1.70145,0.648795,0.0319804,0.0224613,-0.00808443,0.0153094,-0.0180769,-0.0224407,0.0113485,0.0592143,-0.000465556,0.0174683,
-0.122437,0.685044,7.34273e-05,-1.80926,-0.0278919,0.942302,-1.70123,0.648794,0.0320503,0.0225483,-0.00815103,0.0148817,-0.017848,-0.0262297,0.0109749,0.0556018,-0.000638862,0.0177695,
-0.122347,0.685011,0.000132749,-1.80934,-0.0279724,0.942343,-1.70096,0.648791,0.0321213,0.0224729,-0.00841102,0.0148305,-0.0186758,-0.0201242,0.0102878,0.0671392,-0.000178532,0.0178688,
-0.122257,0.684978,0.000193796,-1.80941,-0.0280652,0.942387,-1.70072,0.64879,0.0321928,0.0224806,-0.00815081,0.0152618,-0.0180798,-0.0232071,0.0107956,0.0586673,-0.000504364,0.0176267,
-0.122167,0.684945,0.000253057,-1.80948,-0.0281718,0.942429,-1.7005,0.648788,0.0322633,0.0225376,-0.00819468,0.0148152,-0.0178476,-0.026649,0.0105863,0.0553632,-0.000656084,0.0179709,
-0.122077,0.684912,0.000315436,-1.80956,-0.0282462,0.942467,-1.70023,0.648786,0.0323352,0.0226105,-0.00836487,0.0155947,-0.0188895,-0.0186137,0.00958753,0.0679892,-0.000126287,0.0173608,
-0.121986,0.684879,0.000375708,-1.80963,-0.0283354,0.942511,-1.69999,0.648785,0.0324046,0.0226945,-0.00812044,0.0150679,-0.0181665,-0.0222847,0.0109693,0.0608284,-0.000395372,0.0176583,
-0.121896,0.684846,0.000434553,-1.8097,-0.0284102,0.942555,-1.69971,0.648784,0.0324753,0.0225311,-0.00826545,0.0147114,-0.0185402,-0.0186952,0.0109766,0.0685002,-9.2942e-05,0.0180047,
-0.121806,0.684814,0.00049595,-1.80977,-0.0284997,0.9426,-1.69947,0.648783,0.0325473,0.0224789,-0.0080169,0.0153492,-0.0179088,-0.0223862,0.0112259,0.0591174,-0.000465612,0.0176615,
-0.121716,0.684782,0.000555615,-1.80985,-0.0286047,0.942643,-1.69925,0.648781,0.0326179,0.0225687,-0.0080892,0.0149162,-0.0176842,-0.0262521,0.0108202,0.0554498,-0.000641887,0.01796,
-0.121626,0.684748,0.000615044,-1.80992,-0.0286851,0.942684,-1.69898,0.648779,0.0326898,0.0224923,-0.00835489,0.0148573,-0.0185238,-0.0201032,0.0101203,0.0671175,-0.000177816,0.0180622,
-0.121536,0.684716,0.000676225,-1.80999,-0.028778,0.942726,-1.69875,0.648778,0.032762,0.022499,-0.00809301,0.0152951,-0.017925,-0.0232232,0.0106213,0.0585481,-0.000506768,0.0178137,
-0.121446,0.684683,0.000735597,-1.81006,-0.0288849,0.942768,-1.69853,0.648776,0.0328333,0.0225566,-0.00813798,0.0148432,-0.0176927,-0.0267079,0.0103981,0.0552072,-0.000659717,0.0181589,
-0.121355,0.68465,0.000798146,-1.81014,-0.0289591,0.942805,-1.69826,0.648773,0.0329059,0.0226315,-0.00830824,0.0156373,-0.0187486,-0.0185676,0.00939492,0.0679969,-0.000124048,0.0175353,
-0.121264,0.684618,0.000858532,-1.81021,-0.0290483,0.942848,-1.69801,0.648773,0.0329761,0.022717,-0.00806168,0.0150963,-0.0180189,-0.0222816,0.0107881,0.0607723,-0.000394526,0.017838,
-0.121174,0.684585,0.000917462,-1.81028,-0.0291229,0.942892,-1.69774,0.648771,0.0330474,0.0225495,-0.00820751,0.0147325,-0.0183948,-0.0186663,0.0108002,0.0685149,-8.97053e-05,0.0181908,
-0.121084,0.684553,0.000978983,-1.81035,-0.0292125,0.942936,-1.6975,0.648771,0.0331202,0.0224953,-0.00795551,0.0153802,-0.0177579,-0.0223946,0.0110497,0.0590272,-0.000465594,0.017841,
-0.120994,0.684521,0.00103875,-1.81042,-0.0293177,0.942978,-1.69728,0.648769,0.0331915,0.0225864,-0.00802823,0.0149427,-0.0175319,-0.0263045,0.0106344,0.0553196,-0.000643214,0.0181406,
-0.120904,0.684488,0.00109827,-1.8105,-0.0293981,0.943018,-1.69701,0.648767,0.0332641,0.0225086,-0.00829604,0.0148795,-0.0183801,-0.0200913,0.00993481,0.0671271,-0.000174502,0.0182461,
-0.120814,0.684456,0.00115957,-1.81057,-0.029491,0.94306,-1.69678,0.648766,0.0333371,0.0225148,-0.00803057,0.0153244,-0.0177761,-0.0232405,0.0104406,0.0584641,-0.000506166,0.0179924,
-0.120723,0.684424,0.00121904,-1.81064,-0.0295981,0.943101,-1.69656,0.648764,0.0334091,0.0225734,-0.00807562,0.0148679,-0.0175421,-0.0267637,0.0102111,0.0550874,-0.000660225,0.0183395,
-0.120633,0.684391,0.00128175,-1.81071,-0.0296722,0.943138,-1.69629,0.648761,0.0334824,0.0226509,-0.00824529,0.015677,-0.0186105,-0.018519,0.00920879,0.0680373,-0.000118903,0.0177032,
-0.120542,0.684358,0.00134031,-1.81079,-0.0297409,0.943181,-1.69601,0.648761,0.0335532,0.0226101,-0.00812655,0.0146414,-0.018369,-0.0171766,0.010846,0.0703023,-1.1873e-05,0.0183716,
-0.120452,0.684327,0.00140238,-1.81086,-0.0298266,0.943225,-1.69577,0.648761,0.0336267,0.0225112,-0.00783072,0.0155156,-0.0176424,-0.0214306,0.0110892,0.0596523,-0.000432665,0.0178904,
-0.120362,0.684295,0.00146273,-1.81093,-0.0299299,0.943268,-1.69555,0.648759,0.0336983,0.0226472,-0.00790427,0.0150876,-0.0173912,-0.0258127,0.0106132,0.0554907,-0.000632199,0.0181329,
-0.120271,0.684263,0.00152097,-1.811,-0.0300444,0.943309,-1.69533,0.648756,0.0337708,0.0225403,-0.0080679,0.0145607,-0.0173391,-0.0286304,0.0102002,0.0536437,-0.000729354,0.0187073,
-0.120181,0.68423,0.00158348,-1.81107,-0.030121,0.943344,-1.69506,0.648753,0.0338456,0.0225574,-0.00825317,0.0156284,-0.0185354,-0.0191683,0.00895905,0.067571,-0.000145594,0.0179725,
-0.120091,0.684197,0.00164193,-1.81114,-0.0301905,0.943387,-1.69478,0.648753,0.0339175,0.022545,-0.00812262,0.0146115,-0.0183146,-0.0173577,0.0105723,0.0702257,-1.95563e-05,0.0186108,
-0.120001,0.684166,0.00170384,-1.81121,-0.0302765,0.94343,-1.69454,0.648753,0.033992,0.0224597,-0.0078113,0.0154781,-0.0175739,-0.0215098,0.0108689,0.0595953,-0.000436034,0.0181251,
-0.119911,0.684135,0.00176405,-1.81128,-0.0303799,0.943472,-1.69432,0.648751,0.0340645,0.0226001,-0.00787568,0.0150523,-0.0173136,-0.0258547,0.0104264,0.0554439,-0.000632921,0.018363,
-0.119821,0.684103,0.00182217,-1.81135,-0.0304946,0.943512,-1.69411,0.648749,0.0341379,0.0224964,-0.00803386,0.0145289,-0.0172562,-0.0286556,0.0100361,0.0536026,-0.000728424,0.0189324,
-0.119731,0.68407,0.00188463,-1.81143,-0.030571,0.943547,-1.69384,0.648746,0.0342137,0.0225197,-0.00821393,0.0156159,-0.0184576,-0.0191029,0.00881185,0.0676371,-0.000140161,0.0181789,
-0.11964,0.684037,0.00194498,-1.8115,-0.0306313,0.943588,-1.69354,0.648745,0.0342864,0.0226124,-0.00805347,0.015088,-0.0184842,-0.0150766,0.0101085,0.0728469,9.62701e-05,0.0183654,
-0.119549,0.684007,0.00200882,-1.81157,-0.030711,0.94363,-1.6933,0.648745,0.0343598,0.0226991,-0.00765495,0.0159586,-0.0176024,-0.0199195,0.0106381,0.060733,-0.000375251,0.0176884,
-0.119458,0.683976,0.00207071,-1.81164,-0.030811,0.943671,-1.69308,0.648744,0.0344306,0.0229277,-0.00770214,0.0154736,-0.0172835,-0.025006,0.0102735,0.0559177,-0.000600645,0.0178591,
-0.119366,0.683945,0.00213028,-1.81171,-0.0309242,0.943711,-1.69286,0.648742,0.034502,0.0228518,-0.00786809,0.0148928,-0.0172059,-0.0283111,0.00992013,0.053745,-0.000711816,0.018423,
-0.119275,0.683912,0.00219385,-1.81178,-0.0310005,0.943746,-1.69259,0.648739,0.0345757,0.0228618,-0.00806681,0.0158913,-0.0183962,-0.0190768,0.00875849,0.0676778,-0.000130722,0.0177295,
-0.119184,0.68388,0.00225314,-1.81185,-0.0310702,0.943788,-1.69231,0.648738,0.0346466,0.0228199,-0.00795058,0.0148232,-0.018166,-0.0174052,0.0104094,0.0702749,-7.9558e-06,0.0184208,
-0.119093,0.68385,0.00231587,-1.81192,-0.0311568,0.943831,-1.69207,0.648738,0.0347203,0.0227058,-0.00764781,0.0156831,-0.0174169,-0.0216506,0.0107099,0.0595011,-0.000429969,0.0179615,
-0.119002,0.683819,0.0023768,-1.81199,-0.031261,0.943872,-1.69185,0.648736,0.0347922,0.0228251,-0.00772353,0.0152314,-0.0171521,-0.0260701,0.0102563,0.0553001,-0.000629415,0.018235,
-0.118911,0.683787,0.00243553,-1.81206,-0.0313767,0.943911,-1.69164,0.648734,0.0348651,0.0226989,-0.00789244,0.0146821,-0.0170921,-0.0289141,0.00985707,0.0534443,-0.000725996,0.0188434,
-0.11882,0.683755,0.00249864,-1.81213,-0.0314535,0.943946,-1.69137,0.648731,0.0349405,0.0227056,-0.00807884,0.0157796,-0.0183087,-0.0191996,0.00863342,0.0677121,-0.000130172,0.0180999,
-0.118729,0.683723,0.00255957,-1.81221,-0.0315139,0.943985,-1.69107,0.64873,0.0350129,0.0227868,-0.00792157,0.0152313,-0.0183339,-0.0151008,0.00994886,0.0730259,0.000110047,0.0183105,
-0.118637,0.683693,0.00262397,-1.81228,-0.0315939,0.944027,-1.69083,0.648731,0.0350861,0.0228616,-0.00752148,0.0161005,-0.0174365,-0.0200107,0.010492,0.0607441,-0.000367151,0.0176461,
-0.118545,0.683663,0.00268636,-1.81235,-0.0316946,0.944068,-1.69061,0.648729,0.0351567,0.0230804,-0.00757384,0.0155965,-0.01711,-0.0251724,0.0101214,0.0558632,-0.000595398,0.017841,
-0.118453,0.683632,0.00274634,-1.81241,-0.0318087,0.944107,-1.69039,0.648727,0.0352281,0.0229911,-0.00774645,0.0149963,-0.0170291,-0.0285263,0.00976148,0.0536638,-0.000708021,0.0184341,
-0.118361,0.6836,0.00281038,-1.81249,-0.0318853,0.944141,-1.69012,0.648724,0.0353018,0.0229916,-0.00794867,0.0160088,-0.0182343,-0.0191392,0.0086041,0.0678194,-0.000119787,0.0177441,
-0.118269,0.683569,0.00287002,-1.81256,-0.0319551,0.944182,-1.68984,0.648724,0.0353728,0.022941,-0.00783506,0.0149098,-0.0179965,-0.0174653,0.0102767,0.0704376,3.6327e-06,0.0184661,
-0.118178,0.683539,0.00293311,-1.81263,-0.0320422,0.944225,-1.6896,0.648724,0.0354466,0.0228153,-0.0075312,0.0157742,-0.0172365,-0.0217603,0.0105824,0.0595297,-0.000422962,0.0180176,
-0.118086,0.683508,0.00299435,-1.8127,-0.0321471,0.944265,-1.68938,0.648722,0.0355187,0.0229275,-0.0076109,0.0153096,-0.0169666,-0.0262365,0.0101193,0.0552762,-0.000624785,0.0183105,
-0.117995,0.683477,0.00305334,-1.81276,-0.0322636,0.944304,-1.68917,0.64872,0.035592,0.0227918,-0.0077848,0.0147464,-0.0169046,-0.0291172,0.00971096,0.0533983,-0.000722633,0.0189421,
-0.117904,0.683445,0.00311679,-1.81284,-0.0323406,0.944338,-1.6889,0.648717,0.0356677,0.0227935,-0.00797276,0.0158635,-0.0181371,-0.0192421,0.00849133,0.0678897,-0.000119636,0.0181951,
-0.117812,0.683414,0.003178,-1.81291,-0.0324009,0.944377,-1.6886,0.648716,0.0357405,0.0228735,-0.00781506,0.0153029,-0.018162,-0.0150742,0.00982512,0.0732982,0.000124004,0.0184174,
-0.117721,0.683384,0.00324273,-1.81298,-0.0324811,0.944419,-1.68836,0.648717,0.0358142,0.0229459,-0.00741036,0.0161803,-0.0172505,-0.020051,0.0103756,0.0608402,-0.000359223,0.0177521,
-0.117628,0.683355,0.00330539,-1.81305,-0.0325822,0.944459,-1.68814,0.648715,0.0358852,0.023164,-0.00746524,0.0156651,-0.016918,-0.0252904,0.00999389,0.0558848,-0.000590711,0.0179587,
-0.117536,0.683324,0.0033656,-1.81311,-0.032697,0.944497,-1.68792,0.648713,0.035957,0.0230695,-0.00764217,0.0150524,-0.0168351,-0.0286965,0.00962298,0.0536505,-0.00070514,0.0185691,
-0.117444,0.683293,0.00342993,-1.81318,-0.0327737,0.944531,-1.68765,0.64871,0.0360313,0.0230674,-0.00784581,0.0160828,-0.0180561,-0.019165,0.00847032,0.0680179,-0.000110205,0.0178737,
-0.117351,0.683262,0.00349186,-1.81326,-0.0328342,0.94457,-1.68736,0.64871,0.0361028,0.0231185,-0.00770389,0.0154845,-0.0180806,-0.0151187,0.00981854,0.073401,0.000130666,0.0181417,
-0.117258,0.683233,0.00355729,-1.81333,-0.0329149,0.944612,-1.68711,0.64871,0.0361754,0.023166,-0.00730816,0.0163552,-0.0171654,-0.0201777,0.0103565,0.0608236,-0.000357736,0.0175013,
-0.117165,0.683203,0.00362056,-1.81339,-0.0330168,0.944652,-1.68689,0.648709,0.0362454,0.0233655,-0.00737307,0.0158176,-0.0168311,-0.0254813,0.00995605,0.0558251,-0.000591764,0.0177401,
-0.117072,0.683173,0.00368129,-1.81346,-0.0331325,0.94469,-1.68667,0.648706,0.0363163,0.0232512,-0.00755898,0.0151826,-0.0167473,-0.0289249,0.00957095,0.0535764,-0.000707377,0.0183854,
-0.116979,0.683142,0.00374613,-1.81353,-0.0332097,0.944724,-1.6864,0.648704,0.0363899,0.0232327,-0.00776863,0.0162119,-0.0179771,-0.019308,0.00841441,0.0680727,-0.000108447,0.0177085,
-0.116886,0.683111,0.00380638,-1.8136,-0.0332803,0.944764,-1.68612,0.648703,0.0364607,0.0231642,-0.0076606,0.0150604,-0.0177281,-0.0176367,0.0101131,0.0707195,1.58583e-05,0.0184861,
-0.116794,0.683082,0.00387009,-1.81367,-0.0333683,0.944806,-1.68588,0.648703,0.0365346,0.0230161,-0.00735608,0.0159287,-0.0169521,-0.0220059,0.0104179,0.0596078,-0.000417547,0.0180612,
-0.116702,0.683052,0.00393186,-1.81374,-0.0334746,0.944845,-1.68566,0.648701,0.0366069,0.0231137,-0.00744245,0.0154412,-0.0166749,-0.026568,0.00993436,0.0552738,-0.000622886,0.0183906,
-0.11661,0.683021,0.00399127,-1.8138,-0.0335926,0.944884,-1.68545,0.648699,0.0366805,0.0229598,-0.00762434,0.0148539,-0.0166099,-0.0295043,0.00950828,0.0533619,-0.000722553,0.0190637,
-0.116518,0.68299,0.00405527,-1.81388,-0.0336701,0.944917,-1.68517,0.648696,0.0367567,0.022951,-0.00781461,0.0160004,-0.0178675,-0.0193746,0.00829565,0.0682013,-0.000108245,0.0183156,
-0.116426,0.68296,0.00411695,-1.81395,-0.0337305,0.944955,-1.68488,0.648696,0.03683,0.0230269,-0.00765627,0.0154189,-0.0178921,-0.0150963,0.00965683,0.0737597,0.000141044,0.0185602,
-0.116334,0.68293,0.00417988,-1.81401,-0.033813,0.944997,-1.68463,0.648696,0.0369042,0.0230044,-0.00725921,0.0157341,-0.016923,-0.0206304,0.0103489,0.0624907,-0.000331252,0.0183212,
-0.116242,0.682901,0.00424141,-1.81408,-0.0339149,0.945038,-1.6844,0.648695,0.0369775,0.0230377,-0.00730259,0.0153804,-0.0165711,-0.0254715,0.0102014,0.0568596,-0.000594999,0.0185879,
-0.11615,0.682871,0.00430106,-1.81415,-0.0340298,0.945077,-1.68419,0.648693,0.0370518,0.0229039,-0.00748494,0.014914,-0.0164736,-0.0287207,0.00981891,0.0539961,-0.000735362,0.0191514,
-0.116059,0.682841,0.00436491,-1.81422,-0.0341061,0.945111,-1.68391,0.64869,0.0371285,0.0229191,-0.00770383,0.0159631,-0.0177039,-0.0190895,0.00858364,0.0684186,-0.0001417,0.0184466,
-0.115966,0.682811,0.0044277,-1.81429,-0.0341993,0.945148,-1.68367,0.648689,0.0372022,0.0231189,-0.00739155,0.0156958,-0.0169195,-0.0233075,0.00931903,0.0599853,-0.000482168,0.0184603,
-0.115874,0.682781,0.0044882,-1.81435,-0.0342763,0.945186,-1.6834,0.648687,0.0372761,0.0230181,-0.00759393,0.015125,-0.0174042,-0.0192508,0.00942748,0.0688709,-0.000115234,0.0189025,
-0.115783,0.682751,0.00454934,-1.81442,-0.0343703,0.945226,-1.68316,0.648687,0.0373517,0.0228628,-0.00734383,0.0152863,-0.0166996,-0.0234842,0.00999002,0.0600575,-0.000478941,0.0189503,
-0.115691,0.682722,0.00460915,-1.81449,-0.034479,0.945265,-1.68293,0.648685,0.0374275,0.0227772,-0.00741582,0.014953,-0.0164379,-0.0271719,0.00983504,0.0556401,-0.000678406,0.0193545,
-0.1156,0.682691,0.00467109,-1.81456,-0.0345574,0.945301,-1.68266,0.648682,0.0375049,0.0227661,-0.00763251,0.0154837,-0.0174855,-0.0196018,0.00898004,0.0684668,-0.000134806,0.0189914,
-0.115509,0.682662,0.00473256,-1.81462,-0.0346516,0.94534,-1.68242,0.648681,0.0375809,0.0228435,-0.00734759,0.0153669,-0.0167341,-0.0235622,0.00959593,0.0599772,-0.000482862,0.019029,
-0.115418,0.682631,0.00479202,-1.81469,-0.0347288,0.945378,-1.68214,0.64868,0.037657,0.0227262,-0.00756734,0.0148651,-0.0172408,-0.019301,0.00959556,0.0688508,-0.000118935,0.0194569,
-0.115328,0.682602,0.00485218,-1.81476,-0.0348228,0.945418,-1.6819,0.648679,0.0377348,0.0225825,-0.00732444,0.0150395,-0.0165433,-0.0234895,0.0100801,0.0600601,-0.000486322,0.0194972,
-0.115238,0.682572,0.00491114,-1.81482,-0.0349313,0.945458,-1.68168,0.648677,0.0378128,0.0225117,-0.00739942,0.0147413,-0.0162888,-0.0271323,0.00987603,0.0555896,-0.000689838,0.0198756,
-0.115148,0.682542,0.00496944,-1.81489,-0.0350145,0.945495,-1.68141,0.648674,0.0378923,0.0223581,-0.00770845,0.0145749,-0.017142,-0.0207839,0.00919657,0.0676706,-0.000196744,0.0201449,
-0.115059,0.682512,0.00502828,-1.81496,-0.0351113,0.945534,-1.68117,0.648674,0.0379729,0.022248,-0.00745283,0.0147111,-0.0164826,-0.0242108,0.00975227,0.0594707,-0.000528702,0.0202082,
-0.114971,0.682482,0.00508606,-1.81502,-0.035221,0.945572,-1.68095,0.648671,0.0380537,0.022183,-0.00750248,0.0144434,-0.0162314,-0.0274297,0.00960773,0.0553006,-0.00071077,0.0205757,
-0.114882,0.682451,0.00514626,-1.81509,-0.0352994,0.945607,-1.68068,0.648669,0.038136,0.0222134,-0.0076895,0.0150509,-0.0172893,-0.0195997,0.00875623,0.0683028,-0.000153175,0.0201379,
-0.114792,0.682422,0.00520608,-1.81516,-0.0353932,0.945645,-1.68044,0.648668,0.0382166,0.0223335,-0.00738271,0.0149544,-0.0165342,-0.0234331,0.00939296,0.0599294,-0.000494439,0.0201317,
-0.114703,0.682391,0.00526413,-1.81523,-0.0354693,0.945682,-1.68016,0.648666,0.0382971,0.0222533,-0.00758402,0.014514,-0.0170453,-0.0190451,0.00941,0.0688097,-0.000125655,0.0204914,
-0.114615,0.682362,0.00532296,-1.81529,-0.0355622,0.945722,-1.67992,0.648665,0.0383791,0.0221494,-0.00732518,0.0147051,-0.0163449,-0.0232294,0.00990897,0.0600578,-0.000491398,0.0204844,
-0.114526,0.682332,0.00538078,-1.81536,-0.0356696,0.945761,-1.6797,0.648664,0.038461,0.0221127,-0.0073867,0.0144555,-0.0160921,-0.026843,0.00971973,0.0555285,-0.000696086,0.0207991,
-0.114438,0.682302,0.00543806,-1.81543,-0.0357516,0.945797,-1.67943,0.648661,0.0385442,0.0219955,-0.00768689,0.0143203,-0.0169481,-0.0205047,0.00904725,0.0675594,-0.000202598,0.0210136,
-0.114351,0.682272,0.00549594,-1.81549,-0.0358475,0.945835,-1.67919,0.64866,0.0386283,0.0219172,-0.007423,0.0144699,-0.0162905,-0.0239562,0.00959971,0.0593821,-0.000534451,0.0210345,
-0.114263,0.682242,0.0055529,-1.81555,-0.0359561,0.945873,-1.67897,0.648658,0.0387124,0.0218796,-0.00746485,0.0142403,-0.0160435,-0.0271644,0.00945514,0.0551619,-0.000717886,0.0213473,
-0.114175,0.682211,0.00561234,-1.81562,-0.0360337,0.945908,-1.6787,0.648655,0.0387978,0.0219376,-0.00764571,0.0148597,-0.0171035,-0.0193823,0.00861531,0.0681263,-0.000160081,0.0208716,
-0.114087,0.682182,0.00567144,-1.81569,-0.0361265,0.945945,-1.67846,0.648654,0.0388813,0.022079,-0.00733385,0.0147762,-0.0163514,-0.0232219,0.0092419,0.0597728,-0.000501337,0.0208309,
-0.113999,0.682152,0.00572754,-1.81575,-0.0362281,0.945983,-1.67823,0.648652,0.0389646,0.0219681,-0.00744439,0.0140231,-0.0161769,-0.0253811,0.00960815,0.058329,-0.000561189,0.0215313,
-0.113912,0.682122,0.00578593,-1.81582,-0.0363013,0.94602,-1.67795,0.64865,0.0390507,0.0218418,-0.00757702,0.0145998,-0.0170194,-0.0183081,0.0091026,0.0694894,-7.88227e-05,0.0212311,
-0.113824,0.682093,0.00584462,-1.81589,-0.0363912,0.946058,-1.67771,0.64865,0.0391356,0.0219218,-0.00725564,0.0146711,-0.0162271,-0.0224841,0.00962538,0.0604163,-0.000460483,0.0211248,
-0.113736,0.682064,0.00590229,-1.81595,-0.0364962,0.946096,-1.67749,0.648648,0.0392201,0.021948,-0.00729015,0.0144177,-0.0159372,-0.0262393,0.00946733,0.055643,-0.000676207,0.0213676,
-0.113648,0.682034,0.00596207,-1.81602,-0.036572,0.946131,-1.67721,0.648645,0.0393056,0.0220166,-0.00749204,0.0149449,-0.0169695,-0.0189406,0.00866886,0.0682016,-0.000140763,0.0209276,
-0.11356,0.682005,0.00602151,-1.81608,-0.0366639,0.946168,-1.67697,0.648645,0.0393893,0.0221465,-0.00719748,0.0148595,-0.0162218,-0.0229842,0.00924303,0.0597215,-0.000493629,0.0208845,
-0.113471,0.681976,0.00607974,-1.81615,-0.0367703,0.946204,-1.67675,0.648643,0.0394729,0.0221479,-0.00723676,0.0145579,-0.0159414,-0.0265908,0.00915177,0.0552475,-0.000691113,0.0211796,
-0.113382,0.681946,0.00614011,-1.81621,-0.0368468,0.946238,-1.67648,0.64864,0.0395576,0.0221935,-0.00743061,0.0150922,-0.0169791,-0.0191331,0.00838638,0.0680208,-0.000142338,0.0207498,
-0.113293,0.681918,0.0062,-1.81628,-0.0369392,0.946274,-1.67624,0.648639,0.0396406,0.0223036,-0.00713185,0.0149727,-0.0162219,-0.0231003,0.00902562,0.0596452,-0.000487932,0.0207425,
-0.113204,0.681889,0.00625819,-1.81635,-0.037014,0.94631,-1.67597,0.648637,0.0397235,0.0222135,-0.00734269,0.0145479,-0.0167379,-0.0187153,0.00904365,0.0684436,-0.000120722,0.0210841,
-0.113116,0.68186,0.00631701,-1.81641,-0.037106,0.946348,-1.67573,0.648637,0.0398079,0.0221055,-0.00708859,0.0147045,-0.0160335,-0.0229774,0.00954505,0.0597464,-0.000488133,0.0210842,
-0.113028,0.681832,0.00637489,-1.81647,-0.0372123,0.946386,-1.67551,0.648635,0.0398922,0.02206,-0.00715333,0.0144712,-0.0157814,-0.0265811,0.00936334,0.0551577,-0.000695909,0.0213813,
-0.11294,0.681802,0.00643226,-1.81654,-0.0372933,0.94642,-1.67524,0.648632,0.0399777,0.0219432,-0.00745899,0.0143408,-0.0166407,-0.0202469,0.00868445,0.0671725,-0.000200895,0.0215809,
-0.112852,0.681773,0.0064901,-1.8166,-0.0373882,0.946457,-1.675,0.648631,0.0400641,0.0218631,-0.00719698,0.0144614,-0.0159794,-0.0237419,0.00924066,0.0590593,-0.000532702,0.0216089,
-0.112765,0.681744,0.0065471,-1.81667,-0.0374959,0.946494,-1.67479,0.648629,0.0401505,0.0218196,-0.00723965,0.0142493,-0.015733,-0.0269272,0.00910491,0.0547945,-0.000717819,0.0219056,
-0.112678,0.681714,0.00660651,-1.81673,-0.0375728,0.946527,-1.67451,0.648626,0.0402381,0.0218776,-0.00742141,0.0148536,-0.0167915,-0.01921,0.00828689,0.0677433,-0.000158576,0.0214311,
-0.11259,0.681686,0.00666552,-1.8168,-0.037665,0.946563,-1.67428,0.648626,0.0403239,0.0220124,-0.00711116,0.0147512,-0.0160374,-0.02305,0.0089131,0.0594577,-0.0004994,0.0213998,
-0.112502,0.681657,0.006723,-1.81686,-0.0377392,0.946598,-1.674,0.648624,0.0404095,0.0219465,-0.00731069,0.0143693,-0.0165608,-0.0185555,0.00891652,0.0682969,-0.0001278,0.0216981,
-0.112414,0.681628,0.00678115,-1.81693,-0.0378304,0.946636,-1.67376,0.648623,0.0404962,0.0218653,-0.00704544,0.0145388,-0.0158559,-0.0228038,0.00941955,0.0596236,-0.000494007,0.0216683,
-0.112327,0.6816,0.00683849,-1.81699,-0.037936,0.946673,-1.67354,0.648621,0.0405829,0.0218426,-0.00710086,0.0143343,-0.0156063,-0.026387,0.00923904,0.0550129,-0.000701713,0.0219278,
-0.11224,0.68157,0.0068954,-1.81706,-0.0380162,0.946707,-1.67328,0.648618,0.0406706,0.0217499,-0.00739956,0.0142272,-0.0164694,-0.0200502,0.00855642,0.0670114,-0.000205624,0.0220918,
-0.112153,0.681542,0.00695283,-1.81712,-0.0381104,0.946744,-1.67304,0.648618,0.040759,0.0216919,-0.00713075,0.0143586,-0.0158097,-0.0235603,0.00910992,0.0589063,-0.000537198,0.0220918,
-0.112067,0.681513,0.00700951,-1.81718,-0.0382174,0.946779,-1.67282,0.648615,0.0408474,0.0216673,-0.00716753,0.0141686,-0.0155667,-0.0267428,0.0089715,0.0546209,-0.000722499,0.0223558,
-0.11198,0.681484,0.00706864,-1.81725,-0.0382936,0.946812,-1.67255,0.648613,0.0409368,0.0217438,-0.00734428,0.0147833,-0.0166276,-0.0190484,0.00815642,0.0675613,-0.000162517,0.0218565,
-0.111892,0.681456,0.0071274,-1.81731,-0.0383852,0.946847,-1.67232,0.648612,0.0410242,0.021894,-0.0070295,0.0146912,-0.0158756,-0.0228951,0.00877831,0.0592794,-0.000503274,0.0218021,
-0.111805,0.681427,0.00718347,-1.81737,-0.038485,0.946884,-1.67208,0.64861,0.0411114,0.0217972,-0.00713524,0.0140172,-0.015709,-0.0249677,0.00911937,0.0576726,-0.000566086,0.0224331,
-0.111718,0.681398,0.00724183,-1.81744,-0.0385569,0.946918,-1.67181,0.648608,0.0412012,0.0217027,-0.00726512,0.0145885,-0.0165567,-0.0179758,0.0086116,0.068901,-7.85342e-05,0.0220987,
-0.111631,0.68137,0.00730035,-1.8175,-0.0386457,0.946955,-1.67157,0.648607,0.0412895,0.021795,-0.00694032,0.0146319,-0.0157625,-0.0221849,0.0091442,0.0599363,-0.000458579,0.0219885,
-0.111544,0.681342,0.00735799,-1.81757,-0.0387493,0.946991,-1.67135,0.648605,0.0413775,0.021825,-0.00697066,0.0144077,-0.0154752,-0.0258975,0.0089977,0.0551318,-0.000675183,0.0222001,
-0.111456,0.681314,0.00741772,-1.81763,-0.0388238,0.947024,-1.67108,0.648603,0.0414663,0.021905,-0.00716871,0.014935,-0.0165091,-0.018644,0.00821928,0.067692,-0.000137116,0.0217428,
-0.111368,0.681286,0.00747708,-1.81769,-0.0389146,0.947059,-1.67084,0.648602,0.0415533,0.0220403,-0.00687126,0.0148381,-0.0157596,-0.0226921,0.00879551,0.0592765,-0.000489759,0.0216934,
-0.11128,0.681259,0.00753534,-1.81776,-0.0390196,0.947094,-1.67062,0.6486,0.04164,0.0220462,-0.00690755,0.0145665,-0.0154818,-0.0262559,0.00870585,0.0547659,-0.000688488,0.0219584,
-0.111191,0.68123,0.00759574,-1.81782,-0.039095,0.947125,-1.67035,0.648598,0.0417279,0.0221036,-0.00709857,0.0150988,-0.0165208,-0.0188488,0.00795557,0.0675424,-0.000137355,0.0215139,
-0.111102,0.681203,0.00765562,-1.81789,-0.0391863,0.94716,-1.67011,0.648597,0.0418139,0.0222189,-0.00679765,0.0149692,-0.0157623,-0.0228193,0.0085936,0.0592262,-0.000482846,0.0215014,
-0.111014,0.681175,0.00771395,-1.81795,-0.0392597,0.947194,-1.66984,0.648595,0.0418999,0.0221344,-0.00700805,0.0145831,-0.0162881,-0.018347,0.00859705,0.0680301,-0.00011243,0.0218094,
-0.110926,0.681148,0.00777283,-1.81801,-0.0393503,0.947231,-1.6696,0.648595,0.0419872,0.0220385,-0.00674939,0.0147193,-0.015578,-0.0226597,0.00910858,0.0593824,-0.000480594,0.0218042,
-0.110838,0.681121,0.00783087,-1.81807,-0.0394553,0.947266,-1.66939,0.648593,0.0420744,0.0219983,-0.00681082,0.0145105,-0.015327,-0.0262465,0.00893558,0.0547502,-0.00069019,0.0220754,
-0.11075,0.681092,0.00788847,-1.81814,-0.0395349,0.947299,-1.66912,0.64859,0.0421627,0.0218948,-0.00711599,0.0143995,-0.0161923,-0.0199038,0.00824768,0.066768,-0.000192408,0.0222474,
-0.110663,0.681065,0.00794648,-1.8182,-0.0396287,0.947335,-1.66888,0.648589,0.0422517,0.0218261,-0.00685055,0.0145026,-0.0155272,-0.0234454,0.00881135,0.0587016,-0.00052449,0.0222704,
-0.110576,0.681037,0.00800373,-1.81826,-0.0397352,0.947369,-1.66867,0.648587,0.0423408,0.021788,-0.00689055,0.0143127,-0.0152824,-0.0266162,0.00868251,0.0544017,-0.000710801,0.0225438,
-0.110488,0.681009,0.00806337,-1.81833,-0.039811,0.947401,-1.6684,0.648584,0.0424309,0.0218556,-0.00706987,0.0149109,-0.0163409,-0.0189603,0.00788371,0.0673541,-0.000149612,0.0220621,
-0.110401,0.680981,0.00811999,-1.81839,-0.0398766,0.947438,-1.66812,0.648584,0.0425192,0.0217821,-0.00697281,0.0141558,-0.0161751,-0.0164005,0.00928697,0.0701128,-1.60959e-05,0.022611,
-0.110314,0.680955,0.00817792,-1.81845,-0.0399622,0.947477,-1.66787,0.648584,0.0426096,0.0216626,-0.00666314,0.0144808,-0.0153493,-0.0214034,0.00963839,0.0604462,-0.000443258,0.0224815,
-0.110228,0.680928,0.0082353,-1.81851,-0.0400639,0.947514,-1.66765,0.648582,0.0426996,0.0216787,-0.00672008,0.0143453,-0.0150786,-0.0254168,0.00931923,0.0552162,-0.000689542,0.0226477,
-0.110141,0.6809,0.00829171,-1.81857,-0.0401764,0.947549,-1.66744,0.648579,0.0427902,0.0216265,-0.00689257,0.0141022,-0.0150263,-0.0281223,0.00878864,0.0524048,-0.00081984,0.0230116,
-0.110054,0.680872,0.00835113,-1.81864,-0.0402554,0.94758,-1.66718,0.648576,0.0428822,0.021714,-0.00709307,0.0148548,-0.0162086,-0.0197439,0.00767873,0.066398,-0.000214715,0.0224219,
-0.109967,0.680845,0.00840999,-1.8187,-0.0403483,0.947613,-1.66694,0.648575,0.0429719,0.0218841,-0.00678013,0.0147151,-0.0154788,-0.0232293,0.00827621,0.0585333,-0.000534337,0.0223917,
-0.109879,0.680817,0.00846761,-1.81877,-0.0404217,0.947646,-1.66667,0.648573,0.0430615,0.0218396,-0.00696416,0.014406,-0.016033,-0.0183532,0.00822505,0.0677469,-0.000140214,0.0226228,
-0.109792,0.68079,0.00852587,-1.81883,-0.0405118,0.947681,-1.66644,0.648572,0.0431519,0.0217852,-0.00667714,0.0145638,-0.0153187,-0.0225385,0.00877535,0.0591666,-0.000500151,0.0225705,
-0.109705,0.680763,0.00858343,-1.81889,-0.0406161,0.947715,-1.66622,0.64857,0.0432422,0.0217784,-0.00671632,0.0143904,-0.0150674,-0.0260562,0.00862809,0.054558,-0.000704216,0.0227896,
-0.109618,0.680735,0.0086407,-1.81895,-0.0406947,0.947747,-1.66595,0.648567,0.0433334,0.0217097,-0.00700303,0.014318,-0.0159379,-0.0196619,0.00795043,0.0666205,-0.000200777,0.0229045,
-0.109532,0.680708,0.00869847,-1.81901,-0.0407876,0.947781,-1.66572,0.648567,0.043425,0.0216746,-0.00672142,0.0144431,-0.0152723,-0.0232082,0.00853273,0.0585457,-0.00053112,0.0228794,
-0.109445,0.680681,0.00875559,-1.81907,-0.0408931,0.947815,-1.6655,0.648564,0.0435165,0.0216654,-0.00674923,0.0142793,-0.0150302,-0.0263797,0.00841241,0.0542349,-0.000715892,0.0231056,
-0.109358,0.680654,0.00881519,-1.81914,-0.040968,0.947845,-1.66523,0.648562,0.0436089,0.0217605,-0.00691811,0.0148993,-0.016093,-0.0187262,0.00762141,0.0672099,-0.000152379,0.022581,
-0.109271,0.680626,0.00887187,-1.8192,-0.0410325,0.947881,-1.66495,0.648561,0.0436993,0.0217128,-0.00681322,0.0141711,-0.0159334,-0.0161378,0.0090179,0.069986,-1.65898e-05,0.0230839,
-0.109185,0.6806,0.00892991,-1.81926,-0.0411172,0.947919,-1.66471,0.648561,0.0437916,0.0216182,-0.00649371,0.0145101,-0.0151066,-0.0211802,0.00938264,0.0602872,-0.00044472,0.0229158,
-0.109098,0.680574,0.00898746,-1.81932,-0.0412186,0.947955,-1.66449,0.648559,0.0438833,0.021661,-0.00654187,0.0143872,-0.0148368,-0.0253273,0.00908677,0.0550323,-0.000691157,0.0230335,
-0.109011,0.680547,0.0090441,-1.81938,-0.0413306,0.94799,-1.66428,0.648556,0.0439754,0.0216266,-0.0067092,0.0141597,-0.0147891,-0.0280095,0.0085605,0.0522135,-0.000821317,0.023364,
-0.108924,0.68052,0.00910381,-1.81944,-0.0414089,0.948019,-1.66402,0.648553,0.0440689,0.0217296,-0.00690537,0.0149291,-0.0159765,-0.0195798,0.00743691,0.0662546,-0.000214127,0.0227453,
-0.108837,0.680493,0.00916297,-1.8195,-0.041502,0.948051,-1.66378,0.648552,0.0441598,0.0219249,-0.00658457,0.014788,-0.0152439,-0.0232766,0.00804962,0.0583645,-0.000533829,0.0226697,
-0.108749,0.680466,0.00922096,-1.81957,-0.041575,0.948083,-1.66351,0.64855,0.0442505,0.0218874,-0.00676636,0.014499,-0.0158085,-0.0182451,0.00798396,0.0676154,-0.000137377,0.0228796,
-0.108662,0.68044,0.00927957,-1.81963,-0.0416656,0.948118,-1.66328,0.648549,0.044342,0.0218545,-0.0064715,0.0146517,-0.0150895,-0.0226475,0.00855372,0.0590091,-0.000497499,0.0227862,
-0.108574,0.680414,0.00933752,-1.81969,-0.04177,0.948151,-1.66306,0.648548,0.0444332,0.0218536,-0.0065078,0.0144882,-0.0148424,-0.0261041,0.00841623,0.0543865,-0.000701481,0.0229851,
-0.108487,0.680388,0.00939782,-1.81975,-0.0418443,0.948182,-1.66279,0.648545,0.0445251,0.0219413,-0.00669662,0.0150747,-0.015903,-0.0185638,0.00760012,0.0671906,-0.000149403,0.0224872,
-0.108398,0.680362,0.00945768,-1.81981,-0.0419356,0.948215,-1.66256,0.648544,0.0446151,0.0221096,-0.00638376,0.0149642,-0.0151483,-0.0228232,0.00821215,0.0588335,-0.000497104,0.0223909,
-0.10831,0.680336,0.00951657,-1.81987,-0.0420405,0.948247,-1.66234,0.648542,0.0447046,0.0221259,-0.00641082,0.0147219,-0.0148769,-0.026245,0.00814283,0.0543274,-0.000692685,0.0226219,
-0.108221,0.68031,0.00957769,-1.81993,-0.0421151,0.948277,-1.66207,0.648539,0.0447951,0.0221959,-0.00659346,0.0152823,-0.0159246,-0.0186512,0.00737681,0.0672189,-0.000134529,0.022153,
-0.108132,0.680284,0.00963582,-1.82,-0.0421794,0.948312,-1.66179,0.648539,0.0448837,0.022115,-0.00650396,0.0145308,-0.0157602,-0.0160743,0.00876625,0.0699758,-4.27204e-07,0.0226969,
-0.108044,0.680259,0.00969506,-1.82006,-0.0422657,0.948348,-1.66155,0.648539,0.0449745,0.0220102,-0.00618912,0.0148097,-0.0149185,-0.0215731,0.00918187,0.0602605,-0.0004306,0.0225394,
-0.107956,0.680234,0.00975373,-1.82012,-0.0423679,0.948384,-1.66133,0.648537,0.0450647,0.0220122,-0.00624945,0.0146678,-0.0146506,-0.0255457,0.00889967,0.0549884,-0.00067857,0.0227073,
-0.107869,0.680209,0.00981143,-1.82017,-0.0424804,0.948417,-1.66112,0.648534,0.0451555,0.021944,-0.00642763,0.0144266,-0.0145993,-0.0281252,0.00836643,0.0521757,-0.000809436,0.0230822,
-0.10778,0.680182,0.00987214,-1.82024,-0.042559,0.948446,-1.66085,0.648531,0.0452478,0.0220208,-0.00663224,0.0151766,-0.0157832,-0.019648,0.00723492,0.0662703,-0.000200717,0.0225066,
-0.107692,0.680156,0.00993179,-1.8203,-0.0426167,0.948479,-1.66057,0.64853,0.0453379,0.0220889,-0.00650911,0.0149121,-0.0159331,-0.0144164,0.00817243,0.0723648,9.54786e-05,0.0225646,
-0.107604,0.680132,0.00999212,-1.82036,-0.0426982,0.948515,-1.66032,0.648531,0.0454281,0.022148,-0.00608465,0.0150833,-0.0149406,-0.0203765,0.00888843,0.0615806,-0.000376044,0.0223022,
-0.107515,0.680107,0.0100517,-1.82042,-0.0427975,0.94855,-1.6601,0.648529,0.0455173,0.0222011,-0.0061057,0.0149052,-0.0146072,-0.0248338,0.00875785,0.0556854,-0.000650445,0.0224267,
-0.107426,0.680082,0.0101103,-1.82048,-0.0429085,0.948583,-1.65989,0.648527,0.045607,0.0221484,-0.00627575,0.0146409,-0.0145301,-0.027758,0.00829514,0.05251,-0.000798242,0.0227907,
-0.107338,0.680056,0.0101689,-1.82054,-0.0429901,0.948612,-1.65962,0.648523,0.0456982,0.0220538,-0.00659746,0.0146604,-0.0155236,-0.0203957,0.00730904,0.0659619,-0.000236396,0.0228873,
-0.10725,0.680031,0.0102278,-1.8206,-0.0430858,0.948644,-1.65939,0.648522,0.0457897,0.0220212,-0.00630812,0.0147138,-0.0148538,-0.02391,0.00794483,0.0581516,-0.000549497,0.0228963,
-0.107162,0.680005,0.0102846,-1.82066,-0.0431864,0.948677,-1.65916,0.64852,0.0458813,0.0218717,-0.00641367,0.0141943,-0.014741,-0.025168,0.0082041,0.0567925,-0.000594001,0.0235063,
-0.107075,0.679979,0.0103439,-1.82072,-0.0432579,0.948707,-1.65889,0.648518,0.0459754,0.0218032,-0.00652446,0.014826,-0.0156103,-0.0178731,0.0076537,0.0683548,-8.67403e-05,0.0231277,
-0.106987,0.679954,0.0104032,-1.82078,-0.0433473,0.94874,-1.65865,0.648518,0.0460679,0.0219369,-0.00617666,0.0148318,-0.0148022,-0.0223386,0.00824535,0.0595176,-0.000459903,0.0229852,
-0.106899,0.679929,0.0104618,-1.82084,-0.0434508,0.948773,-1.65843,0.648516,0.0461598,0.0219759,-0.00619271,0.0146464,-0.0145198,-0.0258738,0.00814079,0.0547164,-0.000672927,0.0231666,
-0.106811,0.679904,0.0105226,-1.8209,-0.0435244,0.948802,-1.65816,0.648513,0.0462525,0.0220701,-0.00637813,0.0152055,-0.015562,-0.0184139,0.00736512,0.0674051,-0.000125997,0.0226924,
-0.106722,0.67988,0.010583,-1.82096,-0.0436154,0.948834,-1.65793,0.648513,0.0463432,0.0222362,-0.0060653,0.0150871,-0.0147993,-0.0227347,0.00797805,0.0590247,-0.000477843,0.0226094,
-0.106634,0.679854,0.0106421,-1.82102,-0.0436872,0.948866,-1.65766,0.648511,0.0464337,0.0221782,-0.00627533,0.0147755,-0.015353,-0.0179655,0.00791394,0.0678334,-0.000104981,0.0228653,
-0.106545,0.67983,0.0107017,-1.82108,-0.0437779,0.9489,-1.65742,0.64851,0.0465251,0.0221364,-0.00600245,0.0148989,-0.0146342,-0.0226542,0.0084279,0.0591628,-0.000476904,0.0227981,
-0.106457,0.679806,0.0107606,-1.82114,-0.0438825,0.948933,-1.6572,0.648508,0.0466163,0.0221207,-0.00605763,0.0147329,-0.0143945,-0.0261492,0.00825039,0.0544649,-0.00068918,0.023022,
-0.106368,0.679781,0.0108218,-1.8212,-0.0439569,0.948962,-1.65693,0.648506,0.0467084,0.0221937,-0.00626265,0.0153003,-0.0154585,-0.0186221,0.00740936,0.0672465,-0.000140046,0.0225673,
-0.106278,0.679757,0.0108825,-1.82126,-0.0440486,0.948994,-1.6567,0.648505,0.0467987,0.0223471,-0.00596117,0.0151679,-0.014702,-0.0229077,0.00798681,0.0589117,-0.000491166,0.022511,
-0.106189,0.679733,0.0109422,-1.82131,-0.0441538,0.949026,-1.65648,0.648503,0.0468887,0.022349,-0.00599734,0.0149277,-0.0144325,-0.0263047,0.00789452,0.0543872,-0.000689279,0.0227678,
-0.106099,0.679709,0.0110041,-1.82138,-0.0442287,0.949054,-1.65621,0.6485,0.0469798,0.0224094,-0.00618657,0.0154756,-0.0154805,-0.0187259,0.00712704,0.0672861,-0.000130358,0.0223323,
-0.10601,0.679684,0.0110631,-1.82144,-0.0442927,0.949088,-1.65593,0.6485,0.0470691,0.0223237,-0.00610343,0.0147538,-0.015326,-0.0160101,0.00847548,0.0701112,6.87531e-06,0.0228779,
-0.105921,0.679661,0.0111231,-1.8215,-0.0443792,0.949124,-1.65569,0.6485,0.0471607,0.0222206,-0.00578922,0.0149925,-0.0144731,-0.0216066,0.00889377,0.0604305,-0.000424941,0.0227531,
-0.105832,0.679638,0.0111825,-1.82155,-0.0444815,0.949158,-1.65547,0.648498,0.0472517,0.0222122,-0.00585156,0.0148507,-0.0142027,-0.0255816,0.00862231,0.0551302,-0.000674973,0.0229407,
-0.105744,0.679614,0.0112409,-1.82161,-0.0445941,0.949191,-1.65526,0.648495,0.0473434,0.0221392,-0.00603262,0.0146184,-0.0141511,-0.0281466,0.00808728,0.0522844,-0.000807112,0.023326,
-0.105655,0.679589,0.0113023,-1.82167,-0.044673,0.949219,-1.65499,0.648492,0.0474367,0.0222133,-0.00623898,0.0153491,-0.0153316,-0.0197274,0.00697425,0.0663784,-0.000197101,0.0227787,
-0.105566,0.679564,0.0113611,-1.82173,-0.0447382,0.949251,-1.65471,0.648491,0.0475278,0.0221815,-0.00614344,0.0146854,-0.0152371,-0.0163123,0.00818663,0.0699396,-2.28304e-05,0.0232531,
-0.105478,0.679541,0.0114207,-1.82179,-0.0448251,0.949286,-1.65447,0.648491,0.0476209,0.0221119,-0.00580537,0.0149108,-0.0143787,-0.0217181,0.00865062,0.060385,-0.000442286,0.0231144,
-0.105389,0.679517,0.0114798,-1.82185,-0.0449275,0.94932,-1.65425,0.648489,0.0477133,0.022118,-0.00584785,0.0147801,-0.0141028,-0.0256011,0.00842324,0.0551471,-0.000684704,0.0232843,
-0.105301,0.679493,0.0115381,-1.8219,-0.04504,0.949351,-1.65404,0.648487,0.0478065,0.0220578,-0.00601343,0.0145629,-0.0140479,-0.0281149,0.00792146,0.0523326,-0.000811917,0.0236488,
-0.105212,0.679468,0.0115993,-1.82196,-0.0451187,0.949379,-1.65377,0.648483,0.047901,0.0221459,-0.00620627,0.0153089,-0.0152273,-0.0196708,0.00683493,0.066451,-0.000198504,0.0230784,
-0.105124,0.679444,0.011658,-1.82202,-0.0451836,0.949411,-1.65349,0.648483,0.0479934,0.022128,-0.00610141,0.0146596,-0.0151334,-0.0162294,0.00806185,0.0700263,-2.17025e-05,0.0235292,
-0.105036,0.679421,0.0117175,-1.82208,-0.0452701,0.949445,-1.65325,0.648483,0.0480875,0.0220714,-0.0057552,0.0148929,-0.0142731,-0.0216411,0.00853999,0.0604654,-0.000440583,0.0233706,
-0.104947,0.679398,0.0117766,-1.82214,-0.0453722,0.949478,-1.65303,0.648481,0.048181,0.0220884,-0.00579177,0.014772,-0.0139975,-0.0255253,0.00832162,0.0552203,-0.000682661,0.0235213,
-0.104859,0.679374,0.0118349,-1.82219,-0.0454844,0.94951,-1.65282,0.648478,0.048275,0.0220384,-0.00595278,0.0145639,-0.0139435,-0.0280405,0.00782443,0.0524,-0.000809642,0.0238676,
-0.104771,0.67935,0.0118962,-1.82225,-0.0455628,0.949537,-1.65256,0.648475,0.0483705,0.0221361,-0.0061415,0.0153178,-0.0151241,-0.0195963,0.00674359,0.0665227,-0.000195849,0.0232807,
-0.104682,0.679325,0.0119565,-1.82231,-0.04562,0.949567,-1.65227,0.648474,0.0484636,0.0222216,-0.00600865,0.0150833,-0.0152783,-0.0142968,0.0076878,0.0726526,0.000105205,0.0233119,
-0.104593,0.679303,0.0120174,-1.82237,-0.0457013,0.949601,-1.65202,0.648474,0.0485569,0.0222977,-0.00557377,0.0152323,-0.0142755,-0.0203338,0.00841842,0.0619124,-0.000366726,0.0230475,
-0.104503,0.679281,0.0120777,-1.82243,-0.0458004,0.949634,-1.65179,0.648473,0.0486491,0.0223566,-0.00558786,0.0150738,-0.0139422,-0.0247715,0.00830554,0.0559886,-0.000642541,0.0231557,
-0.104414,0.679258,0.0121371,-1.82248,-0.0459111,0.949666,-1.65158,0.64847,0.0487417,0.0223161,-0.00575331,0.0148366,-0.0138677,-0.0276672,0.00784276,0.0527771,-0.000791205,0.023494,
-0.104325,0.679234,0.0121966,-1.82254,-0.0459922,0.949693,-1.65132,0.648467,0.0488357,0.0222395,-0.00607108,0.014878,-0.0148673,-0.0202886,0.0068512,0.0662438,-0.000226187,0.0235659,
-0.104236,0.67921,0.0122563,-1.8226,-0.0460876,0.949723,-1.65108,0.648466,0.0489299,0.0222231,-0.00577632,0.0149206,-0.0141923,-0.0238585,0.00748626,0.0584525,-0.000540269,0.0235659,
-0.104147,0.679187,0.0123153,-1.82266,-0.0461611,0.949752,-1.65081,0.648464,0.0490242,0.022136,-0.00596651,0.0147525,-0.014805,-0.0183698,0.00736387,0.0678704,-0.000132162,0.0237711,
-0.104059,0.679164,0.0123748,-1.82271,-0.0462524,0.949784,-1.65058,0.648464,0.0491193,0.0221133,-0.00566468,0.0148909,-0.0140787,-0.0228287,0.00792759,0.0593161,-0.000493181,0.0236868,
-0.103971,0.679141,0.0124339,-1.82277,-0.0463572,0.949815,-1.65036,0.648462,0.049214,0.0221154,-0.00569713,0.0147623,-0.0138357,-0.026181,0.00778518,0.054659,-0.000698359,0.0238769,
-0.103882,0.679118,0.0124953,-1.82283,-0.0464315,0.949843,-1.65009,0.648459,0.0493095,0.0222136,-0.0058812,0.0153615,-0.0149,-0.0185876,0.00698154,0.0674951,-0.000142299,0.0233853,
-0.103792,0.679095,0.0125563,-1.82288,-0.046523,0.949873,-1.64985,0.648458,0.0494031,0.0223923,-0.00556438,0.0152423,-0.0141384,-0.0228638,0.00757658,0.0591738,-0.000491539,0.0232979,
-0.103702,0.679073,0.0126164,-1.82294,-0.0466279,0.949903,-1.64963,0.648456,0.0494963,0.0224156,-0.00558948,0.0150305,-0.0138701,-0.0262311,0.00749394,0.0546363,-0.000688278,0.0235172,
-0.103612,0.67905,0.0126788,-1.823,-0.0467025,0.94993,-1.64936,0.648454,0.0495903,0.0224987,-0.00576834,0.0155976,-0.0149206,-0.0186459,0.00674696,0.0675577,-0.000126225,0.0230508,
-0.103523,0.679027,0.0127385,-1.82306,-0.0467658,0.949963,-1.64908,0.648453,0.0496825,0.0224374,-0.00567816,0.0149184,-0.0147756,-0.0158303,0.00807704,0.0704272,1.46984e-05,0.0235475,
-0.103433,0.679006,0.0127991,-1.82311,-0.0468519,0.949997,-1.64884,0.648453,0.0497767,0.0223612,-0.00535367,0.0151538,-0.0139143,-0.0215132,0.00850561,0.060722,-0.00041922,0.0233943,
-0.103344,0.678984,0.0128592,-1.82317,-0.0469539,0.95003,-1.64862,0.648452,0.0498703,0.0223693,-0.00541034,0.0150284,-0.013645,-0.0255073,0.00823931,0.0553901,-0.000670172,0.0235518,
-0.103254,0.678962,0.0129185,-1.82322,-0.0470662,0.95006,-1.64841,0.648449,0.0499645,0.0223131,-0.00558754,0.0148156,-0.0135966,-0.0280744,0.00769995,0.0525222,-0.000802287,0.0239059,
-0.103165,0.678939,0.0129807,-1.82328,-0.0471449,0.950087,-1.64814,0.648446,0.0500601,0.0224039,-0.00578873,0.0155539,-0.0147794,-0.0196737,0.00660074,0.0666478,-0.000189939,0.0233376,
-0.103075,0.678916,0.0130404,-1.82334,-0.0472097,0.950118,-1.64786,0.648445,0.0501535,0.0223877,-0.00569358,0.0149159,-0.0146932,-0.0161982,0.00778448,0.070243,-1.08586e-05,0.023778,
-0.102986,0.678894,0.0131009,-1.8234,-0.0472964,0.950151,-1.64761,0.648445,0.0502486,0.0223348,-0.00534796,0.0151351,-0.0138269,-0.0216791,0.00826028,0.0606621,-0.000432576,0.0236208,
-0.102897,0.678873,0.0131609,-1.82345,-0.0473987,0.950183,-1.64739,0.648443,0.0503431,0.0223501,-0.00538709,0.0150144,-0.0135516,-0.025578,0.00803706,0.0554013,-0.000675741,0.0237708,
-0.102807,0.678851,0.0132202,-1.82351,-0.0475111,0.950213,-1.64718,0.64844,0.0504382,0.0222997,-0.00555066,0.0148098,-0.0134991,-0.0280919,0.00753137,0.0525742,-0.000802739,0.0241143,
-0.102718,0.678828,0.0132824,-1.82356,-0.0475897,0.950239,-1.64692,0.648437,0.0505346,0.0223984,-0.0057396,0.0155601,-0.0146805,-0.0196576,0.00645816,0.0667374,-0.000186793,0.0235302,
-0.102628,0.678805,0.0133437,-1.82362,-0.047647,0.950269,-1.64662,0.648436,0.0506288,0.0224843,-0.00560785,0.0153287,-0.0148358,-0.0143376,0.00739837,0.0728853,0.00011586,0.0235599,
-0.102538,0.678785,0.0134056,-1.82368,-0.0477287,0.950301,-1.64638,0.648437,0.050723,0.0225606,-0.00517183,0.0154622,-0.0138259,-0.0204224,0.00813271,0.0621441,-0.000357538,0.0233024,
-0.102447,0.678764,0.0134668,-1.82373,-0.0478282,0.950333,-1.64615,0.648435,0.0508162,0.022615,-0.00518694,0.0153042,-0.0134919,-0.024858,0.00802122,0.0562131,-0.000633819,0.0234132,
-0.102357,0.678742,0.0135271,-1.82379,-0.0479391,0.950364,-1.64594,0.648433,0.0509099,0.0225727,-0.0053538,0.0150715,-0.0134182,-0.027741,0.00755409,0.0529986,-0.000782232,0.0237505,
-0.102266,0.67872,0.0135901,-1.82384,-0.0480175,0.95039,-1.64567,0.64843,0.0510049,0.0226536,-0.00556348,0.0157543,-0.0145829,-0.0195839,0.00651529,0.0668876,-0.00018087,0.0232224,
-0.102175,0.678699,0.0136523,-1.8239,-0.0481115,0.950418,-1.64544,0.648429,0.0510977,0.0228172,-0.00525554,0.0155589,-0.0138339,-0.0235213,0.00711852,0.0589665,-0.000508064,0.0232065,
-0.102084,0.678677,0.0137135,-1.82396,-0.0481848,0.950446,-1.64516,0.648427,0.0511906,0.0227445,-0.0054555,0.0152966,-0.0144151,-0.0183146,0.00702284,0.0682296,-0.000107238,0.0234508,
-0.101993,0.678657,0.013775,-1.82401,-0.0482766,0.950477,-1.64492,0.648427,0.0512844,0.0226978,-0.00516596,0.0153704,-0.013673,-0.0229582,0.00759921,0.0596632,-0.000472142,0.0234185,
-0.101903,0.678636,0.0138358,-1.82407,-0.0483821,0.950507,-1.6447,0.648425,0.051378,0.0226641,-0.00521172,0.0152063,-0.0134238,-0.026371,0.00747159,0.0549874,-0.000679485,0.0236577,
-0.101812,0.678614,0.0138989,-1.82412,-0.0484574,0.950533,-1.64443,0.648422,0.0514727,0.0227268,-0.00540717,0.0157662,-0.0144824,-0.0188222,0.0066928,0.0678357,-0.00012274,0.0232227,
-0.10172,0.678594,0.0139613,-1.82418,-0.0485499,0.950562,-1.64419,0.648422,0.0515656,0.0228701,-0.00510085,0.0156056,-0.0137119,-0.0231264,0.00729385,0.0595446,-0.000473024,0.0231915,
-0.101629,0.678573,0.0140226,-1.82424,-0.0486226,0.950591,-1.64392,0.64842,0.0516583,0.0227904,-0.00531699,0.0153265,-0.0142798,-0.0181683,0.00720758,0.068444,-9.13431e-05,0.0234579,
-0.101538,0.678552,0.0140842,-1.82429,-0.0487143,0.950622,-1.64368,0.648419,0.0517522,0.0227403,-0.00504303,0.0153991,-0.0135429,-0.022936,0.00773025,0.0598206,-0.000464339,0.0234323,
-0.101447,0.678532,0.0141452,-1.82434,-0.0488199,0.950652,-1.64346,0.648417,0.0518459,0.0227052,-0.00510061,0.015236,-0.0132994,-0.0263972,0.00756336,0.0550965,-0.00067725,0.0236771,
-0.101356,0.678511,0.0142083,-1.8244,-0.0488955,0.95068,-1.64319,0.648415,0.0519406,0.0227653,-0.00530625,0.0157863,-0.0143601,-0.018893,0.00676234,0.0678987,-0.000123858,0.0232577,
-0.101265,0.678491,0.0142708,-1.82445,-0.0489884,0.950709,-1.64295,0.648414,0.0520336,0.0229048,-0.00500687,0.015622,-0.0135922,-0.0232142,0.00733407,0.059609,-0.0004761,0.0232375,
-0.101173,0.678471,0.0143324,-1.82451,-0.0490946,0.950738,-1.64273,0.648412,0.0521266,0.0228905,-0.0050465,0.0153925,-0.0133217,-0.0265571,0.00723835,0.0550622,-0.00067499,0.0235086,
-0.101081,0.67845,0.0143961,-1.82457,-0.0491706,0.950764,-1.64246,0.64841,0.0522206,0.0229423,-0.00523633,0.015927,-0.0143676,-0.0189977,0.00650277,0.0679821,-0.000112037,0.0231025,
-0.10099,0.678429,0.0144572,-1.82462,-0.0492347,0.950795,-1.64218,0.648409,0.052313,0.0228565,-0.00515784,0.015266,-0.0142328,-0.0160245,0.00777684,0.0709293,3.50463e-05,0.0236217,
-0.100899,0.67841,0.0145189,-1.82468,-0.0493219,0.950828,-1.64193,0.648409,0.0524075,0.022765,-0.0048378,0.0154435,-0.0133558,-0.0218011,0.00821123,0.0612723,-0.000400147,0.0235235,
-0.100808,0.67839,0.0145801,-1.82473,-0.049425,0.95086,-1.64171,0.648408,0.0525016,0.0227458,-0.00489964,0.015305,-0.0130804,-0.0257871,0.0079636,0.0559184,-0.000653315,0.0237209,
-0.100717,0.67837,0.0146405,-1.82478,-0.0495383,0.950889,-1.64149,0.648405,0.0525965,0.0226698,-0.00508267,0.0150914,-0.0130286,-0.0283272,0.00742878,0.0530179,-0.000787058,0.0241027,
-0.100626,0.678349,0.0147037,-1.82484,-0.0496183,0.950915,-1.64123,0.648402,0.0526929,0.0227438,-0.00528823,0.0157949,-0.0142033,-0.0200005,0.00635858,0.0671206,-0.000174061,0.0235842,
-0.100535,0.678328,0.0147644,-1.82489,-0.0496839,0.950945,-1.64094,0.648401,0.0527872,0.0227116,-0.00520419,0.0151798,-0.014126,-0.0163883,0.00749698,0.0707793,1.17619e-05,0.0240356,
-0.100445,0.678308,0.0148258,-1.82495,-0.0497717,0.950977,-1.6407,0.648401,0.0528834,0.0226507,-0.00485953,0.0153506,-0.0132459,-0.0219488,0.0079759,0.061253,-0.000410919,0.0239213,
-0.100354,0.678289,0.0148867,-1.825,-0.049875,0.951008,-1.64047,0.6484,0.0529791,0.0226466,-0.00490037,0.0152258,-0.012966,-0.025831,0.00777038,0.0559675,-0.000656476,0.0240984,
-0.100264,0.678268,0.0149468,-1.82505,-0.0499883,0.951037,-1.64026,0.648397,0.0530755,0.0225844,-0.00506668,0.0150284,-0.0129113,-0.0283143,0.00726796,0.0531025,-0.000785449,0.0244567,
-0.100173,0.678247,0.0150098,-1.82511,-0.0500681,0.951062,-1.63999,0.648394,0.0531733,0.0226736,-0.00525745,0.0157491,-0.0140852,-0.0199583,0.00622399,0.0672319,-0.000169362,0.0239117,
-0.100082,0.678227,0.0150719,-1.82516,-0.0501264,0.95109,-1.6397,0.648393,0.0532689,0.0227478,-0.00512996,0.0155279,-0.0142436,-0.014577,0.00715103,0.0734004,0.000135704,0.023957,
-0.0999908,0.678208,0.0151344,-1.82522,-0.0502093,0.951122,-1.63945,0.648394,0.0533648,0.0228157,-0.00469605,0.0156192,-0.0132237,-0.0207147,0.00787144,0.0627361,-0.000338365,0.0237378,
-0.0998994,0.678189,0.0151963,-1.82527,-0.0503097,0.951153,-1.63922,0.648392,0.0534597,0.022853,-0.00471249,0.0154639,-0.0128877,-0.0251116,0.00776832,0.0567876,-0.000617157,0.023868,
-0.0998081,0.67817,0.0152572,-1.82532,-0.0504215,0.951182,-1.63901,0.64839,0.0535552,0.0228029,-0.00488113,0.0152449,-0.0128135,-0.0279499,0.00729778,0.0535358,-0.000767748,0.0242111,
-0.0997166,0.678149,0.0153209,-1.82538,-0.0505009,0.951207,-1.63874,0.648387,0.053652,0.0228792,-0.00509168,0.0159068,-0.0139727,-0.0198553,0.00628194,0.0673868,-0.000166416,0.023711,
-0.0996245,0.67813,0.0153837,-1.82543,-0.0505961,0.951235,-1.6385,0.648386,0.0537469,0.0230339,-0.00478661,0.0156978,-0.0132201,-0.0237911,0.00686529,0.0595106,-0.000494548,0.0237168,
-0.0995327,0.67811,0.0154455,-1.82548,-0.0506701,0.951262,-1.63822,0.648384,0.0538417,0.0229538,-0.00498883,0.0154579,-0.013807,-0.0185053,0.00676085,0.0687557,-9.21524e-05,0.0239634,
-0.0994411,0.678091,0.0155075,-1.82554,-0.0507629,0.951291,-1.63798,0.648384,0.0539376,0.0229074,-0.00469915,0.0155089,-0.0130576,-0.0231867,0.00732577,0.0602286,-0.000458572,0.0239484,
-0.0993496,0.678072,0.015569,-1.82559,-0.0508691,0.95132,-1.63776,0.648382,0.0540334,0.022868,-0.00474517,0.0153545,-0.012808,-0.0265705,0.00719635,0.0555281,-0.00066777,0.0241909,
-0.0992579,0.678053,0.0156326,-1.82564,-0.0509454,0.951346,-1.63749,0.648379,0.0541302,0.0229274,-0.00494042,0.0159042,-0.0138635,-0.0190582,0.00644009,0.0683343,-0.000110898,0.023774,
-0.0991656,0.678034,0.0156955,-1.82569,-0.0510389,0.951374,-1.63725,0.648379,0.0542253,0.0230661,-0.00463531,0.0157331,-0.0130894,-0.0233684,0.00702331,0.060078,-0.000462324,0.0237562,
-0.0990737,0.678015,0.0157574,-1.82575,-0.0511122,0.951401,-1.63697,0.648377,0.0543203,0.0229827,-0.00485266,0.0154792,-0.0136636,-0.0183342,0.0069289,0.0689557,-7.91354e-05,0.0240177,
-0.0989819,0.677996,0.0158196,-1.8258,-0.0512048,0.951431,-1.63673,0.648377,0.0544163,0.0229364,-0.00457761,0.0155338,-0.01292,-0.0231412,0.00743987,0.0603617,-0.000453697,0.0240014,
-0.0988903,0.677978,0.0158811,-1.82585,-0.0513111,0.95146,-1.63651,0.648375,0.0545124,0.0228993,-0.00463482,0.0153821,-0.0126768,-0.0265782,0.00726976,0.0556127,-0.000668235,0.0242432,
-0.0987991,0.677958,0.0159425,-1.82591,-0.0513907,0.951486,-1.63624,0.648372,0.0546093,0.0228176,-0.00494033,0.0153598,-0.0135726,-0.019918,0.00651461,0.0677128,-0.0001569,0.0243743,
-0.0987079,0.67794,0.0160041,-1.82596,-0.0514864,0.951515,-1.636,0.648372,0.0547068,0.0227968,-0.00466012,0.0153838,-0.0128768,-0.0239208,0.00707877,0.0597189,-0.00049237,0.0243876,
-0.0986168,0.677921,0.016065,-1.82601,-0.0515942,0.951542,-1.63578,0.64837,0.0548044,0.0227614,-0.00469595,0.0152454,-0.0126389,-0.0269467,0.00696035,0.0553261,-0.00068132,0.024635,
-0.0985255,0.677901,0.0161284,-1.82606,-0.0516711,0.951567,-1.6355,0.648367,0.0549029,0.0228378,-0.00486865,0.0158429,-0.0137016,-0.0192157,0.00621322,0.0683621,-0.000109952,0.0241795,
-0.0984343,0.677882,0.0161894,-1.82612,-0.0517352,0.951597,-1.63522,0.648366,0.0549996,0.0227908,-0.00477898,0.0152485,-0.0135841,-0.0160352,0.00743744,0.0714114,4.68989e-05,0.0246291,
-0.0983433,0.677864,0.0162512,-1.82617,-0.0518226,0.951629,-1.63497,0.648367,0.0550981,0.0227414,-0.00444079,0.0154381,-0.0127004,-0.0218362,0.00787401,0.0617535,-0.000388835,0.0244858,
-0.0982523,0.677846,0.0163125,-1.82622,-0.0519258,0.951659,-1.63475,0.648365,0.0551961,0.0227532,-0.00448934,0.015333,-0.0124274,-0.0258073,0.00763046,0.0563701,-0.000642751,0.024634,
-0.0981615,0.677828,0.0163731,-1.82627,-0.0520391,0.951687,-1.63453,0.648363,0.0552946,0.0227086,-0.00466188,0.0151547,-0.0123803,-0.0283309,0.00709004,0.05344,-0.000776896,0.0249645,
-0.0980703,0.677808,0.0164366,-1.82632,-0.0521192,0.951712,-1.63426,0.648359,0.0553945,0.0228123,-0.0048571,0.0158752,-0.0135574,-0.0200304,0.00603568,0.0675418,-0.00016259,0.0244098,
-0.097979,0.677789,0.0164978,-1.82638,-0.0521847,0.95174,-1.63398,0.648359,0.0554921,0.0228076,-0.00476878,0.0152995,-0.0134904,-0.0163559,0.00714206,0.0712181,2.72687e-05,0.0248095,
-0.0978879,0.677772,0.0165597,-1.82643,-0.0522726,0.951771,-1.63373,0.648359,0.0555914,0.0227758,-0.00441335,0.0154775,-0.0126048,-0.0219816,0.00761932,0.0616584,-0.000398182,0.0246578,
-0.0977967,0.677754,0.0166212,-1.82648,-0.0523761,0.9518,-1.6335,0.648357,0.05569,0.0227927,-0.0044475,0.0153732,-0.0123278,-0.0258754,0.00740956,0.0563439,-0.000645034,0.0247973,
-0.0977057,0.677735,0.016682,-1.82652,-0.0524895,0.951828,-1.63329,0.648355,0.0557892,0.0227512,-0.00460859,0.0151979,-0.0122778,-0.0283565,0.00689704,0.0534602,-0.000774326,0.0251182,
-0.0976143,0.677716,0.0167457,-1.82658,-0.0525696,0.951851,-1.63302,0.648352,0.0558897,0.0228602,-0.00479285,0.0159302,-0.013455,-0.0200139,0.00586346,0.0676158,-0.000156401,0.0245454,
-0.0975229,0.677697,0.0168071,-1.82663,-0.0526349,0.951879,-1.63273,0.648351,0.0559878,0.0228618,-0.00469675,0.0153568,-0.0133868,-0.0163236,0.00698926,0.0713144,3.55243e-05,0.0249317,
-0.0974315,0.67768,0.0168693,-1.82668,-0.0527227,0.951909,-1.63249,0.648351,0.0560876,0.0228346,-0.0043347,0.0155395,-0.0124984,-0.0219511,0.00748467,0.0617361,-0.000389987,0.0247667,
-0.0973401,0.677663,0.0169311,-1.82673,-0.0528261,0.951938,-1.63226,0.64835,0.0561866,0.0228557,-0.00436485,0.015437,-0.0122206,-0.0258496,0.00728407,0.0564211,-0.000636487,0.0248957,
-0.0972488,0.677645,0.0169921,-1.82678,-0.0529394,0.951965,-1.63205,0.648347,0.0562862,0.0228172,-0.00452306,0.0152626,-0.0121706,-0.028334,0.00677757,0.0535427,-0.000765423,0.0252079,
-0.0971571,0.677626,0.0170561,-1.82683,-0.0530193,0.951988,-1.63178,0.648344,0.056387,0.0229294,-0.00470428,0.0160007,-0.0133491,-0.0199771,0.00574916,0.0677224,-0.000146906,0.0246239,
-0.097065,0.677607,0.0171193,-1.82689,-0.0530777,0.952015,-1.63148,0.648343,0.0564855,0.023024,-0.00457002,0.015795,-0.0135095,-0.0145929,0.0066787,0.0738851,0.000158519,0.0246324,
-0.0969726,0.677591,0.0171829,-1.82694,-0.0531608,0.952045,-1.63123,0.648344,0.0565841,0.0231107,-0.00412759,0.0158933,-0.0124833,-0.0207913,0.00740021,0.0631683,-0.000319349,0.0243788,
-0.0968799,0.677574,0.0172459,-1.82699,-0.0532616,0.952074,-1.631,0.648343,0.0566816,0.0231621,-0.00414034,0.0157513,-0.0121503,-0.025199,0.00728836,0.057204,-0.000599029,0.024477,
-0.0967874,0.677557,0.017308,-1.82703,-0.0533738,0.952101,-1.63078,0.64834,0.0567795,0.0231255,-0.00430615,0.015546,-0.012081,-0.0280324,0.00680557,0.0539547,-0.000749168,0.0247896,
-0.0966946,0.677539,0.0173729,-1.82709,-0.0534534,0.952124,-1.63051,0.648337,0.0568786,0.0232164,-0.00451086,0.0162219,-0.0132455,-0.0199189,0.00579683,0.0678795,-0.000144652,0.0242608,
-0.096601,0.677522,0.017437,-1.82714,-0.053549,0.95215,-1.63027,0.648337,0.0569757,0.023385,-0.00420007,0.0160178,-0.012489,-0.0238859,0.00637936,0.0599595,-0.000475029,0.02424,
-0.0965073,0.677505,0.0175022,-1.82719,-0.0536189,0.952175,-1.62999,0.648335,0.0570727,0.0234396,-0.0043165,0.0162872,-0.0132657,-0.0174695,0.00620549,0.0705357,-6.0122e-06,0.0239821,
-0.0964131,0.677489,0.0175669,-1.82724,-0.0537092,0.952202,-1.62975,0.648335,0.0571686,0.0235466,-0.00398417,0.0161821,-0.0124156,-0.0225937,0.0068299,0.0614051,-0.000404004,0.0239005,
-0.0963189,0.677473,0.0176308,-1.82729,-0.0538146,0.952229,-1.62952,0.648333,0.0572642,0.0235368,-0.00402641,0.0159696,-0.0121287,-0.0263394,0.00672887,0.0563626,-0.00063183,0.0241275,
-0.0962246,0.677456,0.0176966,-1.82734,-0.0538909,0.952253,-1.62924,0.648331,0.0573607,0.0235828,-0.00423678,0.0164535,-0.0131654,-0.0190672,0.00601772,0.0689858,-8.45416e-05,0.0237536,
-0.0961298,0.67744,0.0177616,-1.82739,-0.053985,0.952279,-1.629,0.64833,0.0574557,0.0236983,-0.00394402,0.0162568,-0.012382,-0.0235452,0.00658865,0.0606172,-0.000444086,0.0237579,
-0.0960354,0.677424,0.0178256,-1.82744,-0.0540592,0.952305,-1.62872,0.648329,0.0575507,0.0235927,-0.00417616,0.0159908,-0.0129613,-0.018536,0.00647866,0.0694831,-6.13476e-05,0.024041,
-0.0959413,0.677408,0.0178896,-1.82749,-0.0541529,0.952333,-1.62848,0.648328,0.0576469,0.0235283,-0.00391014,0.0160141,-0.0122093,-0.0234249,0.00697844,0.0608543,-0.000439572,0.0240528,
-0.0958474,0.677392,0.017953,-1.82754,-0.0542604,0.95236,-1.62826,0.648327,0.0577431,0.0234696,-0.00397725,0.0158448,-0.011965,-0.0268788,0.00679849,0.0560963,-0.000654958,0.0243208,
-0.0957539,0.677375,0.0180163,-1.82759,-0.0543412,0.952384,-1.62798,0.648324,0.0578404,0.0233713,-0.00428987,0.0158188,-0.0128661,-0.0201884,0.00603415,0.0682542,-0.0001396,0.0244689,
-0.0956606,0.677359,0.0180795,-1.82764,-0.0544381,0.952411,-1.62774,0.648323,0.0579383,0.0233368,-0.00401344,0.0158155,-0.0121609,-0.0242299,0.00659846,0.0602487,-0.000476458,0.0245088,
-0.0955675,0.677343,0.0181422,-1.82769,-0.0545471,0.952437,-1.62752,0.648321,0.0580363,0.0232838,-0.00405471,0.0156649,-0.0119205,-0.027252,0.00647973,0.0558555,-0.000665079,0.0247792,
-0.0954741,0.677326,0.0182072,-1.82774,-0.0546252,0.95246,-1.62724,0.648319,0.0581354,0.0233449,-0.00423045,0.0162447,-0.0129816,-0.0195284,0.00575114,0.0689438,-9.02585e-05,0.0243517,
-0.0953806,0.677309,0.0182712,-1.82779,-0.0546833,0.952487,-1.62694,0.648318,0.0582328,0.0233704,-0.00412028,0.0160051,-0.0131019,-0.0145139,0.00673876,0.074643,0.000193331,0.0244555,
-0.0952869,0.677294,0.0183355,-1.82784,-0.0547671,0.952516,-1.62669,0.648319,0.0583307,0.0234192,-0.00369748,0.0160879,-0.0120627,-0.0209523,0.00742674,0.0637829,-0.000298833,0.0242531,
-0.0951931,0.677279,0.0183993,-1.82789,-0.0548688,0.952546,-1.62646,0.648318,0.0584277,0.0234447,-0.00372997,0.0159382,-0.0117288,-0.025438,0.00728556,0.0577031,-0.000588202,0.0243932,
-0.0950996,0.677264,0.0184622,-1.82793,-0.054982,0.952573,-1.62624,0.648316,0.0585252,0.0233905,-0.00391321,0.0157283,-0.0116603,-0.0283008,0.00677021,0.0543744,-0.000744554,0.0247414,
-0.0950065,0.677247,0.0185243,-1.82798,-0.0551019,0.952597,-1.62603,0.648313,0.0586242,0.0232746,-0.00412141,0.0155156,-0.0116823,-0.0299809,0.00615109,0.052648,-0.000812941,0.0252005,
-0.0949131,0.67723,0.0185895,-1.82803,-0.0551863,0.952618,-1.62576,0.648309,0.058725,0.0233585,-0.00428562,0.0163075,-0.0128977,-0.0210947,0.00506759,0.0676851,-0.000148784,0.0246246,
-0.0948193,0.677214,0.018654,-1.82808,-0.0552474,0.952642,-1.62546,0.648309,0.0588235,0.0234455,-0.00412802,0.0161107,-0.0130637,-0.0152685,0.0060486,0.074273,0.000184106,0.02465,
-0.0947252,0.677199,0.0187186,-1.82813,-0.0553325,0.952669,-1.62521,0.64831,0.0589221,0.0235125,-0.00367245,0.0161516,-0.012013,-0.0212781,0.00686155,0.0637521,-0.00027981,0.0244622,
-0.0946311,0.677184,0.0187825,-1.82818,-0.0554347,0.952697,-1.62498,0.648308,0.05902,0.0235318,-0.00367588,0.0159935,-0.0116613,-0.0255504,0.00684015,0.0578774,-0.00055207,0.0246088,
-0.0945367,0.677169,0.0188482,-1.82823,-0.0555096,0.952721,-1.6247,0.648306,0.0591184,0.0235871,-0.00389716,0.0164132,-0.0126599,-0.0187251,0.00620944,0.0698688,-3.64981e-05,0.0242759,
-0.0944419,0.677154,0.0189132,-1.82828,-0.0556034,0.952748,-1.62445,0.648306,0.0592155,0.0237083,-0.00361325,0.0162575,-0.0118777,-0.0234356,0.00670806,0.0612601,-0.000415253,0.0242494,
-0.0943472,0.67714,0.0189774,-1.82832,-0.055711,0.952774,-1.62422,0.648304,0.0593125,0.0236893,-0.00367258,0.0160451,-0.0116154,-0.0269143,0.00653768,0.0565015,-0.000630644,0.0245084,
-0.0942522,0.677124,0.0190435,-1.82837,-0.0557891,0.952798,-1.62395,0.648302,0.0594105,0.0237348,-0.00388143,0.0165377,-0.0126632,-0.0195283,0.00579863,0.0693241,-7.27094e-05,0.024143,
-0.0941568,0.67711,0.0191089,-1.82842,-0.0558846,0.952823,-1.6237,0.648302,0.0595071,0.0238488,-0.00358657,0.0163445,-0.0118788,-0.0238751,0.00635994,0.0610278,-0.000428462,0.0241593,
-0.0940618,0.677094,0.0191733,-1.82847,-0.0559597,0.952848,-1.62342,0.6483,0.0596037,0.0237452,-0.00381589,0.0160928,-0.0124633,-0.0187648,0.0062442,0.0699921,-3.92e-05,0.0244415,
-0.0939671,0.67708,0.0192378,-1.82852,-0.0560542,0.952875,-1.62318,0.6483,0.0597015,0.0236858,-0.00354403,0.016123,-0.0117043,-0.0236189,0.00674765,0.0613479,-0.000417983,0.0244518,
-0.0938726,0.677066,0.0193016,-1.82856,-0.0561623,0.952901,-1.62295,0.648298,0.0597993,0.0236324,-0.00360816,0.0159638,-0.0114581,-0.0270473,0.00656773,0.0565818,-0.000633497,0.0247156,
-0.0937779,0.677051,0.0193675,-1.82861,-0.0562409,0.952924,-1.62267,0.648296,0.0598982,0.0236763,-0.00381795,0.0164701,-0.0125127,-0.0196423,0.00581925,0.0694041,-7.51107e-05,0.024352,
-0.0936827,0.677036,0.0194327,-1.82866,-0.0563367,0.95295,-1.62243,0.648295,0.0599956,0.0237956,-0.00352216,0.0162932,-0.0117323,-0.0239539,0.00636317,0.0611033,-0.000431169,0.0243616,
-0.0935879,0.677021,0.0194969,-1.82871,-0.056412,0.952975,-1.62215,0.648294,0.060093,0.0237006,-0.00375057,0.0160514,-0.0123205,-0.0188269,0.00623409,0.0700747,-4.10638e-05,0.0246371,
-0.0934933,0.677008,0.0195613,-1.82876,-0.0565067,0.953002,-1.6219,0.648293,0.0601916,0.0236502,-0.00347638,0.0160918,-0.0115627,-0.0236722,0.00672649,0.0614214,-0.000420208,0.0246388,
-0.0933989,0.676993,0.019625,-1.8288,-0.0566151,0.953028,-1.62168,0.648292,0.0602901,0.0236057,-0.00353859,0.0159414,-0.0113183,-0.0270955,0.00653735,0.0566501,-0.000635777,0.0248943,
-0.0933048,0.676978,0.0196887,-1.82885,-0.0566968,0.953051,-1.6214,0.648289,0.0603897,0.0235213,-0.00384879,0.0159193,-0.0122223,-0.0204197,0.00577465,0.068832,-0.000116866,0.0250379,
-0.0932108,0.676964,0.0197524,-1.8289,-0.0567946,0.953076,-1.62116,0.648289,0.0604899,0.0234982,-0.00356692,0.0159324,-0.0115138,-0.0244464,0.00633121,0.0607911,-0.000455537,0.0250654,
-0.0931169,0.676949,0.0198156,-1.82894,-0.0569044,0.953101,-1.62093,0.648287,0.0605901,0.0234575,-0.00360531,0.0157963,-0.0112744,-0.0274548,0.00620183,0.0563848,-0.000644756,0.0253231,
-0.0930228,0.676934,0.019881,-1.82899,-0.0569837,0.953123,-1.62066,0.648284,0.0606914,0.0235268,-0.00377927,0.016355,-0.0123325,-0.0198182,0.00549472,0.0694733,-6.80388e-05,0.0249086,
-0.092929,0.676919,0.0199442,-1.82904,-0.0570494,0.95315,-1.62036,0.648284,0.060791,0.0234704,-0.00370175,0.0157994,-0.0122327,-0.0164209,0.00665576,0.0726601,0.000102804,0.0253484,
-0.0928353,0.676906,0.0200081,-1.82908,-0.0571386,0.953178,-1.62011,0.648284,0.0608924,0.0234256,-0.0033531,0.0159706,-0.0113244,-0.0223111,0.0071166,0.0629105,-0.000340228,0.0252136,
-0.0927415,0.676892,0.0200716,-1.82913,-0.0572438,0.953206,-1.61988,0.648283,0.0609933,0.0234337,-0.00340123,0.0158674,-0.011047,-0.0262905,0.00687373,0.0574859,-0.0005966,0.0253679,
-0.092648,0.676878,0.0201344,-1.82917,-0.0573589,0.953231,-1.61966,0.648281,0.0610948,0.0233876,-0.00357539,0.0156956,-0.0110005,-0.0287977,0.0063244,0.0545432,-0.000731222,0.0257011,
-0.092554,0.676863,0.0201999,-1.82922,-0.0574415,0.953252,-1.61939,0.648278,0.0611976,0.0234871,-0.00377006,0.0163708,-0.0121705,-0.0206256,0.00531854,0.0686855,-0.000112782,0.0251874,
-0.0924601,0.676848,0.0202632,-1.82927,-0.0575084,0.953278,-1.6191,0.648277,0.0612983,0.0234732,-0.00369349,0.0158361,-0.0121216,-0.0167385,0.006362,0.072491,9.0465e-05,0.0255741,
-0.0923663,0.676835,0.0203272,-1.82931,-0.0575982,0.953305,-1.61885,0.648278,0.0614006,0.0234466,-0.00332743,0.0159941,-0.0112123,-0.0224535,0.00686062,0.0628491,-0.000342543,0.0254297,
-0.0922725,0.676821,0.0203908,-1.82936,-0.0577036,0.953332,-1.61862,0.648276,0.0615023,0.0234597,-0.00336045,0.0158925,-0.0109312,-0.0263525,0.00665251,0.0574934,-0.000592529,0.0255731,
-0.0921788,0.676807,0.0204537,-1.8294,-0.0578189,0.953356,-1.6184,0.648274,0.0616046,0.0234172,-0.00352249,0.0157253,-0.010882,-0.0288146,0.00613151,0.0545938,-0.000723017,0.0258938,
-0.0920847,0.676793,0.0205193,-1.82945,-0.0579013,0.953377,-1.61813,0.648271,0.0617082,0.0235226,-0.00370558,0.0164138,-0.012052,-0.0205989,0.00514593,0.0687827,-0.000101729,0.0253594,
-0.0919903,0.676778,0.0205842,-1.8295,-0.0579618,0.953401,-1.61783,0.648271,0.0618096,0.023601,-0.00357591,0.0162167,-0.0122162,-0.0151396,0.0060677,0.0749768,0.000207554,0.0253885,
-0.0918956,0.676766,0.0206494,-1.82954,-0.0580473,0.953428,-1.61757,0.648271,0.0619112,0.02368,-0.00313158,0.0162957,-0.0111739,-0.0213687,0.00677656,0.0642467,-0.000275734,0.0251577,
-0.0918007,0.676753,0.020714,-1.82959,-0.0581502,0.953455,-1.61734,0.64827,0.0620118,0.023721,-0.0031468,0.0161615,-0.0108401,-0.0257313,0.00665036,0.0582641,-0.000557923,0.0252667,
-0.091706,0.67674,0.0207779,-1.82963,-0.0582643,0.953479,-1.61712,0.648268,0.0621129,0.0236814,-0.00331519,0.0159698,-0.010773,-0.028513,0.00614825,0.0550042,-0.000709053,0.025581,
-0.0916109,0.676726,0.0208443,-1.82968,-0.0583463,0.9535,-1.61684,0.648265,0.0622152,0.0237692,-0.00352008,0.0166061,-0.0119312,-0.0205121,0.00517609,0.0689471,-0.000101333,0.0250901,
-0.0915157,0.676713,0.0209086,-1.82972,-0.0584408,0.953525,-1.61659,0.648265,0.0623156,0.0238124,-0.00330032,0.0160606,-0.0112229,-0.0236104,0.00620841,0.0622402,-0.000352722,0.0254479,
-0.0914211,0.676699,0.0209724,-1.82977,-0.0585153,0.953549,-1.61631,0.648263,0.0624174,0.0236392,-0.00346874,0.0159642,-0.011708,-0.0186194,0.00602974,0.0707625,1.79992e-05,0.0256803,
-0.0913267,0.676686,0.0210367,-1.82981,-0.0586094,0.953575,-1.61606,0.648264,0.0625201,0.0236055,-0.0031625,0.0160741,-0.010923,-0.0235401,0.00646615,0.0619536,-0.000373771,0.0256036,
-0.0912323,0.676673,0.0211006,-1.82986,-0.0587174,0.9536,-1.61583,0.648262,0.0626225,0.0235964,-0.00320692,0.0159671,-0.0106794,-0.0269873,0.00623481,0.0570994,-0.000597139,0.0257839,
-0.0911376,0.67666,0.0211666,-1.8299,-0.0587957,0.953622,-1.61555,0.64826,0.0627256,0.023684,-0.00340217,0.0165096,-0.011743,-0.0195894,0.00546381,0.0699031,-4.23787e-05,0.0253512,
-0.0910422,0.676647,0.0212321,-1.82995,-0.0588915,0.953646,-1.61531,0.648259,0.062827,0.023845,-0.00309159,0.0163666,-0.0109673,-0.0239484,0.00597423,0.0615294,-0.000404912,0.0252889,
-0.0909468,0.676635,0.0212968,-1.82999,-0.0590004,0.953669,-1.61508,0.648258,0.0629282,0.0238529,-0.0031257,0.0161841,-0.0107078,-0.0272318,0.0058199,0.0569269,-0.000608698,0.0255052,
-0.0908511,0.676622,0.0213637,-1.83004,-0.0590794,0.953689,-1.6148,0.648255,0.0630302,0.0239295,-0.00330627,0.0167129,-0.011761,-0.019741,0.00511227,0.0699232,-3.99734e-05,0.0250845,
-0.0907556,0.676609,0.0214283,-1.83008,-0.0591452,0.953714,-1.61451,0.648255,0.0631306,0.0238697,-0.00323584,0.0161464,-0.0116636,-0.0164355,0.00624867,0.073051,0.000126295,0.0255155,
-0.0906603,0.676597,0.0214935,-1.83013,-0.0592349,0.953741,-1.61425,0.648256,0.0632326,0.0238211,-0.00288903,0.0163051,-0.010752,-0.022426,0.00669661,0.0632351,-0.000322862,0.0253734,
-0.090565,0.676585,0.0215582,-1.83017,-0.0593406,0.953767,-1.61402,0.648254,0.0633341,0.0238224,-0.00294105,0.0161935,-0.0104779,-0.0264417,0.00643797,0.0577919,-0.000581764,0.0255242,
-0.0904699,0.676573,0.0216223,-1.83021,-0.0594565,0.95379,-1.6138,0.648252,0.0634362,0.0237695,-0.00311827,0.0160152,-0.0104355,-0.0289584,0.00587412,0.0548529,-0.000717105,0.0258556,
-0.0903745,0.67656,0.0216891,-1.83026,-0.0595395,0.95381,-1.61353,0.648249,0.0635396,0.0238642,-0.00331273,0.0166905,-0.0116099,-0.0207634,0.00486562,0.0690597,-9.69093e-05,0.0253373,
-0.0902788,0.676547,0.021755,-1.8303,-0.0596008,0.953833,-1.61323,0.648249,0.063641,0.0239316,-0.00319164,0.0164818,-0.0117753,-0.0153186,0.00576918,0.0752456,0.000211276,0.0253822,
-0.0901828,0.676536,0.0218212,-1.83035,-0.0596871,0.953859,-1.61297,0.64825,0.0637425,0.024001,-0.00275157,0.0165495,-0.0107293,-0.0215845,0.00646711,0.0644825,-0.000274778,0.0251645,
-0.0900866,0.676525,0.0218868,-1.83039,-0.0597909,0.953884,-1.61273,0.648249,0.0638432,0.0240318,-0.00277208,0.0164072,-0.0103966,-0.0259513,0.00632773,0.0584987,-0.000557205,0.0252867,
-0.0899907,0.676513,0.0219517,-1.83043,-0.0599058,0.953907,-1.61251,0.648246,0.0639443,0.0239833,-0.00294472,0.0162092,-0.0103312,-0.0287255,0.00581489,0.0552505,-0.000707481,0.0256134,
-0.0898944,0.6765,0.022019,-1.83048,-0.0599887,0.953927,-1.61224,0.648244,0.0640468,0.0240638,-0.00315135,0.0168378,-0.0114906,-0.0207194,0.00484444,0.069243,-9.71124e-05,0.0251355,
-0.0897976,0.676489,0.0220855,-1.83052,-0.0600873,0.953948,-1.61199,0.648243,0.0641473,0.0242147,-0.00284165,0.0166325,-0.0107255,-0.0246483,0.00540405,0.0612902,-0.000430858,0.0251361,
-0.0897006,0.676477,0.0221531,-1.83056,-0.0601602,0.953969,-1.6117,0.648241,0.0642479,0.0242551,-0.00296106,0.0168841,-0.0115042,-0.0182302,0.0052494,0.0719281,4.39983e-05,0.0249136,
-0.0896032,0.676467,0.0222202,-1.83061,-0.0602536,0.953993,-1.61145,0.648242,0.0643475,0.0243505,-0.00262737,0.0167779,-0.0106417,-0.0233365,0.00585287,0.0627463,-0.000358646,0.0248468,
-0.0895058,0.676456,0.0222865,-1.83065,-0.0603617,0.954016,-1.61122,0.64824,0.0644469,0.0243335,-0.00267234,0.0165781,-0.0103561,-0.027021,0.00572743,0.0576903,-0.000587445,0.025079,
-0.0894083,0.676444,0.0223546,-1.83069,-0.0604409,0.954036,-1.61094,0.648238,0.0645472,0.0243748,-0.00288338,0.0170296,-0.0113916,-0.0198174,0.00504838,0.0703874,-3.39189e-05,0.0247401,
-0.0893104,0.676434,0.022422,-1.83074,-0.0605379,0.954058,-1.61069,0.648238,0.0646462,0.0244816,-0.00258858,0.0168457,-0.0105993,-0.0242518,0.0055984,0.0619549,-0.000397629,0.0247482,
-0.0892129,0.676423,0.0224884,-1.83078,-0.0606144,0.95408,-1.61041,0.648236,0.0647452,0.0243776,-0.0028236,0.0166032,-0.011196,-0.0191252,0.0054642,0.0709643,-4.90958e-06,0.0250229,
-0.0891156,0.676412,0.0225549,-1.83082,-0.0607106,0.954104,-1.61016,0.648236,0.0648453,0.0243213,-0.00254938,0.0166283,-0.0104262,-0.0240413,0.00596243,0.0622303,-0.000390102,0.025028,
-0.0890185,0.676402,0.0226208,-1.83086,-0.0608205,0.954127,-1.60993,0.648235,0.0649454,0.0242674,-0.00261662,0.0164704,-0.0101817,-0.0274783,0.00576269,0.0574428,-0.000606859,0.0252887,
-0.0889213,0.676391,0.0226886,-1.83091,-0.060901,0.954147,-1.60965,0.648232,0.0650465,0.0243093,-0.00282815,0.0169551,-0.0112377,-0.0201232,0.00502979,0.0703377,-4.38826e-05,0.0249415,
-0.0888236,0.676381,0.0227558,-1.83095,-0.0609987,0.954169,-1.6094,0.648232,0.0651463,0.024423,-0.00253104,0.0167817,-0.010451,-0.0244328,0.00556537,0.0619755,-0.000403106,0.0249506,
-0.0887263,0.67637,0.022822,-1.83099,-0.0610757,0.954191,-1.60912,0.64823,0.0652461,0.0243279,-0.00276153,0.0165526,-0.0110522,-0.0192358,0.0054196,0.0710605,-5.68066e-06,0.0252181,
-0.0886292,0.67636,0.0228883,-1.83104,-0.0611721,0.954215,-1.60887,0.64823,0.065347,0.0242805,-0.00248174,0.016587,-0.0102811,-0.0241157,0.00592105,0.0623313,-0.00038994,0.0252174,
-0.0885322,0.676349,0.0229541,-1.83108,-0.0612823,0.954238,-1.60864,0.648229,0.0654478,0.024235,-0.00254496,0.0164385,-0.0100365,-0.0275336,0.00572092,0.0575465,-0.000605861,0.0254713,
-0.0884351,0.676338,0.0230218,-1.83112,-0.061363,0.954258,-1.60835,0.648226,0.0655497,0.0242843,-0.00275345,0.0169234,-0.0110918,-0.0201932,0.00499393,0.0704406,-4.19075e-05,0.0251228,
-0.0883375,0.676329,0.0230888,-1.83116,-0.061461,0.95428,-1.60811,0.648226,0.0656502,0.0244035,-0.00245366,0.0167596,-0.0103056,-0.0244875,0.00552707,0.0620738,-0.000401019,0.0251256,
-0.0882402,0.676318,0.0231549,-1.8312,-0.0615381,0.954301,-1.60782,0.648225,0.0657507,0.0243149,-0.00268239,0.0165367,-0.0109083,-0.0192832,0.00537967,0.071166,-2.6124e-06,0.0253873,
-0.0881431,0.676308,0.0232213,-1.83125,-0.0616348,0.954325,-1.60757,0.648225,0.0658523,0.0242738,-0.00240007,0.0165776,-0.0101367,-0.0241596,0.00588024,0.0624278,-0.000387414,0.0253799,
-0.0880462,0.676298,0.023287,-1.83128,-0.0617451,0.954348,-1.60734,0.648223,0.0659538,0.0242344,-0.00246173,0.0164353,-0.00989291,-0.0275739,0.00567623,0.0576385,-0.000603434,0.0256272,
-0.0879496,0.676287,0.0233527,-1.83133,-0.0618286,0.954367,-1.60706,0.648221,0.0660563,0.0241584,-0.00277088,0.016423,-0.0108074,-0.0208813,0.00490813,0.0699183,-7.68729e-05,0.0257599,
-0.087853,0.676277,0.0234184,-1.83137,-0.0619283,0.954389,-1.60681,0.64822,0.0661593,0.0241427,-0.0024829,0.0164358,-0.0100879,-0.0249301,0.00546436,0.0618055,-0.000419218,0.0257798,
-0.0877569,0.676267,0.0234827,-1.83141,-0.0620335,0.954412,-1.60657,0.648219,0.0662625,0.0240128,-0.00261541,0.0160764,-0.00998093,-0.0262875,0.0056424,0.0597136,-0.000485051,0.0262975,
-0.087661,0.676256,0.0235491,-1.83145,-0.062111,0.954432,-1.60629,0.648217,0.0663676,0.0239905,-0.00274123,0.0166014,-0.0108554,-0.019376,0.00509914,0.0715733,3.89712e-05,0.0259787,
-0.0875645,0.676246,0.0236153,-1.83149,-0.0622068,0.954455,-1.60604,0.648217,0.0664716,0.0241168,-0.00239757,0.0165386,-0.0100193,-0.0239682,0.00563037,0.0627839,-0.000343941,0.0258944,
-0.0874683,0.676236,0.0236807,-1.83153,-0.0622827,0.954477,-1.60575,0.648215,0.0665751,0.0240611,-0.00261251,0.0163447,-0.0106047,-0.018964,0.00550151,0.0714998,3.488e-05,0.0261077,
-0.087372,0.676227,0.0237464,-1.83157,-0.0623785,0.9545,-1.6055,0.648216,0.0666796,0.0240576,-0.00232255,0.0164259,-0.00983856,-0.0239562,0.00595499,0.0626607,-0.000360402,0.0260364,
-0.0872758,0.676217,0.0238116,-1.83161,-0.0624882,0.954523,-1.60527,0.648214,0.0667837,0.0240558,-0.00237873,0.0163151,-0.0096052,-0.0274269,0.00570791,0.0578067,-0.000583561,0.0262261,
-0.0871798,0.676206,0.023877,-1.83165,-0.0625713,0.954543,-1.60499,0.648212,0.0668886,0.0240134,-0.00268281,0.016331,-0.0105294,-0.0207684,0.00490823,0.0700268,-6.23034e-05,0.0263082,
-0.0870836,0.676197,0.0239424,-1.83169,-0.0626707,0.954565,-1.60474,0.648212,0.0669938,0.0240286,-0.00238904,0.0163658,-0.00981759,-0.0248537,0.00543032,0.0618832,-0.000408794,0.0262811,
-0.0869876,0.676187,0.0240075,-1.83173,-0.0627822,0.954586,-1.60451,0.64821,0.067099,0.0240182,-0.00242128,0.0162562,-0.00958675,-0.0278703,0.00526404,0.0574471,-0.000600788,0.0264901,
-0.0868911,0.676177,0.0240747,-1.83177,-0.0628634,0.954604,-1.60423,0.648208,0.0672049,0.0241125,-0.00258828,0.0168129,-0.0106516,-0.0202912,0.00456583,0.0706127,-1.99853e-05,0.026053,
-0.0867948,0.676167,0.0241399,-1.83182,-0.0629303,0.954626,-1.60393,0.648207,0.0673091,0.024077,-0.00251253,0.0163053,-0.0105737,-0.0167371,0.00566107,0.0739082,0.000161873,0.0264367,
-0.0866986,0.676158,0.0242059,-1.83186,-0.0630212,0.954651,-1.60368,0.648208,0.0674149,0.0240605,-0.00214499,0.016484,-0.00964624,-0.0227354,0.00613686,0.0640081,-0.000291035,0.0262596,
-0.0866022,0.676149,0.0242715,-1.83189,-0.0631282,0.954675,-1.60344,0.648207,0.0675199,0.0240876,-0.00218649,0.0163974,-0.00937124,-0.0267397,0.00588033,0.0585363,-0.000550286,0.0263779,
-0.086506,0.67614,0.0243364,-1.83193,-0.0632452,0.954696,-1.60322,0.648205,0.0676254,0.024059,-0.00235659,0.0162437,-0.00933192,-0.0292382,0.00531094,0.0555926,-0.000684484,0.0266798,
-0.0864093,0.67613,0.0244041,-1.83197,-0.0633297,0.954713,-1.60294,0.648202,0.0677322,0.0241733,-0.00254407,0.0169075,-0.0105041,-0.0211233,0.0043312,0.0698308,-6.08957e-05,0.0261569,
-0.0863126,0.67612,0.0244697,-1.83201,-0.063398,0.954734,-1.60265,0.648202,0.0678368,0.0241703,-0.00246768,0.0164087,-0.0104722,-0.0170946,0.00533266,0.0737389,0.000152043,0.0265034,
-0.086216,0.676112,0.024536,-1.83205,-0.0634897,0.954758,-1.60239,0.648202,0.0679428,0.0241619,-0.00208568,0.0165666,-0.00954181,-0.0229113,0.00585187,0.0639531,-0.000290344,0.02633,
-0.0861192,0.676103,0.0246019,-1.83209,-0.063597,0.95478,-1.60216,0.648201,0.0680481,0.0241851,-0.00211465,0.0164745,-0.0092611,-0.0268307,0.0056356,0.0585567,-0.000542884,0.0264497,
-0.0860226,0.676094,0.0246671,-1.83213,-0.0637141,0.954801,-1.60193,0.648199,0.0681539,0.0241522,-0.00227525,0.0163198,-0.00921718,-0.0292788,0.00509945,0.0556625,-0.000672129,0.0267524,
-0.0859255,0.676084,0.0247351,-1.83217,-0.0637986,0.954817,-1.60165,0.648196,0.0682609,0.0242659,-0.00245296,0.0169921,-0.0103877,-0.0211154,0.00414324,0.0699545,-4.55743e-05,0.0262179,
-0.0858282,0.676075,0.0248023,-1.83221,-0.0638611,0.954838,-1.60135,0.648196,0.0683658,0.024345,-0.00232061,0.0167985,-0.010552,-0.0156311,0.00507396,0.0761511,0.000265276,0.0262403,
-0.0857305,0.676068,0.0248698,-1.83225,-0.0639488,0.954861,-1.60109,0.648197,0.0684708,0.0244284,-0.00186769,0.0168786,-0.00949308,-0.0219234,0.00578777,0.0653143,-0.000226152,0.0259943,
-0.0856326,0.67606,0.0249368,-1.83228,-0.0640539,0.954883,-1.60085,0.648196,0.0685747,0.0244715,-0.00188326,0.0167524,-0.0091616,-0.0262734,0.0056434,0.0593193,-0.000509823,0.0260895,
-0.0855348,0.676052,0.0250031,-1.83232,-0.06417,0.954904,-1.60063,0.648194,0.0686791,0.024436,-0.00205239,0.0165702,-0.00910036,-0.0290205,0.00512021,0.0560834,-0.000659914,0.0263895,
-0.0854367,0.676043,0.0250719,-1.83236,-0.0642542,0.954921,-1.60035,0.648192,0.0687847,0.0245286,-0.00225331,0.0171925,-0.0102603,-0.0210494,0.00417111,0.0701484,-4.59763e-05,0.025902,
-0.0853384,0.676034,0.0251398,-1.8324,-0.0643169,0.954941,-1.60004,0.648191,0.0688883,0.0245808,-0.00214215,0.0169738,-0.0104221,-0.0156853,0.00507731,0.0762422,0.000258225,0.0259624,
-0.0852398,0.676027,0.0252079,-1.83244,-0.0644051,0.954964,-1.59978,0.648192,0.0689921,0.0246434,-0.00170346,0.0170412,-0.0093636,-0.0220476,0.00576226,0.0653588,-0.000237517,0.0257419,
-0.0851411,0.67602,0.0252755,-1.83248,-0.0645108,0.954986,-1.59954,0.648192,0.0690951,0.0246697,-0.00173127,0.0169013,-0.00903411,-0.0264243,0.00559167,0.0593456,-0.000522781,0.0258623,
-0.0850427,0.676013,0.0253424,-1.83251,-0.0646275,0.955006,-1.59932,0.648189,0.0691985,0.0246191,-0.00191004,0.0167062,-0.00897423,-0.029181,0.00504876,0.0561065,-0.000673059,0.0261868,
-0.0849439,0.676004,0.0254116,-1.83255,-0.0647124,0.955023,-1.59904,0.648187,0.0693033,0.0246974,-0.00211876,0.0173116,-0.0101339,-0.0212255,0.00408936,0.0701818,-5.80137e-05,0.0257262,
-0.0848452,0.675996,0.0254787,-1.83259,-0.0647816,0.955043,-1.59874,0.648187,0.0694062,0.0246563,-0.00206147,0.0167827,-0.0100981,-0.0172897,0.00507815,0.0740092,0.000150615,0.0261207,
-0.0847468,0.675989,0.0255464,-1.83263,-0.0648743,0.955065,-1.59849,0.648187,0.0695107,0.0246167,-0.00169313,0.0169122,-0.00916186,-0.0231837,0.00558353,0.0641726,-0.000295679,0.0259892,
-0.0846483,0.675982,0.0256136,-1.83267,-0.0649828,0.955087,-1.59825,0.648186,0.0696146,0.0246109,-0.00173548,0.0167955,-0.00888033,-0.0271265,0.00535137,0.0587662,-0.000548851,0.0261502,
-0.0845501,0.675975,0.0256801,-1.8327,-0.0651011,0.955106,-1.59803,0.648184,0.0697192,0.0245519,-0.00190755,0.01662,-0.008836,-0.029574,0.00480319,0.0558819,-0.000676513,0.0264946,
-0.0844516,0.675966,0.0257491,-1.83274,-0.0651868,0.955122,-1.59775,0.648181,0.0698252,0.0246418,-0.00209359,0.0172647,-0.0100042,-0.0214275,0.00384743,0.0702134,-4.72752e-05,0.026002,
-0.0843528,0.675958,0.0258173,-1.83278,-0.0652505,0.955141,-1.59744,0.648181,0.0699292,0.0246971,-0.00196828,0.0170526,-0.0101664,-0.0159293,0.00477889,0.0764269,0.000265645,0.0260614,
-0.0842537,0.675952,0.0258858,-1.83282,-0.0653394,0.955163,-1.59718,0.648182,0.0700335,0.0247598,-0.00151945,0.0171157,-0.00910062,-0.0222258,0.00549806,0.0655737,-0.000226473,0.0258482,
-0.0841546,0.675946,0.0259537,-1.83285,-0.0654457,0.955184,-1.59694,0.648181,0.0701368,0.0247841,-0.00154051,0.0169762,-0.00876692,-0.0265633,0.00535243,0.0595859,-0.000509107,0.0259739,
-0.0840557,0.675939,0.0260208,-1.83289,-0.0655629,0.955203,-1.59671,0.648179,0.0702407,0.0247323,-0.00171465,0.0167829,-0.0087044,-0.0292927,0.00482819,0.056366,-0.000657325,0.0263028,
-0.0839564,0.675932,0.0260903,-1.83293,-0.0656483,0.955219,-1.59643,0.648176,0.070346,0.02481,-0.00191915,0.0173825,-0.00986101,-0.0213447,0.00388958,0.0704636,-4.06425e-05,0.0258488,
-0.083857,0.675924,0.026159,-1.83297,-0.0657121,0.955238,-1.59613,0.648176,0.0704493,0.0248459,-0.00181142,0.017154,-0.0100214,-0.0159583,0.00480149,0.0765739,0.000265668,0.0259362,
-0.0837575,0.675919,0.0262278,-1.833,-0.0658013,0.95526,-1.59586,0.648177,0.0705531,0.0248956,-0.00137376,0.0172129,-0.00895645,-0.0223158,0.00549398,0.0656723,-0.000231214,0.0257379,
-0.0836578,0.675913,0.0262961,-1.83304,-0.0659081,0.955281,-1.59562,0.648176,0.070656,0.0249107,-0.00140457,0.0170669,-0.00862527,-0.0266768,0.00532265,0.0596619,-0.000516016,0.0258782,
-0.0835584,0.675907,0.0263636,-1.83307,-0.0660257,0.9553,-1.5954,0.648174,0.0707596,0.024851,-0.00158639,0.0168675,-0.0085647,-0.0294149,0.00477865,0.0564335,-0.000664869,0.0262222,
-0.0834587,0.6759,0.0264334,-1.83311,-0.0661117,0.955316,-1.59512,0.648172,0.0708644,0.0249206,-0.00179724,0.0174531,-0.00972114,-0.0214911,0.0038309,0.0705307,-4.78159e-05,0.0257879,
-0.0833592,0.675893,0.0265011,-1.83315,-0.0661817,0.955335,-1.59482,0.648171,0.0709676,0.0248693,-0.00174219,0.0169264,-0.00968803,-0.0175016,0.00481863,0.0743978,0.000163525,0.0261958,
-0.08326,0.675887,0.0265693,-1.83319,-0.0662753,0.955356,-1.59456,0.648172,0.0710724,0.0248239,-0.00137263,0.0170512,-0.00874458,-0.0234011,0.00533189,0.0645295,-0.000284875,0.0260769,
-0.0831607,0.675882,0.026637,-1.83322,-0.0663846,0.955377,-1.59432,0.648171,0.0711767,0.0248125,-0.00141649,0.0169321,-0.0084614,-0.0273373,0.00509888,0.0591149,-0.000538429,0.0262494,
-0.0830617,0.675875,0.026704,-1.83325,-0.0665037,0.955395,-1.5941,0.648169,0.0712817,0.0247493,-0.00159079,0.0167564,-0.00841674,-0.0297715,0.00454905,0.0562334,-0.000664829,0.0266078,
-0.0829624,0.675868,0.0267736,-1.83329,-0.0665904,0.955409,-1.59382,0.648166,0.0713881,0.0248346,-0.00177813,0.0173846,-0.00958224,-0.0216582,0.00360499,0.0705805,-3.42295e-05,0.0261348,
-0.0828628,0.675862,0.0268423,-1.83333,-0.0666549,0.955428,-1.59351,0.648166,0.0714927,0.0248823,-0.00165435,0.0171704,-0.00974412,-0.0161417,0.00454054,0.0768004,0.000279665,0.0262071,
-0.0827631,0.675857,0.0269112,-1.83336,-0.0667447,0.955449,-1.59325,0.648167,0.0715975,0.0249403,-0.0012048,0.0172325,-0.00867306,-0.0224388,0.00526206,0.0659211,-0.000214603,0.0260021,
-0.0826632,0.675852,0.0269796,-1.8334,-0.0668517,0.955469,-1.59301,0.648166,0.0717015,0.024961,-0.00122726,0.0170933,-0.00833894,-0.0267648,0.0051118,0.0599286,-0.000497703,0.0261345,
-0.0825636,0.675846,0.0270472,-1.83343,-0.0669696,0.955487,-1.59278,0.648164,0.071806,0.0249073,-0.0014033,0.0169022,-0.00827697,-0.0294774,0.00458313,0.0567135,-0.000644682,0.026473,
-0.0824637,0.67584,0.0271171,-1.83347,-0.0670558,0.955502,-1.5925,0.648162,0.0719119,0.0249834,-0.00160804,0.0174933,-0.0094328,-0.021541,0.00365339,0.0708372,-2.65922e-05,0.0260296,
-0.0823636,0.675834,0.0271862,-1.83351,-0.0671204,0.95552,-1.59219,0.648162,0.072016,0.0250158,-0.00150076,0.0172647,-0.0095929,-0.0161373,0.00456916,0.0769523,0.000280294,0.0261238,
-0.0822634,0.67583,0.0272555,-1.83354,-0.0672104,0.955541,-1.59192,0.648163,0.0721205,0.0250638,-0.00106186,0.0173228,-0.00852267,-0.022505,0.00526189,0.0660205,-0.00021893,0.025929,
-0.082163,0.675825,0.0273242,-1.83357,-0.0673178,0.955562,-1.59168,0.648162,0.0722243,0.0250772,-0.00109364,0.0171779,-0.00819134,-0.02686,0.00508535,0.0600026,-0.000504394,0.0260723,
-0.082063,0.67582,0.0273921,-1.83361,-0.0674362,0.95558,-1.59146,0.64816,0.0723285,0.0250171,-0.001277,0.0169815,-0.00813167,-0.0295842,0.00453625,0.056777,-0.000652133,0.0264227,
-0.0819626,0.675814,0.0274624,-1.83364,-0.0675228,0.955594,-1.59117,0.648157,0.0724342,0.0250872,-0.0014871,0.0175668,-0.00928923,-0.0216481,0.0035959,0.0709116,-3.3593e-05,0.0259908,
-0.0818622,0.675809,0.0275317,-1.83368,-0.0675877,0.955612,-1.59087,0.648157,0.0725382,0.0251139,-0.00138381,0.0173331,-0.00944971,-0.016243,0.00450377,0.0770286,0.000273745,0.0260958,
-0.0817615,0.675805,0.0276013,-1.83372,-0.0676782,0.955633,-1.5906,0.648158,0.0726426,0.0251568,-0.000947222,0.0173862,-0.0083777,-0.02262,0.00518974,0.0660854,-0.00022589,0.0259107,
-0.0816609,0.675801,0.0276702,-1.83375,-0.0677861,0.955653,-1.59036,0.648157,0.0727462,0.0251653,-0.000981554,0.0172375,-0.00804639,-0.026975,0.00500652,0.0600659,-0.000510957,0.0260634,
-0.0815605,0.675796,0.0277384,-1.83378,-0.0679049,0.955671,-1.59013,0.648155,0.0728505,0.0251008,-0.00116716,0.0170384,-0.00798698,-0.0296948,0.00445247,0.0568434,-0.000657648,0.0264235,
-0.0814598,0.675791,0.0278089,-1.83382,-0.0679919,0.955685,-1.58985,0.648153,0.0729562,0.0251675,-0.00137827,0.0176215,-0.00914518,-0.0217498,0.00351297,0.070998,-3.7674e-05,0.0259989,
-0.0813594,0.675785,0.0278772,-1.83385,-0.0680628,0.955703,-1.58955,0.648152,0.0730602,0.0251137,-0.0013238,0.0170954,-0.00911338,-0.0177254,0.00449979,0.0748893,0.000175616,0.0264126,
-0.0812591,0.675782,0.0279461,-1.83388,-0.0681574,0.955723,-1.58929,0.648153,0.0731658,0.0250668,-0.000952208,0.0172146,-0.00816113,-0.0236584,0.00501381,0.0649692,-0.000275769,0.0263,
-0.0811589,0.675778,0.0280145,-1.83392,-0.0682678,0.955742,-1.58905,0.648152,0.073271,0.0250521,-0.000997543,0.0170937,-0.00787698,-0.0275993,0.00477475,0.0595372,-0.000529957,0.0264792,
-0.0810589,0.675773,0.0280821,-1.83395,-0.0683879,0.955759,-1.58883,0.64815,0.0733769,0.0249863,-0.00117429,0.0169193,-0.00783313,-0.0300228,0.00421864,0.0566553,-0.000654572,0.0268491,
-0.0809587,0.675767,0.0281523,-1.83398,-0.0684755,0.955772,-1.58854,0.648147,0.0734843,0.0250704,-0.00136101,0.017546,-0.0090002,-0.0218912,0.00328573,0.0710551,-2.14403e-05,0.0263821,
-0.0808582,0.675763,0.0282216,-1.83402,-0.0685409,0.955789,-1.58823,0.648147,0.0735899,0.0251162,-0.00123726,0.0173289,-0.00916048,-0.0163636,0.00422829,0.0772752,0.000293109,0.0264611,
-0.0807575,0.675759,0.0282912,-1.83405,-0.0686317,0.955809,-1.58797,0.648148,0.0736957,0.0251726,-0.000786092,0.0173868,-0.00808166,-0.0226935,0.0049476,0.0663478,-0.000204186,0.0262599,
-0.0806567,0.675756,0.0283602,-1.83408,-0.0687398,0.955828,-1.58773,0.648148,0.0738007,0.0251906,-0.000810109,0.0172469,-0.00774738,-0.0270212,0.00478931,0.0603413,-0.000487961,0.0263967,
-0.0805562,0.675752,0.0284284,-1.83411,-0.0688587,0.955845,-1.5875,0.648146,0.0739063,0.025135,-0.00098848,0.0170583,-0.0076868,-0.0297201,0.00425286,0.0571283,-0.000633142,0.0267442,
-0.0804554,0.675747,0.028499,-1.83415,-0.0689457,0.955858,-1.58721,0.648143,0.0740133,0.0252108,-0.00119234,0.017649,-0.00884471,-0.0217636,0.00333262,0.0713059,-1.2567e-05,0.026304,
-0.0803544,0.675743,0.0285687,-1.83419,-0.0690111,0.955875,-1.5869,0.648143,0.0741185,0.0252422,-0.00108476,0.0174182,-0.00900353,-0.0163481,0.00425444,0.0774215,0.000294891,0.0264022,
-0.0802532,0.675741,0.0286386,-1.83422,-0.0691021,0.955895,-1.58664,0.648144,0.0742241,0.0252894,-0.000643932,0.0174728,-0.0079258,-0.022748,0.00494446,0.0664422,-0.000207399,0.026209,
-0.080152,0.675738,0.0287079,-1.83425,-0.0692105,0.955914,-1.58639,0.648143,0.074329,0.0253007,-0.000676952,0.0173278,-0.00759454,-0.0271043,0.00475972,0.0604107,-0.000493591,0.0263545,
-0.0800511,0.675734,0.0287764,-1.83428,-0.0693298,0.955931,-1.58617,0.648141,0.0744344,0.0252394,-0.00086236,0.0171344,-0.00753645,-0.0298145,0.00420272,0.0571876,-0.000639569,0.026712,
-0.0799498,0.67573,0.0288473,-1.83431,-0.0694172,0.955944,-1.58588,0.648139,0.0745412,0.0253098,-0.00107131,0.0177196,-0.00869616,-0.0218591,0.00327152,0.0713752,-1.86371e-05,0.0262815,
-0.0798485,0.675726,0.0289172,-1.83435,-0.069483,0.955961,-1.58557,0.648139,0.0746464,0.0253359,-0.00096748,0.0174842,-0.00885547,-0.0164431,0.00418518,0.0774917,0.000289174,0.0263888,
-0.079747,0.675724,0.0289874,-1.83438,-0.0695744,0.95598,-1.5853,0.64814,0.0747519,0.0253786,-0.000528794,0.0175341,-0.00777617,-0.0228525,0.00486828,0.0665013,-0.000213559,0.0262037,
-0.0796454,0.675722,0.0290569,-1.83441,-0.0696832,0.955999,-1.58506,0.648139,0.0748567,0.0253854,-0.000564167,0.0173857,-0.00744508,-0.0272086,0.00467686,0.0604686,-0.000499387,0.026357,
-0.0795441,0.675719,0.0291257,-1.83444,-0.0698029,0.956015,-1.58483,0.648137,0.0749622,0.0253201,-0.000751629,0.0171899,-0.00738739,-0.0299144,0.00411492,0.0572487,-0.000644336,0.0267229,
-0.0794426,0.675715,0.0291968,-1.83447,-0.0698907,0.956028,-1.58455,0.648134,0.075069,0.0253874,-0.000961444,0.017773,-0.00854776,-0.0219511,0.00318426,0.0714555,-2.20402e-05,0.0262985,
-0.0793413,0.675711,0.0292658,-1.83451,-0.0699623,0.956045,-1.58425,0.648134,0.0751742,0.0253342,-0.000906239,0.0172498,-0.00851774,-0.0178972,0.00417044,0.0753667,0.000192661,0.0267091,
-0.0792401,0.675709,0.0293352,-1.83454,-0.0700577,0.956064,-1.58398,0.648135,0.0752811,0.0252886,-0.000531584,0.0173654,-0.00755735,-0.0238669,0.00468444,0.065393,-0.000262102,0.0265945,
-0.079139,0.675707,0.0294042,-1.83457,-0.070169,0.956081,-1.58374,0.648134,0.0753875,0.0252729,-0.000577448,0.0172445,-0.00727292,-0.0278141,0.00443905,0.0599429,-0.000517281,0.026773,
-0.0790382,0.675704,0.0294725,-1.8346,-0.0702899,0.956097,-1.58352,0.648132,0.0754945,0.0252067,-0.000755773,0.0170732,-0.00723051,-0.0302278,0.00387636,0.0570602,-0.00064037,0.0271475,
-0.078937,0.6757,0.0295433,-1.83463,-0.0703782,0.956109,-1.58323,0.648129,0.0756031,0.0252915,-0.000941205,0.0176991,-0.00839929,-0.0220824,0.0029533,0.0715082,-5.12972e-06,0.0266807,
-0.0788357,0.675697,0.0296132,-1.83466,-0.0704444,0.956124,-1.58292,0.648129,0.0757099,0.0253367,-0.000816875,0.0174802,-0.00855829,-0.0165476,0.0039018,0.0777245,0.000309656,0.0267608,
-0.0787341,0.675695,0.0296834,-1.83469,-0.0705361,0.956143,-1.58265,0.648131,0.0758169,0.0253931,-0.000363611,0.0175352,-0.00747244,-0.022911,0.00461831,0.0667498,-0.000190795,0.0265583,
-0.0786325,0.675694,0.0297529,-1.83472,-0.070645,0.95616,-1.58241,0.64813,0.0759231,0.0254094,-0.00038862,0.0173956,-0.00713856,-0.0272401,0.00445201,0.0607306,-0.000475369,0.0266944,
-0.0785311,0.675692,0.0298218,-1.83475,-0.0707647,0.956176,-1.58218,0.648128,0.0760299,0.0253532,-0.000568768,0.0172104,-0.00707984,-0.0299249,0.00390786,0.0575209,-0.000618825,0.0270465,
-0.0784293,0.675688,0.029893,-1.83478,-0.0708525,0.956188,-1.58189,0.648126,0.0761381,0.0254298,-0.000771302,0.0178009,-0.00823983,-0.0219519,0.0029959,0.0717495,3.98325e-06,0.0266057,
-0.0783275,0.675686,0.0299633,-1.83482,-0.0709187,0.956204,-1.58158,0.648126,0.0762445,0.0254609,-0.00066299,0.0175687,-0.00839754,-0.0165277,0.00392306,0.0778623,0.000311732,0.0267042,
-0.0782255,0.675685,0.0300337,-1.83485,-0.0710105,0.956222,-1.58131,0.648127,0.0763513,0.0255082,-0.000219964,0.0176204,-0.00731289,-0.0229601,0.00461045,0.066837,-0.000193628,0.0265092,
-0.0781234,0.675684,0.0301036,-1.83487,-0.0711198,0.95624,-1.58107,0.648126,0.0764574,0.0255181,-0.000253848,0.0174758,-0.00698211,-0.0273169,0.00441803,0.0607939,-0.000480561,0.0266536,
-0.0780216,0.675682,0.0301728,-1.8349,-0.0712398,0.956255,-1.58084,0.648124,0.076564,0.0254563,-0.000440906,0.017286,-0.00692592,-0.0300125,0.00385366,0.0575749,-0.00062477,0.0270151,
-0.0779194,0.67568,0.0302443,-1.83493,-0.071328,0.956267,-1.58055,0.648122,0.0766721,0.0255276,-0.000648429,0.0178712,-0.00808765,-0.0220411,0.00293058,0.0718133,-1.61798e-06,0.0265836,
-0.0778172,0.675677,0.0303148,-1.83497,-0.0713944,0.956282,-1.58024,0.648122,0.0767784,0.0255536,-0.000543773,0.0176343,-0.00824584,-0.0166169,0.00384959,0.0779265,0.000306447,0.0266909,
-0.0777148,0.675677,0.0303855,-1.835,-0.0714867,0.956301,-1.57997,0.648123,0.0768852,0.0255964,-0.000102841,0.0176815,-0.00715971,-0.0230585,0.00453028,0.0668906,-0.000199327,0.0265036,
-0.0776124,0.675676,0.0304557,-1.83502,-0.0715963,0.956318,-1.57973,0.648122,0.0769912,0.0256019,-0.000139015,0.0175336,-0.00682917,-0.0274149,0.00433148,0.0608468,-0.00048588,0.0266554,
-0.0775103,0.675675,0.030525,-1.83505,-0.0717168,0.956333,-1.5795,0.64812,0.0770978,0.0255363,-0.000328057,0.0173415,-0.00677341,-0.0301058,0.00376242,0.0576316,-0.000629046,0.027025,
-0.0774079,0.675673,0.0305967,-1.83508,-0.0718053,0.956344,-1.57921,0.648118,0.0772059,0.0256046,-0.000536402,0.0179244,-0.00793572,-0.0221272,0.00283969,0.0718886,-4.56093e-06,0.0265994,
-0.0773054,0.675671,0.0306675,-1.83511,-0.0718721,0.956359,-1.5789,0.648118,0.0773123,0.0256278,-0.000432429,0.017685,-0.00809348,-0.0166979,0.00375944,0.0780054,0.000304294,0.0267125,
-0.0772027,0.675671,0.0307384,-1.83514,-0.0719647,0.956377,-1.57863,0.648119,0.0774191,0.025668,8.35213e-06,0.0177291,-0.00700518,-0.0231463,0.00443936,0.0669594,-0.0002017,0.0265303,
-0.0771,0.675671,0.0308087,-1.83517,-0.0720747,0.956394,-1.57839,0.648118,0.0775253,0.0256708,-2.86859e-05,0.0175793,-0.00667442,-0.0275017,0.00423857,0.0609145,-0.000487891,0.0266871,
-0.0769976,0.67567,0.0308783,-1.83519,-0.0721954,0.956409,-1.57816,0.648116,0.077632,0.0256028,-0.000218694,0.0173863,-0.00661884,-0.0301877,0.00366784,0.0577023,-0.000630119,0.0270625,
-0.0768949,0.675669,0.0309501,-1.83523,-0.0722842,0.95642,-1.57787,0.648113,0.0777403,0.0256695,-0.000427091,0.0179681,-0.00778158,-0.0222022,0.00274776,0.0719765,-4.50265e-06,0.0266407,
-0.0767922,0.675667,0.031021,-1.83526,-0.0723513,0.956434,-1.57756,0.648113,0.0778468,0.0256911,-0.000323257,0.017727,-0.00793884,-0.0167684,0.00366961,0.0780957,0.000304916,0.0267576,
-0.0766892,0.675668,0.0310921,-1.83529,-0.0724442,0.956452,-1.57729,0.648115,0.0779538,0.02573,0.000117776,0.0177691,-0.00684837,-0.0232241,0.00434928,0.0670386,-0.000201526,0.0265787,
-0.0765863,0.675668,0.0311626,-1.83531,-0.0725545,0.956468,-1.57705,0.648114,0.0780602,0.025731,8.01915e-05,0.0176183,-0.00651746,-0.0275789,0.00414685,0.0609916,-0.000487587,0.0267386,
-0.0764837,0.675668,0.0312323,-1.83534,-0.0726755,0.956483,-1.57681,0.648112,0.0781671,0.0256617,-0.000110533,0.0174252,-0.00646212,-0.0302605,0.00357465,0.0577813,-0.000629085,0.0271182,
-0.0763808,0.675666,0.0313043,-1.83537,-0.0727646,0.956493,-1.57653,0.648109,0.0782756,0.0257275,-0.000318797,0.0180064,-0.00762534,-0.0222687,0.00265742,0.0720713,-2.55955e-06,0.0266987,
-0.0762778,0.675666,0.0313754,-1.8354,-0.0728319,0.956508,-1.57621,0.648109,0.0783824,0.0257483,-0.000214957,0.0177643,-0.00778217,-0.016831,0.00358134,0.0781918,0.000307223,0.0268181,
-0.0761746,0.675666,0.0314466,-1.83543,-0.0729251,0.956525,-1.57594,0.648111,0.0784897,0.0257863,0.00022646,0.0178049,-0.00668963,-0.0232944,0.00426051,0.067123,-0.000199837,0.026641,
-0.0760715,0.675667,0.0315172,-1.83545,-0.0730357,0.956541,-1.5757,0.64811,0.0785962,0.0257863,0.000188456,0.0176537,-0.00635866,-0.0276489,0.00405627,0.0610733,-0.000485926,0.0268028,
-0.0759686,0.675667,0.031587,-1.83548,-0.073157,0.956555,-1.57547,0.648108,0.0787034,0.0257161,-2.87311e-06,0.017461,-0.00630367,-0.0303263,0.00348242,0.0578644,-0.000626829,0.0271855,
-0.0758655,0.675666,0.0316592,-1.83551,-0.0732463,0.956565,-1.57518,0.648105,0.0788122,0.0257817,-0.000210917,0.0180419,-0.0074674,-0.0223288,0.00256792,0.0721693,4.65167e-07,0.0267674,
-0.0757626,0.675666,0.0317293,-1.83554,-0.0733192,0.956579,-1.57488,0.648105,0.0789192,0.0257276,-0.000155234,0.0175242,-0.00744037,-0.0182166,0.00355711,0.0761211,0.000217232,0.0271828,
-0.0756598,0.675667,0.0317998,-1.83556,-0.0734162,0.956596,-1.57461,0.648106,0.079028,0.0256826,0.000224465,0.0176304,-0.00646481,-0.0242511,0.00407148,0.0660546,-0.000242802,0.0270694,
-0.0755572,0.675667,0.0318699,-1.83559,-0.073529,0.956611,-1.57437,0.648105,0.0791363,0.0256632,0.000177255,0.0175076,-0.00617953,-0.0282079,0.00381618,0.0605762,-0.000499065,0.027251,
-0.0754548,0.675667,0.0319392,-1.83561,-0.0736515,0.956624,-1.57414,0.648103,0.0792453,0.0255943,-4.19281e-06,0.0173402,-0.00613941,-0.0306023,0.00324352,0.0576957,-0.000618846,0.0276378,
-0.0753521,0.675667,0.0320111,-1.83564,-0.0737412,0.956633,-1.57385,0.648101,0.0793558,0.0256785,-0.00018771,0.017963,-0.00731087,-0.022432,0.00233829,0.0722323,2.06869e-05,0.0271751,
-0.0752492,0.675666,0.032082,-1.83567,-0.0738087,0.956646,-1.57354,0.648101,0.0794645,0.0257212,-6.32872e-05,0.0177397,-0.00746709,-0.016884,0.00330276,0.0784418,0.000336422,0.0272604,
-0.0751461,0.675668,0.0321532,-1.8357,-0.0739019,0.956662,-1.57327,0.648102,0.0795735,0.0257759,0.000393367,0.0177883,-0.0063683,-0.0233054,0.00401307,0.0673858,-0.000169231,0.0270589,
-0.075043,0.675669,0.0322238,-1.83572,-0.0740125,0.956678,-1.57302,0.648102,0.0796818,0.0257883,0.000366319,0.0176483,-0.00603508,-0.0276347,0.00383272,0.0613475,-0.000454838,0.027197,
-0.07494,0.67567,0.0322937,-1.83574,-0.0741336,0.956691,-1.57279,0.6481,0.0797906,0.0257298,0.000182863,0.0174684,-0.00597959,-0.0302923,0.00327581,0.0581468,-0.000594887,0.0275598,
-0.0748368,0.67567,0.0323659,-1.83577,-0.0742228,0.9567,-1.5725,0.648097,0.0799008,0.0258065,-2.05418e-05,0.0180579,-0.00714219,-0.0222893,0.00239822,0.0724658,3.27958e-05,0.0271194,
-0.0747335,0.67567,0.0324372,-1.8358,-0.0742902,0.956714,-1.57218,0.648098,0.0800093,0.0258364,8.50459e-05,0.0178229,-0.00729517,-0.0168503,0.00335464,0.0785716,0.000341809,0.0272192,
-0.0746299,0.675672,0.0325087,-1.83583,-0.0743836,0.95673,-1.57191,0.648099,0.0801182,0.0258834,0.00053231,0.0178687,-0.00619618,-0.0233394,0.00402178,0.0674688,-0.000169349,0.0270233,
-0.0745264,0.675674,0.0325796,-1.83585,-0.0744943,0.956745,-1.57167,0.648098,0.0802263,0.0258903,0.000496952,0.0177244,-0.00586634,-0.0276945,0.00380772,0.0614087,-0.000457729,0.0271679,
-0.0744231,0.675676,0.0326497,-1.83587,-0.0746158,0.956758,-1.57144,0.648096,0.0803349,0.025827,0.000307163,0.0175405,-0.00581405,-0.0303617,0.00322593,0.0581998,-0.000598841,0.0275386,
-0.0743195,0.675676,0.0327222,-1.8359,-0.0747052,0.956768,-1.57115,0.648094,0.0804451,0.025899,9.63737e-05,0.0181252,-0.00697809,-0.0223611,0.00235273,0.0725255,2.94677e-05,0.0271051,
-0.0742158,0.675677,0.0327938,-1.83593,-0.0747729,0.956781,-1.57083,0.648094,0.0805535,0.0259243,0.000195758,0.0178866,-0.00712979,-0.0169238,0.00331264,0.0786287,0.000338931,0.027211,
-0.0741119,0.675679,0.0328655,-1.83595,-0.0748666,0.956797,-1.57056,0.648095,0.0806623,0.0259677,0.000641974,0.0179281,-0.00602826,-0.0234228,0.00395805,0.0675177,-0.000173317,0.0270216,
-0.074008,0.675682,0.0329366,-1.83598,-0.0749777,0.956812,-1.57032,0.648095,0.0807704,0.0259707,0.000605085,0.0177807,-0.00569926,-0.0277766,0.00372892,0.0614584,-0.000461759,0.0271726,
-0.0739044,0.675683,0.033007,-1.836,-0.0750995,0.956824,-1.57008,0.648093,0.0808791,0.0259041,0.000414088,0.017595,-0.0056483,-0.0304385,0.00313688,0.058254,-0.000602153,0.0275503,
-0.0738005,0.675684,0.0330797,-1.83603,-0.0751892,0.956833,-1.56979,0.64809,0.0809893,0.0259734,0.00020032,0.0181777,-0.00681282,-0.0224318,0.00227843,0.0725951,2.77818e-05,0.0271211,
-0.0736965,0.675685,0.0331514,-1.83605,-0.0752572,0.956846,-1.56948,0.648091,0.0810978,0.0259962,0.000296712,0.0179371,-0.00696257,-0.0169914,0.00324985,0.0786993,0.000338201,0.0272307,
-0.0735924,0.675688,0.0332233,-1.83608,-0.0753512,0.956862,-1.56921,0.648092,0.0812067,0.0260376,0.000743989,0.0179756,-0.00585801,-0.0234977,0.00387933,0.0675806,-0.000174892,0.0270459,
-0.0734882,0.675691,0.0332946,-1.8361,-0.0754626,0.956876,-1.56896,0.648091,0.0813149,0.0260383,0.000707175,0.0178265,-0.00552947,-0.0278498,0.00363968,0.0615216,-0.000463405,0.0272014,
-0.0733843,0.675693,0.0333652,-1.83612,-0.0755846,0.956888,-1.56873,0.648089,0.0814237,0.0259696,0.000516124,0.01764,-0.0054797,-0.0305062,0.00304014,0.058321,-0.000603142,0.0275845,
-0.0732802,0.675695,0.0334381,-1.83615,-0.0756746,0.956897,-1.56844,0.648087,0.0815341,0.0260373,0.000300314,0.0182216,-0.00664467,-0.0224935,0.00219831,0.0726764,2.82642e-05,0.0271579,
-0.073176,0.675696,0.03351,-1.83618,-0.0757428,0.95691,-1.56812,0.648087,0.0816427,0.0260587,0.000394415,0.0179801,-0.00679251,-0.0170504,0.00318231,0.0787804,0.000339466,0.0272697,
-0.0730716,0.675699,0.0335821,-1.8362,-0.075837,0.956925,-1.56785,0.648088,0.0817518,0.0260991,0.000843257,0.0180165,-0.00568501,-0.0235645,0.00379652,0.0676532,-0.000174647,0.027088,
-0.0729672,0.675703,0.0336535,-1.83622,-0.0759487,0.956939,-1.5676,0.648088,0.0818601,0.0260983,0.000806994,0.0178662,-0.00535692,-0.0279154,0.00354762,0.0615937,-0.000463518,0.0272467,
-0.0728631,0.675705,0.0337243,-1.83624,-0.0760709,0.956951,-1.56737,0.648086,0.0819691,0.0260283,0.000616084,0.0176796,-0.00530842,-0.030567,0.00294072,0.0583958,-0.000602763,0.0276338,
-0.0727587,0.675707,0.0337973,-1.83627,-0.0761611,0.95696,-1.56708,0.648084,0.0820796,0.0260951,0.000398506,0.0182607,-0.00647397,-0.0225486,0.00211545,0.0727643,2.99344e-05,0.0272087,
-0.0726542,0.675709,0.0338694,-1.83629,-0.0762296,0.956972,-1.56676,0.648084,0.0821885,0.0261157,0.000490548,0.0180186,-0.00662004,-0.0171031,0.00311185,0.0788673,0.000341764,0.0273216,
-0.0725496,0.675712,0.0339416,-1.83631,-0.0763241,0.956987,-1.56649,0.648085,0.0822978,0.0261557,0.000941145,0.0180535,-0.00550975,-0.0236252,0.00371061,0.067731,-0.000173497,0.0271419,
-0.072445,0.675716,0.0340132,-1.83634,-0.076436,0.957001,-1.56625,0.648084,0.0824063,0.0261539,0.000905608,0.0179025,-0.00518226,-0.0279754,0.00345234,0.0616704,-0.000462847,0.0273027,
-0.0723406,0.675719,0.0340841,-1.83636,-0.0765584,0.957012,-1.56601,0.648082,0.0825155,0.0260832,0.000714805,0.0177161,-0.00513506,-0.0306229,0.00283836,0.0584747,-0.000601675,0.027693,
-0.072236,0.675721,0.0341573,-1.83638,-0.0766488,0.95702,-1.56572,0.64808,0.0826263,0.0261494,0.000495632,0.0182971,-0.00630126,-0.0225989,0.00202951,0.0728553,3.22035e-05,0.0272687,
-0.0721314,0.675723,0.0342295,-1.83641,-0.0767174,0.957032,-1.56541,0.64808,0.0827354,0.0261695,0.000585765,0.0180548,-0.00644567,-0.0171513,0.00303813,0.0789568,0.00034457,0.027382,
-0.0720265,0.675727,0.0343018,-1.83643,-0.0768122,0.957047,-1.56513,0.648082,0.0828449,0.0262094,0.00103824,0.0180884,-0.0053327,-0.0236815,0.00362131,0.0678111,-0.000171906,0.0272035,
-0.0719217,0.675731,0.0343736,-1.83645,-0.0769243,0.95706,-1.56489,0.648081,0.0829537,0.026207,0.00100356,0.017937,-0.0050059,-0.028031,0.00335361,0.0617491,-0.000461796,0.0273658,
-0.0718172,0.675735,0.0344446,-1.83647,-0.077047,0.957071,-1.56465,0.648079,0.0830632,0.0261358,0.000812974,0.017751,-0.00496009,-0.0306746,0.00273251,0.0585553,-0.000600262,0.0277585,
-0.0717123,0.675737,0.0345179,-1.83649,-0.0771376,0.957079,-1.56436,0.648077,0.0831742,0.0262017,0.000592308,0.0183321,-0.00612701,-0.0226454,0.00194009,0.0729476,3.4739e-05,0.0273344,
-0.0716075,0.67574,0.0345903,-1.83652,-0.0772064,0.957091,-1.56405,0.648077,0.0832836,0.0262216,0.000680624,0.0180898,-0.00626981,-0.017196,0.00296088,0.0790471,0.000347595,0.0274476,
-0.0715024,0.675744,0.0346628,-1.83654,-0.0773013,0.957105,-1.56377,0.648078,0.0833934,0.0262617,0.00113506,0.0181223,-0.00515425,-0.0237343,0.00352845,0.067892,-0.000170123,0.0272698,
-0.0713974,0.675749,0.0347346,-1.83656,-0.0774136,0.957118,-1.56353,0.648077,0.0835024,0.0262589,0.0011013,0.0179707,-0.0048282,-0.0280832,0.00325132,0.0618285,-0.000460578,0.027433,
-0.0712929,0.675752,0.0348051,-1.83658,-0.0775295,0.957129,-1.56328,0.648076,0.0836122,0.0261091,0.000832268,0.0176099,-0.00493564,-0.0289795,0.00279839,0.0611156,-0.000471295,0.028068,
-0.0711886,0.675755,0.0348777,-1.8366,-0.0776162,0.957138,-1.56299,0.648074,0.0837244,0.026094,0.000657844,0.0181564,-0.00591741,-0.0216507,0.00222586,0.0740827,0.000103331,0.0277239,
-0.0710843,0.675758,0.0349494,-1.83663,-0.0776829,0.957151,-1.56267,0.648074,0.0838353,0.0260746,0.000744313,0.0179294,-0.00599967,-0.0166959,0.00326611,0.0795268,0.000382279,0.0278543,
-0.0709798,0.675762,0.0350215,-1.83664,-0.077777,0.957166,-1.5624,0.648076,0.0839468,0.0261216,0.00119607,0.018021,-0.00488615,-0.0235079,0.00368274,0.0681037,-0.000149912,0.0276239,
-0.0708752,0.675767,0.0350931,-1.83666,-0.077889,0.957179,-1.56215,0.648075,0.0840573,0.0261444,0.00116054,0.0178913,-0.00457173,-0.0280036,0.00333931,0.0618895,-0.000452791,0.0277477,
-0.0707708,0.675771,0.035164,-1.83668,-0.0780119,0.95719,-1.56191,0.648073,0.0841682,0.0260964,0.000969982,0.0177226,-0.00454066,-0.0307231,0.00265449,0.0586105,-0.000599395,0.0281113,
-0.0706661,0.675774,0.0352372,-1.8367,-0.0781028,0.957197,-1.56162,0.648071,0.0842807,0.0261793,0.000742265,0.0183092,-0.00571713,-0.0227432,0.00185929,0.0729523,3.20528e-05,0.0276688,
-0.0705608,0.675778,0.0353096,-1.83672,-0.0782099,0.957206,-1.56136,0.648071,0.0843914,0.0263266,0.0010706,0.0181047,-0.00491747,-0.0267643,0.00225683,0.0646826,-0.000323177,0.0276685,
-0.0704554,0.675782,0.035383,-1.83675,-0.0782909,0.957215,-1.56106,0.64807,0.084502,0.0263575,0.000925834,0.018347,-0.00571476,-0.0202552,0.00225884,0.0755834,0.000170961,0.027468,
-0.0703496,0.675787,0.0354559,-1.83677,-0.0783929,0.957226,-1.5608,0.64807,0.0846119,0.0264513,0.00128119,0.018235,-0.00480885,-0.0254826,0.00268746,0.0660829,-0.000254284,0.0274012,
-0.0702438,0.675792,0.0355281,-1.83678,-0.0785092,0.957236,-1.56055,0.648069,0.0847215,0.026428,0.00123645,0.0180508,-0.00453796,-0.029098,0.00241916,0.060979,-0.000485477,0.0276457,
-0.070138,0.675796,0.0356021,-1.83681,-0.0785964,0.957243,-1.56026,0.648067,0.0848321,0.0264679,0.00100779,0.0184939,-0.00559506,-0.0217898,0.00193795,0.0740759,9.39732e-05,0.0273207,
-0.0700325,0.6758,0.035674,-1.83683,-0.0786691,0.957256,-1.55995,0.648068,0.0849414,0.026375,0.0010143,0.0179816,-0.00551463,-0.01818,0.0030567,0.0773804,0.000277836,0.0277603,
-0.0699272,0.675806,0.0357464,-1.83685,-0.0787675,0.957269,-1.55968,0.648069,0.0850524,0.0263266,0.00138769,0.0180923,-0.00452184,-0.0245828,0.00329922,0.0670174,-0.000205618,0.0276357,
-0.0698219,0.675811,0.0358183,-1.83686,-0.0788822,0.95728,-1.55943,0.648068,0.085163,0.0263061,0.00133035,0.0179635,-0.00425304,-0.028682,0.00289861,0.061414,-0.000475121,0.0278254,
-0.069717,0.675816,0.0358895,-1.83688,-0.0790067,0.957289,-1.5592,0.648066,0.0852743,0.0262349,0.00114094,0.0177962,-0.0042346,-0.0311169,0.0022156,0.0584902,-0.000598489,0.0282321,
-0.0696117,0.675819,0.0359631,-1.8369,-0.0790985,0.957295,-1.55891,0.648064,0.0853872,0.0263138,0.000926361,0.0184064,-0.00541483,-0.0229547,0.00147262,0.073103,4.89454e-05,0.0277777,
-0.0695064,0.675823,0.0360358,-1.83692,-0.0791682,0.957305,-1.55859,0.648064,0.0854983,0.0263491,0.00101938,0.0181773,-0.00555444,-0.0174236,0.00255342,0.0792682,0.000367502,0.0278664,
-0.0694007,0.675829,0.0361087,-1.83694,-0.0792639,0.957317,-1.55832,0.648065,0.0856098,0.0264024,0.00148648,0.0182189,-0.00443634,-0.0239295,0.00302052,0.0681065,-0.000146165,0.0276705,
-0.0692951,0.675835,0.036181,-1.83696,-0.0793769,0.957328,-1.55807,0.648065,0.0857205,0.0264093,0.00146582,0.0180719,-0.00411345,-0.028262,0.00273,0.0620591,-0.000436403,0.0278214,
-0.0691897,0.67584,0.0362525,-1.83697,-0.0795004,0.957337,-1.55783,0.648063,0.0858317,0.0263457,0.00128725,0.017896,-0.00407459,-0.0308762,0.0020973,0.0588874,-0.000573158,0.0282096,
-0.069084,0.675845,0.0363265,-1.837,-0.0795918,0.957342,-1.55754,0.648061,0.0859446,0.0264189,0.00106515,0.0184821,-0.00524352,-0.0228322,0.00140797,0.0733346,6.65237e-05,0.0277706,
-0.0689783,0.675849,0.0363991,-1.83702,-0.0796632,0.957352,-1.55722,0.648061,0.0860557,0.026442,0.00114256,0.0181549,-0.00534819,-0.0178695,0.00248435,0.0791897,0.000371931,0.0279104,
-0.0688724,0.675856,0.036472,-1.83703,-0.0797599,0.957364,-1.55695,0.648063,0.0861673,0.026458,0.00159846,0.018223,-0.00425246,-0.0241647,0.00293205,0.0680902,-0.000140307,0.0277355,
-0.0687666,0.675862,0.0365443,-1.83705,-0.0798734,0.957375,-1.5567,0.648062,0.0862782,0.026452,0.00157368,0.018087,-0.00393719,-0.0283851,0.0026207,0.0620896,-0.000429079,0.0278966,
-0.0686614,0.675867,0.0366153,-1.83707,-0.0799903,0.957383,-1.55646,0.64806,0.0863898,0.0263079,0.00131541,0.0177463,-0.00405136,-0.0292231,0.0021468,0.0613899,-0.000438794,0.0285244,
-0.0685562,0.675872,0.0366878,-1.83709,-0.0800816,0.95739,-1.55616,0.648059,0.0865039,0.0262994,0.00113249,0.0181315,-0.00497913,-0.0228143,0.00167885,0.0739913,0.000122251,0.028237,
-0.0684513,0.675876,0.0367595,-1.83711,-0.0801527,0.957401,-1.55584,0.648059,0.0866169,0.0262347,0.00120051,0.0179083,-0.00507756,-0.0177758,0.00274244,0.0794719,0.000405356,0.0283931,
-0.0683463,0.675883,0.0368316,-1.83712,-0.0802491,0.957413,-1.55557,0.648061,0.0867304,0.0262486,0.00165652,0.0180419,-0.00398618,-0.0240972,0.00309041,0.0682135,-0.000122325,0.0281809,
-0.0682412,0.67589,0.0369034,-1.83714,-0.0803624,0.957424,-1.55532,0.64806,0.0868432,0.0262652,0.00163027,0.0179427,-0.00368246,-0.0283297,0.00270061,0.0621249,-0.000420725,0.0283053,
-0.0681363,0.675895,0.0369746,-1.83715,-0.080486,0.957432,-1.55509,0.648058,0.0869564,0.0262244,0.00145039,0.0177998,-0.00365825,-0.0308972,0.00199239,0.058933,-0.000562474,0.0286642,
-0.068031,0.6759,0.0370475,-1.83717,-0.0805816,0.957437,-1.55479,0.648056,0.087071,0.0263182,0.00121676,0.0182195,-0.00477223,-0.0239076,0.00130349,0.0728675,5.35438e-05,0.0282778,
-0.0679258,0.675905,0.0371195,-1.83719,-0.0806552,0.957446,-1.55448,0.648056,0.0871842,0.0263072,0.00128167,0.0179984,-0.00493659,-0.0183968,0.00233537,0.0789596,0.000368008,0.0283922,
-0.0678205,0.675912,0.0371919,-1.83721,-0.0807528,0.957457,-1.55421,0.648058,0.0872977,0.0263314,0.00174166,0.018102,-0.00385676,-0.0244031,0.00271845,0.0679552,-0.000141903,0.0282022,
-0.0677151,0.675919,0.0372639,-1.83722,-0.0808667,0.957467,-1.55396,0.648057,0.0874105,0.0263425,0.00172387,0.0179982,-0.0035506,-0.0284749,0.00236502,0.0620218,-0.000427354,0.0283441,
-0.0676099,0.675925,0.0373353,-1.83723,-0.0809905,0.957474,-1.55372,0.648056,0.0875239,0.0262965,0.00155273,0.0178549,-0.00352114,-0.0309513,0.00169467,0.0589235,-0.0005605,0.0287128,
-0.0675044,0.675931,0.0374084,-1.83725,-0.0810862,0.957478,-1.55343,0.648053,0.0876388,0.0263894,0.00132587,0.0182792,-0.00462964,-0.0239191,0.0010554,0.072926,6.14058e-05,0.0283219,
-0.0673989,0.675936,0.0374807,-1.83727,-0.0811597,0.957486,-1.55311,0.648054,0.0877521,0.0263787,0.00139451,0.018059,-0.0047873,-0.0183803,0.00213386,0.0790422,0.000378998,0.0284331,
-0.0672933,0.675944,0.0375533,-1.83729,-0.0812572,0.957496,-1.55284,0.648055,0.0878658,0.0264024,0.0018593,0.0181598,-0.00370092,-0.0243736,0.0025314,0.0680461,-0.000130304,0.0282439,
-0.0671876,0.675951,0.0376255,-1.8373,-0.081371,0.957505,-1.55259,0.648055,0.0879788,0.0264122,0.00184394,0.0180557,-0.00339197,-0.0284336,0.00219126,0.0621228,-0.000414907,0.0283874,
-0.0670821,0.675957,0.0376974,-1.83732,-0.0814621,0.957512,-1.5523,0.648053,0.0880923,0.0263678,0.00148374,0.0179604,-0.00426791,-0.0227782,0.00166598,0.073538,7.69441e-05,0.0285,
-0.0669767,0.675964,0.0377693,-1.83733,-0.0815698,0.95752,-1.55204,0.648053,0.0882063,0.0263492,0.00177502,0.0179911,-0.00354345,-0.0269283,0.00190728,0.0650716,-0.00030201,0.0285005,
-0.0668715,0.675971,0.0378409,-1.83734,-0.0816891,0.957526,-1.5518,0.648052,0.0883203,0.0263159,0.00172687,0.0178981,-0.00334416,-0.0298416,0.0015286,0.0605946,-0.000496209,0.0287652,
-0.0667659,0.675977,0.037914,-1.83736,-0.0817817,0.95753,-1.5515,0.64805,0.0884354,0.0263947,0.00150932,0.0182655,-0.0043725,-0.0231446,0.00111109,0.0736874,9.00093e-05,0.0284274,
-0.0666604,0.675983,0.0379862,-1.83738,-0.0818535,0.957539,-1.55119,0.64805,0.0885491,0.0263675,0.00156555,0.0180444,-0.00449749,-0.0179387,0.00223531,0.0793807,0.000387837,0.0285563,
-0.0665548,0.675991,0.0380588,-1.83739,-0.0819501,0.957549,-1.55091,0.648052,0.0886633,0.0263968,0.00202364,0.0181694,-0.00340492,-0.0241649,0.00256591,0.068207,-0.000134149,0.0283465,
-0.0664492,0.675999,0.0381311,-1.83741,-0.0820635,0.957558,-1.55066,0.648051,0.0887767,0.0264194,0.00199802,0.0180756,-0.00310218,-0.028331,0.00217237,0.0621858,-0.000425944,0.0284743,
-0.0663436,0.676007,0.0382029,-1.83742,-0.0821869,0.957564,-1.55043,0.64805,0.0888906,0.0263841,0.00181868,0.0179401,-0.00307855,-0.0308532,0.00146761,0.0590426,-0.000561982,0.0288324,
-0.0662377,0.676013,0.0382764,-1.83744,-0.0822823,0.957567,-1.55014,0.648048,0.0890059,0.0264844,0.00158228,0.0183646,-0.0041899,-0.023857,0.000860075,0.0730187,6.00963e-05,0.0284393,
-0.0661318,0.67602,0.0383489,-1.83745,-0.0823557,0.957575,-1.54982,0.648048,0.0891197,0.0264792,0.00164232,0.0181489,-0.0043453,-0.0183483,0.00195932,0.0791032,0.00037751,0.0285462,
-0.0660257,0.676028,0.038422,-1.83747,-0.0824532,0.957584,-1.54955,0.648049,0.0892339,0.0265093,0.00210274,0.0182532,-0.00325411,-0.0243673,0.00230074,0.0680909,-0.000133534,0.028352,
-0.0659196,0.676036,0.0384946,-1.83748,-0.0825669,0.957592,-1.5493,0.648049,0.0893473,0.0265242,0.00208092,0.0181541,-0.00294739,-0.0284254,0.00192465,0.0621708,-0.000417271,0.0284913,
-0.0658137,0.676043,0.0385666,-1.83749,-0.0826593,0.957598,-1.549,0.648047,0.0894612,0.0264863,0.0017166,0.0180127,-0.00380727,-0.0231118,0.00143105,0.0734319,6.983e-05,0.0286165,
-0.0657079,0.676051,0.0386389,-1.83751,-0.0827677,0.957604,-1.54874,0.648047,0.0895757,0.0264535,0.00199769,0.0180608,-0.00309538,-0.0270855,0.00163115,0.0650325,-0.000305103,0.0286253,
-0.0656022,0.676059,0.0387108,-1.83752,-0.0828873,0.957609,-1.5485,0.648046,0.0896902,0.0264178,0.00194287,0.0179799,-0.00290082,-0.0299016,0.0012223,0.0606083,-0.000494641,0.028891,
-0.0654962,0.676066,0.0387842,-1.83753,-0.0829799,0.957613,-1.54821,0.648044,0.0898058,0.0265005,0.00172772,0.0183558,-0.00393231,-0.0231698,0.000848747,0.0737444,9.59642e-05,0.0285486,
-0.0653903,0.676073,0.0388568,-1.83755,-0.0830517,0.957621,-1.54789,0.648045,0.08992,0.0264786,0.00178492,0.018141,-0.00405418,-0.0179492,0.00200886,0.0794415,0.000395865,0.0286719,
-0.0652842,0.676082,0.0389299,-1.83756,-0.0831484,0.95763,-1.54762,0.648046,0.0900346,0.0265131,0.00224188,0.018268,-0.00295423,-0.0241728,0.0022957,0.0682679,-0.000126354,0.0284579,
-0.0651781,0.676091,0.0390026,-1.83757,-0.0832617,0.957637,-1.54737,0.648046,0.0901485,0.0265394,0.0022127,0.0181785,-0.00265175,-0.0283238,0.00187658,0.0622593,-0.000416609,0.0285813,
-0.065072,0.676099,0.0390748,-1.83758,-0.0833851,0.957642,-1.54713,0.648044,0.0902628,0.0265079,0.00203021,0.0180476,-0.00262965,-0.0308318,0.00115613,0.0591304,-0.000550535,0.0289339,
-0.0649656,0.676106,0.0391486,-1.8376,-0.0834804,0.957644,-1.54684,0.648042,0.0903785,0.0266122,0.00179708,0.0184731,-0.00374288,-0.0238425,0.000601665,0.073121,7.41079e-05,0.0285391,
-0.0648592,0.676114,0.0392217,-1.83761,-0.0835538,0.957651,-1.54652,0.648042,0.0904927,0.0266103,0.00185837,0.0182601,-0.00389513,-0.0183432,0.00173914,0.0791948,0.000392299,0.0286429,
-0.0647526,0.676123,0.0392951,-1.83762,-0.0836513,0.957659,-1.54625,0.648044,0.0906073,0.0266438,0.00231803,0.0183651,-0.00279715,-0.0243728,0.00203671,0.0681758,-0.000119937,0.0284456,
-0.0646459,0.676132,0.0393682,-1.83763,-0.083765,0.957666,-1.546,0.648043,0.0907211,0.0266608,0.00229301,0.0182686,-0.00249122,-0.0284226,0.00163401,0.062264,-0.00040298,0.0285817,
-0.0645394,0.67614,0.0394408,-1.83765,-0.0838574,0.957671,-1.5457,0.648042,0.0908354,0.026627,0.0019305,0.0181343,-0.00335541,-0.0231061,0.00118012,0.0735457,8.6266e-05,0.0286994,
-0.064433,0.676149,0.0395135,-1.83766,-0.0839657,0.957676,-1.54544,0.648042,0.0909502,0.0265981,0.00221097,0.0181815,-0.0026389,-0.0270838,0.00134778,0.0651393,-0.000289345,0.0287054,
-0.0643271,0.676157,0.0395852,-1.83767,-0.0840796,0.957681,-1.54519,0.648041,0.091065,0.0264864,0.00206479,0.0179229,-0.00256885,-0.0284635,0.00119167,0.0627031,-0.000363376,0.0292104,
-0.0642211,0.676164,0.0396584,-1.83768,-0.0841686,0.957685,-1.54489,0.648039,0.0911818,0.0264977,0.00189432,0.0183006,-0.00344246,-0.0222579,0.000972826,0.0747293,0.000178594,0.0289222,
-0.0641155,0.676172,0.03973,-1.83769,-0.084243,0.957693,-1.54458,0.64804,0.0912975,0.0263907,0.00190514,0.0179028,-0.00333995,-0.0185951,0.00214225,0.0778341,0.00035213,0.029312,
-0.06401,0.676181,0.0398024,-1.8377,-0.0843419,0.957702,-1.54431,0.648041,0.0914148,0.0263762,0.00230541,0.0181136,-0.00234429,-0.0247274,0.00217174,0.0674204,-0.000142682,0.0291071,
-0.0639044,0.67619,0.0398747,-1.83771,-0.0844565,0.957709,-1.54407,0.648041,0.0915312,0.0264113,0.00226266,0.0180674,-0.00209539,-0.0286477,0.00162697,0.0618393,-0.000412632,0.0292175,
-0.0637988,0.676199,0.0399466,-1.83772,-0.0845804,0.957712,-1.54383,0.648039,0.0916481,0.026403,0.00208674,0.0179693,-0.00209909,-0.0309784,0.000843942,0.0589494,-0.000533678,0.0295386,
-0.0636926,0.676206,0.04002,-1.83773,-0.084678,0.957713,-1.54354,0.648037,0.0917662,0.0265389,0.00187506,0.0183526,-0.00320004,-0.0243859,0.000309844,0.0728651,8.88656e-05,0.02912,
-0.0635864,0.676214,0.0400926,-1.83775,-0.0847533,0.957719,-1.54322,0.648037,0.0918827,0.0265432,0.00195046,0.0181596,-0.00336866,-0.0188299,0.00145186,0.0789847,0.000410214,0.0291949,
-0.0634801,0.676224,0.0401658,-1.83776,-0.0848515,0.957726,-1.54295,0.648039,0.0919995,0.0265811,0.00241998,0.0183016,-0.0022884,-0.0245614,0.001709,0.0680862,-9.6924e-05,0.0289722,
-0.0633737,0.676233,0.0402388,-1.83776,-0.0849653,0.957731,-1.5427,0.648039,0.0921154,0.0266135,0.002406,0.018237,-0.00199125,-0.0284543,0.00127743,0.0622581,-0.000375214,0.0290756,
-0.0632673,0.676242,0.0403113,-1.83778,-0.0850576,0.957734,-1.54241,0.648037,0.0922317,0.0266036,0.00206126,0.0181358,-0.00286407,-0.0230724,0.00086072,0.0736038,0.000117404,0.0291448,
-0.0631609,0.676251,0.0403841,-1.83778,-0.0851657,0.957738,-1.54215,0.648038,0.0923483,0.0265985,0.00235351,0.0181999,-0.00214603,-0.0270151,0.00100033,0.0652062,-0.000258976,0.029112,
-0.0630548,0.67626,0.040456,-1.83779,-0.0852793,0.957742,-1.5419,0.648037,0.0924647,0.0265082,0.00221609,0.0179632,-0.00207851,-0.0283968,0.000831282,0.0627451,-0.00033383,0.0295753,
-0.0629487,0.676268,0.0405291,-1.8378,-0.0853697,0.957744,-1.5416,0.648035,0.092583,0.0265396,0.00205406,0.0182856,-0.00293346,-0.0226053,0.000654447,0.0745936,0.000200746,0.0292816,
-0.0628427,0.676276,0.0406015,-1.83782,-0.0854409,0.957752,-1.54128,0.648036,0.0927001,0.0264897,0.00211643,0.018102,-0.00301071,-0.0177989,0.00184299,0.079743,0.000469124,0.0294043,
-0.0627366,0.676287,0.0406747,-1.83782,-0.0855372,0.957759,-1.541,0.648038,0.0928178,0.0265343,0.00257563,0.018294,-0.00191271,-0.0240797,0.00195455,0.068438,-7.02369e-05,0.0291302,
-0.0626302,0.676297,0.0407477,-1.83783,-0.0856501,0.957765,-1.54075,0.648038,0.0929343,0.0265903,0.00254395,0.0182459,-0.00162812,-0.0282307,0.00140981,0.0623774,-0.000369402,0.0291937,
-0.0625238,0.676306,0.0408203,-1.83784,-0.0857731,0.957767,-1.54052,0.648036,0.093051,0.0265918,0.00236075,0.018148,-0.00162443,-0.030733,0.000596105,0.0592297,-0.000507867,0.0294879,
-0.0624169,0.676315,0.0408943,-1.83785,-0.0858701,0.957768,-1.54023,0.648034,0.093169,0.0267263,0.00213593,0.018513,-0.00272491,-0.024254,9.66668e-05,0.0729734,0.000105392,0.0290834,
-0.0623103,0.676324,0.0409669,-1.83786,-0.0859486,0.957773,-1.53992,0.648035,0.0932853,0.0266618,0.00214533,0.0181302,-0.0027459,-0.0196191,0.0012241,0.0772809,0.000337868,0.0294166,
-0.0622037,0.676334,0.0410401,-1.83787,-0.0860493,0.957778,-1.53965,0.648036,0.093403,0.0266465,0.00255894,0.018317,-0.00175937,-0.0251823,0.00130079,0.0671779,-0.000133879,0.0292333,
-0.062097,0.676344,0.0411132,-1.83787,-0.0861646,0.957781,-1.5394,0.648035,0.0935199,0.0266704,0.00253058,0.0182735,-0.00150423,-0.0288229,0.000798994,0.0618039,-0.000386343,0.0293524,
-0.0619907,0.676353,0.0411853,-1.83788,-0.0862821,0.957782,-1.53916,0.648034,0.0936373,0.0265861,0.002293,0.0180302,-0.00164861,-0.0293679,0.000242538,0.0613686,-0.000373166,0.0298786,
-0.0618841,0.676362,0.041259,-1.83789,-0.0863751,0.957782,-1.53886,0.648032,0.0937569,0.0266518,0.00214714,0.0184046,-0.00257111,-0.0232723,1.2478e-05,0.0740587,0.000200971,0.0295117,
-0.0617776,0.676371,0.0413319,-1.8379,-0.0864478,0.957787,-1.53854,0.648033,0.0938749,0.0266301,0.00223655,0.0182307,-0.0026693,-0.0181667,0.00126239,0.079581,0.000491518,0.0295889,
-0.0616708,0.676381,0.0414055,-1.83791,-0.0865447,0.957793,-1.53827,0.648035,0.0939933,0.0266809,0.00271202,0.0184094,-0.00156701,-0.0242237,0.00142112,0.0684421,-3.64475e-05,0.0293115,
-0.0615639,0.676392,0.041479,-1.83791,-0.0866577,0.957797,-1.53802,0.648035,0.0941105,0.0267353,0.00269341,0.0183628,-0.00127623,-0.0282545,0.000919024,0.0624895,-0.000327534,0.0293675,
-0.0614569,0.676402,0.0415521,-1.83792,-0.0867805,0.957797,-1.53778,0.648034,0.094228,0.0267363,0.00252056,0.0182684,-0.001267,-0.0306877,0.00014383,0.0594093,-0.000461032,0.0296492,
-0.0613495,0.676412,0.0416266,-1.83793,-0.0868773,0.957796,-1.53749,0.648032,0.0943466,0.026873,0.00230975,0.0186358,-0.00236298,-0.0241972,-0.000278386,0.0731881,0.000154511,0.0292299,
-0.0612419,0.676421,0.0417004,-1.83794,-0.0869522,0.9578,-1.53717,0.648032,0.0944635,0.0268755,0.00238186,0.0184418,-0.00252404,-0.0187322,0.000928112,0.0792146,0.000469307,0.0292965,
-0.0611343,0.676432,0.0417747,-1.83794,-0.0870503,0.957804,-1.5369,0.648034,0.0945807,0.0269152,0.00284602,0.0185832,-0.00143437,-0.0245196,0.00109895,0.0682918,-4.47823e-05,0.029061,
-0.0610265,0.676444,0.0418488,-1.83795,-0.0871639,0.957807,-1.53665,0.648034,0.0946969,0.0269486,0.00282358,0.01852,-0.00114117,-0.0284137,0.000614556,0.0624735,-0.000325839,0.0291511,
-0.0609183,0.676454,0.0419238,-1.83795,-0.0872548,0.957808,-1.53635,0.648033,0.0948135,0.0270408,0.00257076,0.0187454,-0.00212552,-0.0227269,0.000405101,0.0744724,0.000204477,0.0288668,
-0.0608102,0.676465,0.0419975,-1.83796,-0.0873592,0.957811,-1.53608,0.648034,0.094929,0.0270317,0.00277928,0.0184248,-0.00140206,-0.0260797,0.000813148,0.066715,-0.000118598,0.0291249,
-0.0607023,0.676476,0.0420718,-1.83797,-0.0874431,0.957815,-1.53578,0.648033,0.0950455,0.0269862,0.00260897,0.0185924,-0.0020671,-0.0209931,0.00094836,0.0763498,0.000313058,0.0289977,
-0.0605941,0.676487,0.0421464,-1.83797,-0.0875466,0.957819,-1.53551,0.648034,0.0951615,0.0270403,0.00294531,0.0186453,-0.00118357,-0.0258743,0.000898847,0.0667205,-0.00014183,0.0288733,
-0.0604859,0.676499,0.0422207,-1.83798,-0.0876635,0.95782,-1.53526,0.648034,0.095277,0.0270527,0.00288066,0.0185649,-0.000957887,-0.0292287,0.000298858,0.061635,-0.000381797,0.0290453,
-0.0603773,0.676509,0.042296,-1.83798,-0.0877566,0.95782,-1.53497,0.648032,0.0953932,0.0271455,0.00263814,0.018823,-0.00196822,-0.023273,3.4836e-05,0.0741278,0.000174166,0.0287517,
-0.0602684,0.676521,0.042371,-1.83799,-0.0878648,0.957821,-1.5347,0.648033,0.0955082,0.0272262,0.00294229,0.0187598,-0.00119165,-0.0270499,0.000103266,0.0656181,-0.000208902,0.0287265,
-0.0601594,0.676532,0.0424464,-1.838,-0.0879513,0.957822,-1.5344,0.648032,0.0956231,0.0272603,0.0027589,0.018858,-0.00195338,-0.0216067,0.000325575,0.0759108,0.000261014,0.0285872,
-0.0600501,0.676545,0.0425218,-1.838,-0.0880561,0.957823,-1.53413,0.648033,0.0957374,0.0273128,0.00308848,0.0188495,-0.00108774,-0.0262107,0.000386902,0.0665571,-0.000170081,0.0285199,
-0.0599409,0.676557,0.0425968,-1.83801,-0.0881738,0.957823,-1.53389,0.648033,0.0958515,0.0273013,0.00302524,0.0187424,-0.000855769,-0.0294288,-0.000130995,0.0616372,-0.000393532,0.0287417,
-0.0598314,0.676568,0.0426728,-1.83801,-0.0882674,0.957822,-1.53359,0.648031,0.0959665,0.0273748,0.00279129,0.0189909,-0.00185724,-0.0234075,-0.000318958,0.0742588,0.000173899,0.028476,
-0.0597222,0.676579,0.0427478,-1.83802,-0.088341,0.957825,-1.53327,0.648032,0.0960804,0.027313,0.00282251,0.0187543,-0.00197764,-0.0183996,0.000908541,0.0797608,0.000462738,0.0286481,
-0.0596129,0.676592,0.0428233,-1.83802,-0.0884391,0.957829,-1.533,0.648034,0.096195,0.027319,0.00325636,0.0188867,-0.000874647,-0.0245192,0.00095348,0.0686039,-6.78771e-05,0.0284643,
-0.0595036,0.676605,0.0428985,-1.83803,-0.0885534,0.957831,-1.53275,0.648033,0.0963088,0.0273294,0.00320373,0.0188012,-0.000586713,-0.0285599,0.000378787,0.0626662,-0.000357636,0.0286061,
-0.0593944,0.676617,0.0429732,-1.83803,-0.0886773,0.957829,-1.53251,0.648032,0.0964232,0.0272898,0.00300445,0.0186737,-0.000578666,-0.0309826,-0.000440881,0.0596134,-0.000487239,0.0289683,
-0.0592848,0.676628,0.0430496,-1.83804,-0.0887734,0.957826,-1.53221,0.64803,0.0965391,0.0273914,0.00278396,0.0190896,-0.00170355,-0.0240163,-0.000805649,0.0736763,0.000144993,0.0285969,
-0.0591753,0.67664,0.0431251,-1.83804,-0.0888475,0.957828,-1.53189,0.64803,0.0966535,0.0273863,0.00285103,0.0188743,-0.0018466,-0.0185484,0.000471314,0.079719,0.000464113,0.0287166,
-0.0590656,0.676653,0.043201,-1.83805,-0.088946,0.95783,-1.53162,0.648032,0.0967684,0.0274184,0.00330835,0.0189691,-0.000723979,-0.0246037,0.000586437,0.0686843,-5.45319e-05,0.0285342,
-0.0589559,0.676666,0.0432764,-1.83805,-0.0890604,0.95783,-1.53137,0.648032,0.0968825,0.0274301,0.00327206,0.0188716,-0.000423538,-0.0286098,7.51175e-05,0.0628164,-0.000336492,0.0286806,
-0.0588463,0.676678,0.0433517,-1.83805,-0.0891521,0.957829,-1.53107,0.648031,0.0969972,0.0274,0.00292154,0.0188142,-0.00132812,-0.0229248,-0.000208551,0.0743704,0.000168442,0.0287682,
-0.0587367,0.67669,0.043427,-1.83806,-0.0892605,0.957829,-1.53081,0.648031,0.0971123,0.0273972,0.00320787,0.0188308,-0.000575527,-0.0270993,-0.000167316,0.0658619,-0.000215062,0.0287709,
-0.0586275,0.676703,0.0435013,-1.83806,-0.089375,0.957827,-1.53055,0.648031,0.0972274,0.0272931,0.00305679,0.0185712,-0.000501401,-0.0286328,-0.00037685,0.0632767,-0.000293659,0.0292634,
-0.0585183,0.676714,0.0435777,-1.83806,-0.0894612,0.957826,-1.53025,0.648029,0.0973444,0.0273091,0.0029047,0.019095,-0.0014432,-0.0215529,-0.00038479,0.0758181,0.000273709,0.0289249,
-0.0584093,0.676726,0.0436523,-1.83807,-0.0895342,0.957829,-1.52994,0.64803,0.0974601,0.0272528,0.00292932,0.0186538,-0.00129593,-0.0182348,0.000922669,0.0788205,0.000443843,0.0292906,
-0.0583003,0.676739,0.0437276,-1.83807,-0.0896331,0.957832,-1.52966,0.648032,0.0975773,0.0272587,0.00333215,0.0188225,-0.00025412,-0.0247391,0.000778292,0.0682307,-6.64561e-05,0.0290866,
-0.0581911,0.676752,0.0438026,-1.83807,-0.0897483,0.957833,-1.52941,0.648032,0.0976936,0.0272903,0.00327642,0.0187534,-6.35367e-06,-0.0287935,0.000130675,0.0625912,-0.000342236,0.0292059,
-0.058082,0.676765,0.0438772,-1.83807,-0.089873,0.95783,-1.52917,0.648031,0.0978105,0.0272718,0.0030874,0.0186417,-2.00721e-05,-0.0311651,-0.000722133,0.0596961,-0.000463403,0.0295394,
-0.0579724,0.676776,0.0439542,-1.83807,-0.0899654,0.957826,-1.52888,0.648029,0.0979286,0.0273988,0.002899,0.0192665,-0.00122375,-0.0231006,-0.00103108,0.0743692,0.000195491,0.0290448,
-0.0578625,0.676788,0.0440305,-1.83808,-0.0900361,0.957827,-1.52855,0.64803,0.0980448,0.0274724,0.00299997,0.0190689,-0.00134286,-0.017677,0.000336131,0.080399,0.00051272,0.0290828,
-0.0577523,0.676802,0.044107,-1.83808,-0.0901332,0.957829,-1.52828,0.648032,0.0981611,0.0275665,0.00348035,0.0191267,-0.000179403,-0.0242926,0.00039589,0.0691457,-2.05634e-05,0.028838,
-0.0576418,0.676816,0.0441831,-1.83808,-0.0902475,0.957828,-1.52803,0.648031,0.0982765,0.0276026,0.00345094,0.0190123,0.000122641,-0.0285583,-0.000145527,0.0631481,-0.000312087,0.0289452,
-0.0575316,0.676829,0.0442586,-1.83808,-0.0903718,0.957825,-1.52779,0.64803,0.0983923,0.0275684,0.00326541,0.018872,0.000131706,-0.0310799,-0.000943223,0.0600624,-0.00044243,0.0292851,
-0.0574209,0.676841,0.0443364,-1.83808,-0.0904642,0.95782,-1.52749,0.648028,0.0985094,0.0276707,0.00306978,0.0194616,-0.00105997,-0.0231065,-0.00119336,0.0746205,0.000211851,0.0288234,
-0.05731,0.676854,0.0444134,-1.83809,-0.0905352,0.957821,-1.52716,0.648029,0.0986247,0.0277189,0.00316185,0.0192425,-0.00117169,-0.0177402,0.000197731,0.0806026,0.000526646,0.0288883,
-0.0571988,0.676869,0.0444905,-1.83809,-0.0906327,0.957822,-1.52689,0.648031,0.0987403,0.0277919,0.00363435,0.0192846,-2.18412e-06,-0.0243892,0.000244182,0.0693264,-8.75754e-06,0.0286642,
-0.0570876,0.676883,0.0445671,-1.83809,-0.0907474,0.95782,-1.52663,0.648031,0.0988549,0.0278096,0.00359705,0.0191551,0.000302198,-0.0286648,-0.000304888,0.0633224,-0.00030118,0.0287911,
-0.0569765,0.676896,0.044644,-1.83809,-0.0908367,0.957818,-1.52633,0.64803,0.0989701,0.0277725,0.00324964,0.0192096,-0.000656471,-0.022329,-0.000511761,0.0751802,0.000216206,0.0288203,
-0.0568653,0.67691,0.0447206,-1.83809,-0.0909448,0.957816,-1.52607,0.648031,0.0990854,0.0278059,0.00355006,0.01916,0.000144017,-0.027016,-0.000498351,0.0664585,-0.000187017,0.0287993,
-0.0567545,0.676924,0.0447961,-1.83809,-0.09106,0.957813,-1.52581,0.64803,0.0992006,0.0277006,0.00339408,0.0188672,0.000223979,-0.0288083,-0.000754665,0.0637012,-0.000275702,0.0292841,
-0.0566437,0.676937,0.0448735,-1.83809,-0.0911473,0.95781,-1.52551,0.648029,0.0993177,0.0277014,0.0032374,0.0193598,-0.00072519,-0.0218265,-0.000730734,0.0762125,0.000289924,0.0289618,
-0.0565332,0.67695,0.0449493,-1.83809,-0.0912205,0.957813,-1.52519,0.64803,0.0994335,0.0276286,0.0032625,0.0189478,-0.000596581,-0.0182963,0.000614082,0.0793322,0.000464013,0.0293143,
-0.0564226,0.676964,0.0450257,-1.83809,-0.0913204,0.957814,-1.52492,0.648032,0.0995508,0.0276345,0.00366643,0.019085,0.000464489,-0.0249688,0.000378788,0.0686534,-5.31883e-05,0.0291114,
-0.056312,0.676979,0.0451016,-1.83809,-0.0914367,0.957813,-1.52466,0.648032,0.0996672,0.0276542,0.00360589,0.0189954,0.000711472,-0.0290902,-0.00032429,0.0629743,-0.00033166,0.0292384,
-0.0562015,0.676992,0.0451771,-1.83809,-0.0915627,0.957808,-1.52442,0.648031,0.0997842,0.0276204,0.00340848,0.0188647,0.000694501,-0.0314956,-0.00121051,0.0600648,-0.000452533,0.0295835,
-0.0560906,0.677005,0.045255,-1.83809,-0.0916565,0.957802,-1.52412,0.648029,0.0999025,0.0277312,0.00322384,0.0194741,-0.000515159,-0.0234362,-0.00147114,0.0747598,0.000208698,0.0291053,
-0.0559794,0.677019,0.045332,-1.83809,-0.0917285,0.957802,-1.5238,0.64803,0.100019,0.0277898,0.00332661,0.019264,-0.000633527,-0.0180151,-7.69119e-05,0.0807853,0.000526886,0.0291571,
-0.055868,0.677034,0.0454093,-1.83809,-0.0918271,0.957802,-1.52352,0.648032,0.100136,0.0278704,0.00380919,0.0193059,0.000540536,-0.0246532,-5.59912e-05,0.0695083,-1.17262e-05,0.0289261,
-0.0557564,0.677049,0.045486,-1.83808,-0.0919428,0.957799,-1.52327,0.648032,0.100251,0.0278922,0.00377779,0.019181,0.000843128,-0.0289092,-0.000622249,0.0635113,-0.000305808,0.0290481,
-0.055645,0.677063,0.0455621,-1.83808,-0.0920684,0.957793,-1.52303,0.648031,0.100367,0.0278451,0.00358479,0.0190323,0.000849017,-0.0314158,-0.00145574,0.0604311,-0.000434144,0.0293989,
-0.0555333,0.677077,0.0456406,-1.83808,-0.0921621,0.957787,-1.52273,0.648029,0.100485,0.0279369,0.00339444,0.0196155,-0.000348539,-0.0234227,-0.00165781,0.0750243,0.000223458,0.0289482,
-0.0554214,0.677091,0.0457181,-1.83808,-0.0922343,0.957786,-1.5224,0.64803,0.100601,0.0279763,0.00348952,0.01939,-0.000459206,-0.0180467,-0.000236867,0.0810053,0.000539747,0.029022,
-0.0553092,0.677107,0.0457958,-1.83808,-0.0923332,0.957785,-1.52212,0.648032,0.100717,0.0280409,0.00396796,0.0194151,0.000726807,-0.0247278,-0.000186473,0.0697074,-5.94253e-06,0.0288116,
-0.055197,0.677122,0.0458729,-1.83808,-0.0924492,0.957782,-1.52187,0.648032,0.100832,0.0280475,0.00392757,0.0192819,0.00103148,-0.0289846,-0.000768328,0.0636999,-0.000301294,0.0289498,
-0.0550846,0.677137,0.0459516,-1.83808,-0.0925376,0.957779,-1.52156,0.648031,0.100948,0.0280974,0.00367593,0.0196759,-4.70477e-05,-0.0221113,-0.000805027,0.0762986,0.000258521,0.0286491,
-0.0549717,0.677153,0.0460297,-1.83807,-0.0926455,0.957775,-1.5213,0.648032,0.101063,0.028221,0.00398633,0.0195084,0.000819202,-0.0269796,-0.000886482,0.0672188,-0.000165781,0.0286103,
-0.054859,0.677169,0.046107,-1.83807,-0.0927666,0.957769,-1.52105,0.648031,0.101177,0.0281943,0.00390635,0.0193334,0.00103997,-0.0302597,-0.00149503,0.0624616,-0.000378597,0.0288761,
-0.054746,0.677184,0.0461862,-1.83807,-0.0928579,0.957763,-1.52074,0.648029,0.101293,0.0282415,0.00369664,0.019792,-6.44106e-05,-0.022819,-0.00151584,0.0759436,0.000231834,0.0285433,
-0.0546331,0.677199,0.0462643,-1.83807,-0.0929293,0.957763,-1.52042,0.64803,0.101407,0.0282247,0.00375567,0.0195308,-0.00014387,-0.0178542,-0.000108077,0.0814558,0.000524672,0.0286918,
-0.0545201,0.677215,0.0463425,-1.83807,-0.0930284,0.957762,-1.52014,0.648033,0.101521,0.0282597,0.00420948,0.019556,0.00104695,-0.0247821,-0.00015366,0.0699651,-3.54861e-05,0.0285098,
-0.0544071,0.677232,0.0464202,-1.83806,-0.093145,0.957759,-1.51988,0.648032,0.101636,0.028249,0.00414573,0.0194094,0.00134545,-0.0291491,-0.000809095,0.0638539,-0.000338804,0.028678,
-0.0542944,0.677248,0.0464971,-1.83806,-0.0932718,0.957752,-1.51964,0.648031,0.10175,0.0281743,0.00392474,0.0192384,0.0013454,-0.0317057,-0.00171469,0.0607168,-0.000470096,0.0290755,
-0.0541814,0.677263,0.0465763,-1.83806,-0.0933667,0.957744,-1.51934,0.648029,0.101867,0.0282403,0.00371602,0.0197991,0.000141254,-0.0237185,-0.00192071,0.0753172,0.000190007,0.0286756,
-0.0540684,0.677278,0.0466545,-1.83806,-0.0934401,0.957742,-1.51901,0.64803,0.101981,0.0282562,0.00379673,0.0195546,3.02825e-05,-0.0183432,-0.000507826,0.0812979,0.000509243,0.0287957,
-0.0539552,0.677295,0.0467328,-1.83805,-0.0935402,0.95774,-1.51873,0.648032,0.102096,0.0283004,0.00426489,0.0195622,0.00122341,-0.0250436,-0.000507912,0.0699678,-3.67002e-05,0.0286262,
-0.053842,0.677312,0.0468104,-1.83804,-0.0936574,0.957736,-1.51848,0.648032,0.102211,0.0282879,0.00421361,0.0194141,0.00152895,-0.0293006,-0.00111936,0.0639504,-0.000330057,0.0288041,
-0.0537294,0.677327,0.0468869,-1.83804,-0.0937785,0.957729,-1.51822,0.64803,0.102326,0.0281442,0.00391931,0.0191092,0.00139361,-0.0302777,-0.00171119,0.0629675,-0.000334362,0.0293982,
-0.0536169,0.677342,0.0469654,-1.83804,-0.0938701,0.957722,-1.51792,0.648029,0.102444,0.0281483,0.00376458,0.0196435,0.000370492,-0.022892,-0.00174799,0.0763694,0.000274167,0.0290574,
-0.0535043,0.677358,0.0470431,-1.83804,-0.0939418,0.957721,-1.51759,0.64803,0.10256,0.0281351,0.0038532,0.0194125,0.000318602,-0.0179274,-0.000320457,0.0818161,0.000564359,0.0291879,
-0.0533916,0.677375,0.0471209,-1.83803,-0.0940413,0.957719,-1.51731,0.648032,0.102677,0.0281856,0.0043266,0.0194598,0.00152181,-0.0248709,-0.0003937,0.0702705,-8.37003e-07,0.028979,
-0.0532788,0.677392,0.0471983,-1.83802,-0.0941583,0.957715,-1.51705,0.648032,0.102793,0.0281917,0.00427381,0.0193308,0.00182,-0.0292397,-0.00106393,0.0641273,-0.000307077,0.029124,
-0.0531663,0.677408,0.047275,-1.83802,-0.0942855,0.957707,-1.51681,0.648031,0.102909,0.0281331,0.00406063,0.0191749,0.00181639,-0.0317965,-0.0019812,0.0609686,-0.000440629,0.0294994,
-0.0530534,0.677424,0.0473539,-1.83801,-0.0943807,0.957698,-1.51651,0.648029,0.103027,0.0282134,0.00386217,0.0197469,0.00060633,-0.0238072,-0.00215687,0.0755677,0.000218422,0.0290801,
-0.0529405,0.67744,0.047432,-1.83801,-0.0944544,0.957695,-1.51618,0.64803,0.103143,0.0282418,0.00395036,0.0195129,0.000493055,-0.018435,-0.000729368,0.0815325,0.000535901,0.0291814,
-0.0528273,0.677457,0.0475101,-1.838,-0.094555,0.957692,-1.5159,0.648033,0.10326,0.0282982,0.00442464,0.0195305,0.00168801,-0.0251493,-0.000765929,0.0701734,-1.40876e-05,0.0289918,
-0.0527141,0.677475,0.0475877,-1.838,-0.0946726,0.957687,-1.51564,0.648032,0.103376,0.0282961,0.00437605,0.0193923,0.00198995,-0.0294068,-0.00140001,0.0641414,-0.000309405,0.0291529,
-0.0526014,0.677491,0.0476641,-1.83799,-0.0947942,0.957679,-1.51539,0.648031,0.103493,0.0281625,0.00408298,0.0190987,0.00185006,-0.0303877,-0.00200197,0.0631352,-0.000314415,0.0297286,
-0.0524887,0.677507,0.0477426,-1.83799,-0.0948862,0.957671,-1.51509,0.64803,0.103612,0.0281762,0.00393482,0.0196395,0.000821794,-0.0229981,-0.00201476,0.0765526,0.000294235,0.0293729,
-0.052376,0.677523,0.0478203,-1.83798,-0.0949583,0.957668,-1.51476,0.648031,0.103729,0.028171,0.00402803,0.0194154,0.000768507,-0.0180325,-0.000571925,0.0819923,0.000583191,0.0294912,
-0.0522631,0.677541,0.0478982,-1.83797,-0.0950583,0.957666,-1.51448,0.648033,0.103847,0.0282291,0.00450507,0.0194674,0.0019746,-0.0249855,-0.000681062,0.0704265,1.50232e-05,0.0292677,
-0.0521502,0.677559,0.0479755,-1.83797,-0.0951757,0.95766,-1.51422,0.648034,0.103964,0.0282411,0.00445304,0.0193442,0.00227017,-0.0293514,-0.00137227,0.0642762,-0.000292248,0.0294009,
-0.0520374,0.677576,0.0480523,-1.83796,-0.0953033,0.957651,-1.51397,0.648032,0.104082,0.0281879,0.00424057,0.019194,0.00226326,-0.0319025,-0.00230343,0.0611149,-0.000426191,0.0297649,
-0.0519243,0.677592,0.0481314,-1.83795,-0.0953989,0.957641,-1.51367,0.648031,0.104201,0.0282733,0.00404745,0.0197698,0.00104876,-0.0239102,-0.00244737,0.0757268,0.000233524,0.0293355,
-0.0518111,0.677609,0.0482096,-1.83795,-0.0954731,0.957637,-1.51334,0.648032,0.104318,0.0283061,0.0041392,0.0195392,0.000935024,-0.0185388,-0.0010009,0.081685,0.000550713,0.0294268,
-0.0516976,0.677627,0.0482878,-1.83794,-0.0955741,0.957633,-1.51306,0.648034,0.104436,0.0283667,0.00461578,0.0195595,0.00213351,-0.0252618,-0.00106999,0.0703073,-1.68637e-06,0.0292266,
-0.0515841,0.677645,0.0483655,-1.83793,-0.0956922,0.957626,-1.51281,0.648034,0.104553,0.0283679,0.00456686,0.0194251,0.00243356,-0.0295153,-0.00172261,0.0642705,-0.000297563,0.0293794,
-0.0514709,0.677663,0.0484426,-1.83792,-0.0958202,0.957616,-1.51256,0.648033,0.10467,0.028304,0.00435801,0.0192681,0.00243333,-0.0320026,-0.002616,0.0611773,-0.000423716,0.0297573,
-0.0513574,0.677679,0.0485219,-1.83792,-0.0959161,0.957605,-1.51226,0.648031,0.104789,0.0283823,0.00417233,0.0198424,0.00122364,-0.0239735,-0.0027079,0.0758488,0.000241393,0.0293326,
-0.0512438,0.677697,0.0486004,-1.83791,-0.0959904,0.9576,-1.51193,0.648032,0.104907,0.0284096,0.00426831,0.0196072,0.00111607,-0.0185789,-0.00121838,0.0818292,0.000561544,0.0294295,
-0.0511299,0.677716,0.0486789,-1.8379,-0.0960916,0.957595,-1.51165,0.648034,0.105024,0.0284645,0.00474588,0.0196214,0.00232223,-0.0252934,-0.00127574,0.0704512,1.00054e-05,0.0292356,
-0.0510161,0.677734,0.0487568,-1.83789,-0.0962097,0.957587,-1.51139,0.648034,0.105141,0.0284597,0.00469574,0.0194826,0.00262639,-0.0295396,-0.00191616,0.0644179,-0.000284879,0.0293947,
-0.0509021,0.677752,0.0488363,-1.83789,-0.0963002,0.95758,-1.51108,0.648033,0.105259,0.0285004,0.00444907,0.0198734,0.00153501,-0.0226267,-0.00184489,0.077089,0.000281985,0.0291116,
-0.0507876,0.677771,0.0489151,-1.83788,-0.0964103,0.957572,-1.51081,0.648034,0.105375,0.0286174,0.00475878,0.0196984,0.00241524,-0.0275079,-0.00200761,0.0679436,-0.000146322,0.0290842,
-0.0506736,0.677789,0.0489925,-1.83787,-0.0965283,0.957562,-1.51055,0.648034,0.105492,0.0285108,0.00458446,0.0193598,0.00251311,-0.0295031,-0.00236951,0.0648932,-0.000245678,0.0295891,
-0.0505596,0.677807,0.0490717,-1.83786,-0.0966186,0.957553,-1.51024,0.648033,0.10561,0.0284882,0.00442059,0.0198101,0.0015544,-0.0225719,-0.0022074,0.0774218,0.000324375,0.029318,
-0.0504458,0.677825,0.04915,-1.83785,-0.0966904,0.95755,-1.50991,0.648034,0.105727,0.0284419,0.00448336,0.019564,0.00152516,-0.0179443,-0.000762541,0.0824731,0.000592583,0.0294915,
-0.0503319,0.677845,0.0492285,-1.83784,-0.0967908,0.957546,-1.50963,0.648036,0.105845,0.0284812,0.0049405,0.0196187,0.00273943,-0.0251066,-0.00098732,0.0707335,9.68146e-06,0.0292789,
-0.050218,0.677864,0.0493064,-1.83783,-0.096909,0.957539,-1.50937,0.648036,0.105962,0.0284829,0.00486691,0.0194886,0.0030283,-0.0295571,-0.00175898,0.064497,-0.000304833,0.0294268,
-0.0501043,0.677883,0.0493838,-1.83782,-0.0970376,0.957528,-1.50913,0.648035,0.10608,0.0284207,0.00463664,0.0193312,0.00301361,-0.0321435,-0.00275,0.0612947,-0.000441552,0.0298074,
-0.0499903,0.677901,0.0494633,-1.83781,-0.0971342,0.957517,-1.50882,0.648033,0.106199,0.0284973,0.00443587,0.0198978,0.00179009,-0.0241589,-0.00287112,0.07592,0.000220366,0.0293993,
-0.0498761,0.677919,0.0495411,-1.8378,-0.0972444,0.957507,-1.50855,0.648034,0.106317,0.028554,0.00468093,0.019434,0.00258244,-0.0275468,-0.00257828,0.0684109,-7.08988e-05,0.0296931,
-0.0497621,0.677938,0.04962,-1.83779,-0.0973297,0.957498,-1.50823,0.648034,0.106436,0.0284975,0.00457528,0.0197283,0.00185926,-0.0213238,-0.00201975,0.0789087,0.000416662,0.0295405,
-0.0496478,0.677957,0.0496986,-1.83778,-0.0974371,0.95749,-1.50796,0.648036,0.106554,0.028583,0.0049557,0.0196453,0.00286538,-0.0268425,-0.00214571,0.0689856,-5.54543e-05,0.0294481,
-0.0495335,0.677977,0.0497766,-1.83777,-0.0975588,0.957479,-1.5077,0.648035,0.106672,0.0285627,0.00488658,0.0194941,0.00311752,-0.0304292,-0.00278451,0.0637737,-0.000295903,0.0296788,
-0.0494191,0.677996,0.0498563,-1.83776,-0.0976513,0.957468,-1.50739,0.648034,0.10679,0.0286108,0.00467807,0.0199373,0.00200871,-0.0231327,-0.00264343,0.0770413,0.000304434,0.0293618,
-0.0493047,0.678015,0.049935,-1.83775,-0.0977244,0.957463,-1.50706,0.648035,0.106908,0.0285928,0.0047309,0.0196797,0.00193177,-0.018276,-0.00117766,0.0824114,0.000589025,0.02952,
-0.0491902,0.678035,0.0500139,-1.83774,-0.0978257,0.957458,-1.50678,0.648038,0.107026,0.0286345,0.00518183,0.0197122,0.00314092,-0.0253152,-0.00139922,0.0707731,1.32999e-05,0.0293245,
-0.0490756,0.678056,0.0500922,-1.83773,-0.0979445,0.957449,-1.50652,0.648038,0.107143,0.0286286,0.00510454,0.0195743,0.00343106,-0.0297013,-0.00216043,0.0646012,-0.000295347,0.0294882,
-0.0489614,0.678075,0.0501698,-1.83771,-0.0980735,0.957437,-1.50628,0.648037,0.107261,0.028559,0.00487211,0.0194124,0.00341944,-0.0322482,-0.00313679,0.0614391,-0.000427811,0.0298809,
-0.0488469,0.678094,0.0502497,-1.83771,-0.0981704,0.957424,-1.50597,0.648035,0.107381,0.0286306,0.00467551,0.0199775,0.00219712,-0.0242378,-0.00320453,0.0761146,0.000237959,0.0294793,
-0.0487323,0.678113,0.0503287,-1.8377,-0.0982459,0.957417,-1.50564,0.648036,0.107499,0.0286509,0.00476218,0.0197361,0.00208674,-0.0188581,-0.00171268,0.0820788,0.000558919,0.029596,
-0.0486175,0.678134,0.0504077,-1.83768,-0.0983483,0.95741,-1.50536,0.648038,0.107617,0.0287008,0.0052334,0.0197449,0.00330088,-0.0256021,-0.00185874,0.0706515,3.40262e-06,0.0294164,
-0.0485027,0.678155,0.0504861,-1.83767,-0.0984677,0.957399,-1.5051,0.648038,0.107735,0.0286903,0.0051734,0.0196031,0.00360193,-0.0298465,-0.00255202,0.0646051,-0.000291066,0.029592,
-0.0483883,0.678174,0.0505638,-1.83765,-0.0985969,0.957385,-1.50486,0.648037,0.107853,0.0286162,0.00495484,0.0194407,0.00360032,-0.0323161,-0.00346881,0.0615161,-0.000414338,0.0299903,
-0.0482735,0.678194,0.0506439,-1.83765,-0.098694,0.957372,-1.50455,0.648035,0.107973,0.0286869,0.00477367,0.0200099,0.00238448,-0.0242641,-0.00346916,0.0762527,0.000257063,0.0295842,
-0.0481587,0.678213,0.0507229,-1.83764,-0.0987694,0.957364,-1.50422,0.648036,0.108091,0.0287072,0.00486979,0.0197682,0.00228055,-0.0188611,-0.00192919,0.082238,0.000581072,0.0296987,
-0.0480437,0.678234,0.050802,-1.83762,-0.0988718,0.957356,-1.50394,0.648039,0.10821,0.0287564,0.00534638,0.0197753,0.00350224,-0.0255951,-0.00205557,0.0708083,2.6007e-05,0.0295173,
-0.0479287,0.678256,0.0508806,-1.83761,-0.0989911,0.957345,-1.50368,0.648039,0.108328,0.0287446,0.0052885,0.0196331,0.00380719,-0.0298324,-0.00273212,0.0647627,-0.000268024,0.0296916,
-0.0478143,0.678276,0.0509579,-1.83759,-0.0991144,0.957331,-1.50343,0.648038,0.108447,0.0286043,0.00498534,0.0193435,0.00366393,-0.0308113,-0.00335199,0.0637205,-0.000268487,0.0302716,
-0.0476998,0.678295,0.0510375,-1.83758,-0.0992079,0.957318,-1.50312,0.648037,0.108568,0.0286152,0.00484865,0.0198805,0.00262723,-0.0233873,-0.00321762,0.0772435,0.000348155,0.0299238,
-0.0475854,0.678315,0.0511161,-1.83757,-0.0992816,0.957312,-1.50279,0.648038,0.108688,0.0286064,0.00494481,0.0196515,0.00257968,-0.0184095,-0.00169318,0.0826903,0.000640533,0.0300559,
-0.0474707,0.678336,0.0511949,-1.83756,-0.0993831,0.957304,-1.5025,0.648041,0.108808,0.028661,0.00542315,0.0196955,0.00380974,-0.0253892,-0.00190673,0.0710504,6.53051e-05,0.0298354,
-0.0473561,0.678358,0.0512731,-1.83754,-0.0995021,0.957293,-1.50224,0.648041,0.108927,0.0286664,0.0053615,0.0195707,0.00410603,-0.029738,-0.00265155,0.064884,-0.000242215,0.029977,
-0.0472416,0.678378,0.0513508,-1.83752,-0.0996311,0.957279,-1.502,0.64804,0.109047,0.0286079,0.00513999,0.019421,0.00409589,-0.0322622,-0.0036135,0.0617255,-0.000374358,0.0303469,
-0.0471269,0.678398,0.0514308,-1.83751,-0.0997281,0.957265,-1.50169,0.648038,0.109169,0.0286906,0.0049586,0.0199945,0.00287164,-0.0242469,-0.00360832,0.07642,0.000291699,0.0299239,
-0.047012,0.678418,0.0515098,-1.8375,-0.0998036,0.957256,-1.50136,0.648039,0.109288,0.0287205,0.00505416,0.0197609,0.00276306,-0.0188724,-0.00207809,0.0823711,0.000611082,0.0300231,
-0.0468969,0.678441,0.051589,-1.83748,-0.0999061,0.957247,-1.50108,0.648042,0.109408,0.0287796,0.00553177,0.0197762,0.00398402,-0.0256277,-0.0022594,0.0709144,5.07677e-05,0.0298217,
-0.0467818,0.678462,0.0516675,-1.83747,-0.100026,0.957235,-1.50082,0.648042,0.109528,0.0287765,0.00547335,0.0196424,0.0042835,-0.0298674,-0.00297208,0.0648581,-0.000246002,0.029979,
-0.0466668,0.678483,0.0517464,-1.83745,-0.100119,0.957223,-1.50051,0.648041,0.109648,0.0287289,0.00513599,0.0197165,0.00328567,-0.0234188,-0.00297953,0.0768749,0.000284908,0.0300119,
-0.0465518,0.678505,0.051825,-1.83744,-0.100232,0.957211,-1.50024,0.648042,0.109768,0.0287596,0.00543351,0.0196467,0.00411591,-0.0281483,-0.00318179,0.0680108,-0.000128133,0.0299994,
-0.0464372,0.678526,0.0519024,-1.83742,-0.100352,0.957196,-1.49998,0.648042,0.109888,0.0286462,0.00526146,0.019367,0.00418329,-0.0299433,-0.00356161,0.0651404,-0.000210736,0.0304882,
-0.0463226,0.678546,0.0519819,-1.83741,-0.100443,0.957183,-1.49967,0.648041,0.11001,0.0286443,0.00512782,0.019853,0.00320702,-0.0228948,-0.00326569,0.077842,0.000371497,0.0301819,
-0.0462082,0.678567,0.0520604,-1.8374,-0.100516,0.957176,-1.49933,0.648042,0.11013,0.0286214,0.00521028,0.019628,0.00317763,-0.0182106,-0.0017435,0.0829281,0.000645378,0.0303299,
-0.0460934,0.67859,0.0521391,-1.83738,-0.100618,0.957168,-1.49905,0.648045,0.110252,0.0286815,0.00568189,0.0196946,0.00440896,-0.0253651,-0.00205359,0.0711411,5.80594e-05,0.0300869,
-0.0459786,0.678612,0.0522175,-1.83736,-0.100737,0.957157,-1.49879,0.648045,0.110372,0.0286985,0.00561125,0.0195817,0.00469497,-0.0297856,-0.00286933,0.0648988,-0.000255598,0.0302108,
-0.045864,0.678634,0.0522952,-1.83734,-0.100866,0.957141,-1.49854,0.648044,0.110493,0.0286513,0.00538267,0.0194414,0.00467412,-0.0323425,-0.00388669,0.0617019,-0.000390287,0.0305663,
-0.0457491,0.678655,0.0523753,-1.83733,-0.100963,0.957126,-1.49824,0.648043,0.110615,0.028743,0.00520024,0.0200183,0.00344027,-0.0243514,-0.00387398,0.0763834,0.00027642,0.030137,
-0.0456338,0.678676,0.0524536,-1.83731,-0.101074,0.957111,-1.49796,0.648044,0.110736,0.0288159,0.00545066,0.0195739,0.00424109,-0.02776,-0.00365833,0.0687992,-1.72414e-05,0.0303987,
-0.0455187,0.678698,0.0525331,-1.8373,-0.101161,0.957099,-1.49765,0.648044,0.110857,0.0287735,0.00535671,0.0198753,0.00350919,-0.0215316,-0.00299102,0.0793354,0.000473443,0.030226,
-0.0454032,0.678721,0.0526123,-1.83728,-0.101269,0.957086,-1.49737,0.648046,0.110978,0.0288706,0.00574028,0.0197969,0.00452767,-0.0270675,-0.00320556,0.069362,-4.10155e-06,0.0301112,
-0.0452878,0.678744,0.0526909,-1.83726,-0.101391,0.957071,-1.49711,0.648046,0.111099,0.0288579,0.00566758,0.0196558,0.0047761,-0.030637,-0.00389416,0.0641421,-0.000244831,0.0303249,
-0.0451721,0.678765,0.0527713,-1.83724,-0.101485,0.957056,-1.4968,0.648045,0.11122,0.0289143,0.00547067,0.0201049,0.0036562,-0.0233345,-0.00363417,0.0774618,0.00035947,0.0299936,
-0.0450565,0.678788,0.0528508,-1.83723,-0.101559,0.957048,-1.49647,0.648046,0.11134,0.0289038,0.00552784,0.0198532,0.00358074,-0.018488,-0.00211198,0.0828174,0.000644978,0.0301423,
-0.0449407,0.678811,0.0529303,-1.83721,-0.101661,0.957038,-1.49619,0.648049,0.11146,0.028953,0.00598157,0.019888,0.0048058,-0.0255491,-0.00244199,0.071123,6.2534e-05,0.0299288,
-0.0448249,0.678835,0.0530093,-1.83719,-0.101781,0.957025,-1.49593,0.648049,0.11158,0.0289514,0.00589856,0.0197574,0.00509225,-0.0299168,-0.0032636,0.064945,-0.000246721,0.0300798,
-0.0447094,0.678858,0.0530877,-1.83717,-0.10191,0.957008,-1.49568,0.648048,0.1117,0.0288865,0.00566111,0.0196036,0.00507429,-0.0324386,-0.00427719,0.0617919,-0.000377828,0.0304586,
-0.0445935,0.67888,0.0531684,-1.83715,-0.102008,0.956991,-1.49537,0.648046,0.111822,0.0289641,0.00547752,0.0201704,0.00384257,-0.0244285,-0.00421814,0.0765253,0.000292511,0.0300477,
-0.0444775,0.678902,0.0532482,-1.83714,-0.102084,0.95698,-1.49504,0.648048,0.111942,0.0289891,0.00556905,0.0199318,0.00373486,-0.0190623,-0.00266288,0.0824745,0.000614652,0.0301592,
-0.0443614,0.678926,0.0533279,-1.83712,-0.102188,0.956969,-1.49476,0.64805,0.112063,0.0290439,0.00604274,0.0199409,0.00496543,-0.025828,-0.00291324,0.0709922,5.27625e-05,0.0299656,
-0.0442452,0.67895,0.0534071,-1.8371,-0.102308,0.956954,-1.4945,0.64805,0.112183,0.0290353,0.00597682,0.0198045,0.0052634,-0.030054,-0.00366424,0.0649411,-0.000242143,0.0301318,
-0.0441294,0.678973,0.0534857,-1.83708,-0.102438,0.956935,-1.49425,0.648049,0.112304,0.0289639,0.00575299,0.0196484,0.00525602,-0.0324988,-0.0046163,0.0618624,-0.000363929,0.0305192,
-0.0440132,0.678995,0.0535666,-1.83706,-0.102536,0.956917,-1.49394,0.648048,0.112426,0.0290387,0.00558461,0.0202175,0.00403149,-0.0244491,-0.0044886,0.0766567,0.000312093,0.0301072,
-0.043897,0.679018,0.0536465,-1.83705,-0.102612,0.956906,-1.49361,0.648049,0.112546,0.029062,0.00568535,0.019977,0.00393074,-0.0190607,-0.00288413,0.0826275,0.000637335,0.0302194,
-0.0437805,0.679043,0.0537264,-1.83703,-0.102715,0.956894,-1.49333,0.648052,0.112667,0.0291144,0.00616397,0.0199831,0.00516905,-0.0258154,-0.00311372,0.0711445,7.60269e-05,0.0300268,
-0.0436641,0.679067,0.0538058,-1.837,-0.102835,0.956878,-1.49307,0.648052,0.112787,0.0291032,0.0060999,0.0198452,0.00547116,-0.0300336,-0.0038472,0.0650956,-0.000218396,0.0301941,
-0.0435475,0.679091,0.0538868,-1.83699,-0.102928,0.956864,-1.49276,0.648051,0.112908,0.0291406,0.00586555,0.0202361,0.00436136,-0.023091,-0.00357881,0.0778783,0.000357744,0.0299183,
-0.0434305,0.679115,0.053967,-1.83696,-0.10304,0.956848,-1.49248,0.648052,0.113027,0.0292563,0.00617219,0.0200544,0.00526447,-0.0279918,-0.00387942,0.0686482,-7.73237e-05,0.0298899,
-0.0433139,0.679139,0.0540459,-1.83694,-0.10316,0.956831,-1.49222,0.648052,0.113147,0.0291482,0.00598562,0.0197302,0.00535686,-0.0299944,-0.0043195,0.0655225,-0.00017395,0.0303875,
-0.0431974,0.679163,0.0541266,-1.83693,-0.103252,0.956815,-1.49191,0.648051,0.113269,0.0291285,0.00583706,0.020178,0.00438164,-0.0230309,-0.00395978,0.0781881,0.000406275,0.0301204,
-0.0430811,0.679186,0.0542063,-1.83691,-0.103325,0.956805,-1.49158,0.648053,0.113389,0.0290828,0.00590374,0.0199291,0.00435742,-0.0184017,-0.00241792,0.0832445,0.000679134,0.0303056,
-0.0429646,0.679212,0.0542862,-1.83689,-0.103428,0.956794,-1.49129,0.648056,0.11351,0.0291221,0.00636285,0.0199756,0.00560305,-0.0255949,-0.00281755,0.0714101,8.61288e-05,0.0300915,
-0.0428481,0.679237,0.0543656,-1.83686,-0.103548,0.956779,-1.49103,0.648056,0.113631,0.0291186,0.00627628,0.0198473,0.0058892,-0.0300118,-0.00368334,0.0651645,-0.000228337,0.0302449,
-0.0427319,0.679261,0.0544444,-1.83684,-0.103678,0.956761,-1.49078,0.648055,0.113752,0.0290531,0.00603435,0.0196944,0.00586677,-0.0325532,-0.00473045,0.0619792,-0.000361849,0.0306273,
-0.0426154,0.679284,0.0545254,-1.83682,-0.103776,0.956742,-1.49047,0.648054,0.113874,0.02913,0.00585341,0.0202582,0.00462852,-0.024554,-0.00463151,0.076722,0.000309356,0.0302249,
-0.0424986,0.679309,0.0546047,-1.8368,-0.103888,0.956724,-1.4902,0.648055,0.113995,0.0291911,0.00609824,0.0198074,0.00543885,-0.0279714,-0.00447198,0.0690947,1.46946e-05,0.0305032,
-0.0423821,0.679333,0.0546851,-1.83678,-0.103975,0.956709,-1.48988,0.648055,0.114117,0.0291379,0.00600512,0.0200974,0.00470405,-0.0217329,-0.00372788,0.0796762,0.00050894,0.0303527,
-0.0422652,0.679358,0.0547651,-1.83676,-0.104084,0.956693,-1.4896,0.648057,0.114238,0.0292242,0.00638402,0.0200061,0.00573521,-0.0272776,-0.00399954,0.0696706,2.85323e-05,0.0302572,
-0.0421484,0.679383,0.0548445,-1.83673,-0.104207,0.956674,-1.48934,0.648057,0.114359,0.0291998,0.00630317,0.0198576,0.00598464,-0.0308325,-0.00471828,0.06445,-0.000211747,0.0304909,
-0.0420314,0.679408,0.0549257,-1.83671,-0.104301,0.956657,-1.48903,0.648056,0.114481,0.0292468,0.00611,0.0202999,0.00485962,-0.0235179,-0.00437242,0.0778239,0.000396569,0.0301786,
-0.0419145,0.679433,0.0550059,-1.83669,-0.104376,0.956646,-1.4887,0.648058,0.114602,0.0292283,0.00616635,0.020041,0.00478771,-0.0186715,-0.00280923,0.0831814,0.000684,0.0303473,
-0.0417974,0.679459,0.0550861,-1.83667,-0.104479,0.956633,-1.48841,0.648061,0.114724,0.0292705,0.00661866,0.0200675,0.00602709,-0.0257452,-0.00320846,0.0714441,9.72008e-05,0.0301468,
-0.0416803,0.679485,0.0551659,-1.83664,-0.1046,0.956617,-1.48815,0.648061,0.114844,0.0292608,0.00652828,0.0199327,0.00631374,-0.0301001,-0.00406677,0.0652605,-0.000212283,0.0303125,
-0.0415636,0.67951,0.055245,-1.83662,-0.10473,0.956596,-1.4879,0.64806,0.114965,0.0291891,0.00628423,0.0197764,0.00629384,-0.0326042,-0.00510185,0.0621133,-0.000342277,0.0307037,
-0.0414465,0.679535,0.0553263,-1.8366,-0.104828,0.956576,-1.4876,0.648059,0.115088,0.0292621,0.00610737,0.0203385,0.00505709,-0.0245868,-0.00495242,0.0768998,0.000331943,0.0303059,
-0.0413294,0.679559,0.0554067,-1.83658,-0.104905,0.956563,-1.48726,0.64806,0.115209,0.0292826,0.00620003,0.0200952,0.00495272,-0.0192243,-0.00335307,0.0828461,0.000655635,0.0304324,
-0.0412121,0.679586,0.0554871,-1.83655,-0.105009,0.956548,-1.48698,0.648063,0.115331,0.0293338,0.0066737,0.0200992,0.00619698,-0.0260043,-0.00367175,0.071318,8.91452e-05,0.0302459,
-0.0410948,0.679613,0.055567,-1.83653,-0.10513,0.95653,-1.48672,0.648063,0.115452,0.0293202,0.0066016,0.0199613,0.00649467,-0.0302194,-0.00445937,0.0652582,-0.00020623,0.0304213,
-0.0409778,0.679638,0.0556462,-1.8365,-0.105261,0.956509,-1.48647,0.648062,0.115574,0.0292449,0.00637217,0.019805,0.00648488,-0.0326481,-0.00543333,0.0621828,-0.00032714,0.0308161,
-0.0408605,0.679663,0.0557277,-1.83648,-0.105359,0.956488,-1.48616,0.648061,0.115697,0.0293175,0.00621127,0.0203709,0.00525504,-0.0245936,-0.00521599,0.0770264,0.000352466,0.0304129,
-0.0407432,0.679688,0.0558082,-1.83646,-0.105436,0.956474,-1.48583,0.648062,0.115819,0.0293386,0.00631376,0.0201275,0.00515722,-0.0192107,-0.00356829,0.0829917,0.000678977,0.0305361,
-0.0406256,0.679715,0.0558887,-1.83644,-0.10554,0.956458,-1.48554,0.648065,0.115941,0.0293893,0.00679281,0.0201301,0.0064087,-0.0259805,-0.00386726,0.0714623,0.000112957,0.0303466,
-0.0405081,0.679742,0.0559687,-1.83641,-0.105661,0.95644,-1.48528,0.648066,0.116062,0.0293748,0.00672309,0.0199923,0.00671006,-0.030188,-0.00463835,0.065404,-0.000182032,0.0305195,
-0.0403905,0.679768,0.0560502,-1.83639,-0.105754,0.956422,-1.48497,0.648065,0.116184,0.0294105,0.00649393,0.0203824,0.0055932,-0.0232367,-0.00429045,0.0782311,0.000397193,0.0302491,
-0.0402724,0.679795,0.056131,-1.83636,-0.105866,0.956404,-1.48469,0.648066,0.116305,0.0295252,0.00679903,0.0201978,0.00650571,-0.0281455,-0.00464793,0.0689633,-4.1251e-05,0.0302223,
-0.0401547,0.679822,0.0562105,-1.83633,-0.105987,0.956383,-1.48443,0.648066,0.116426,0.029416,0.00660706,0.019879,0.0065962,-0.0301537,-0.0051206,0.0658039,-0.00013744,0.0307186,
-0.0400371,0.679848,0.0562918,-1.83631,-0.106079,0.956365,-1.48412,0.648066,0.116549,0.0293971,0.00646487,0.0203253,0.00561445,-0.0231793,-0.00468156,0.0785248,0.000446387,0.0304552,
-0.0399197,0.679874,0.0563721,-1.83629,-0.106154,0.956352,-1.48378,0.648068,0.116671,0.0293513,0.00653318,0.0200749,0.00559232,-0.018551,-0.00310223,0.083582,0.00072063,0.030647,
-0.0398022,0.679902,0.0564526,-1.83626,-0.106257,0.956338,-1.48349,0.64807,0.116794,0.0293903,0.00699296,0.0201182,0.00685058,-0.0257551,-0.00357396,0.0717057,0.000123051,0.0304334,
-0.0396846,0.679929,0.0565325,-1.83623,-0.106377,0.95632,-1.48323,0.648071,0.116915,0.0293845,0.00690098,0.0199907,0.00713551,-0.0301586,-0.00447868,0.0654539,-0.000191833,0.03059,
-0.0395674,0.679956,0.0566119,-1.8362,-0.106508,0.956298,-1.48298,0.64807,0.117038,0.0293175,0.00665424,0.0198397,0.00710991,-0.0326826,-0.00554922,0.0622733,-0.000324448,0.0309739,
-0.0394498,0.679982,0.0566935,-1.83618,-0.106607,0.956276,-1.48268,0.648069,0.117162,0.0293945,0.00648149,0.0204018,0.00586605,-0.024681,-0.00536179,0.0770632,0.000350167,0.0305749,
-0.0393321,0.680008,0.0567741,-1.83616,-0.106684,0.956261,-1.48234,0.64807,0.117284,0.0294181,0.0065756,0.0201605,0.00575993,-0.0193339,-0.00375143,0.0829936,0.000673534,0.0307016,
-0.0392142,0.680036,0.0568548,-1.83613,-0.106789,0.956245,-1.48206,0.648073,0.117407,0.0294725,0.00705026,0.020166,0.007009,-0.0261294,-0.00412846,0.0714339,0.000103793,0.0305098,
-0.0390964,0.680064,0.0569349,-1.8361,-0.10691,0.956225,-1.4818,0.648073,0.117529,0.029461,0.0069762,0.0200316,0.0073031,-0.0303387,-0.00495135,0.0653672,-0.000191993,0.030682,
-0.0389788,0.680091,0.0570144,-1.83607,-0.107041,0.956201,-1.48155,0.648073,0.117651,0.029388,0.00674534,0.0198791,0.0072889,-0.0327577,-0.00594873,0.0622934,-0.000312257,0.0310731,
-0.038861,0.680118,0.0570962,-1.83605,-0.10714,0.956178,-1.48124,0.648071,0.117776,0.0294636,0.00659114,0.0204459,0.00605364,-0.0247039,-0.0056829,0.0771647,0.00036968,0.030668,
-0.038743,0.680144,0.057177,-1.83602,-0.107217,0.956162,-1.48091,0.648073,0.117898,0.029487,0.00669679,0.0202038,0.00595572,-0.0193265,-0.0040135,0.0831251,0.000697073,0.0307912,
-0.0386249,0.680173,0.0572579,-1.836,-0.107322,0.956145,-1.48062,0.648076,0.118022,0.0295399,0.00717737,0.0202065,0.0072135,-0.026105,-0.00436105,0.0715695,0.000128645,0.0305974,
-0.0385068,0.680202,0.0573382,-1.83597,-0.107443,0.956124,-1.48036,0.648076,0.118144,0.0295263,0.00710599,0.0200713,0.00751259,-0.0303031,-0.00515991,0.0655082,-0.000166214,0.0307678,
-0.0383892,0.680229,0.0574174,-1.83594,-0.107568,0.956101,-1.4801,0.648075,0.118267,0.0293903,0.00679114,0.0198024,0.00735773,-0.0313085,-0.00584721,0.0643736,-0.000163564,0.0313271,
-0.0382715,0.680255,0.0574987,-1.83591,-0.107663,0.956079,-1.47979,0.648075,0.118392,0.0294107,0.00668034,0.0203373,0.0062997,-0.0238585,-0.0054616,0.078086,0.000465499,0.030975,
-0.0381539,0.680283,0.0575791,-1.83589,-0.107739,0.956064,-1.47945,0.648077,0.118516,0.0294068,0.00678658,0.0201066,0.0062578,-0.0188863,-0.00380956,0.0835387,0.000762448,0.0311129,
-0.0380361,0.680312,0.0576597,-1.83586,-0.107843,0.956047,-1.47917,0.64808,0.118641,0.0294645,0.00726935,0.0201429,0.00752447,-0.0258942,-0.00423966,0.0717891,0.000174504,0.0308824,
-0.0379182,0.68034,0.0577398,-1.83582,-0.107963,0.956026,-1.4789,0.64808,0.118764,0.0294664,0.00719437,0.0200233,0.0078157,-0.0301955,-0.00510163,0.0656177,-0.000133493,0.0310221,
-0.0378006,0.680368,0.0578193,-1.83579,-0.108094,0.956002,-1.47865,0.64808,0.118888,0.0294067,0.00696098,0.0198818,0.00779475,-0.0326619,-0.00613358,0.0624846,-0.000262261,0.0313857,
-0.0376826,0.680396,0.0579011,-1.83577,-0.108193,0.955978,-1.47835,0.648079,0.119014,0.0294925,0.00680682,0.020451,0.00655337,-0.0246477,-0.00585496,0.0773158,0.000414017,0.0309644,
-0.0375645,0.680423,0.057982,-1.83574,-0.10827,0.955962,-1.47801,0.64808,0.119138,0.0295238,0.0069119,0.0202154,0.00645242,-0.0193005,-0.00418876,0.083243,0.000736328,0.0310724,
-0.0374462,0.680453,0.0580629,-1.83571,-0.108374,0.955943,-1.47773,0.648083,0.119262,0.029585,0.00739259,0.020225,0.00771001,-0.0260953,-0.0045851,0.0716661,0.000162591,0.0308598,
-0.0373279,0.680482,0.0581433,-1.83568,-0.108495,0.955922,-1.47746,0.648084,0.119385,0.0295787,0.00732019,0.0200971,0.00800438,-0.0302928,-0.0054153,0.0655982,-0.000135318,0.0310136,
-0.0372094,0.68051,0.0582253,-1.83565,-0.108589,0.955902,-1.47715,0.648084,0.119509,0.0296228,0.00709922,0.0204927,0.00687684,-0.0233479,-0.00500215,0.0784531,0.000444442,0.0307276,
-0.0370904,0.68054,0.0583065,-1.83562,-0.108702,0.95588,-1.47687,0.648085,0.119632,0.0297452,0.00740595,0.0203132,0.00779378,-0.0282625,-0.00543104,0.0691528,1.32526e-06,0.030682,
-0.0369718,0.680569,0.0583865,-1.83559,-0.108823,0.955856,-1.47661,0.648085,0.119755,0.0296436,0.00721258,0.0200071,0.00787932,-0.0302824,-0.00594649,0.0659537,-9.63556e-05,0.0311568,
-0.0368533,0.680597,0.0584684,-1.83556,-0.108916,0.955834,-1.47629,0.648085,0.11988,0.0296332,0.00707966,0.0204562,0.00688817,-0.0233072,-0.00543528,0.0787236,0.000489783,0.0308803,
-0.0367349,0.680626,0.0585492,-1.83553,-0.108991,0.955819,-1.47596,0.648087,0.120003,0.0295937,0.00715269,0.0202093,0.00686578,-0.0186866,-0.00382184,0.0837768,0.00076407,0.0310626,
-0.0366163,0.680656,0.0586302,-1.8355,-0.109094,0.955802,-1.47567,0.64809,0.120127,0.029638,0.00761491,0.0202536,0.00813317,-0.0258951,-0.00437353,0.0718708,0.000161867,0.0308356,
-0.0364978,0.680686,0.0587107,-1.83547,-0.109216,0.95578,-1.47541,0.648091,0.120251,0.0296349,0.00752012,0.0201312,0.00841401,-0.0302787,-0.0053228,0.0656225,-0.000153532,0.0309817,
-0.0363795,0.680715,0.0587907,-1.83543,-0.109347,0.955755,-1.47516,0.64809,0.120375,0.0295712,0.00727119,0.019986,0.00838296,-0.0327811,-0.00642044,0.0624539,-0.000285316,0.0313542,
-0.0362609,0.680744,0.0588729,-1.8354,-0.109446,0.95573,-1.47485,0.648089,0.1205,0.0296525,0.00710912,0.0205478,0.00713312,-0.02479,-0.00614521,0.0772817,0.000391925,0.0309484,
-0.0361421,0.680774,0.0589541,-1.83538,-0.109523,0.955707,-1.47452,0.64809,0.120624,0.0296926,0.00740483,0.0203087,0.00697386,-0.0193879,-0.00566269,0.0833185,0.000666793,0.0311711,
-0.0360232,0.680805,0.0590353,-1.83534,-0.109628,0.955685,-1.47423,0.648093,0.120749,0.0297449,0.00785763,0.0203076,0.00815211,-0.0262014,-0.00563341,0.0716544,0.000111109,0.0309639,
-0.0359042,0.680836,0.0591161,-1.83531,-0.10975,0.95566,-1.47397,0.648094,0.120872,0.0297304,0.00777149,0.0201789,0.00843469,-0.0304314,-0.00624465,0.0655565,-0.000172624,0.0311209,
-0.0357856,0.680866,0.0591962,-1.83528,-0.109881,0.955632,-1.47372,0.648093,0.120997,0.0296581,0.00753035,0.0200324,0.00842658,-0.0328549,-0.0071124,0.0624796,-0.00028312,0.0314953,
-0.0356667,0.680896,0.0592786,-1.83525,-0.109981,0.955605,-1.47341,0.648092,0.121123,0.0297363,0.00737845,0.0205968,0.00720141,-0.0248311,-0.00664657,0.0773774,0.000406985,0.0310801,
-0.0355476,0.680926,0.05936,-1.83522,-0.110059,0.955586,-1.47307,0.648093,0.121247,0.0297614,0.00747817,0.0203554,0.00712011,-0.0194792,-0.00485699,0.0833217,0.00073885,0.0311955,
-0.0354284,0.680957,0.0594414,-1.83519,-0.110164,0.955565,-1.47279,0.648096,0.121372,0.0298159,0.00794837,0.0203579,0.00840074,-0.0262636,-0.00522378,0.0717367,0.000169747,0.030988,
-0.0353091,0.680989,0.0595223,-1.83515,-0.110285,0.955541,-1.47253,0.648097,0.121496,0.0298023,0.0078618,0.0202268,0.00870772,-0.0304387,-0.00602091,0.0656819,-0.000122604,0.0311474,
-0.0351905,0.681019,0.0596022,-1.83512,-0.110411,0.955514,-1.47227,0.648096,0.121621,0.029669,0.00753415,0.0199663,0.00855993,-0.0314578,-0.00669247,0.0645131,-0.000118584,0.0316897,
-0.0350717,0.681049,0.0596842,-1.83509,-0.110507,0.955489,-1.47195,0.648096,0.121747,0.0296935,0.00742199,0.0204995,0.00750353,-0.0240075,-0.00619332,0.0782878,0.000515331,0.0313287,
-0.0349529,0.681079,0.0597653,-1.83506,-0.110583,0.955471,-1.47162,0.648098,0.121873,0.0296916,0.00752222,0.0202688,0.00747137,-0.0190424,-0.00447409,0.0837396,0.000813991,0.0314609,
-0.0348339,0.681111,0.0598465,-1.83502,-0.110688,0.955451,-1.47133,0.648101,0.121999,0.0297502,0.00799631,0.0203028,0.00875535,-0.0260473,-0.00496312,0.0719672,0.00022306,0.0312213,
-0.0347149,0.681142,0.0599272,-1.83499,-0.110809,0.955428,-1.47107,0.648102,0.122123,0.0297511,0.00790868,0.020186,0.00904964,-0.0303214,-0.0058526,0.065806,-8.42196e-05,0.0313539,
-0.0345964,0.681173,0.060007,-1.83495,-0.110935,0.955401,-1.47081,0.648102,0.122249,0.0296318,0.00758051,0.0199358,0.00888878,-0.0314096,-0.00659917,0.0645517,-9.12759e-05,0.0318748,
-0.0344777,0.681203,0.0600889,-1.83492,-0.11103,0.955377,-1.4705,0.648101,0.122376,0.029667,0.00746829,0.0204732,0.00781887,-0.0239904,-0.00614203,0.0782938,0.000536508,0.031502,
-0.034359,0.681233,0.0601699,-1.83489,-0.111107,0.955359,-1.47016,0.648104,0.122502,0.0296738,0.00757055,0.0202495,0.00777718,-0.0190472,-0.00446058,0.083722,0.000830199,0.0316227,
-0.0342401,0.681265,0.060251,-1.83485,-0.111211,0.955339,-1.46987,0.648107,0.122629,0.0297411,0.00804839,0.0202904,0.00905414,-0.0260632,-0.00500591,0.0719388,0.000235041,0.0313702,
-0.0341211,0.681297,0.0603317,-1.83481,-0.111332,0.955315,-1.46961,0.648108,0.122754,0.0297496,0.00796443,0.0201802,0.00934014,-0.0303377,-0.00593566,0.0657747,-7.48221e-05,0.0314912,
-0.0340023,0.681328,0.0604119,-1.83478,-0.111463,0.955287,-1.46936,0.648108,0.12288,0.0296969,0.00772406,0.0200485,0.00931277,-0.0327756,-0.00701086,0.0626589,-0.000203504,0.0318351,
-0.0338831,0.681358,0.0604944,-1.83474,-0.111563,0.955261,-1.46905,0.648107,0.123008,0.0297904,0.00757877,0.0206176,0.00806596,-0.024784,-0.00662996,0.0775253,0.000474704,0.031402,
-0.0337638,0.681389,0.060576,-1.83471,-0.11164,0.955241,-1.46872,0.648109,0.123133,0.0298274,0.00768639,0.0203855,0.00796888,-0.0194625,-0.00491323,0.0834297,0.000796064,0.0315003,
-0.0336442,0.681422,0.0606575,-1.83468,-0.111745,0.955219,-1.46843,0.648112,0.123259,0.029894,0.00816607,0.020397,0.00923877,-0.0262621,-0.00540905,0.0718205,0.000216844,0.0312723,
-0.0335247,0.681454,0.0607386,-1.83464,-0.111867,0.955194,-1.46817,0.648113,0.123384,0.0298907,0.00808745,0.0202757,0.00952935,-0.0304318,-0.00629625,0.0657616,-8.17397e-05,0.0314131,
-0.0334056,0.681485,0.0608188,-1.8346,-0.111993,0.955166,-1.46791,0.648112,0.12351,0.0297684,0.00776952,0.0200267,0.0093682,-0.0314716,-0.00703199,0.0645573,-8.34139e-05,0.0319343,
-0.0332864,0.681516,0.060901,-1.83457,-0.112089,0.95514,-1.46759,0.648112,0.123638,0.0298032,0.00767173,0.0205636,0.00829715,-0.0240313,-0.00652834,0.0783545,0.000548755,0.0315602,
-0.0331671,0.681547,0.0609824,-1.83453,-0.112165,0.955121,-1.46726,0.648114,0.123764,0.0298092,0.00778396,0.0203379,0.00825715,-0.0190784,-0.00481627,0.083797,0.000844612,0.0316806,
-0.0330476,0.68158,0.0610639,-1.8345,-0.11227,0.955099,-1.46697,0.648118,0.123891,0.0298749,0.00826776,0.0203755,0.00953821,-0.0260837,-0.0053772,0.0720142,0.000249399,0.0314286,
-0.0329281,0.681613,0.0611449,-1.83446,-0.112391,0.955074,-1.46671,0.648119,0.124016,0.0298809,0.00818694,0.0202644,0.00982333,-0.0303446,-0.00631348,0.0658594,-5.97175e-05,0.0315498,
-0.0328091,0.681644,0.061225,-1.83442,-0.112517,0.955046,-1.46645,0.648118,0.124143,0.029768,0.00786641,0.0200223,0.00965516,-0.0314468,-0.00709054,0.06458,-6.90218e-05,0.0320558,
-0.0326898,0.681675,0.0613072,-1.83438,-0.112613,0.955019,-1.46614,0.648118,0.124271,0.0298098,0.00776643,0.0205609,0.00857593,-0.0240344,-0.00660332,0.0783515,0.000559466,0.0316749,
-0.0325705,0.681707,0.0613886,-1.83435,-0.11269,0.955,-1.4658,0.64812,0.124397,0.0298214,0.00787794,0.0203395,0.00853065,-0.0191003,-0.0049089,0.0837761,0.000852426,0.0317885,
-0.032451,0.68174,0.0614701,-1.83431,-0.112794,0.954978,-1.46551,0.648124,0.124525,0.0298924,0.0083622,0.0203815,0.00980837,-0.0261133,-0.00550647,0.0719853,0.000254684,0.0315284,
-0.0323313,0.681773,0.0615512,-1.83427,-0.112915,0.954952,-1.46525,0.648125,0.124651,0.0299033,0.00828184,0.0202747,0.0100886,-0.0303732,-0.0064673,0.0658298,-5.57018e-05,0.0316423,
-0.0322119,0.681805,0.0616318,-1.83423,-0.113047,0.954921,-1.465,0.648125,0.124777,0.0298533,0.00804505,0.0201467,0.0100553,-0.0327973,-0.00756236,0.0627253,-0.000184147,0.0319784,
-0.0320921,0.681837,0.0617147,-1.83419,-0.113146,0.954893,-1.46469,0.648124,0.124905,0.02995,0.00790986,0.0207149,0.00880374,-0.0248213,-0.00713702,0.0776055,0.00049492,0.0315421,
-0.0319722,0.681869,0.0617966,-1.83416,-0.113224,0.954871,-1.46435,0.648126,0.125031,0.0299892,0.00802406,0.0204837,0.00870596,-0.0195147,-0.005398,0.0834994,0.000815878,0.0316372,
-0.0318519,0.681903,0.0618786,-1.83412,-0.113329,0.954848,-1.46407,0.648129,0.125158,0.0300578,0.00850753,0.0204955,0.0099786,-0.0263142,-0.00593747,0.0718795,0.000234466,0.0314042,
-0.0317317,0.681937,0.0619601,-1.83408,-0.113451,0.95482,-1.4638,0.64813,0.125284,0.0300555,0.00843008,0.0203767,0.0102652,-0.0304709,-0.00684906,0.0658273,-6.43267e-05,0.0315402,
-0.031612,0.681969,0.0620406,-1.83404,-0.113577,0.95479,-1.46355,0.64813,0.12541,0.0299357,0.00811441,0.0201327,0.0101013,-0.0315231,-0.00759713,0.0646007,-6.68389e-05,0.032053,
-0.0314921,0.682001,0.0621233,-1.834,-0.113674,0.954762,-1.46323,0.648129,0.125538,0.0299737,0.00802402,0.0206686,0.00902502,-0.0240883,-0.00705016,0.0784296,0.00056714,0.0316766,
-0.0313722,0.682034,0.0622051,-1.83397,-0.11375,0.95474,-1.4629,0.648132,0.125665,0.0299816,0.00814095,0.0204428,0.0089848,-0.0191428,-0.00531407,0.0838713,0.000863324,0.0317953,
-0.031252,0.682069,0.062287,-1.83392,-0.113855,0.954717,-1.46261,0.648135,0.125792,0.0300482,0.00862682,0.0204795,0.0102696,-0.0261436,-0.00591419,0.0720812,0.000266415,0.0315408,
-0.0311317,0.682103,0.0623685,-1.83388,-0.113976,0.954689,-1.46234,0.648136,0.125918,0.0300542,0.00854571,0.0203699,0.0105519,-0.0303894,-0.00687102,0.065935,-4.25559e-05,0.0316595,
-0.031012,0.682136,0.062449,-1.83384,-0.114102,0.954658,-1.46209,0.648136,0.126045,0.0299427,0.0082261,0.0201319,0.010382,-0.0315017,-0.00765715,0.0646359,-5.23921e-05,0.0321593,
-0.030892,0.682168,0.0625317,-1.8338,-0.114199,0.95463,-1.46177,0.648136,0.126173,0.0299868,0.00813237,0.020669,0.00929849,-0.0240938,-0.00712449,0.0784401,0.000578093,0.0317778,
-0.030772,0.682201,0.0626135,-1.83377,-0.114275,0.954608,-1.46144,0.648138,0.1263,0.0299994,0.0082475,0.020447,0.0092538,-0.0191662,-0.0054043,0.0838646,0.000871558,0.0318913,
-0.0306518,0.682236,0.0626954,-1.83372,-0.11438,0.954584,-1.46115,0.648142,0.126428,0.0300708,0.00873283,0.0204875,0.010536,-0.0261743,-0.00603836,0.0720661,0.000272239,0.0316303,
-0.0305314,0.682271,0.0627769,-1.83368,-0.114502,0.954556,-1.46088,0.648143,0.126554,0.0300809,0.00865125,0.0203817,0.0108141,-0.0304191,-0.00701769,0.0659187,-3.79399e-05,0.0317431,
-0.0304113,0.682304,0.062858,-1.83364,-0.114633,0.954524,-1.46063,0.648143,0.126681,0.0300308,0.00841364,0.0202553,0.0107781,-0.0328292,-0.00812222,0.0628253,-0.000165566,0.0320771,
-0.0302908,0.682337,0.0629412,-1.8336,-0.114732,0.954493,-1.46032,0.648142,0.12681,0.0301282,0.00828452,0.020821,0.00952478,-0.0248667,-0.0076464,0.0777216,0.000514901,0.0316426,
-0.0301701,0.682371,0.0630236,-1.83356,-0.114811,0.95447,-1.45999,0.648144,0.126936,0.0301675,0.00840162,0.0205889,0.00942867,-0.019573,-0.00588,0.0836072,0.00083601,0.0317391,
-0.0300492,0.682407,0.063106,-1.83352,-0.114916,0.954444,-1.4597,0.648147,0.127063,0.030236,0.00888552,0.0205997,0.0107063,-0.0263714,-0.00645508,0.0719754,0.000252806,0.0315055,
-0.0299282,0.682442,0.0631879,-1.83348,-0.115038,0.954414,-1.45944,0.648148,0.127189,0.030233,0.00880626,0.020482,0.0109911,-0.0305152,-0.00738483,0.0659286,-4.59549e-05,0.0316408,
-0.0298071,0.682476,0.0632714,-1.83344,-0.115133,0.954387,-1.45912,0.648148,0.127316,0.0302836,0.0086036,0.0208776,0.00984894,-0.0236007,-0.00679094,0.0788524,0.00053811,0.0313449,
-0.0296855,0.682512,0.0633542,-1.83339,-0.115247,0.954358,-1.45884,0.64815,0.127441,0.0304112,0.00891108,0.0207004,0.0107796,-0.0285032,-0.00735913,0.0695086,8.86911e-05,0.0312812,
-0.0295642,0.682547,0.0634359,-1.83335,-0.115369,0.954326,-1.45858,0.648151,0.127566,0.0303168,0.0087148,0.0204144,0.0108618,-0.0305566,-0.00794415,0.0662231,-1.31933e-05,0.0317254,
-0.0294429,0.682581,0.0635193,-1.83331,-0.115463,0.954297,-1.45826,0.648151,0.127693,0.0303164,0.00859954,0.02086,0.00985403,-0.0235914,-0.00725486,0.0791097,0.000579766,0.0314409,
-0.0293218,0.682616,0.0636018,-1.83327,-0.115539,0.954275,-1.45792,0.648153,0.127819,0.0302826,0.00868072,0.0206134,0.00983546,-0.0189957,-0.00554941,0.0841566,0.000855365,0.0316182,
-0.0292005,0.682652,0.0636844,-1.83323,-0.115644,0.95425,-1.45764,0.648156,0.127945,0.0303301,0.00914315,0.0206529,0.011124,-0.0261903,-0.00627484,0.0722101,0.000245448,0.0313818,
-0.0290792,0.682689,0.0637666,-1.83318,-0.115766,0.95422,-1.45737,0.648157,0.128071,0.0303255,0.00903916,0.0205365,0.0113971,-0.0305115,-0.00731808,0.0659917,-6.9486e-05,0.0315198,
-0.0289581,0.682724,0.0638482,-1.83314,-0.115898,0.954186,-1.45712,0.648157,0.128197,0.0302626,0.00878314,0.0203994,0.0113556,-0.0329543,-0.00846961,0.0628669,-0.000198072,0.0318802,
-0.0288367,0.682758,0.063932,-1.8331,-0.115998,0.954154,-1.45681,0.648156,0.128325,0.030348,0.00864326,0.0209526,0.0100978,-0.0250104,-0.0079877,0.0777675,0.000485143,0.0314768,
-0.0287152,0.682793,0.0640148,-1.83306,-0.116077,0.95413,-1.45647,0.648158,0.128451,0.0303761,0.00875135,0.0207107,0.0100014,-0.0197284,-0.00622541,0.0836501,0.000809218,0.0316018,
-0.0285935,0.68283,0.0640977,-1.83301,-0.116183,0.954102,-1.45619,0.648161,0.128577,0.0304347,0.00922771,0.0207126,0.0112834,-0.026533,-0.00684033,0.0720014,0.000227013,0.0313929,
-0.0284718,0.682867,0.06418,-1.83296,-0.116306,0.954071,-1.45592,0.648162,0.128703,0.0304219,0.00914081,0.020588,0.0115676,-0.0306705,-0.00779254,0.0659554,-6.91953e-05,0.0315514,
-0.0283506,0.682902,0.0642614,-1.83292,-0.116433,0.954037,-1.45566,0.648162,0.128829,0.0302948,0.0088188,0.020343,0.0114023,-0.0317346,-0.00855868,0.0647028,-6.94552e-05,0.0320798,
-0.0282293,0.682937,0.0643449,-1.83288,-0.11653,0.954005,-1.45535,0.648162,0.128957,0.0303284,0.00873347,0.0208715,0.0103206,-0.0242967,-0.00793763,0.0786001,0.000571264,0.0317247,
-0.028108,0.682972,0.0644274,-1.83284,-0.116607,0.95398,-1.45501,0.648164,0.129084,0.030331,0.00885161,0.020639,0.010283,-0.0193535,-0.00616183,0.0840514,0.000871687,0.0318646,
-0.0279864,0.68301,0.0645101,-1.83279,-0.116713,0.953953,-1.45472,0.648168,0.129211,0.0303918,0.00933531,0.020668,0.0115787,-0.0263479,-0.00682136,0.0722374,0.000274164,0.0316275,
-0.0278649,0.683047,0.0645923,-1.83274,-0.116835,0.953922,-1.45446,0.648169,0.129338,0.0303906,0.00924837,0.0205555,0.0118599,-0.03057,-0.00780764,0.0660986,-3.24883e-05,0.0317626,
-0.0277435,0.683083,0.064674,-1.83269,-0.116967,0.953886,-1.45421,0.648169,0.129465,0.030331,0.00900565,0.0204239,0.0118252,-0.0329594,-0.00891131,0.0630192,-0.000156257,0.0321161,
-0.0276218,0.683118,0.0647579,-1.83265,-0.117067,0.953853,-1.4539,0.648168,0.129593,0.0304215,0.00888173,0.0209822,0.010572,-0.0249995,-0.00835725,0.0779582,0.000529311,0.0317021,
-0.0275,0.683154,0.0648409,-1.83261,-0.117146,0.953827,-1.45356,0.64817,0.12972,0.0304542,0.0089994,0.0207435,0.0104808,-0.019712,-0.00654902,0.0838446,0.000853513,0.0318188,
-0.027378,0.683192,0.0649239,-1.83256,-0.117252,0.953798,-1.45327,0.648173,0.129848,0.0305165,0.00948083,0.0207477,0.0117695,-0.0265108,-0.00716374,0.0721847,0.000269203,0.0316001,
-0.0272559,0.68323,0.0650064,-1.83252,-0.117374,0.953765,-1.45301,0.648175,0.129974,0.0305066,0.00939583,0.020627,0.0120552,-0.0306396,-0.00811178,0.0661367,-2.83121e-05,0.0317498,
-0.0271337,0.683267,0.0650905,-1.83247,-0.117469,0.953736,-1.45269,0.648174,0.130101,0.0305524,0.00919627,0.0210185,0.0109106,-0.0237255,-0.00745329,0.0790957,0.000559287,0.0314689,
-0.027011,0.683305,0.0651738,-1.83242,-0.117584,0.953703,-1.45241,0.648177,0.130227,0.0306757,0.0095008,0.0208369,0.0118491,-0.028625,-0.00805613,0.0697281,0.000108924,0.0314163,
-0.0268887,0.683342,0.065256,-1.83238,-0.117706,0.953669,-1.45215,0.648177,0.130352,0.0305775,0.00930012,0.0205519,0.0119324,-0.030685,-0.00865489,0.0664172,7.13016e-06,0.031868,
-0.0267664,0.683379,0.06534,-1.83233,-0.117801,0.953637,-1.45183,0.648177,0.13048,0.0305751,0.00918847,0.0209939,0.0109213,-0.023716,-0.00790516,0.0793481,0.000603649,0.031595,
-0.0266443,0.683416,0.065423,-1.83229,-0.117878,0.953612,-1.45149,0.64818,0.130606,0.0305387,0.00926995,0.0207439,0.0109053,-0.0191228,-0.00617004,0.0843975,0.000881088,0.0317846,
-0.0265219,0.683455,0.0655061,-1.83224,-0.117983,0.953585,-1.4512,0.648183,0.130733,0.0305835,0.00973038,0.0207793,0.0122034,-0.0263163,-0.0069437,0.072423,0.000269026,0.0315563,
-0.0263996,0.683493,0.0655888,-1.83219,-0.118105,0.953553,-1.45094,0.648184,0.13086,0.0305748,0.00962126,0.0206623,0.012476,-0.0306216,-0.0080115,0.0662026,-4.54771e-05,0.0317025,
-0.0262776,0.68353,0.0656709,-1.83214,-0.118238,0.953516,-1.45068,0.648184,0.130986,0.030509,0.00936083,0.0205255,0.0124329,-0.0330485,-0.00917643,0.0630832,-0.000172764,0.0320695,
-0.0261552,0.683567,0.0657552,-1.8321,-0.118338,0.953481,-1.45037,0.648183,0.131115,0.0305932,0.00922668,0.0210753,0.0111729,-0.0251111,-0.00862814,0.0780178,0.000513373,0.0316751,
-0.0260327,0.683605,0.0658385,-1.83205,-0.118417,0.953454,-1.45004,0.648185,0.131241,0.0306196,0.00933618,0.0208308,0.0110794,-0.0198385,-0.00683357,0.0838949,0.000838614,0.0318097,
-0.02591,0.683644,0.0659218,-1.832,-0.118524,0.953424,-1.44975,0.648189,0.131369,0.0306765,0.00981127,0.0208302,0.0123706,-0.0266459,-0.00749701,0.0722145,0.000253793,0.0316051,
-0.0257874,0.683683,0.0660046,-1.83195,-0.118647,0.95339,-1.44948,0.64819,0.131495,0.0306611,0.00971987,0.0207062,0.012654,-0.0307698,-0.0084746,0.066164,-4.23838e-05,0.0317684,
-0.0256653,0.68372,0.0660865,-1.8319,-0.118774,0.953353,-1.44922,0.64819,0.131622,0.0305332,0.00939442,0.0204639,0.0124875,-0.0318451,-0.00925561,0.0648851,-4.2291e-05,0.0322981,
-0.025543,0.683758,0.0661704,-1.83186,-0.118872,0.953319,-1.44891,0.648189,0.131751,0.0305674,0.0093148,0.0209903,0.0114019,-0.0244052,-0.00857304,0.0788297,0.000601611,0.0319482,
-0.0254207,0.683795,0.0662535,-1.83181,-0.11895,0.953292,-1.44857,0.648192,0.131879,0.0305696,0.00943481,0.020756,0.0113664,-0.0194658,-0.00676673,0.0842821,0.000903264,0.0320948,
-0.0252982,0.683835,0.0663366,-1.83176,-0.119056,0.953262,-1.44828,0.648195,0.132008,0.0306296,0.00991765,0.0207825,0.0126711,-0.026459,-0.00747538,0.0724398,0.000303125,0.0318601,
-0.0251757,0.683874,0.0664193,-1.83171,-0.119178,0.953228,-1.44802,0.648197,0.132135,0.0306261,0.0098266,0.0206709,0.0129512,-0.0306654,-0.00848731,0.0662984,-3.52067e-06,0.0319982,
-0.0250536,0.683912,0.066501,-1.83166,-0.119306,0.953191,-1.44776,0.648197,0.132263,0.03051,0.0095004,0.020438,0.0127795,-0.0317959,-0.00929658,0.0649498,-1.163e-05,0.032507,
-0.0249314,0.68395,0.0665849,-1.83161,-0.119403,0.953156,-1.44744,0.648197,0.132393,0.0305534,0.00941965,0.0209681,0.0116873,-0.0243832,-0.00862477,0.0788673,0.000627661,0.0321442,
-0.0248092,0.683988,0.0666679,-1.83156,-0.119481,0.953129,-1.4471,0.648199,0.132522,0.0305632,0.00953937,0.0207397,0.0116475,-0.0194624,-0.00683253,0.0843001,0.000925408,0.0322788,
-0.0246867,0.684028,0.066751,-1.83151,-0.119587,0.953099,-1.44681,0.648203,0.132651,0.0306304,0.0100228,0.0207723,0.0129494,-0.0264634,-0.00757398,0.0724471,0.000321781,0.0320304,
-0.0245641,0.684068,0.0668336,-1.83146,-0.11971,0.953064,-1.44655,0.648204,0.132779,0.0306335,0.00993218,0.0206666,0.0132252,-0.0306695,-0.00860801,0.066302,1.29275e-05,0.0321563,
-0.0244418,0.684107,0.0669158,-1.83141,-0.119842,0.953025,-1.4463,0.648204,0.132907,0.0305785,0.00968687,0.0205421,0.0131846,-0.0330416,-0.00974222,0.063226,-0.000111508,0.0324999,
-0.0243191,0.684145,0.0670002,-1.83136,-0.119942,0.952989,-1.44598,0.648204,0.133037,0.0306747,0.00957251,0.0211005,0.0119261,-0.0250988,-0.00911655,0.0781954,0.000575364,0.0320814,
-0.0241963,0.684184,0.0670837,-1.83131,-0.120021,0.95296,-1.44565,0.648206,0.133166,0.0307115,0.0096945,0.0208637,0.011836,-0.0198294,-0.0072759,0.0840675,0.000898879,0.0321954,
-0.0240732,0.684225,0.0671671,-1.83126,-0.120128,0.952928,-1.44536,0.64821,0.133295,0.0307774,0.0101768,0.0208696,0.013133,-0.0266304,-0.00796051,0.0723721,0.000310085,0.031968,
-0.0239501,0.684265,0.0672501,-1.8312,-0.120251,0.952892,-1.44509,0.648211,0.133422,0.0307694,0.0100886,0.0207539,0.013415,-0.0307408,-0.00894741,0.0663212,1.16193e-05,0.0321108,
-0.0238267,0.684305,0.0673347,-1.83116,-0.120346,0.952854,-1.44477,0.648211,0.133551,0.0308338,0.010121,0.0211343,0.0121964,-0.0237887,-0.00963178,0.0794358,0.00056049,0.0318941,
-0.0237029,0.684347,0.0674185,-1.8311,-0.120461,0.952815,-1.44449,0.648213,0.133678,0.0309491,0.0104,0.0209491,0.0130455,-0.0286797,-0.00971399,0.0699624,0.000127796,0.031835,
-0.0235796,0.684388,0.0675012,-1.83105,-0.120584,0.952775,-1.44423,0.648214,0.133806,0.0308477,0.0101895,0.0206754,0.0131182,-0.0307912,-0.010036,0.0665755,3.78357e-05,0.032273,
-0.0234562,0.684428,0.0675856,-1.831,-0.120679,0.952738,-1.44391,0.648214,0.133935,0.0308474,0.0100794,0.0211174,0.0121145,-0.023854,-0.00902517,0.0795355,0.000644927,0.0319933,
-0.0233329,0.684469,0.0676691,-1.83095,-0.120757,0.95271,-1.44357,0.648216,0.134063,0.0308131,0.0101545,0.0208692,0.0121171,-0.0192854,-0.00713537,0.0845778,0.000928747,0.0321779,
-0.0232095,0.684511,0.0677527,-1.8309,-0.120862,0.952678,-1.44328,0.64822,0.134192,0.0308594,0.0106027,0.0209053,0.0134403,-0.026473,-0.00788884,0.0725776,0.00031771,0.0319393,
-0.0230861,0.684553,0.0678359,-1.83085,-0.120985,0.952643,-1.44302,0.648221,0.134319,0.030851,0.0104768,0.0207932,0.0137245,-0.0307518,-0.00892686,0.0663643,6.40462e-06,0.0320769,
-0.0229629,0.684594,0.0679186,-1.83079,-0.121118,0.952602,-1.44276,0.648221,0.134448,0.0307865,0.0102003,0.0206618,0.0136904,-0.0331526,-0.0100619,0.0632598,-0.000117575,0.0324337,
-0.0228394,0.684634,0.0680034,-1.83074,-0.121219,0.952565,-1.44245,0.648221,0.134577,0.0308736,0.0100632,0.0212091,0.012439,-0.0252344,-0.00938758,0.0782286,0.000571986,0.0320345,
-0.0227158,0.684675,0.0680873,-1.83069,-0.121299,0.952535,-1.44211,0.648223,0.134705,0.0309014,0.0101642,0.0209649,0.0123588,-0.0199808,-0.00751947,0.084092,0.000897907,0.032166,
-0.022592,0.684717,0.0681711,-1.83064,-0.121406,0.952502,-1.44182,0.648227,0.134834,0.0309593,0.0106275,0.0209645,0.013668,-0.0267821,-0.00822677,0.0723835,0.000309914,0.0319527,
-0.0224682,0.684759,0.0682545,-1.83058,-0.12153,0.952465,-1.44156,0.648228,0.134962,0.0309436,0.0105212,0.0208446,0.0139562,-0.0308798,-0.00922147,0.066338,1.38752e-05,0.0321087,
-0.0223449,0.6848,0.0683369,-1.83053,-0.121657,0.952425,-1.4413,0.648228,0.13509,0.0308179,0.0101835,0.0206094,0.0137945,-0.0319715,-0.0100119,0.0650221,1.36711e-05,0.032626,
-0.0222215,0.68484,0.0684215,-1.83048,-0.121756,0.952388,-1.44098,0.648228,0.135221,0.0308557,0.0101032,0.0211334,0.0127094,-0.0245366,-0.00923449,0.0790243,0.000660631,0.0322718,
-0.0220981,0.684881,0.0685051,-1.83042,-0.121834,0.952359,-1.44064,0.648231,0.13535,0.0308595,0.0102184,0.0208985,0.0126821,-0.019607,-0.00737577,0.0844739,0.00096252,0.0324162,
-0.0219744,0.684924,0.0685888,-1.83037,-0.12194,0.952326,-1.44035,0.648235,0.13548,0.0309198,0.0106933,0.0209236,0.014001,-0.0265891,-0.00814586,0.0726082,0.000358741,0.0321755,
-0.0218507,0.684966,0.068672,-1.83031,-0.122063,0.952289,-1.44009,0.648236,0.135608,0.0309151,0.0105911,0.0208151,0.0142828,-0.0307669,-0.0091887,0.0664749,5.18518e-05,0.0323087,
-0.0217275,0.685007,0.0687544,-1.83026,-0.122191,0.952249,-1.43983,0.648236,0.135738,0.0308005,0.0102564,0.0205885,0.0141133,-0.0319129,-0.0100185,0.0650905,4.30383e-05,0.0328069,
-0.0216042,0.685048,0.0688388,-1.8302,-0.122289,0.952212,-1.43951,0.648236,0.135869,0.0308469,0.0101783,0.0211154,0.0130192,-0.0245051,-0.00926064,0.0790666,0.0006852,0.0324418,
-0.0214807,0.685089,0.0689224,-1.83015,-0.122367,0.952182,-1.43917,0.648239,0.135999,0.0308575,0.0102963,0.0208859,0.0129855,-0.0195945,-0.00742325,0.0844964,0.000983013,0.032576,
-0.021357,0.685132,0.069006,-1.83009,-0.122474,0.952149,-1.43888,0.648243,0.136129,0.0309245,0.0107747,0.0209165,0.0142999,-0.0265844,-0.00823298,0.0726201,0.000375597,0.0323235,
-0.0212333,0.685175,0.0690893,-1.83004,-0.122597,0.952112,-1.43862,0.648245,0.136258,0.0309259,0.0106755,0.0208133,0.0145757,-0.0307621,-0.00930363,0.0664832,6.63644e-05,0.032446,
-0.0211098,0.685217,0.0691721,-1.82998,-0.122729,0.95207,-1.43836,0.648245,0.136388,0.0308705,0.0104229,0.020692,0.0145337,-0.0331082,-0.0104595,0.0634219,-5.73784e-05,0.0327844,
-0.020986,0.685258,0.069257,-1.82992,-0.12283,0.952031,-1.43805,0.648245,0.136519,0.0309677,0.010314,0.0212455,0.0132752,-0.0251881,-0.00974734,0.0784221,0.000631227,0.032367,
-0.020862,0.6853,0.0693411,-1.82987,-0.12291,0.952,-1.43771,0.648247,0.136649,0.0310041,0.010436,0.0210071,0.0131911,-0.0199411,-0.00786461,0.084277,0.000954099,0.0324826,
-0.0207377,0.685344,0.0694251,-1.82981,-0.123017,0.951965,-1.43742,0.648251,0.136779,0.0310696,0.0109148,0.0210118,0.0144994,-0.0267379,-0.00862201,0.0725523,0.000361128,0.0322515,
-0.0206134,0.685387,0.0695087,-1.82975,-0.12314,0.951927,-1.43716,0.648252,0.136908,0.0310601,0.0108196,0.0208988,0.0147801,-0.0308237,-0.00964951,0.0665058,6.20175e-05,0.0323911,
-0.0204889,0.68543,0.0695938,-1.8297,-0.123236,0.951885,-1.43684,0.648253,0.137037,0.031126,0.0108689,0.0212763,0.0135542,-0.0238795,-0.0103365,0.0796561,0.00061033,0.0321783,
-0.020364,0.685475,0.0696782,-1.82964,-0.123351,0.951844,-1.43656,0.648255,0.137166,0.0312403,0.011143,0.0210903,0.0144064,-0.0287654,-0.0104482,0.0701546,0.000175641,0.0321156,
-0.0202394,0.685519,0.0697615,-1.82958,-0.123474,0.951801,-1.43629,0.648256,0.137294,0.0311395,0.0109278,0.0208237,0.0144794,-0.0308924,-0.0107867,0.0667267,8.40577e-05,0.0325444,
-0.0201148,0.685562,0.0698465,-1.82953,-0.12357,0.951762,-1.43597,0.648256,0.137424,0.0311414,0.0108218,0.0212623,0.0134716,-0.0239637,-0.00969316,0.0797347,0.000693999,0.0322647,
-0.0199904,0.685605,0.0699306,-1.82948,-0.123648,0.951731,-1.43563,0.648259,0.137553,0.0311076,0.0108971,0.021013,0.0134786,-0.019408,-0.00776315,0.0847717,0.000978198,0.0324505,
-0.0198658,0.685651,0.0700148,-1.82942,-0.123754,0.951696,-1.43534,0.648263,0.137683,0.0311536,0.0113421,0.021047,0.0148126,-0.0265851,-0.00858806,0.0727478,0.000363776,0.0322098,
-0.0197412,0.685696,0.0700985,-1.82936,-0.123877,0.951658,-1.43508,0.648264,0.137812,0.0311433,0.0112093,0.0209373,0.0150954,-0.0308357,-0.009665,0.0665425,5.24722e-05,0.0323456,
-0.0196169,0.685739,0.0701818,-1.8293,-0.12401,0.951614,-1.43482,0.648264,0.137942,0.0310782,0.0109272,0.020809,0.0150588,-0.0332109,-0.0108233,0.0634525,-7.04369e-05,0.0326987,
-0.0194923,0.685783,0.0702672,-1.82924,-0.124111,0.951574,-1.43451,0.648264,0.138072,0.0311663,0.010797,0.0213513,0.0138064,-0.0253162,-0.0100647,0.0784515,0.000621235,0.0323022,
-0.0193675,0.685826,0.0703516,-1.82919,-0.124192,0.951542,-1.43417,0.648267,0.138202,0.0311936,0.0108995,0.0211054,0.0137313,-0.0200857,-0.00815589,0.0842975,0.000946896,0.0324367,
-0.0192425,0.685872,0.070436,-1.82913,-0.124299,0.951506,-1.43388,0.64827,0.138331,0.0312511,0.0113606,0.0211039,0.0150508,-0.0268824,-0.00893579,0.0725595,0.000355135,0.0322209,
-0.0191175,0.685917,0.0705199,-1.82907,-0.124423,0.951466,-1.43361,0.648272,0.13846,0.0312338,0.0112483,0.0209866,0.0153371,-0.0309556,-0.00997077,0.066518,5.8785e-05,0.0323749,
-0.0189931,0.68596,0.070603,-1.829,-0.124551,0.951423,-1.43335,0.648272,0.13859,0.0311094,0.010907,0.0207574,0.0151745,-0.0320668,-0.01079,0.0651618,5.77461e-05,0.0328845,
-0.0188685,0.686004,0.0706881,-1.82895,-0.12465,0.951383,-1.43304,0.648272,0.138721,0.0311499,0.0108334,0.0212775,0.0140846,-0.0246397,-0.00993458,0.0792207,0.000707849,0.0325314,
-0.0187439,0.686047,0.0707722,-1.82889,-0.124729,0.951351,-1.4327,0.648275,0.138851,0.0311541,0.0109508,0.0210408,0.0140607,-0.0197222,-0.00803706,0.0846662,0.00101014,0.0326784,
-0.018619,0.686093,0.0708565,-1.82883,-0.124836,0.951315,-1.43241,0.648279,0.138982,0.031214,0.0114241,0.0210639,0.0153895,-0.0266933,-0.00887859,0.0727762,0.000402994,0.0324363,
-0.0184942,0.686138,0.0709403,-1.82877,-0.124959,0.951276,-1.43214,0.648281,0.139112,0.0312074,0.0113166,0.0209576,0.0156691,-0.0308434,-0.00996054,0.0666501,9.60551e-05,0.0325684,
-0.0183698,0.686182,0.0710233,-1.82871,-0.125087,0.951232,-1.43188,0.648281,0.139242,0.0310938,0.0109789,0.0207369,0.0154986,-0.0320067,-0.0108181,0.065228,8.65913e-05,0.0330597,
-0.0182453,0.686226,0.0711083,-1.82865,-0.125185,0.951192,-1.43156,0.648282,0.139374,0.0311425,0.010908,0.0212598,0.0143996,-0.0246059,-0.00998184,0.0792618,0.00073198,0.0326962,
-0.0181206,0.68627,0.0711924,-1.82859,-0.125264,0.95116,-1.43122,0.648285,0.139505,0.0311535,0.0110288,0.0210283,0.0143694,-0.019707,-0.0081051,0.0846883,0.00103026,0.0328333,
-0.0179958,0.686316,0.0712767,-1.82853,-0.125371,0.951124,-1.43093,0.648289,0.139636,0.0312199,0.0115059,0.0210567,0.0156934,-0.0266853,-0.00898487,0.0727877,0.000419527,0.0325799,
-0.0178709,0.686362,0.0713605,-1.82846,-0.125494,0.951084,-1.43067,0.64829,0.139767,0.0312192,0.0114017,0.0209556,0.0159669,-0.0308354,-0.0100935,0.0666577,0.000110253,0.0327018,
-0.0177462,0.686406,0.0714438,-1.8284,-0.125627,0.951038,-1.43041,0.648291,0.139898,0.031163,0.0111452,0.0208372,0.0159217,-0.0331568,-0.0112719,0.0636098,-1.24763e-05,0.0330377,
-0.0176212,0.68645,0.0715294,-1.82834,-0.125728,0.950997,-1.4301,0.648291,0.14003,0.0312611,0.0110446,0.0213853,0.0146617,-0.025261,-0.0104771,0.0786399,0.000678214,0.0326241,
-0.017496,0.686495,0.071614,-1.82828,-0.125808,0.950962,-1.42976,0.648293,0.14016,0.0312969,0.0111694,0.021145,0.014582,-0.0200374,-0.00855458,0.0844776,0.00100085,0.0327437,
-0.0173706,0.686542,0.0716985,-1.82822,-0.125916,0.950925,-1.42947,0.648297,0.140291,0.0313618,0.011647,0.0211486,0.0158998,-0.0268292,-0.00938266,0.0727228,0.00040419,0.0325111,
-0.0172451,0.686588,0.0717827,-1.82816,-0.126039,0.950883,-1.4292,0.648299,0.140421,0.0313506,0.0115468,0.021038,0.016178,-0.0308909,-0.0104489,0.0666795,0.000104772,0.0326495,
-0.0171195,0.686634,0.0718684,-1.8281,-0.126135,0.950838,-1.42888,0.648299,0.140552,0.0314179,0.0116144,0.0214134,0.0149439,-0.0239551,-0.0111356,0.0798632,0.000652361,0.0324448,
-0.0169934,0.686682,0.0719533,-1.82803,-0.12625,0.950793,-1.4286,0.648302,0.140682,0.0315316,0.0118854,0.0212263,0.0157982,-0.0288362,-0.0112761,0.070334,0.000216127,0.03238,
-0.0168676,0.686728,0.0720371,-1.82797,-0.126374,0.950747,-1.42833,0.648303,0.140811,0.0314312,0.011667,0.0209665,0.0158709,-0.0309794,-0.0116302,0.0668652,0.000123203,0.0328011,
-0.0167419,0.686775,0.0721227,-1.82791,-0.12647,0.950705,-1.42801,0.648303,0.140942,0.0314352,0.0115666,0.0214015,0.0148584,-0.0240607,-0.0104553,0.0799207,0.000736311,0.032523,
-0.0166163,0.686821,0.0722073,-1.82785,-0.126548,0.950671,-1.42767,0.648306,0.141072,0.0314018,0.0116434,0.0211507,0.0148688,-0.0195183,-0.0084852,0.0849528,0.00102124,0.0327114,
-0.0164905,0.68687,0.0722921,-1.82779,-0.126655,0.950634,-1.42738,0.64831,0.141203,0.0314474,0.0120862,0.0211828,0.0162125,-0.0266836,-0.00937736,0.0729045,0.000403881,0.0324696,
-0.0163647,0.686917,0.0723764,-1.82772,-0.126779,0.950592,-1.42712,0.648312,0.141333,0.0314351,0.0119477,0.0210754,0.0164933,-0.0309066,-0.0104898,0.0667061,9.28813e-05,0.0326045,
-0.0162393,0.686964,0.0724602,-1.82765,-0.126912,0.950545,-1.42686,0.648312,0.141464,0.0313694,0.011661,0.0209502,0.0164537,-0.0332569,-0.0116682,0.0636295,-2.86977e-05,0.032955,
-0.0161134,0.68701,0.0725461,-1.82759,-0.127013,0.950502,-1.42655,0.648312,0.141595,0.0314585,0.0115385,0.0214873,0.0152002,-0.0253871,-0.0108261,0.0786583,0.000665317,0.032562,
-0.0159875,0.687057,0.0726311,-1.82753,-0.127094,0.950466,-1.42621,0.648315,0.141726,0.0314853,0.0116434,0.0212396,0.0151296,-0.0201799,-0.00887644,0.0844876,0.000990999,0.0327005,
-0.0158613,0.687105,0.072716,-1.82747,-0.127202,0.950427,-1.42592,0.648319,0.141856,0.0315422,0.0121027,0.0212371,0.0164588,-0.0269706,-0.00972441,0.0727197,0.000395854,0.032483,
-0.0157352,0.687153,0.0728005,-1.8274,-0.127326,0.950384,-1.42565,0.648321,0.141986,0.0315234,0.0119851,0.0211224,0.0167427,-0.0310196,-0.010796,0.0666814,9.94427e-05,0.0326356,
-0.0156096,0.6872,0.0728841,-1.82733,-0.127455,0.950338,-1.42539,0.648321,0.142117,0.0314002,0.0116408,0.0208992,0.0165792,-0.0321502,-0.0116413,0.065285,9.77231e-05,0.0331382,
-0.0154839,0.687246,0.0729698,-1.82727,-0.127554,0.950295,-1.42507,0.648321,0.142249,0.0314433,0.0115744,0.0214153,0.0154844,-0.0247323,-0.0107082,0.0793999,0.000751138,0.0327869,
-0.0153581,0.687293,0.0730545,-1.82721,-0.127633,0.95026,-1.42473,0.648324,0.142381,0.031448,0.0116946,0.0211768,0.0154637,-0.0198274,-0.00877128,0.0848418,0.00105403,0.0329369,
-0.015232,0.687341,0.0731393,-1.82714,-0.12774,0.950221,-1.42444,0.648329,0.142512,0.0315074,0.0121665,0.0211981,0.0168017,-0.0267859,-0.00967972,0.0729271,0.000443847,0.032694,
-0.015106,0.68739,0.0732236,-1.82707,-0.127864,0.950178,-1.42417,0.64833,0.142643,0.031499,0.0120541,0.021094,0.017079,-0.0309086,-0.0107971,0.0668072,0.000137057,0.0328254,
-0.0149805,0.687437,0.0733072,-1.82701,-0.127992,0.950131,-1.42391,0.648331,0.142774,0.0313862,0.0117137,0.0208789,0.0169075,-0.0320892,-0.0116801,0.0653475,0.000127043,0.0333101,
-0.0148547,0.687483,0.0733928,-1.82694,-0.128091,0.950088,-1.42359,0.648331,0.142908,0.0314374,0.0116504,0.0213978,0.0158038,-0.0246969,-0.0107656,0.0794385,0.000775772,0.0329488,
-0.014729,0.68753,0.0734774,-1.82688,-0.12817,0.950052,-1.42326,0.648334,0.143039,0.0314487,0.0117743,0.0211644,0.0157767,-0.01981,-0.00884899,0.0848619,0.00107466,0.0330891,
-0.0146029,0.687579,0.0735622,-1.82681,-0.128277,0.950013,-1.42296,0.648339,0.143172,0.0315145,0.0122501,0.0211908,0.0171099,-0.0267751,-0.00979458,0.0729367,0.000460893,0.0328352,
-0.0144768,0.687628,0.0736465,-1.82674,-0.128401,0.94997,-1.4227,0.648341,0.143303,0.0315117,0.0121412,0.0210919,0.0173811,-0.0308977,-0.0109379,0.0668131,0.000151737,0.0329566,
-0.014351,0.687675,0.0737304,-1.82667,-0.128534,0.949921,-1.42244,0.648341,0.143435,0.0314547,0.0118808,0.0209761,0.0173325,-0.0331954,-0.0121382,0.0637779,3.03805e-05,0.0332904,
-0.0142248,0.687723,0.0738165,-1.82661,-0.128635,0.949876,-1.42213,0.648341,0.143568,0.0315536,0.0117886,0.0215189,0.0160711,-0.0253251,-0.0112605,0.0788373,0.000723231,0.0328808,
-0.0140985,0.68777,0.0739016,-1.82654,-0.128715,0.949839,-1.42179,0.648344,0.1437,0.0315889,0.0119165,0.0212766,0.0159957,-0.0201251,-0.00929765,0.0846585,0.00104574,0.0330048,
-0.0139718,0.68782,0.0739867,-1.82647,-0.128823,0.949798,-1.4215,0.648348,0.143832,0.0316531,0.0123929,0.0212792,0.0173226,-0.02691,-0.0101924,0.0728736,0.000445622,0.0327708,
-0.0138453,0.687869,0.0740714,-1.8264,-0.128947,0.949753,-1.42123,0.64835,0.143963,0.0316403,0.0122879,0.0211713,0.0175983,-0.0309476,-0.0112942,0.0668331,0.000146018,0.032908,
-0.0137184,0.687918,0.0741576,-1.82634,-0.129043,0.949705,-1.42091,0.648351,0.144094,0.0317093,0.0123735,0.0215452,0.0163564,-0.0240207,-0.0119773,0.0800487,0.000692557,0.0327133,
-0.0135912,0.687969,0.074243,-1.82627,-0.129158,0.949656,-1.42063,0.648354,0.144225,0.0318225,0.0126414,0.0213568,0.0172129,-0.0288966,-0.012145,0.0704925,0.00025496,0.0326462,
-0.0134643,0.688019,0.0743274,-1.8262,-0.129283,0.949606,-1.42036,0.648355,0.144356,0.0317226,0.01242,0.0211036,0.0172853,-0.0310559,-0.0125137,0.0669831,0.000160733,0.0330596,
-0.0133374,0.688068,0.0744136,-1.82614,-0.129379,0.949561,-1.42004,0.648355,0.144488,0.0317289,0.0123252,0.0215348,0.0162682,-0.0241486,-0.0112582,0.0800862,0.00077704,0.032783,
-0.0132106,0.688118,0.0744987,-1.82607,-0.129458,0.949524,-1.4197,0.648358,0.144619,0.0316958,0.0124037,0.0212826,0.016282,-0.01962,-0.00924801,0.0851137,0.00106275,0.0329741,
-0.0130836,0.688169,0.074584,-1.826,-0.129565,0.949483,-1.41941,0.648363,0.144751,0.0317408,0.0128441,0.021313,0.0176351,-0.0267717,-0.0102043,0.073041,0.000442655,0.0327311,
-0.0129567,0.68822,0.0746688,-1.82593,-0.129689,0.949438,-1.41914,0.648364,0.144882,0.0317266,0.0127,0.021208,0.0179137,-0.0309668,-0.0113497,0.0668493,0.000132062,0.032865,
-0.0128301,0.688269,0.0747531,-1.82586,-0.129822,0.949388,-1.41888,0.648365,0.145013,0.0316602,0.0124085,0.0210853,0.017871,-0.0332937,-0.0125505,0.0637855,1.2332e-05,0.033213,
-0.0127031,0.688319,0.0748396,-1.82579,-0.129924,0.949341,-1.41857,0.648365,0.145146,0.0317501,0.0122939,0.0216172,0.0166166,-0.0254497,-0.0116244,0.0788437,0.000708703,0.0328237,
-0.012576,0.688368,0.0749251,-1.82572,-0.130005,0.949303,-1.41823,0.648368,0.145278,0.0317765,0.0124014,0.0213678,0.0165506,-0.0202663,-0.00963325,0.0846566,0.00103443,0.0329659,
-0.0124486,0.68842,0.0750105,-1.82565,-0.130113,0.949261,-1.41794,0.648372,0.145409,0.0318328,0.012859,0.0213645,0.0178891,-0.0270488,-0.0105459,0.0728589,0.000436079,0.0327467,
-0.0123214,0.688471,0.0750956,-1.82558,-0.130237,0.949214,-1.41767,0.648374,0.14554,0.0318124,0.0127361,0.0212526,0.0181706,-0.031073,-0.0116515,0.0668238,0.000139677,0.0328977,
-0.0121946,0.68852,0.0751797,-1.82551,-0.130366,0.949164,-1.41741,0.648374,0.145672,0.0316905,0.012389,0.0210352,0.0180064,-0.0322231,-0.0125218,0.0653872,0.000137208,0.0333932,
-0.0120677,0.688569,0.0752659,-1.82544,-0.130465,0.949118,-1.41709,0.648375,0.145806,0.0317363,0.0123298,0.0215471,0.016907,-0.0248159,-0.0115115,0.0795578,0.000793895,0.0330437,
-0.0119407,0.688619,0.0753511,-1.82537,-0.130545,0.94908,-1.41675,0.648378,0.145938,0.0317415,0.0124528,0.0213068,0.0168895,-0.0199244,-0.00953529,0.0849961,0.00109737,0.0331968,
-0.0118135,0.688671,0.0754364,-1.8253,-0.130653,0.949038,-1.41646,0.648382,0.146071,0.0318004,0.0129231,0.0213265,0.0182363,-0.0268683,-0.010508,0.0730569,0.000484285,0.0329529,
-0.0116863,0.688722,0.0755213,-1.82523,-0.130776,0.948991,-1.41619,0.648384,0.146202,0.03179,0.0128058,0.0212248,0.0185112,-0.0309633,-0.0116589,0.0669433,0.000177694,0.0330833,
-0.0115596,0.688772,0.0756054,-1.82515,-0.130905,0.948941,-1.41593,0.648385,0.146335,0.0316782,0.012463,0.0210155,0.018339,-0.0321611,-0.0125662,0.0654458,0.000167018,0.0335616,
-0.0114327,0.688822,0.0756915,-1.82508,-0.131004,0.948895,-1.41561,0.648386,0.146469,0.031732,0.0124072,0.0215301,0.0172307,-0.0247789,-0.0115745,0.0795935,0.000819042,0.0332023,
-0.0113057,0.688872,0.0757767,-1.82501,-0.131084,0.948856,-1.41527,0.648389,0.146602,0.0317436,0.0125341,0.0212945,0.0172068,-0.019905,-0.00961833,0.085014,0.00111851,0.0333459,
-0.0111785,0.688924,0.075862,-1.82494,-0.131191,0.948814,-1.41498,0.648393,0.146735,0.0318086,0.0130086,0.0213193,0.0185489,-0.0268549,-0.0106275,0.0730645,0.000501846,0.0330913,
-0.0110513,0.688975,0.0759468,-1.82487,-0.131315,0.948766,-1.41471,0.648395,0.146868,0.0318038,0.0128949,0.0212225,0.0188177,-0.0309495,-0.0118037,0.0669472,0.000192865,0.033212,
-0.0109245,0.689026,0.0760309,-1.82479,-0.131444,0.948715,-1.41445,0.648396,0.147,0.0316975,0.0125563,0.0210185,0.0186408,-0.0321546,-0.01273,0.065437,0.000179847,0.0336802,
-0.0107975,0.689076,0.0761171,-1.82472,-0.131543,0.948668,-1.41413,0.648397,0.147135,0.0317563,0.0125059,0.0215353,0.0175276,-0.0247785,-0.0117378,0.0795895,0.00083086,0.0333136,
-0.0106704,0.689126,0.0762023,-1.82465,-0.131622,0.948629,-1.41379,0.6484,0.147268,0.0317721,0.0126374,0.0213025,0.0175007,-0.0199098,-0.0097843,0.0850061,0.00112904,0.0334508,
-0.010543,0.689179,0.0762876,-1.82458,-0.13173,0.948586,-1.4135,0.648405,0.147402,0.0318406,0.0131154,0.0213297,0.0188409,-0.0268576,-0.0108135,0.0730529,0.000510893,0.0331894,
-0.0104156,0.689231,0.0763725,-1.8245,-0.131854,0.948538,-1.41323,0.648407,0.147535,0.0318387,0.0130044,0.0212359,0.0191063,-0.0309476,-0.0120023,0.0669369,0.000201147,0.0333036,
-0.0102885,0.689282,0.076457,-1.82442,-0.131987,0.948485,-1.41297,0.648408,0.147668,0.0317838,0.0127426,0.0211252,0.019051,-0.0332189,-0.0132352,0.0639161,8.11181e-05,0.0336291,
-0.010161,0.689332,0.0765437,-1.82435,-0.132088,0.948436,-1.41266,0.648408,0.147803,0.0318864,0.0126636,0.0216633,0.0177864,-0.0253835,-0.012265,0.0790063,0.00077579,0.0332194,
-0.0100333,0.689383,0.0766294,-1.82428,-0.132169,0.948395,-1.41232,0.648411,0.147936,0.0319233,0.012798,0.0214205,0.0177141,-0.0202141,-0.0102575,0.0848066,0.00109752,0.0333434,
-0.00990532,0.689437,0.0767151,-1.8242,-0.132277,0.94835,-1.41203,0.648415,0.148069,0.0319887,0.0132753,0.0214238,0.0190494,-0.0269877,-0.0112305,0.0729887,0.000493192,0.0331034,
-0.00977742,0.689489,0.0768003,-1.82413,-0.132401,0.948301,-1.41176,0.648417,0.148201,0.0319758,0.013167,0.0213203,0.0193203,-0.0309957,-0.012374,0.0669532,0.000193171,0.0332348,
-0.00964922,0.689542,0.0768871,-1.82405,-0.132497,0.948248,-1.41144,0.648418,0.148334,0.0320487,0.0132758,0.0216933,0.0180684,-0.0240837,-0.0130539,0.0802038,0.00073818,0.0330478,
-0.00952057,0.689596,0.0769731,-1.82398,-0.132613,0.948195,-1.41116,0.648421,0.148466,0.0321627,0.0135417,0.0215047,0.0189259,-0.0289512,-0.013253,0.0706183,0.000298947,0.0329748,
-0.00939231,0.68965,0.0770582,-1.8239,-0.132737,0.948141,-1.41089,0.648422,0.148598,0.0320649,0.0133187,0.0212606,0.0189971,-0.0311302,-0.0136391,0.0670611,0.000202852,0.0333754,
-0.00926401,0.689703,0.0771449,-1.82383,-0.132834,0.948092,-1.41057,0.648423,0.148732,0.0320751,0.0132323,0.0216878,0.0179739,-0.0242403,-0.0122906,0.0802193,0.00082268,0.0330979,
-0.00913584,0.689756,0.0772307,-1.82376,-0.132913,0.948051,-1.41023,0.648426,0.148864,0.0320436,0.0133143,0.0214346,0.0179907,-0.0197299,-0.0102333,0.0852418,0.00110907,0.0332892,
-0.00900748,0.689811,0.0773165,-1.82368,-0.133021,0.948006,-1.40993,0.648431,0.148997,0.0320887,0.013753,0.0214638,0.0193532,-0.0268614,-0.0112621,0.0731438,0.000485955,0.0330426,
-0.00887919,0.689865,0.077402,-1.8236,-0.133145,0.947956,-1.40967,0.648433,0.14913,0.0320731,0.0136033,0.0213622,0.0196285,-0.031022,-0.012444,0.0669623,0.000175913,0.0331728,
-0.00875116,0.689919,0.0774869,-1.82353,-0.133278,0.947901,-1.40941,0.648433,0.149262,0.0320065,0.0133073,0.0212431,0.0195813,-0.0333211,-0.01367,0.0639153,5.85208e-05,0.0335157,
-0.00862277,0.689971,0.077574,-1.82345,-0.13338,0.947851,-1.40909,0.648434,0.149396,0.0320984,0.0132031,0.0217689,0.0183259,-0.025512,-0.0126457,0.079006,0.000757471,0.033129,
-0.00849427,0.690025,0.0776601,-1.82338,-0.133462,0.947808,-1.40875,0.648437,0.149529,0.0321248,0.0133146,0.0215177,0.0182651,-0.0203588,-0.0106051,0.0847996,0.0010831,0.033274,
-0.00836555,0.69008,0.0777461,-1.8233,-0.13357,0.947762,-1.40846,0.648441,0.149662,0.0321807,0.0137706,0.0215141,0.0196133,-0.0271278,-0.0115905,0.0729703,0.00048122,0.0330513,
-0.00823691,0.690134,0.0778318,-1.82322,-0.133695,0.947711,-1.40819,0.648443,0.149794,0.0321589,0.0136423,0.0214057,0.0198916,-0.0311212,-0.0127331,0.0669413,0.000184949,0.0331988,
-0.00810876,0.690188,0.0779166,-1.82314,-0.133824,0.947656,-1.40793,0.648444,0.149927,0.032039,0.0132927,0.0211961,0.0197266,-0.0322943,-0.0136306,0.0654569,0.000181234,0.0336849,
-0.0079804,0.69024,0.0780034,-1.82307,-0.133923,0.947606,-1.40761,0.648444,0.150062,0.0320887,0.0132425,0.0217028,0.0186218,-0.024904,-0.0125302,0.0796928,0.000841701,0.0333366,
-0.00785202,0.690294,0.0780892,-1.82299,-0.134004,0.947564,-1.40727,0.648448,0.150195,0.0320947,0.0133707,0.0214617,0.018608,-0.0200228,-0.0104875,0.0851244,0.00114504,0.033492,
-0.00772341,0.690349,0.0781751,-1.82291,-0.134111,0.947518,-1.40698,0.648452,0.150329,0.0321536,0.0138388,0.0214795,0.0199654,-0.0269507,-0.011541,0.0731616,0.000528678,0.0332458,
-0.00759487,0.690404,0.0782607,-1.82283,-0.134235,0.947467,-1.40671,0.648455,0.150462,0.0321349,0.0137133,0.021386,0.0202315,-0.0308879,-0.0127234,0.0670673,0.000224607,0.0333887,
-0.00746676,0.690458,0.0783454,-1.82275,-0.134363,0.947413,-1.40645,0.648455,0.150596,0.0320264,0.0133687,0.0211859,0.0200624,-0.0321371,-0.0136626,0.0655228,0.000213185,0.0338584,
-0.00733841,0.690511,0.0784322,-1.82268,-0.134463,0.947362,-1.40613,0.648456,0.150731,0.0320877,0.0133222,0.0216916,0.0189522,-0.024832,-0.0125857,0.0797346,0.00086879,0.0334975,
-0.00721001,0.690565,0.078518,-1.8226,-0.134543,0.94732,-1.40579,0.64846,0.150865,0.0321013,0.0134541,0.0214532,0.0189323,-0.0199916,-0.0105632,0.0851456,0.00116782,0.0336425,
-0.00708139,0.69062,0.0786039,-1.82252,-0.13465,0.947273,-1.4055,0.648464,0.151,0.0321548,0.0139227,0.0214832,0.0202749,-0.0267172,-0.0116354,0.0731866,0.000550405,0.0334082,
-0.0069528,0.690676,0.0786895,-1.82244,-0.134773,0.947222,-1.40523,0.648467,0.151133,0.0321483,0.0138037,0.0213928,0.020545,-0.0307933,-0.0128602,0.0670834,0.000243209,0.033532,
-0.0068246,0.69073,0.0787743,-1.82236,-0.134901,0.947167,-1.40497,0.648468,0.151267,0.0320494,0.0134639,0.0211948,0.0203725,-0.0321034,-0.0138189,0.0655187,0.000228766,0.0339866,
-0.00669613,0.690783,0.0788611,-1.82228,-0.135001,0.947116,-1.40465,0.648468,0.151403,0.0321171,0.0134223,0.0217002,0.0192572,-0.024828,-0.0127412,0.0797302,0.000882896,0.033617,
-0.00656759,0.690837,0.0789469,-1.8222,-0.135081,0.947073,-1.40431,0.648472,0.151538,0.0321348,0.0135586,0.0214633,0.0192338,-0.0200031,-0.0107217,0.0851347,0.00118025,0.0337544,
-0.00643882,0.690894,0.0790329,-1.82212,-0.135187,0.947026,-1.40402,0.648477,0.151673,0.0321916,0.0140306,0.0214953,0.020574,-0.0267298,-0.011815,0.0731715,0.000561122,0.0335123,
-0.00631007,0.690949,0.0791185,-1.82204,-0.135311,0.946973,-1.40375,0.648479,0.151807,0.0321877,0.0139144,0.0214074,0.0208404,-0.0308026,-0.0130535,0.0670694,0.000252973,0.033629,
-0.00618171,0.691004,0.0792034,-1.82195,-0.135439,0.946917,-1.40349,0.64848,0.151941,0.0320916,0.0135777,0.0212125,0.0206652,-0.0321178,-0.0140226,0.0654958,0.000237335,0.0340758,
-0.00605306,0.691058,0.0792903,-1.82188,-0.135539,0.946866,-1.40317,0.648481,0.152078,0.0321622,0.0135405,0.0217183,0.0195467,-0.0248479,-0.0129373,0.0797153,0.00089127,0.033701,
-0.00592433,0.691112,0.0793762,-1.8218,-0.135619,0.946822,-1.40283,0.648485,0.152212,0.032182,0.0136803,0.0214825,0.0195218,-0.0200272,-0.0109146,0.0851184,0.00118801,0.0338336,
-0.00579537,0.691169,0.0794623,-1.82171,-0.135726,0.946774,-1.40253,0.648489,0.152348,0.0322403,0.0141545,0.0215154,0.0208613,-0.0267492,-0.0120223,0.0731537,0.000568032,0.0335867,
-0.00566642,0.691225,0.079548,-1.82163,-0.135849,0.946721,-1.40227,0.648492,0.152482,0.0322376,0.0140399,0.0214291,0.0211254,-0.0308159,-0.013269,0.0670547,0.000259624,0.0336986,
-0.00553767,0.69128,0.0796333,-1.82154,-0.135981,0.946663,-1.40201,0.648493,0.152617,0.0321875,0.0137757,0.0213223,0.0210669,-0.0331106,-0.0145391,0.0640499,0.000141909,0.0340135,
-0.00540847,0.691335,0.0797207,-1.82147,-0.136083,0.946609,-1.40169,0.648493,0.152753,0.0322987,0.0137107,0.0218465,0.0198048,-0.0254223,-0.013466,0.0791645,0.000837971,0.0335987,
-0.00527912,0.691391,0.079807,-1.82139,-0.136164,0.946563,-1.40135,0.648497,0.152887,0.0323377,0.0138527,0.0215996,0.0197376,-0.0203236,-0.0113853,0.0849307,0.00115731,0.0337201,
-0.00514955,0.691448,0.0798935,-1.8213,-0.136272,0.946513,-1.40106,0.648501,0.153022,0.0323922,0.0143253,0.0216093,0.0210729,-0.0268838,-0.0124355,0.0730936,0.000550701,0.033494,
-0.00502004,0.691505,0.0799795,-1.82122,-0.136395,0.946459,-1.40079,0.648503,0.153156,0.0323782,0.0142124,0.0215131,0.0213428,-0.0308731,-0.0136363,0.067071,0.00025173,0.0336229,
-0.00489019,0.691562,0.080067,-1.82114,-0.136492,0.946402,-1.40047,0.648504,0.153291,0.0324619,0.0143479,0.0218765,0.0200878,-0.0241162,-0.0143236,0.0803517,0.000794204,0.0334366,
-0.00475992,0.691621,0.0801538,-1.82105,-0.136607,0.946344,-1.40019,0.648508,0.153424,0.0325691,0.0146084,0.0216924,0.0209385,-0.0288373,-0.0145345,0.0707383,0.000354737,0.0333702,
-0.00463001,0.691678,0.0802397,-1.82097,-0.136732,0.946284,-1.39992,0.648509,0.153558,0.032476,0.0143841,0.021459,0.0210135,-0.0310961,-0.0149492,0.0671204,0.000256698,0.0337534,
-0.00450003,0.691735,0.0803271,-1.82089,-0.136829,0.94623,-1.3996,0.64851,0.153693,0.0324962,0.0143067,0.0218742,0.0199888,-0.0243345,-0.0135037,0.080336,0.000879569,0.0334677,
-0.00437006,0.691794,0.0804136,-1.82081,-0.136908,0.946177,-1.39926,0.648513,0.153827,0.0324928,0.0147145,0.0216224,0.0199215,-0.0197196,-0.0131476,0.0855229,0.00108929,0.03383,
-0.00423999,0.691855,0.0805002,-1.82072,-0.137014,0.946123,-1.39896,0.648518,0.153962,0.0325183,0.0151068,0.0216419,0.0211617,-0.0266724,-0.0135221,0.0733082,0.000491933,0.033591,
-0.00411001,0.691914,0.0805864,-1.82064,-0.137138,0.946066,-1.39869,0.64852,0.154096,0.0324936,0.0149344,0.0215484,0.0214246,-0.0308814,-0.014376,0.0670964,0.000202471,0.0337082,
-0.0039803,0.691973,0.0806721,-1.82055,-0.137271,0.946004,-1.39844,0.648521,0.154231,0.0324281,0.0146198,0.0214331,0.0213914,-0.0332488,-0.0154127,0.0640458,0.000102095,0.03403,
-0.00385019,0.692031,0.0807599,-1.82047,-0.137373,0.945947,-1.39812,0.648521,0.154367,0.0325263,0.0145138,0.0219433,0.0201634,-0.0256166,-0.0141139,0.0791444,0.000811047,0.0336278,
-0.00371998,0.692089,0.0808467,-1.82039,-0.137456,0.9459,-1.39778,0.648524,0.154502,0.032553,0.0146141,0.0216885,0.0201307,-0.0205481,-0.0118829,0.0848984,0.00114088,0.0337605,
-0.0035896,0.692149,0.0809334,-1.82031,-0.137564,0.945848,-1.39749,0.648529,0.154637,0.0325964,0.0150454,0.0216921,0.0214986,-0.0270958,-0.0128612,0.0730579,0.000542603,0.0335415,
-0.00345931,0.692209,0.0810198,-1.82022,-0.137688,0.945792,-1.39722,0.648531,0.154771,0.0325725,0.0148928,0.0215922,0.0217934,-0.0310608,-0.0139953,0.0670511,0.000252206,0.0336769,
-0.00332946,0.692267,0.0811054,-1.82013,-0.137818,0.945733,-1.39696,0.648532,0.154906,0.0324607,0.0145252,0.021392,0.0216475,-0.0323429,-0.0148851,0.0655006,0.000249099,0.0341343,
-0.00319938,0.692325,0.0811929,-1.82005,-0.137918,0.945678,-1.39664,0.648533,0.155042,0.0325201,0.014469,0.021885,0.020553,-0.0250629,-0.0136382,0.079805,0.00091469,0.0337706,
-0.00306927,0.692383,0.0812795,-1.81997,-0.137999,0.945632,-1.3963,0.648537,0.155177,0.0325281,0.0145861,0.0216386,0.020555,-0.0202384,-0.0115044,0.0852234,0.0012187,0.0339152,
-0.00293898,0.692443,0.0813661,-1.81988,-0.138107,0.945582,-1.39601,0.648542,0.155313,0.0325736,0.0150336,0.0216617,0.0219215,-0.026921,-0.0126047,0.0732579,0.000602591,0.0336782,
-0.00280874,0.692503,0.0814524,-1.81979,-0.13823,0.945527,-1.39574,0.648544,0.155448,0.0325584,0.0148915,0.0215706,0.0222018,-0.0309452,-0.0138298,0.0671817,0.000299522,0.0337985,
-0.00267892,0.692561,0.0815379,-1.8197,-0.138359,0.945467,-1.39548,0.648545,0.155583,0.0324556,0.0145342,0.0213772,0.0220417,-0.0322705,-0.0147916,0.0655735,0.000286012,0.0342428,
-0.00254883,0.692619,0.0816254,-1.81962,-0.138459,0.945413,-1.39516,0.648546,0.15572,0.0325219,0.0144869,0.0218716,0.0209327,-0.0250149,-0.0135898,0.0798566,0.000945445,0.0338738,
-0.00241869,0.692678,0.0817119,-1.81954,-0.13854,0.945367,-1.39481,0.64855,0.155855,0.0325353,0.0146134,0.0216289,0.0209238,-0.0202083,-0.0114971,0.0852564,0.00124414,0.0340129,
-0.00228835,0.692738,0.0817985,-1.81945,-0.138648,0.945316,-1.39452,0.648555,0.155992,0.0325862,0.0150704,0.0216562,0.0222812,-0.0268965,-0.0126529,0.0732801,0.00062337,0.0337693,
-0.00215804,0.692798,0.0818848,-1.81936,-0.138772,0.945261,-1.39425,0.648558,0.156127,0.0325757,0.014937,0.0215691,0.0225516,-0.0309205,-0.0139192,0.0671997,0.00031696,0.0338834,
-0.00202815,0.692856,0.0819703,-1.81927,-0.1389,0.945201,-1.39399,0.648559,0.156262,0.0324724,0.0145868,0.0213873,0.0223782,-0.0321444,-0.0148996,0.0655795,0.000302145,0.0343339,
-0.00189796,0.692914,0.0820579,-1.81918,-0.139,0.945146,-1.39367,0.64856,0.156399,0.0325474,0.0145499,0.0218806,0.0212672,-0.0249662,-0.0137181,0.0798686,0.000959901,0.0339573,
-0.0017677,0.692973,0.0821444,-1.8191,-0.139081,0.9451,-1.39333,0.648564,0.156535,0.032566,0.0146877,0.0216409,0.0212544,-0.0201777,-0.0115977,0.0852541,0.00125478,0.0340905,
-0.00163721,0.693034,0.0822311,-1.81901,-0.139188,0.945049,-1.39304,0.648569,0.156672,0.0326219,0.0151507,0.0216691,0.0226094,-0.0268842,-0.0128007,0.073276,0.000631556,0.033841,
-0.00150681,0.693094,0.0823175,-1.81891,-0.139311,0.944992,-1.39277,0.648571,0.156807,0.0326004,0.0150174,0.0215964,0.0228613,-0.0306359,-0.0140686,0.0672132,0.000328603,0.0339822,
-0.00137662,0.693153,0.0824035,-1.81882,-0.139442,0.944931,-1.39251,0.648573,0.156943,0.0325481,0.014743,0.0214964,0.0228074,-0.0329039,-0.0153801,0.0642373,0.000215519,0.0343001,
-0.00124594,0.693211,0.0824915,-1.81874,-0.139544,0.944874,-1.39219,0.648574,0.15708,0.0326688,0.0146831,0.0220014,0.0215604,-0.0254345,-0.0142197,0.079366,0.000912234,0.0338814,
-0.00111511,0.693271,0.0825785,-1.81865,-0.139626,0.944826,-1.39185,0.648577,0.157216,0.0327086,0.0148258,0.0217488,0.0215048,-0.0204268,-0.0120492,0.0850847,0.00122731,0.0340018,
-0.000984161,0.693332,0.0826656,-1.81856,-0.139732,0.944773,-1.39156,0.648582,0.157352,0.032737,0.0152832,0.0217749,0.022831,-0.0265224,-0.0131508,0.0732477,0.000621869,0.0338187,
-0.000853273,0.693392,0.0827523,-1.81847,-0.139854,0.944716,-1.39129,0.648585,0.157487,0.0327218,0.0151605,0.0216887,0.0231092,-0.0305126,-0.0144269,0.0672495,0.000326051,0.0339545,
-0.000721977,0.693454,0.0828405,-1.81838,-0.13995,0.944655,-1.39097,0.648586,0.157623,0.0328241,0.0153172,0.0220323,0.0218651,-0.0240716,-0.0151517,0.0805423,0.000864383,0.0337634,
-0.000590316,0.693516,0.0829279,-1.81829,-0.140064,0.944594,-1.39069,0.648589,0.157758,0.0329153,0.0155653,0.021861,0.0227006,-0.0284812,-0.0153406,0.0709034,0.000426634,0.0337229,
-0.000458994,0.693577,0.0830145,-1.8182,-0.140188,0.94453,-1.39042,0.648591,0.157893,0.0328305,0.0153372,0.0216392,0.0227884,-0.0308841,-0.0158008,0.0672233,0.000326364,0.0340905,
-0.000327523,0.693638,0.0831026,-1.81811,-0.140285,0.944473,-1.39009,0.648592,0.158029,0.0328676,0.0152631,0.022033,0.0217718,-0.0243813,-0.0142862,0.0804776,0.000950146,0.0337908,
-0.000196041,0.693701,0.0831897,-1.81802,-0.140365,0.944417,-1.38975,0.648596,0.158164,0.0328706,0.0156889,0.021775,0.0217044,-0.019853,-0.013977,0.0856413,0.00115443,0.0341589,
-6.45615e-05,0.693765,0.0832769,-1.81793,-0.14047,0.94436,-1.38946,0.648601,0.158301,0.0328698,0.0160658,0.0218084,0.0229247,-0.0263321,-0.0143434,0.0734271,0.000559792,0.0339603,
6.68127e-05,0.693829,0.0833638,-1.81784,-0.140592,0.944299,-1.38919,0.648603,0.158437,0.0328435,0.0158848,0.0217245,0.0231946,-0.0305488,-0.0152486,0.067243,0.000274578,0.0340811,
0.000197959,0.693891,0.0834503,-1.81775,-0.140724,0.944234,-1.38893,0.648604,0.158573,0.0327867,0.0155642,0.0216105,0.0231668,-0.0330126,-0.0163241,0.0642085,0.000177409,0.0343901,
0.000329555,0.693953,0.0835387,-1.81766,-0.140827,0.944174,-1.38862,0.648605,0.158711,0.0328989,0.0154651,0.0220966,0.0219524,-0.025657,-0.0149385,0.0793062,0.000885834,0.0339753,
0.00046138,0.694017,0.083626,-1.81757,-0.140909,0.944116,-1.38827,0.648608,0.158847,0.0329562,0.0159104,0.0218438,0.0218316,-0.0205239,-0.0145411,0.0851888,0.00113267,0.034286,
0.000593245,0.694082,0.0837134,-1.81748,-0.141016,0.944057,-1.38798,0.648613,0.158984,0.0329662,0.0162876,0.0218472,0.0230561,-0.0266682,-0.0147695,0.0732355,0.000563796,0.0340952,
0.000724982,0.694146,0.0838005,-1.81739,-0.141139,0.943994,-1.38771,0.648615,0.15912,0.0329343,0.0161104,0.0217583,0.0233452,-0.0307194,-0.0155659,0.0672046,0.000296024,0.0342199,
0.000856468,0.694209,0.083887,-1.81729,-0.141271,0.943928,-1.38746,0.648616,0.159257,0.0328715,0.0157923,0.0216421,0.0233363,-0.0330947,-0.0165608,0.0642583,0.000210852,0.0345278,
0.000988392,0.694272,0.0839755,-1.8172,-0.141374,0.943868,-1.38714,0.648617,0.159395,0.032981,0.0156987,0.0221286,0.0221397,-0.0257053,-0.0150777,0.0794116,0.000925023,0.0341036,
0.00112042,0.694335,0.084063,-1.81712,-0.141457,0.943817,-1.3868,0.648621,0.159531,0.0330078,0.0158014,0.0218652,0.0221322,-0.0207342,-0.0126853,0.0851243,0.0012522,0.0342206,
0.00125251,0.6944,0.0841505,-1.81702,-0.141564,0.943762,-1.3865,0.648626,0.159668,0.0330227,0.0162144,0.0218829,0.0235014,-0.0268019,-0.0136873,0.0732924,0.000655753,0.0340308,
0.00138449,0.694464,0.0842377,-1.81693,-0.141687,0.943703,-1.38624,0.648629,0.159804,0.032995,0.0160474,0.021793,0.0238118,-0.030751,-0.0148737,0.0673217,0.000369129,0.0341603,
0.00151685,0.694529,0.0843262,-1.81684,-0.141784,0.943641,-1.38591,0.64863,0.159941,0.0330893,0.0161825,0.0221274,0.0225943,-0.0243179,-0.0155167,0.0806414,0.000910728,0.033973,
0.00164953,0.694595,0.084414,-1.81674,-0.141899,0.943578,-1.38563,0.648634,0.160077,0.0331701,0.016392,0.0219506,0.0234559,-0.0286996,-0.0156489,0.0710018,0.000478148,0.0339276,
0.00178184,0.694659,0.0845009,-1.81665,-0.142023,0.943514,-1.38536,0.648636,0.160213,0.0330778,0.0161287,0.0217316,0.0235677,-0.0310994,-0.0160704,0.0672965,0.000380792,0.0342846,
0.00191428,0.694723,0.0845894,-1.81656,-0.142122,0.943456,-1.38504,0.648637,0.16035,0.0331097,0.0160275,0.0221153,0.022571,-0.0246103,-0.0144372,0.0805853,0.00100885,0.0339801,
0.00204671,0.694789,0.0846768,-1.81647,-0.142202,0.9434,-1.38469,0.648641,0.160486,0.0331075,0.0164402,0.0218542,0.0225228,-0.0200794,-0.0141163,0.0857456,0.00121233,0.0343554,
0.00217922,0.694856,0.0847643,-1.81637,-0.14231,0.943341,-1.3844,0.648646,0.160623,0.033126,0.0167937,0.0218611,0.023783,-0.0270233,-0.0145524,0.0735047,0.000613159,0.0341007,
0.00231158,0.694923,0.0848513,-1.81628,-0.142435,0.94328,-1.38413,0.648648,0.16076,0.0330906,0.0165845,0.0217662,0.0240526,-0.0311755,-0.0154388,0.0673287,0.000327166,0.034205,
0.00244365,0.694988,0.0849379,-1.81618,-0.142569,0.943214,-1.38387,0.64865,0.160896,0.033017,0.0162391,0.0216509,0.0240257,-0.0334874,-0.0165036,0.064321,0.000232336,0.0345123,
0.00257608,0.695052,0.0850265,-1.81609,-0.142673,0.943154,-1.38356,0.648651,0.161034,0.0331097,0.016125,0.0221404,0.0228152,-0.0259356,-0.0150093,0.079445,0.00094376,0.0341092,
0.00270871,0.695118,0.0851141,-1.816,-0.142755,0.943095,-1.38321,0.648654,0.161171,0.0331572,0.0165686,0.0218928,0.0227074,-0.0207234,-0.0146211,0.0853222,0.00118906,0.0344368,
0.00284146,0.695186,0.0852016,-1.8159,-0.142865,0.943035,-1.38292,0.648659,0.161309,0.0331862,0.0169324,0.0218744,0.0239671,-0.0272963,-0.0149409,0.0733409,0.000614931,0.034197,
0.00297405,0.695253,0.0852887,-1.81581,-0.14299,0.942972,-1.38265,0.648662,0.161445,0.0331469,0.0167366,0.0217775,0.0242513,-0.0312745,-0.0157376,0.0673149,0.00034569,0.0343106,
0.00310629,0.695319,0.0853754,-1.81571,-0.143123,0.942906,-1.38239,0.648663,0.161583,0.0330612,0.0163984,0.0216711,0.0242306,-0.033331,-0.0167127,0.0643991,0.000265823,0.0346392,
0.00323893,0.695384,0.085464,-1.81562,-0.143226,0.942845,-1.38208,0.648664,0.161721,0.0331592,0.0162982,0.0221599,0.0230432,-0.0258543,-0.0151444,0.0795741,0.000982343,0.0342249,
0.00337165,0.695449,0.0855516,-1.81552,-0.14331,0.942794,-1.38173,0.648668,0.161858,0.0331799,0.016391,0.0218993,0.0230507,-0.0208594,-0.0127081,0.0852667,0.00130949,0.0343479,
0.00350452,0.695517,0.0856392,-1.81543,-0.143419,0.942739,-1.38144,0.648673,0.161996,0.0332172,0.0167988,0.0218989,0.0244561,-0.0273617,-0.0138223,0.0734009,0.00070574,0.0341105,
0.0036372,0.695583,0.0857265,-1.81533,-0.143543,0.942679,-1.38117,0.648676,0.162132,0.0331712,0.0166138,0.0218155,0.0247465,-0.0309712,-0.0149956,0.0674487,0.000421151,0.0342616,
0.00377023,0.69565,0.0858151,-1.81523,-0.143641,0.942616,-1.38085,0.648678,0.162269,0.0332572,0.0167564,0.0221551,0.023527,-0.024434,-0.0156482,0.0807932,0.000961173,0.0340926,
0.00390356,0.695718,0.085903,-1.81514,-0.143756,0.942553,-1.38056,0.648682,0.162405,0.0333326,0.0169556,0.0219814,0.0243938,-0.0287537,-0.0158014,0.0711456,0.000529217,0.0340534,
0.00403667,0.695785,0.0859904,-1.81504,-0.143883,0.942487,-1.3803,0.648684,0.162542,0.0332777,0.0167486,0.0218574,0.0246019,-0.0318158,-0.0165358,0.0663702,0.000348683,0.0342869,
0.00417005,0.695851,0.0860794,-1.81494,-0.143983,0.942428,-1.37998,0.648685,0.162679,0.0333451,0.0166175,0.0222397,0.0234958,-0.0250453,-0.0148194,0.0803359,0.00101106,0.0339616,
0.00430348,0.69592,0.0861673,-1.81485,-0.144065,0.94237,-1.37963,0.648689,0.162815,0.0333569,0.0170363,0.0219685,0.0234197,-0.0203231,-0.0144759,0.0857454,0.0012294,0.034344,
0.00443685,0.695989,0.0862552,-1.81475,-0.144171,0.942311,-1.37934,0.648694,0.162952,0.033344,0.0173702,0.0219768,0.0246592,-0.026652,-0.0148157,0.0736126,0.000646426,0.0341598,
0.00457005,0.696058,0.0863427,-1.81465,-0.144294,0.942248,-1.37907,0.648697,0.163089,0.0332994,0.0171522,0.0218853,0.0249479,-0.0307575,-0.0156972,0.0675145,0.000372975,0.034293,
0.00470296,0.696125,0.0864298,-1.81455,-0.144427,0.942181,-1.37881,0.648698,0.163226,0.0332276,0.0167998,0.021766,0.0249385,-0.0331438,-0.0167619,0.0645449,0.000286642,0.0346096,
0.00483628,0.696192,0.0865187,-1.81446,-0.14453,0.94212,-1.37849,0.648699,0.163364,0.0333284,0.0166853,0.0222321,0.0237509,-0.0258345,-0.0151905,0.0796728,0.00100031,0.0342078,
0.00496978,0.69626,0.0866066,-1.81436,-0.144613,0.942061,-1.37815,0.648703,0.163501,0.0333756,0.0171365,0.0219732,0.0236534,-0.0207185,-0.0148157,0.0855185,0.00124278,0.0345499,
0.00510327,0.69633,0.0866945,-1.81426,-0.14472,0.942,-1.37786,0.648708,0.163639,0.0333738,0.0174834,0.021969,0.0248974,-0.0268288,-0.0150854,0.0735395,0.000673499,0.0343619,
0.0052366,0.696399,0.086782,-1.81416,-0.144844,0.941937,-1.37759,0.648711,0.163777,0.0333306,0.0172778,0.0218791,0.0251957,-0.0308266,-0.0159115,0.0675317,0.000408885,0.0344896,
0.00536964,0.696467,0.086869,-1.81406,-0.144976,0.941869,-1.37733,0.648713,0.163915,0.0332598,0.0169349,0.0217629,0.0251949,-0.0331556,-0.0169352,0.0646128,0.000328156,0.0347974,
0.00550309,0.696534,0.086958,-1.81396,-0.14508,0.941808,-1.37701,0.648714,0.164054,0.0333631,0.0168309,0.0222313,0.0240157,-0.025832,-0.0153032,0.0797682,0.0010435,0.0343833,
0.00563661,0.696602,0.0870458,-1.81387,-0.145163,0.941756,-1.37667,0.648718,0.164191,0.0333814,0.0169174,0.0219625,0.0240314,-0.0209161,-0.0128382,0.0854192,0.00136793,0.0345077,
0.00577017,0.696671,0.0871337,-1.81377,-0.145271,0.941701,-1.37637,0.648724,0.164329,0.0333891,0.0173104,0.0219785,0.025421,-0.0269456,-0.013958,0.0735617,0.000767154,0.0343179,
0.00590359,0.69674,0.0872213,-1.81366,-0.145395,0.94164,-1.3761,0.648727,0.164467,0.0333548,0.0171231,0.0218911,0.0257348,-0.0308376,-0.0152199,0.0676117,0.000480749,0.0344478,
0.00603661,0.696807,0.0873081,-1.81356,-0.145524,0.941575,-1.37584,0.648729,0.164604,0.0332553,0.0167369,0.021707,0.0256178,-0.032351,-0.016225,0.0658964,0.000468593,0.0348619,
0.00616993,0.696873,0.0873968,-1.81346,-0.145625,0.941516,-1.37552,0.64873,0.164744,0.0333296,0.0166759,0.0221608,0.0245342,-0.0253279,-0.014749,0.0803165,0.00113721,0.0344831,
0.00630327,0.69694,0.0874844,-1.81337,-0.145708,0.941466,-1.37517,0.648735,0.164882,0.0333349,0.0167816,0.021902,0.024563,-0.0206281,-0.0124539,0.085661,0.00143337,0.0346182,
0.00643666,0.697009,0.0875721,-1.81326,-0.145815,0.941411,-1.37488,0.648741,0.16502,0.0333477,0.0171963,0.0219371,0.0259367,-0.0267768,-0.013749,0.07369,0.000812952,0.0344143,
0.00656995,0.697077,0.0876596,-1.81316,-0.145938,0.94135,-1.37461,0.648744,0.165158,0.0333239,0.0170269,0.0218589,0.0262253,-0.0307229,-0.0151398,0.0676756,0.000512601,0.034532,
0.00670289,0.697144,0.0877463,-1.81305,-0.146067,0.941285,-1.37435,0.648746,0.165296,0.0332348,0.016659,0.0216822,0.0260854,-0.032276,-0.0162437,0.0659071,0.000489262,0.0349351,
0.00683616,0.69721,0.0878348,-1.81295,-0.146168,0.941226,-1.37402,0.648748,0.165436,0.0333176,0.016615,0.0221386,0.0249798,-0.0252779,-0.0148362,0.080307,0.0011515,0.0345533,
0.00696961,0.697279,0.0879224,-1.81285,-0.14625,0.941167,-1.37368,0.648753,0.165574,0.0333617,0.0171162,0.0218946,0.0248823,-0.020387,-0.0146961,0.0858379,0.00135955,0.034901,
0.0071031,0.697349,0.0880101,-1.81275,-0.146356,0.941107,-1.37339,0.648758,0.165714,0.0333724,0.017503,0.0219158,0.0260986,-0.0266094,-0.0151811,0.0737296,0.000765454,0.0346834,
0.00723649,0.697418,0.0880974,-1.81264,-0.146479,0.941042,-1.37312,0.648761,0.165852,0.0333465,0.017331,0.0218425,0.0263595,-0.0306521,-0.016169,0.0676545,0.000483199,0.0347839,
0.00736966,0.697486,0.0881844,-1.81254,-0.146611,0.940973,-1.37286,0.648763,0.165992,0.0332929,0.0170204,0.0217404,0.0263241,-0.0330037,-0.0173177,0.0646967,0.000388903,0.0350669,
0.0075033,0.697554,0.0882733,-1.81244,-0.146714,0.94091,-1.37254,0.648765,0.166132,0.0334112,0.0169498,0.0222115,0.0251169,-0.0257349,-0.0157391,0.0798145,0.00109446,0.0346404,
0.00763707,0.697622,0.0883611,-1.81234,-0.146797,0.940856,-1.3722,0.648769,0.16627,0.0334414,0.0170667,0.0219504,0.0251104,-0.0208603,-0.0133318,0.0854249,0.00140988,0.0347517,
0.00777091,0.697692,0.088449,-1.81223,-0.146905,0.940798,-1.3719,0.648775,0.166409,0.0334603,0.0174864,0.0219754,0.0264805,-0.0268915,-0.0145582,0.0735452,0.000800978,0.0345463,
0.00790465,0.697762,0.0885365,-1.81212,-0.147028,0.940735,-1.37163,0.648778,0.166548,0.0334361,0.0173227,0.0218973,0.0267719,-0.0307752,-0.0158954,0.0675906,0.000509194,0.034661,
0.00803804,0.697829,0.0886234,-1.81202,-0.147157,0.940667,-1.37137,0.64878,0.166686,0.0333475,0.0169607,0.0217239,0.0266375,-0.0323079,-0.0169611,0.0658375,0.00049097,0.0350572,
0.00817177,0.697897,0.0887122,-1.81191,-0.147258,0.940605,-1.37105,0.648782,0.166826,0.0334323,0.0169252,0.0221796,0.0255355,-0.0253081,-0.0154839,0.0802748,0.0011576,0.0346695,
0.00830568,0.697967,0.0887999,-1.81181,-0.14734,0.940544,-1.3707,0.648786,0.166965,0.0334779,0.0174361,0.0219358,0.0254415,-0.020413,-0.0153165,0.0858132,0.00136714,0.0350157,
0.00843964,0.698038,0.0888877,-1.81171,-0.147446,0.94048,-1.37041,0.648792,0.167105,0.0334883,0.0178224,0.0219563,0.0266613,-0.0266189,-0.0157848,0.0737054,0.000774545,0.0347931,
0.00857348,0.698109,0.0889753,-1.8116,-0.147569,0.940413,-1.37014,0.648795,0.167244,0.0334617,0.0176491,0.0218844,0.0269233,-0.030646,-0.0167559,0.0676397,0.00049417,0.0348883,
0.00870712,0.698178,0.0890624,-1.81149,-0.147701,0.940342,-1.36988,0.648797,0.167384,0.0334081,0.0173371,0.0217837,0.0268888,-0.0329861,-0.0178905,0.0646914,0.000401799,0.0351656,
0.00884123,0.698247,0.0891514,-1.81139,-0.147804,0.940277,-1.36956,0.648799,0.167525,0.033527,0.0172692,0.0222521,0.0256848,-0.0257364,-0.0162637,0.0798135,0.00110835,0.0347366,
0.00897545,0.698317,0.0892394,-1.81129,-0.147887,0.940221,-1.36922,0.648803,0.167664,0.0335572,0.0173866,0.0219905,0.025682,-0.020876,-0.0138256,0.0854148,0.00142383,0.0348451,
0.00910976,0.698388,0.0893274,-1.81118,-0.147995,0.940161,-1.36892,0.648809,0.167803,0.0335757,0.0178042,0.0220158,0.0270555,-0.0268954,-0.0150608,0.0735314,0.00081461,0.0346359,
0.00924396,0.698458,0.0894152,-1.81107,-0.148118,0.940096,-1.36865,0.648812,0.167941,0.033551,0.0176378,0.0219391,0.0273467,-0.0307652,-0.0163982,0.0675834,0.000523398,0.0347466,
0.00937781,0.698528,0.0895023,-1.81096,-0.148247,0.940026,-1.36839,0.648814,0.16808,0.0334631,0.0172748,0.0217686,0.0272138,-0.0323053,-0.0174651,0.0658123,0.000504548,0.0351363,
0.00951201,0.698597,0.0895912,-1.81085,-0.148348,0.939962,-1.36807,0.648816,0.168221,0.0335494,0.0172408,0.0222218,0.0261117,-0.0253181,-0.0159507,0.0802676,0.00117226,0.0347469,
0.00964626,0.698666,0.089679,-1.81075,-0.148431,0.939907,-1.36773,0.648821,0.16836,0.0335628,0.0173692,0.0219661,0.0261301,-0.0206469,-0.0136415,0.0855981,0.00146534,0.0348723,
0.00978059,0.698737,0.089767,-1.81064,-0.148538,0.939847,-1.36743,0.648827,0.168499,0.0335814,0.017799,0.0220054,0.0274962,-0.0267681,-0.0150067,0.073615,0.000841226,0.0346573,
0.00991484,0.698808,0.0898548,-1.81053,-0.148661,0.939782,-1.36716,0.64883,0.168638,0.0335621,0.0176417,0.0219342,0.0277707,-0.0306835,-0.0164371,0.0676123,0.000539809,0.034763,
0.0100489,0.698877,0.0899421,-1.81042,-0.148793,0.93971,-1.3669,0.648832,0.168777,0.0335117,0.0173452,0.021834,0.027716,-0.0329547,-0.0178397,0.0646949,0.0004319,0.0350517,
0.0101834,0.698946,0.0900313,-1.81031,-0.148895,0.939645,-1.36658,0.648834,0.168917,0.0336327,0.0172964,0.0223002,0.0264854,-0.0256895,-0.016375,0.0798376,0.00112939,0.0346373,
0.0103181,0.699016,0.0901195,-1.81021,-0.148979,0.939589,-1.36624,0.648838,0.169056,0.0336636,0.0174347,0.0220366,0.0264592,-0.0208276,-0.0140518,0.0854342,0.00143735,0.0347585,
0.0104528,0.699088,0.0902077,-1.8101,-0.149086,0.939527,-1.36595,0.648844,0.169195,0.0336824,0.0178727,0.0220607,0.0278125,-0.0268404,-0.0154019,0.0735379,0.000821306,0.0345617,
0.0105874,0.699158,0.0902956,-1.80998,-0.149209,0.93946,-1.36568,0.648847,0.169333,0.0336575,0.0177258,0.0219836,0.0280831,-0.0307051,-0.0168217,0.0675856,0.00052539,0.0346828,
0.0107217,0.699228,0.0903829,-1.80987,-0.149338,0.939388,-1.36541,0.64885,0.169472,0.0335702,0.0173828,0.0218135,0.0279331,-0.0322553,-0.0179523,0.0657964,0.00050251,0.03508,
0.0108563,0.699297,0.090472,-1.80976,-0.149439,0.939322,-1.36509,0.648852,0.169612,0.0336575,0.0173703,0.0222646,0.0268141,-0.0252782,-0.0164647,0.0802683,0.00116927,0.0347028,
0.010991,0.699368,0.09056,-1.80966,-0.149521,0.939265,-1.36475,0.648856,0.169751,0.0336714,0.017518,0.022007,0.0268196,-0.0206151,-0.0141806,0.0855979,0.00146131,0.034839,
0.0111258,0.699439,0.0906482,-1.80954,-0.149628,0.939203,-1.36446,0.648862,0.16989,0.0336899,0.0179641,0.0220454,0.0281759,-0.0267324,-0.0155872,0.073602,0.000835245,0.0346336,
0.0112605,0.699511,0.0907361,-1.80943,-0.149751,0.939135,-1.36419,0.648865,0.170029,0.0336702,0.0178207,0.0219742,0.0284392,-0.0306439,-0.0170456,0.0675959,0.000532814,0.0347473,
0.0113948,0.699581,0.0908233,-1.80932,-0.14988,0.939062,-1.36392,0.648868,0.170168,0.0335883,0.0174811,0.0218084,0.0282816,-0.0322249,-0.0182057,0.0657683,0.00050513,0.0351387,
0.0115295,0.69965,0.0909123,-1.80921,-0.149981,0.938995,-1.3636,0.64887,0.170308,0.0336803,0.0174725,0.0222606,0.0271547,-0.0252668,-0.0167333,0.0802298,0.00116978,0.0347606,
0.0116643,0.699721,0.0910004,-1.8091,-0.150063,0.938937,-1.36326,0.648874,0.170447,0.0336979,0.0176244,0.0220053,0.0271542,-0.0206154,-0.0144628,0.0855516,0.00146028,0.0348957,
0.0117992,0.699793,0.0910885,-1.80899,-0.15017,0.938874,-1.36297,0.64888,0.170587,0.0337197,0.0180744,0.0220462,0.0285059,-0.0267342,-0.0158901,0.0735475,0.000832714,0.0346884,
0.011934,0.699865,0.0911765,-1.80887,-0.150293,0.938804,-1.3627,0.648883,0.170726,0.0337028,0.0179346,0.0219777,0.0287641,-0.0306446,-0.0173612,0.0675385,0.000529498,0.0348002,
0.0120686,0.699936,0.091264,-1.80876,-0.150425,0.938729,-1.36244,0.648886,0.170865,0.033655,0.0176547,0.0218799,0.0286949,-0.0329126,-0.0187929,0.0646197,0.000420899,0.0350943,
0.0122038,0.700006,0.0913534,-1.80865,-0.150527,0.93866,-1.36212,0.648887,0.171005,0.0337798,0.0176274,0.0223456,0.0274523,-0.0256674,-0.0173198,0.0797785,0.00111916,0.0346887,
0.012339,0.700077,0.0914417,-1.80854,-0.15061,0.9386,-1.36178,0.648892,0.171144,0.0338133,0.0177837,0.0220817,0.0274166,-0.0208191,-0.0149964,0.085374,0.00142741,0.0348181,
0.0124743,0.70015,0.0915301,-1.80842,-0.150718,0.938534,-1.36148,0.648897,0.171283,0.0338338,0.0182349,0.0221067,0.0287634,-0.0268245,-0.0163713,0.0734591,0.000810258,0.034627,
0.0126096,0.700223,0.0916182,-1.80831,-0.15084,0.938463,-1.36121,0.648901,0.171422,0.03381,0.0180987,0.0220318,0.0290247,-0.0306816,-0.0178028,0.0675026,0.000514372,0.0347523,
0.0127445,0.700294,0.0917057,-1.80819,-0.150969,0.938387,-1.36095,0.648903,0.171561,0.0337246,0.0177662,0.0218645,0.0288674,-0.0322409,-0.0189428,0.0656966,0.000491383,0.0351515,
0.0128797,0.700365,0.091795,-1.80808,-0.151071,0.938317,-1.36063,0.648905,0.171702,0.0338152,0.0177687,0.0223151,0.0277403,-0.0252761,-0.0174303,0.0801981,0.00116029,0.0347803,
0.0130151,0.700436,0.0918832,-1.80797,-0.151153,0.938257,-1.36029,0.648909,0.171841,0.0338312,0.0179283,0.022057,0.0277403,-0.0206207,-0.0151302,0.0855331,0.00145369,0.0349225,
0.0131505,0.70051,0.0919716,-1.80785,-0.15126,0.938191,-1.35999,0.648915,0.17198,0.0338505,0.018382,0.0220956,0.0290941,-0.0267264,-0.0165477,0.0735219,0.000827302,0.0347213,
0.0132858,0.700583,0.0920597,-1.80773,-0.151382,0.938119,-1.35972,0.648918,0.172119,0.033831,0.0182442,0.0220261,0.029352,-0.0306278,-0.0180066,0.0675138,0.000525511,0.034838,
0.0134208,0.700655,0.0921471,-1.80762,-0.151511,0.938042,-1.35946,0.648921,0.172259,0.0337503,0.0179104,0.0218628,0.0291904,-0.032216,-0.0191672,0.0656716,0.000498182,0.0352303,
0.0135562,0.700726,0.0922364,-1.80751,-0.151612,0.937971,-1.35914,0.648923,0.1724,0.0338448,0.0179126,0.0223142,0.0280585,-0.0252695,-0.0176624,0.0801639,0.00116518,0.0348568,
0.0136916,0.700799,0.0923246,-1.80739,-0.151695,0.93791,-1.3588,0.648927,0.172539,0.0338639,0.0180725,0.0220579,0.0280551,-0.0206253,-0.0153704,0.0854919,0.0014571,0.0349968,
0.0138272,0.700873,0.092413,-1.80728,-0.151802,0.937843,-1.3585,0.648933,0.172679,0.033886,0.0185266,0.0220987,0.0294066,-0.026731,-0.0168032,0.0734732,0.000829342,0.0347923,
0.0139627,0.700946,0.0925011,-1.80716,-0.151924,0.93777,-1.35823,0.648936,0.172818,0.0338687,0.018389,0.0220317,0.0296615,-0.0306303,-0.0182708,0.0674631,0.000526878,0.0349059,
0.0140978,0.701018,0.0925886,-1.80704,-0.152053,0.937692,-1.35797,0.648938,0.172958,0.0337905,0.0180561,0.0218709,0.029498,-0.0322216,-0.0194378,0.0656143,0.000498896,0.0352949,
0.0142334,0.701091,0.0926779,-1.80693,-0.152154,0.93762,-1.35765,0.64894,0.173099,0.0338876,0.0180611,0.0223232,0.0283638,-0.0252803,-0.017927,0.0801152,0.00116614,0.0349195,
0.014369,0.701164,0.0927662,-1.80681,-0.152237,0.937558,-1.35731,0.648945,0.173239,0.0339087,0.0182231,0.0220678,0.0283592,-0.0206392,-0.0156313,0.0854443,0.00145803,0.0350581,
0.0145047,0.701238,0.0928546,-1.80669,-0.152344,0.937489,-1.35702,0.648951,0.173379,0.0339322,0.0186782,0.0221098,0.0297102,-0.0267398,-0.01707,0.0734218,0.000829942,0.0348518,
0.0146404,0.701312,0.0929428,-1.80657,-0.152466,0.937415,-1.35675,0.648954,0.173518,0.0339161,0.0185412,0.0220443,0.0299636,-0.0306344,-0.0185395,0.0674124,0.000527551,0.0349634,
0.0147758,0.701385,0.0930303,-1.80645,-0.152595,0.937336,-1.35648,0.648956,0.173658,0.0338393,0.0182091,0.0218853,0.0297992,-0.0322277,-0.0197082,0.0655586,0.00049945,0.0353499,
0.0149115,0.701458,0.0931197,-1.80634,-0.152696,0.937264,-1.35616,0.648958,0.173799,0.0339382,0.0182167,0.0223377,0.0286638,-0.0252911,-0.0181873,0.0800696,0.00116726,0.0349734,
0.0150475,0.701533,0.0932081,-1.80623,-0.152778,0.937191,-1.35582,0.648963,0.173939,0.0339947,0.0187756,0.0220926,0.0285437,-0.0204261,-0.0180655,0.0856117,0.00137404,0.0353386,
0.0151835,0.70161,0.0932965,-1.80611,-0.152885,0.937117,-1.35553,0.648969,0.174081,0.0340092,0.0191843,0.0221152,0.0297474,-0.0265987,-0.0186003,0.0734557,0.000777633,0.0351217,
0.0153195,0.701686,0.0933847,-1.80599,-0.153007,0.937039,-1.35526,0.648972,0.174221,0.0339848,0.0190283,0.0220512,0.0299867,-0.030589,-0.0196017,0.0673902,0.000497522,0.0352189,
0.0154552,0.701761,0.0934726,-1.80587,-0.153139,0.936956,-1.355,0.648974,0.174362,0.0339354,0.0187335,0.0219581,0.0299322,-0.0329027,-0.0207547,0.0644547,0.00040785,0.0354966,
0.0155914,0.701836,0.0935622,-1.80575,-0.153241,0.936879,-1.35468,0.648975,0.174504,0.0340626,0.0187025,0.022421,0.0287163,-0.0257253,-0.0190193,0.0796278,0.00111841,0.0350791,
0.0157278,0.701911,0.0936509,-1.80564,-0.153325,0.936813,-1.35434,0.64898,0.174644,0.0340977,0.0188467,0.0221577,0.0287068,-0.0209135,-0.0165197,0.0852195,0.00143515,0.0351984,
0.0158643,0.701988,0.0937396,-1.80552,-0.153433,0.936742,-1.35405,0.648985,0.174785,0.0341182,0.0192776,0.0221853,0.0300783,-0.0268916,-0.0178072,0.0732905,0.000823522,0.0349924,
0.0160007,0.702065,0.0938281,-1.8054,-0.153556,0.936666,-1.35378,0.648989,0.174925,0.034094,0.0191191,0.0221156,0.030356,-0.0307197,-0.0191592,0.067345,0.000533686,0.0351031,
0.0161375,0.702142,0.0939178,-1.80528,-0.153653,0.936586,-1.35346,0.648991,0.175066,0.0342069,0.0193528,0.0224421,0.0290995,-0.0243891,-0.0198417,0.0807404,0.00106543,0.034946,
0.0162747,0.702221,0.0940069,-1.80516,-0.153768,0.936506,-1.35317,0.648995,0.175205,0.0342909,0.0195693,0.0222703,0.0299466,-0.028707,-0.0200767,0.071012,0.000627807,0.0348865,
0.0164115,0.702298,0.0940953,-1.80504,-0.153893,0.936423,-1.3529,0.648998,0.175345,0.0342088,0.0193195,0.0220867,0.0300467,-0.0311703,-0.0206032,0.0671176,0.000520591,0.0352038,
0.0165485,0.702375,0.0941851,-1.80492,-0.153992,0.936349,-1.35258,0.649,0.175486,0.0342585,0.0192572,0.022453,0.0290256,-0.0248006,-0.0186658,0.0805733,0.00115775,0.0349002,
0.0166856,0.702454,0.0942738,-1.80481,-0.154073,0.936275,-1.35224,0.649004,0.175625,0.0342697,0.0197446,0.0221912,0.028965,-0.0203136,-0.0184225,0.0857183,0.0013531,0.0353133,
0.0168227,0.702534,0.0943627,-1.80469,-0.15418,0.936199,-1.35194,0.64901,0.175767,0.0342608,0.0200856,0.0222168,0.0302021,-0.0266599,-0.018913,0.073429,0.000755503,0.0350999,
0.0169596,0.702614,0.0944513,-1.80456,-0.154303,0.93612,-1.35167,0.649013,0.175907,0.0342227,0.019867,0.0221472,0.0304638,-0.0307131,-0.0198745,0.06731,0.000478586,0.0352026,
0.0170962,0.702692,0.0945395,-1.80444,-0.154435,0.936036,-1.35142,0.649015,0.176048,0.034162,0.0195169,0.0220476,0.0304297,-0.0330473,-0.0209946,0.0643585,0.000394507,0.0354874,
0.0172333,0.702769,0.0946295,-1.80433,-0.154538,0.935959,-1.3511,0.649016,0.17619,0.0342789,0.0194411,0.0224977,0.0292373,-0.025909,-0.019178,0.0795251,0.00111029,0.0350827,
0.0173707,0.702849,0.0947184,-1.80421,-0.154622,0.935884,-1.35076,0.649021,0.17633,0.0343391,0.0199519,0.0222403,0.0291323,-0.020877,-0.0188479,0.0853147,0.00134384,0.035447,
0.017508,0.70293,0.0948074,-1.80409,-0.15473,0.935807,-1.35046,0.649026,0.176472,0.0343406,0.0202961,0.0222412,0.0303743,-0.0269205,-0.019212,0.0732569,0.000769107,0.0352397,
0.0176452,0.703011,0.0948961,-1.80396,-0.154853,0.935727,-1.3502,0.649029,0.176613,0.0342987,0.020084,0.0221682,0.0306536,-0.0308272,-0.0200781,0.0672725,0.000507298,0.0353453,
0.0177822,0.70309,0.0949844,-1.80384,-0.154985,0.935642,-1.34994,0.649031,0.176754,0.034234,0.0197378,0.0220679,0.0306365,-0.0330834,-0.0211278,0.0643971,0.000433421,0.035628,
0.0179196,0.703168,0.0950744,-1.80372,-0.155089,0.935565,-1.34962,0.649033,0.176897,0.0343495,0.019668,0.0225181,0.0294608,-0.0259218,-0.0192251,0.0796074,0.00115352,0.0352147,
0.0180571,0.703247,0.0951634,-1.80361,-0.155173,0.935499,-1.34928,0.649038,0.177038,0.0343727,0.0197722,0.022247,0.0294891,-0.0211216,-0.0166117,0.0851945,0.001476,0.0353383,
0.0181946,0.703328,0.0952525,-1.80348,-0.155282,0.935427,-1.34899,0.649044,0.177179,0.0343813,0.0201612,0.022269,0.0308924,-0.0270549,-0.0178786,0.0732736,0.000869225,0.0351336,
0.018332,0.703408,0.0953413,-1.80336,-0.155405,0.93535,-1.34872,0.649047,0.177319,0.0343466,0.019964,0.0221965,0.0311927,-0.0308392,-0.0192063,0.067356,0.000585202,0.0352457,
0.018469,0.703486,0.0954294,-1.80323,-0.155535,0.935269,-1.34845,0.649049,0.17746,0.0342568,0.0195799,0.0220386,0.0310762,-0.0324087,-0.020278,0.0654954,0.000567399,0.0356242,
0.0186064,0.703565,0.0955193,-1.80311,-0.155637,0.935195,-1.34813,0.649052,0.177603,0.034347,0.0195461,0.0224751,0.0299811,-0.0254888,-0.0185519,0.0800884,0.0012456,0.0352446,
0.0187438,0.703643,0.0956082,-1.80299,-0.15572,0.935131,-1.34779,0.649057,0.177744,0.034358,0.0196678,0.0222101,0.0300185,-0.0208652,-0.0161171,0.0854221,0.00154201,0.035382,
0.0188813,0.703723,0.0956972,-1.80287,-0.155828,0.93506,-1.3475,0.649063,0.177885,0.0343692,0.0200761,0.0222464,0.0314056,-0.0268921,-0.0175556,0.0734061,0.000917307,0.0351704,
0.0190187,0.703803,0.0957859,-1.80274,-0.15595,0.934984,-1.34723,0.649066,0.178026,0.0343415,0.0198951,0.0221802,0.0316822,-0.0307185,-0.0190107,0.0674353,0.000620448,0.0352766,
0.0191557,0.703881,0.095874,-1.80262,-0.15608,0.934904,-1.34697,0.649069,0.178167,0.0342591,0.0195281,0.0220274,0.0315448,-0.0323209,-0.0201818,0.0655285,0.000592176,0.0356493,
0.0192931,0.703959,0.0959638,-1.80249,-0.156181,0.93483,-1.34665,0.649071,0.17831,0.0343552,0.01951,0.0224644,0.0304296,-0.0254235,-0.0185239,0.0801052,0.00126434,0.0352714,
0.0194306,0.704038,0.0960526,-1.80237,-0.156265,0.934765,-1.3463,0.649076,0.178451,0.0343708,0.019648,0.0222015,0.0304512,-0.0208166,-0.0161478,0.0854233,0.0015557,0.0354097,
0.0195682,0.704118,0.0961416,-1.80224,-0.156372,0.934694,-1.34601,0.649083,0.178593,0.0343863,0.0200718,0.0222408,0.0318246,-0.0268475,-0.0176512,0.0733962,0.00092664,0.0351981,
0.0197056,0.704198,0.0962303,-1.80212,-0.156495,0.934618,-1.34574,0.649086,0.178733,0.0343626,0.0199054,0.0221775,0.0320877,-0.0306745,-0.0191556,0.06742,0.000626592,0.0353038,
0.0198427,0.704276,0.0963184,-1.80199,-0.156624,0.934536,-1.34548,0.649089,0.178875,0.0342842,0.0195527,0.0220277,0.0319392,-0.0322846,-0.0203666,0.0655001,0.000595342,0.0356748,
0.0199803,0.704354,0.0964083,-1.80187,-0.156726,0.934461,-1.34516,0.649091,0.179017,0.034384,0.0195488,0.0224655,0.0308134,-0.0253956,-0.0187293,0.0800813,0.00126626,0.0352985,
0.020118,0.704435,0.0964972,-1.80174,-0.156808,0.934387,-1.34482,0.649096,0.179158,0.0344394,0.0201162,0.0222163,0.0307035,-0.0205441,-0.0186494,0.0856128,0.00146823,0.0356799,
0.0202558,0.704517,0.0965861,-1.80161,-0.156914,0.93431,-1.34452,0.649102,0.179301,0.0344478,0.0205014,0.022235,0.0319169,-0.0266648,-0.0192352,0.0734452,0.000870819,0.035459,
0.0203935,0.704598,0.0966748,-1.80149,-0.157037,0.934229,-1.34425,0.649106,0.179443,0.0344171,0.0203243,0.0221736,0.032159,-0.030598,-0.0202706,0.0674081,0.000592852,0.0355512,
0.0205309,0.704678,0.0967631,-1.80136,-0.157168,0.934143,-1.344,0.649108,0.179585,0.0343641,0.0200119,0.0220834,0.0321081,-0.0328666,-0.021454,0.0645031,0.000506538,0.0358214,
0.0206689,0.704758,0.0968533,-1.80123,-0.157271,0.934065,-1.34368,0.64911,0.179728,0.0344902,0.0199781,0.0225307,0.0309068,-0.0257686,-0.0196025,0.0796827,0.00121725,0.0354081,
0.020807,0.704838,0.0969423,-1.80111,-0.157355,0.933996,-1.34334,0.649115,0.17987,0.034521,0.0201146,0.0222626,0.0309149,-0.0210166,-0.017053,0.0852286,0.00153046,0.0355302,
0.0209451,0.70492,0.0970315,-1.80098,-0.157463,0.933923,-1.34304,0.649121,0.180012,0.0345367,0.0205304,0.022291,0.0322991,-0.0269416,-0.0184391,0.073281,0.000915404,0.0353198,
0.0210832,0.705002,0.0971204,-1.80085,-0.157586,0.933843,-1.34277,0.649125,0.180154,0.0345084,0.0203567,0.0222257,0.0325767,-0.0307115,-0.0198533,0.0673589,0.000625944,0.0354252,
0.0212209,0.705082,0.0972087,-1.80072,-0.157715,0.933759,-1.34251,0.649127,0.180295,0.0344268,0.0199973,0.0220768,0.0324437,-0.0323033,-0.0209999,0.0654517,0.000601399,0.0357923,
0.021359,0.705162,0.0972987,-1.8006,-0.157817,0.933682,-1.34219,0.64913,0.180438,0.0345255,0.0199899,0.0225113,0.0313307,-0.0254162,-0.0192725,0.0800693,0.00127773,0.0354125,
0.0214972,0.705242,0.0973877,-1.80047,-0.1579,0.933615,-1.34185,0.649135,0.18058,0.0345419,0.0201346,0.0222472,0.0313565,-0.0208182,-0.016852,0.0853902,0.00157079,0.0355497,
0.0216354,0.705325,0.0974769,-1.80034,-0.158007,0.933541,-1.34156,0.649141,0.180722,0.0345568,0.0205594,0.0222867,0.0327337,-0.0268233,-0.0183596,0.0733588,0.000942453,0.0353355,
0.0217735,0.705406,0.0975658,-1.80021,-0.15813,0.933462,-1.34129,0.649145,0.180864,0.0345323,0.0203925,0.0222254,0.0329965,-0.0306285,-0.0198606,0.0673912,0.000643901,0.0354379,
0.0219113,0.705486,0.0976541,-1.80008,-0.158259,0.933378,-1.34102,0.649147,0.181005,0.0344549,0.020041,0.0220795,0.03285,-0.032247,-0.0210734,0.0654471,0.000612244,0.0358022,
0.0220496,0.705566,0.0977441,-1.79995,-0.15836,0.9333,-1.3407,0.64915,0.181149,0.0345569,0.0200416,0.0225135,0.0317239,-0.0253782,-0.0193883,0.0800551,0.00128495,0.0354254,
0.022188,0.705649,0.0978332,-1.79982,-0.158443,0.933223,-1.34036,0.649155,0.18129,0.0346134,0.0206178,0.0222631,0.0316143,-0.0205343,-0.0193082,0.0855852,0.00148621,0.0358108,
0.0223265,0.705733,0.0979223,-1.79969,-0.158549,0.933143,-1.34007,0.649161,0.181433,0.0346208,0.0210006,0.0222814,0.0328286,-0.026637,-0.0199003,0.0734098,0.000888789,0.0355882,
0.0224648,0.705816,0.0980112,-1.79956,-0.158671,0.933059,-1.3398,0.649164,0.181576,0.034589,0.0208209,0.0222218,0.0330693,-0.0305522,-0.0209357,0.0673794,0.000611817,0.0356777,
0.0226029,0.705898,0.0980995,-1.79943,-0.1588,0.932972,-1.33954,0.649167,0.181719,0.03451,0.0204585,0.0220799,0.0329382,-0.0322426,-0.0218798,0.0653949,0.000595482,0.0360285,
0.0227413,0.70598,0.0981896,-1.7993,-0.158902,0.932892,-1.33922,0.649169,0.181863,0.0346127,0.0204492,0.0225129,0.031836,-0.0254185,-0.0199882,0.0799957,0.00127828,0.0356377,
0.02288,0.706064,0.0982786,-1.79917,-0.158984,0.932813,-1.33888,0.649174,0.182005,0.0346702,0.0210144,0.0222652,0.0317491,-0.020591,-0.0197758,0.0855214,0.00148613,0.0360135,
0.0230187,0.706149,0.0983678,-1.79904,-0.159091,0.932732,-1.33858,0.64918,0.182149,0.034678,0.0213784,0.0222852,0.0329831,-0.0266868,-0.0202743,0.0733511,0.00089488,0.0357765,
0.0231573,0.706234,0.0984567,-1.79891,-0.159213,0.932647,-1.33831,0.649184,0.182292,0.0346465,0.0211799,0.0222283,0.0332407,-0.0305907,-0.0212364,0.0673316,0.000623174,0.0358528,
0.0232956,0.706317,0.098545,-1.79878,-0.159343,0.932558,-1.33805,0.649186,0.182436,0.0345688,0.0208002,0.0220904,0.0331257,-0.0322819,-0.0221271,0.0653404,0.000609916,0.0361901,
0.0234343,0.7064,0.0986351,-1.79865,-0.159444,0.932478,-1.33773,0.649189,0.182581,0.0346731,0.0207757,0.0225226,0.0320375,-0.0254672,-0.0201674,0.0799516,0.00129527,0.0357876,
0.0235732,0.706486,0.0987242,-1.79852,-0.159527,0.932398,-1.33739,0.649194,0.182724,0.0347317,0.0213299,0.0222766,0.0319627,-0.0206404,-0.019922,0.0854762,0.00150379,0.0361561,
0.0237122,0.706572,0.0988134,-1.79839,-0.159634,0.932316,-1.3371,0.6492,0.182868,0.0347395,0.0216774,0.0222974,0.0332066,-0.0267223,-0.020395,0.0733128,0.000914225,0.0359084,
0.023851,0.706658,0.0989024,-1.79825,-0.159756,0.932231,-1.33683,0.649204,0.183012,0.0347079,0.0214641,0.0222425,0.0334726,-0.0306121,-0.0213347,0.0673046,0.000644377,0.0359749,
0.0239895,0.706743,0.0989908,-1.79812,-0.159886,0.932142,-1.33657,0.649206,0.183156,0.0346311,0.0210721,0.0221079,0.033367,-0.0323049,-0.0222109,0.0653031,0.000631333,0.0363009,
0.0241285,0.706827,0.099081,-1.79799,-0.159988,0.932061,-1.33625,0.649209,0.183301,0.0347366,0.0210369,0.0225382,0.0322866,-0.0255004,-0.0202123,0.0799229,0.00131743,0.0358904,
0.0242677,0.706913,0.0991702,-1.79786,-0.16007,0.931981,-1.3359,0.649214,0.183445,0.0347958,0.0215855,0.0222929,0.0322186,-0.0206759,-0.0199609,0.0854442,0.0015251,0.0362548,
0.0244069,0.707001,0.0992594,-1.79773,-0.160177,0.9319,-1.33561,0.64922,0.18359,0.0348032,0.0219216,0.0223139,0.0334678,-0.026745,-0.0204293,0.0732869,0.000936066,0.0359997,
0.024546,0.707088,0.0993485,-1.79759,-0.1603,0.931814,-1.33534,0.649224,0.183734,0.0347712,0.0216983,0.0222603,0.0337381,-0.0306214,-0.0213641,0.0672897,0.000667125,0.036059,
0.0246848,0.707173,0.0994372,-1.79746,-0.160431,0.931724,-1.33508,0.649226,0.183878,0.034719,0.021344,0.0221776,0.033713,-0.0328447,-0.0224687,0.0644231,0.000589345,0.0362956,
0.0248242,0.707258,0.0995276,-1.79733,-0.160534,0.931643,-1.33477,0.649229,0.184023,0.0348476,0.0212829,0.0226145,0.0325465,-0.0258236,-0.0204345,0.0795988,0.00130254,0.0358607,
0.0249639,0.707345,0.0996171,-1.7972,-0.160618,0.931562,-1.33442,0.649234,0.184166,0.0349173,0.0218299,0.0223624,0.0324567,-0.0208467,-0.0201424,0.0853253,0.00152278,0.0362186,
0.0251036,0.707434,0.0997065,-1.79706,-0.160725,0.93148,-1.33413,0.64924,0.184311,0.0349217,0.0221567,0.0223701,0.0337064,-0.0268208,-0.0205656,0.0732469,0.000942483,0.0359724,
0.0252431,0.707522,0.0997958,-1.79693,-0.160848,0.931394,-1.33386,0.649244,0.184455,0.0348826,0.0219277,0.0223113,0.0339836,-0.030647,-0.0214684,0.0673006,0.00067985,0.0360386,
0.0253823,0.707608,0.0998845,-1.79679,-0.160977,0.931305,-1.3336,0.649247,0.184599,0.0348009,0.0215242,0.0221775,0.0338933,-0.0323268,-0.0223256,0.0652982,0.000669434,0.0363583,
0.0255219,0.707694,0.0999749,-1.79666,-0.161079,0.931224,-1.33328,0.649249,0.184745,0.0349029,0.0214793,0.0225997,0.0328252,-0.0255332,-0.0202541,0.0799492,0.00135843,0.0359463,
0.0256616,0.70778,0.100064,-1.79653,-0.161163,0.931153,-1.33294,0.649255,0.184889,0.0349183,0.0215834,0.0223339,0.0329006,-0.0209937,-0.0176157,0.085248,0.00165661,0.0360548,
0.0258013,0.707868,0.100154,-1.79639,-0.161271,0.931077,-1.33265,0.649261,0.185033,0.0349292,0.0219581,0.0223768,0.034317,-0.0269241,-0.0190688,0.0732385,0.00103434,0.0358088,
0.0259409,0.707955,0.100243,-1.79625,-0.161393,0.930995,-1.33238,0.649266,0.185176,0.0349016,0.0217442,0.0223227,0.0346072,-0.030656,-0.0205138,0.0673217,0.000743172,0.03588,
0.0260802,0.70804,0.100332,-1.79611,-0.161523,0.930908,-1.33212,0.649268,0.18532,0.0348271,0.0213559,0.0221913,0.0344941,-0.0322899,-0.021701,0.065313,0.000710763,0.0362036,
0.02622,0.708126,0.100422,-1.79598,-0.161624,0.930829,-1.3318,0.649271,0.185464,0.0349334,0.0213257,0.0226124,0.0333931,-0.0254783,-0.0198482,0.0799704,0.00138705,0.0358054,
0.0263599,0.708213,0.100512,-1.79585,-0.161707,0.93075,-1.33146,0.649277,0.185608,0.0349915,0.0218951,0.0223623,0.0333059,-0.0206514,-0.0197714,0.0854824,0.0015835,0.0361866,
0.0264999,0.708302,0.100601,-1.79571,-0.161814,0.930668,-1.33116,0.649283,0.185752,0.0349953,0.0222382,0.0223801,0.0345369,-0.0266914,-0.0203698,0.0733255,0.000987837,0.0359421,
0.0266397,0.70839,0.100691,-1.79557,-0.161936,0.930582,-1.33089,0.649287,0.185896,0.0349598,0.022024,0.0223257,0.0347895,-0.030541,-0.0214037,0.0673426,0.000714759,0.0360091,
0.0267793,0.708477,0.100779,-1.79543,-0.162065,0.930493,-1.33063,0.64929,0.18604,0.0348832,0.021638,0.0221967,0.0346799,-0.0322536,-0.0223683,0.0652873,0.000694705,0.0363264,
0.0269192,0.708563,0.10087,-1.7953,-0.162167,0.930412,-1.33031,0.649293,0.186186,0.0349895,0.0216094,0.0226155,0.0335924,-0.0254901,-0.0203455,0.0799343,0.00137933,0.0359229,
0.0270594,0.708652,0.100959,-1.79516,-0.16225,0.930331,-1.32997,0.649298,0.186329,0.035048,0.0221794,0.0223665,0.0335191,-0.0206831,-0.0201709,0.0854392,0.00158094,0.0363017,
0.0271996,0.708742,0.101049,-1.79502,-0.162357,0.930248,-1.32968,0.649305,0.186474,0.0350516,0.0225143,0.0223853,0.034762,-0.0267189,-0.0207027,0.0732847,0.000990239,0.0360503,
0.0273397,0.708831,0.101138,-1.79488,-0.162479,0.930161,-1.32941,0.649309,0.186619,0.0350161,0.0222914,0.0223328,0.0350246,-0.0305599,-0.0216862,0.0673105,0.000721377,0.0361107,
0.0274796,0.708919,0.101227,-1.79474,-0.16261,0.93007,-1.32915,0.649311,0.186763,0.0349624,0.0219389,0.0222517,0.0349938,-0.0327559,-0.0228304,0.0644645,0.000644315,0.0363463,
0.0276199,0.709007,0.101318,-1.79461,-0.162713,0.929987,-1.32883,0.649314,0.186908,0.0350903,0.0218854,0.0226772,0.0338309,-0.0257945,-0.020747,0.0796248,0.00135591,0.03592,
0.0277605,0.709096,0.101408,-1.79447,-0.162796,0.929905,-1.32849,0.649319,0.187052,0.0351588,0.0224517,0.0224225,0.0337408,-0.0208477,-0.0205095,0.0853189,0.00157075,0.0362924,
0.0279012,0.709187,0.101497,-1.79433,-0.162904,0.929821,-1.3282,0.649326,0.187197,0.03516,0.0227762,0.0224296,0.0349872,-0.0267969,-0.0209823,0.0732354,0.00098924,0.0360487,
0.0280417,0.709278,0.101587,-1.79419,-0.163026,0.929733,-1.32793,0.64933,0.187341,0.0351184,0.0225455,0.0223731,0.0352586,-0.0305914,-0.02192,0.0673068,0.000727194,0.0361148,
0.0281818,0.709366,0.101676,-1.79405,-0.163155,0.929642,-1.32767,0.649333,0.187486,0.0350378,0.0221452,0.0222457,0.0351697,-0.0322914,-0.0228199,0.0652533,0.000713332,0.0364262,
0.0283224,0.709455,0.101766,-1.79392,-0.163257,0.929559,-1.32735,0.649335,0.187632,0.0351419,0.0221047,0.0226588,0.0340996,-0.0255372,-0.0206934,0.0799324,0.00140328,0.0360197,
0.0284632,0.709545,0.101856,-1.79378,-0.16334,0.929477,-1.32701,0.649341,0.187776,0.0351978,0.0226693,0.0224079,0.0340412,-0.0207289,-0.0204806,0.0854384,0.00160629,0.0364012,
0.028604,0.709637,0.101946,-1.79364,-0.163447,0.929393,-1.32671,0.649348,0.187921,0.0351971,0.0229869,0.0224242,0.0352959,-0.0267398,-0.0209845,0.0732925,0.00101853,0.0361469,
0.0287446,0.709728,0.102035,-1.7935,-0.163569,0.929306,-1.32644,0.649352,0.188066,0.0351575,0.0227478,0.0223719,0.0355679,-0.030556,-0.0219421,0.0673358,0.000752823,0.0362034,
0.0288849,0.709818,0.102124,-1.79335,-0.163698,0.929214,-1.32618,0.649355,0.188211,0.0350801,0.0223411,0.0222488,0.0354804,-0.0322773,-0.0228604,0.0652487,0.000735224,0.0365048,
0.0290257,0.709907,0.102215,-1.79322,-0.163801,0.929131,-1.32586,0.649358,0.188357,0.0351868,0.0222945,0.0226601,0.0344104,-0.0255432,-0.0207245,0.0799213,0.00142363,0.0360943,
0.0291666,0.709998,0.102304,-1.79308,-0.163884,0.929049,-1.32552,0.649363,0.188501,0.0352445,0.0228584,0.0224104,0.0343524,-0.0207443,-0.0205292,0.0854171,0.00162436,0.0364745,
0.0293076,0.710091,0.102394,-1.79294,-0.163991,0.928965,-1.32523,0.64937,0.188647,0.0352448,0.0231705,0.0224279,0.0356069,-0.0267482,-0.0210478,0.0732716,0.00103586,0.0362156,
0.0294484,0.710183,0.102484,-1.79279,-0.164113,0.928877,-1.32496,0.649374,0.188792,0.0352061,0.022927,0.0223777,0.0358783,-0.0305547,-0.0220148,0.0673209,0.000770064,0.0362675,
0.029589,0.710273,0.102573,-1.79265,-0.164244,0.928784,-1.3247,0.649377,0.188937,0.0351507,0.0225567,0.022299,0.0358565,-0.0327241,-0.0231461,0.0644956,0.000696085,0.0364932,
0.0297302,0.710363,0.102664,-1.79251,-0.164347,0.928701,-1.32438,0.64938,0.189083,0.0352778,0.0224917,0.0227162,0.034709,-0.0258087,-0.020984,0.0796428,0.00140756,0.0360643,
0.0298715,0.710455,0.102754,-1.79237,-0.16443,0.928617,-1.32404,0.649385,0.189227,0.0353451,0.0230579,0.0224609,0.0346296,-0.0208828,-0.0207584,0.0853106,0.00161887,0.0364409,
0.0300129,0.710548,0.102843,-1.79223,-0.164538,0.928532,-1.32375,0.649392,0.189373,0.0353436,0.0233657,0.0224677,0.0358822,-0.0268077,-0.0212447,0.073229,0.00103756,0.0361914,
0.0301541,0.710641,0.102933,-1.79208,-0.16466,0.928444,-1.32348,0.649396,0.189518,0.0352997,0.0231203,0.022414,0.0361573,-0.0305719,-0.0221874,0.0673194,0.000777033,0.0362501,
0.030295,0.710732,0.103022,-1.79194,-0.164789,0.928351,-1.32322,0.649399,0.189663,0.03522,0.0227106,0.0222929,0.0360776,-0.032285,-0.0231036,0.0652255,0.000760856,0.036548,
0.0304363,0.710822,0.103113,-1.7918,-0.164891,0.928268,-1.3229,0.649402,0.189809,0.0353256,0.0226622,0.0226984,0.0350131,-0.0255631,-0.0209141,0.0799245,0.0014516,0.0361392,
0.0305778,0.710915,0.103203,-1.79166,-0.164974,0.928185,-1.32256,0.649408,0.189953,0.0353817,0.0232313,0.0224465,0.03496,-0.0207665,-0.0207241,0.0854173,0.0016514,0.0365257,
0.0307193,0.71101,0.103293,-1.79152,-0.165081,0.9281,-1.32226,0.649415,0.1901,0.0353787,0.0235365,0.022462,0.0362176,-0.0267487,-0.0212492,0.0732773,0.0010639,0.0362678,
0.0308607,0.711103,0.103382,-1.79137,-0.165204,0.928011,-1.32199,0.649419,0.190245,0.0353369,0.0232868,0.0224121,0.0364908,-0.0305329,-0.0222184,0.0673414,0.000799664,0.0363191,
0.0310017,0.711194,0.103472,-1.79122,-0.165333,0.927918,-1.32173,0.649422,0.19039,0.0352605,0.0228746,0.022295,0.0364102,-0.0322664,-0.0231588,0.0652151,0.000779701,0.0366088,
0.0311432,0.711285,0.103562,-1.79108,-0.165435,0.927834,-1.32141,0.649425,0.190536,0.0353686,0.0228234,0.0226989,0.0353439,-0.025564,-0.0209652,0.0799085,0.0014689,0.0361977,
0.0312849,0.711379,0.103652,-1.79094,-0.165518,0.927751,-1.32107,0.649431,0.190681,0.0354266,0.0233947,0.0224479,0.0352893,-0.0207769,-0.0207964,0.0853916,0.00166647,0.036584,
0.0314266,0.711474,0.103742,-1.7908,-0.165625,0.927666,-1.32078,0.649438,0.190827,0.0354246,0.0236972,0.0224646,0.0365452,-0.0267524,-0.0213392,0.0732512,0.00107818,0.0363232,
0.0315681,0.711568,0.103832,-1.79065,-0.165747,0.927577,-1.32051,0.649442,0.190973,0.0353838,0.0234455,0.0224168,0.0368164,-0.0305275,-0.0223205,0.0673206,0.000813782,0.036371,
0.0317094,0.71166,0.103921,-1.7905,-0.165878,0.927483,-1.32025,0.649445,0.191118,0.0353278,0.0230691,0.0223405,0.0367955,-0.0326731,-0.0234635,0.0645129,0.000741472,0.0365913,
0.0318513,0.711752,0.104012,-1.79036,-0.165981,0.927398,-1.31993,0.649448,0.191265,0.0354548,0.0230028,0.0227495,0.0356562,-0.0258046,-0.021246,0.0796455,0.0014521,0.0361645,
0.0319934,0.711846,0.104102,-1.79022,-0.166065,0.927314,-1.31959,0.649454,0.191409,0.0355218,0.0235779,0.0224933,0.0355808,-0.0209013,-0.0210501,0.0852867,0.00165948,0.0365486,
0.0321354,0.711942,0.104192,-1.79007,-0.166172,0.927227,-1.3193,0.649461,0.191555,0.0355181,0.0238779,0.0225003,0.036834,-0.026804,-0.0215642,0.0732043,0.00107784,0.0362971,
0.0322773,0.712036,0.104282,-1.78992,-0.166294,0.927137,-1.31903,0.649465,0.191701,0.0354726,0.0236258,0.0224492,0.0371078,-0.0305403,-0.0225239,0.0673111,0.000818327,0.036352,
0.032419,0.712129,0.104371,-1.78977,-0.166425,0.927043,-1.31877,0.649468,0.191846,0.0354125,0.023249,0.0223708,0.0370905,-0.0326636,-0.0236517,0.0645261,0.00074975,0.0365774,
0.0325611,0.712222,0.104462,-1.78963,-0.166528,0.926957,-1.31845,0.649471,0.191992,0.0355365,0.0231843,0.0227758,0.0359567,-0.0258013,-0.0213999,0.0796677,0.00146219,0.0361557,
0.0327035,0.712317,0.104552,-1.78948,-0.166612,0.926872,-1.31811,0.649477,0.192137,0.0356008,0.0237632,0.0225172,0.0358851,-0.0208998,-0.0211993,0.0853063,0.00166973,0.0365463,
0.0328459,0.712413,0.104643,-1.78934,-0.166719,0.926785,-1.31782,0.649484,0.192283,0.035594,0.0240607,0.0225223,0.0371407,-0.0267928,-0.0217112,0.0732246,0.00108898,0.0362984,
0.0329881,0.712508,0.104732,-1.78919,-0.166841,0.926695,-1.31755,0.649488,0.192428,0.0355457,0.023806,0.0224704,0.0374159,-0.0305194,-0.022668,0.0673372,0.000830488,0.0363559,
0.0331299,0.712602,0.104822,-1.78904,-0.16697,0.9266,-1.31729,0.649491,0.192574,0.0354659,0.023393,0.0223557,0.0373435,-0.0322504,-0.0236128,0.0651907,0.000811539,0.036644,
0.0332722,0.712695,0.104913,-1.78889,-0.167072,0.926515,-1.31697,0.649495,0.19272,0.0355722,0.0233422,0.0227507,0.0362822,-0.0255702,-0.0213494,0.0799174,0.0015037,0.0362396,
0.0334147,0.712791,0.105003,-1.78875,-0.167155,0.92643,-1.31663,0.649501,0.192865,0.0356277,0.0239234,0.0224959,0.036232,-0.0207897,-0.0211919,0.0853943,0.00169992,0.0366383,
0.0335572,0.712888,0.105093,-1.7886,-0.167262,0.926343,-1.31633,0.649508,0.193012,0.0356208,0.0242188,0.0225097,0.0374904,-0.026736,-0.0217472,0.0732574,0.00111285,0.0363821,
0.0336995,0.712984,0.105183,-1.78845,-0.167384,0.926252,-1.31606,0.649512,0.193157,0.0355754,0.0239609,0.0224621,0.0377622,-0.0304815,-0.0227338,0.0673445,0.000850517,0.0364321,
0.0338416,0.713078,0.105272,-1.78829,-0.167514,0.926157,-1.31581,0.649515,0.193303,0.0355165,0.0235795,0.0223864,0.0377426,-0.032605,-0.023882,0.0645523,0.000780428,0.0366527,
0.0339842,0.713172,0.105363,-1.78815,-0.167618,0.92607,-1.31549,0.649518,0.19345,0.0356417,0.0235131,0.0227865,0.0366112,-0.0257804,-0.021607,0.0796745,0.00149093,0.0362328,
0.034127,0.713269,0.105453,-1.788,-0.167701,0.925984,-1.31515,0.649524,0.193595,0.0357067,0.0240971,0.0225278,0.0365399,-0.0208982,-0.0214334,0.0852919,0.00169522,0.0366284,
0.0342698,0.713366,0.105544,-1.78785,-0.167808,0.925897,-1.31485,0.649531,0.193741,0.0356995,0.0243902,0.0225339,0.0377942,-0.02678,-0.0219695,0.0732052,0.00111354,0.0363792,
0.0344124,0.713463,0.105634,-1.7877,-0.16793,0.925805,-1.31458,0.649536,0.193887,0.0356511,0.0241319,0.0224844,0.0380671,-0.030491,-0.0229416,0.0673247,0.000855164,0.0364343,
0.0345547,0.713558,0.105723,-1.78755,-0.168059,0.925709,-1.31432,0.649539,0.194032,0.0355729,0.0237183,0.022374,0.0379961,-0.0322313,-0.023906,0.0651516,0.000834294,0.036716,
0.0346974,0.713652,0.105814,-1.7874,-0.168161,0.925623,-1.314,0.649542,0.194179,0.0356812,0.0236676,0.0227652,0.0369346,-0.0255721,-0.0216126,0.0798909,0.00152683,0.0363125,
0.0348403,0.713749,0.105904,-1.78725,-0.168245,0.925537,-1.31366,0.649549,0.194325,0.0357378,0.0242557,0.0225099,0.0368843,-0.0207999,-0.0214731,0.0853599,0.00172121,0.0367157,
0.0349833,0.713847,0.105994,-1.7871,-0.168352,0.925449,-1.31337,0.649555,0.194471,0.0357301,0.0245474,0.0225237,0.038142,-0.0267301,-0.0220451,0.0732226,0.0011342,0.0364592,
0.035126,0.713945,0.106084,-1.78694,-0.168473,0.925356,-1.3131,0.64956,0.194617,0.0356841,0.0242867,0.0224782,0.0384121,-0.0304568,-0.0230414,0.0673197,0.000872632,0.0365074,
0.0352685,0.71404,0.106174,-1.78679,-0.168604,0.92526,-1.31284,0.649563,0.194763,0.0356255,0.0239036,0.0224046,0.0383916,-0.0325663,-0.024197,0.0645364,0.000803528,0.0367255,
0.0354115,0.714136,0.106265,-1.78664,-0.168707,0.925172,-1.31252,0.649567,0.19491,0.0357515,0.0238386,0.0228004,0.0372638,-0.0257706,-0.0218892,0.079652,0.00151373,0.0363076,
0.0355548,0.714233,0.106355,-1.78649,-0.16879,0.925085,-1.31218,0.649573,0.195055,0.0358169,0.0244297,0.0225412,0.0371937,-0.0209024,-0.0217318,0.0852543,0.00171593,0.036708,
0.035698,0.714332,0.106445,-1.78634,-0.168897,0.924996,-1.31189,0.64958,0.195202,0.0358089,0.0247192,0.0225478,0.0384477,-0.0267709,-0.022284,0.0731646,0.00113416,0.0364582,
0.0358411,0.71443,0.106535,-1.78618,-0.169019,0.924903,-1.31162,0.649584,0.195348,0.0357598,0.0244584,0.0225004,0.0387189,-0.0304647,-0.0232651,0.0672925,0.000876464,0.0365113,
0.0359839,0.714526,0.106625,-1.78603,-0.16915,0.924805,-1.31136,0.649588,0.195494,0.0356986,0.0240754,0.0224258,0.0387007,-0.0325553,-0.0244098,0.0645279,0.00081034,0.0367328,
0.0361271,0.714622,0.106716,-1.78588,-0.169253,0.924717,-1.31104,0.649591,0.195641,0.0358229,0.0240124,0.0228185,0.037577,-0.0257668,-0.0220733,0.0796513,0.00152199,0.0363184,
0.0362707,0.714721,0.106807,-1.78573,-0.169336,0.924629,-1.3107,0.649597,0.195786,0.0358867,0.0246074,0.0225577,0.0375095,-0.0209009,-0.0219129,0.085251,0.00172425,0.0367237,
0.0364142,0.71482,0.106897,-1.78557,-0.169443,0.92454,-1.31041,0.649604,0.195933,0.0358766,0.0248951,0.022563,0.0387652,-0.0267606,-0.0224643,0.0731611,0.00114319,0.0364763,
0.0365575,0.714919,0.106987,-1.78542,-0.169565,0.924446,-1.31014,0.649608,0.196079,0.0358256,0.0246325,0.0225154,0.039037,-0.0304452,-0.0234433,0.0672938,0.000886371,0.0365309,
0.0367006,0.715016,0.107077,-1.78526,-0.169695,0.924347,-1.30988,0.649612,0.196225,0.0357631,0.0242481,0.0224408,0.0390195,-0.0325292,-0.0245868,0.0645337,0.000821145,0.0367532,
0.0368441,0.715113,0.107168,-1.78511,-0.169798,0.924259,-1.30956,0.649615,0.196372,0.0358865,0.0241852,0.0228305,0.0378985,-0.0257543,-0.0222304,0.079655,0.00153297,0.0363416,
0.0369879,0.715212,0.107258,-1.78496,-0.169882,0.92417,-1.30922,0.649621,0.196518,0.0359495,0.0247829,0.0225687,0.0378325,-0.020895,-0.0220743,0.0852481,0.00173449,0.036751,
0.0371316,0.715312,0.107349,-1.7848,-0.169989,0.92408,-1.30893,0.649628,0.196665,0.0359379,0.0250682,0.0225734,0.0390888,-0.0267483,-0.0226307,0.073156,0.00115352,0.0365048,
0.0372752,0.715411,0.107439,-1.78465,-0.17011,0.923985,-1.30866,0.649633,0.196811,0.0358858,0.0248037,0.0225262,0.0393605,-0.0304248,-0.0236119,0.0672922,0.000897138,0.03656,
0.0374185,0.715509,0.107528,-1.78449,-0.17024,0.923886,-1.3084,0.649637,0.196957,0.0358226,0.0244178,0.022452,0.0393431,-0.0325028,-0.0247571,0.0645355,0.000832466,0.0367824,
0.0375623,0.715606,0.10762,-1.78434,-0.170343,0.923797,-1.30808,0.64964,0.197104,0.0359457,0.024355,0.0228392,0.0382243,-0.0257418,-0.0223835,0.0796544,0.00154425,0.0363728,
0.0377063,0.715706,0.10771,-1.78418,-0.170427,0.923708,-1.30774,0.649646,0.19725,0.0360083,0.0249555,0.0225766,0.0381592,-0.0208892,-0.0222334,0.0852405,0.00174489,0.0367857,
0.0378503,0.715807,0.1078,-1.78403,-0.170534,0.923617,-1.30745,0.649653,0.197397,0.0359958,0.0252387,0.0225812,0.0394158,-0.0267362,-0.0227962,0.0731459,0.00116389,0.0365402,
0.0379941,0.715907,0.107891,-1.78387,-0.170656,0.923521,-1.30718,0.649658,0.197543,0.0359428,0.0249725,0.0225347,0.039687,-0.0304048,-0.0237806,0.0672852,0.000907847,0.0365953,
0.0381375,0.716005,0.10798,-1.78371,-0.170784,0.923422,-1.30692,0.649661,0.197689,0.035865,0.024557,0.0224319,0.0396228,-0.0321642,-0.0247745,0.0650522,0.000884123,0.0368674,
0.0382814,0.716103,0.108072,-1.78355,-0.170886,0.923333,-1.3066,0.649665,0.197837,0.035975,0.0245067,0.0228119,0.0385632,-0.0255538,-0.0223952,0.0798282,0.00157882,0.0364702,
0.0384255,0.716204,0.108162,-1.7834,-0.17097,0.923244,-1.30626,0.649671,0.197983,0.0360316,0.0251101,0.0225532,0.0385149,-0.0208007,-0.0222842,0.0852816,0.00176991,0.0368881,
0.0385696,0.716305,0.108252,-1.78324,-0.171076,0.923152,-1.30597,0.649678,0.19813,0.0360199,0.0253917,0.0225655,0.039773,-0.0266904,-0.0228854,0.0731413,0.00118362,0.0366343,
0.0387135,0.716406,0.108342,-1.78308,-0.171198,0.923057,-1.3057,0.649683,0.198277,0.0359701,0.0251234,0.0225234,0.0400407,-0.0303727,-0.0238958,0.0672602,0.000924352,0.0366819,
0.0388571,0.716505,0.108432,-1.78292,-0.171328,0.922956,-1.30544,0.649687,0.198423,0.0359102,0.0247348,0.0224534,0.0400196,-0.0324494,-0.0250625,0.0644973,0.000858054,0.0368972,
0.0390013,0.716603,0.108523,-1.78276,-0.171431,0.922866,-1.30512,0.64969,0.198571,0.0360364,0.0246724,0.0228375,0.0389015,-0.0257233,-0.022671,0.079601,0.001568,0.0364865,
0.0391457,0.716704,0.108614,-1.78261,-0.171514,0.922775,-1.30478,0.649696,0.198717,0.0361014,0.0252791,0.022576,0.0388353,-0.0208883,-0.0225456,0.0851691,0.0017657,0.0369011,
0.03929,0.716807,0.108704,-1.78245,-0.171621,0.922683,-1.30449,0.649703,0.198865,0.0360899,0.0255593,0.0225826,0.0400897,-0.0267239,-0.023131,0.0730693,0.00118385,0.0366521,
0.0394342,0.716908,0.108794,-1.78229,-0.171743,0.922586,-1.30422,0.649708,0.199011,0.0360381,0.0252911,0.0225395,0.0403578,-0.0303771,-0.0241291,0.067215,0.000927883,0.0367027,
0.0395781,0.717007,0.108884,-1.78213,-0.171872,0.922485,-1.30396,0.649712,0.199158,0.0359765,0.024903,0.0224691,0.0403382,-0.0324371,-0.0252869,0.0644684,0.000864156,0.0369197,
0.0397227,0.717109,0.108975,-1.78197,-0.171974,0.922383,-1.30364,0.649715,0.199306,0.0361478,0.0253218,0.0228592,0.0390537,-0.0254482,-0.0256527,0.0797736,0.001494,0.0367162,
0.0398675,0.717212,0.109066,-1.78181,-0.172057,0.922285,-1.3033,0.649721,0.199452,0.0361963,0.0258873,0.0225637,0.0388193,-0.0207447,-0.0243772,0.0851563,0.00172498,0.0371632,
0.0400122,0.717317,0.109156,-1.78165,-0.172164,0.922188,-1.30301,0.649728,0.199601,0.0361692,0.0261436,0.0225701,0.0400601,-0.0266898,-0.0243734,0.0730303,0.00117136,0.0369054,
0.0401566,0.71742,0.109246,-1.78149,-0.172285,0.922088,-1.30274,0.649733,0.199749,0.0361099,0.0258533,0.0225293,0.0403552,-0.0303943,-0.0250172,0.0671753,0.000937487,0.0369454,
0.0403008,0.717522,0.109336,-1.78133,-0.172415,0.921984,-1.30249,0.649737,0.199897,0.036045,0.0254411,0.0224625,0.0403711,-0.0324683,-0.0259264,0.0644378,0.000889224,0.0371516,
0.0404455,0.717624,0.109427,-1.78117,-0.172518,0.921891,-1.30217,0.64974,0.200045,0.0361694,0.0253588,0.0228424,0.0392953,-0.0257823,-0.0232949,0.079544,0.00160824,0.036729,
0.0405904,0.717727,0.109518,-1.78102,-0.172602,0.921799,-1.30183,0.649747,0.200192,0.036233,0.0259493,0.0225825,0.0392633,-0.0209589,-0.023035,0.0851027,0.00180982,0.0371388,
0.0407353,0.717832,0.109608,-1.78086,-0.172709,0.921704,-1.30153,0.649754,0.200341,0.0362186,0.0261974,0.0225893,0.0405447,-0.0267708,-0.0235227,0.0730151,0.00123342,0.0368768,
0.0408799,0.717936,0.109698,-1.78069,-0.172831,0.921607,-1.30127,0.649759,0.200488,0.0361642,0.0258989,0.0225495,0.040835,-0.0303948,-0.0244437,0.0671831,0.000982735,0.0369143,
0.0410243,0.718038,0.109788,-1.78053,-0.172961,0.921504,-1.30101,0.649763,0.200636,0.0361015,0.0254829,0.022483,0.0408358,-0.0324299,-0.0255375,0.0644561,0.000922925,0.0371187,
0.0411692,0.718139,0.109879,-1.78037,-0.173064,0.921412,-1.30069,0.649766,0.200784,0.0362266,0.0253999,0.0228594,0.0397458,-0.0257471,-0.02302,0.079554,0.00163413,0.0367007,
0.0413144,0.718243,0.10997,-1.78021,-0.173147,0.921321,-1.30035,0.649773,0.200931,0.0362902,0.0259978,0.0225978,0.0396999,-0.0209287,-0.0228684,0.0850997,0.00182902,0.0371159,
0.0414595,0.718348,0.11006,-1.78005,-0.173254,0.921227,-1.30006,0.64978,0.20108,0.0362752,0.0262503,0.022604,0.0409686,-0.0267345,-0.0234361,0.0730083,0.00124845,0.0368574,
0.0416044,0.718452,0.110151,-1.77988,-0.173376,0.92113,-1.29979,0.649785,0.201227,0.0362203,0.0259581,0.0225645,0.0412474,-0.0303502,-0.0244153,0.0671782,0.000994813,0.0368972,
0.041749,0.718554,0.110241,-1.77972,-0.173505,0.921027,-1.29953,0.649789,0.201375,0.0361576,0.0255495,0.022498,0.0412387,-0.0323806,-0.0255557,0.0644528,0.00093309,0.0371029,
0.0418943,0.718658,0.110332,-1.77956,-0.173607,0.920924,-1.29921,0.649793,0.201523,0.0363302,0.0259663,0.0228805,0.0399669,-0.0254303,-0.0259048,0.079743,0.00156017,0.0369058,
0.0420398,0.718764,0.110422,-1.7794,-0.17369,0.920825,-1.29887,0.649799,0.201671,0.036378,0.0265288,0.0225835,0.0397415,-0.0207585,-0.0246172,0.0850912,0.00178692,0.0373555,
0.0421852,0.718871,0.110513,-1.77923,-0.173797,0.920727,-1.29858,0.649806,0.20182,0.0363477,0.0267639,0.0225897,0.0409893,-0.0266822,-0.0246136,0.0729704,0.00123369,0.0370897,
0.0423304,0.718977,0.110603,-1.77907,-0.173918,0.920626,-1.29831,0.649811,0.201968,0.036286,0.0264561,0.0225526,0.0412896,-0.0303533,-0.0252555,0.0671375,0.00100144,0.0371199,
0.0424753,0.719081,0.110693,-1.7789,-0.174048,0.920521,-1.29805,0.649815,0.202117,0.0362207,0.0260295,0.0224897,0.0413118,-0.0324,-0.0261615,0.0644196,0.000954631,0.0373155,
0.0426208,0.719187,0.110784,-1.77874,-0.17415,0.920416,-1.29773,0.649819,0.202266,0.0363935,0.0264344,0.0228716,0.0400726,-0.0254777,-0.0263317,0.0797048,0.00158883,0.0371131,
0.0427666,0.719295,0.110875,-1.77858,-0.174233,0.920316,-1.29739,0.649826,0.202415,0.0364413,0.0269815,0.0225766,0.039875,-0.0208205,-0.0249139,0.0850424,0.00181943,0.0375551,
0.0429122,0.719404,0.110965,-1.77842,-0.17434,0.920217,-1.2971,0.649833,0.202565,0.03641,0.0271902,0.0225837,0.0411455,-0.0267321,-0.0248174,0.0729336,0.0012711,0.0372755,
0.0430576,0.719511,0.111055,-1.77825,-0.174461,0.920115,-1.29683,0.649838,0.202714,0.0363475,0.0268574,0.0225502,0.0414652,-0.0303836,-0.0253875,0.067118,0.00104313,0.0372936,
0.0432028,0.719617,0.111145,-1.77809,-0.174591,0.92001,-1.29658,0.649842,0.202863,0.0362823,0.0264077,0.0224907,0.0415052,-0.0324133,-0.0262353,0.0644151,0.00099944,0.0374766,
0.0433486,0.719724,0.111237,-1.77793,-0.174693,0.919905,-1.29626,0.649846,0.203013,0.0364562,0.0267985,0.0228705,0.0402837,-0.0255077,-0.0263586,0.0796905,0.00163307,0.0372699,
0.0434946,0.719833,0.111327,-1.77777,-0.174776,0.919805,-1.29592,0.649853,0.203162,0.0365042,0.027332,0.0225768,0.0401001,-0.0208626,-0.0249042,0.0850112,0.00186195,0.0377058,
0.0436405,0.719943,0.111417,-1.7776,-0.174884,0.919706,-1.29563,0.64986,0.203313,0.036472,0.0275186,0.0225844,0.0413818,-0.0267623,-0.0247821,0.072913,0.00131458,0.0374149,
0.0437861,0.720052,0.111508,-1.77743,-0.175005,0.919605,-1.29536,0.649865,0.203463,0.0364087,0.0271669,0.0225542,0.0417113,-0.0303934,-0.0253302,0.0671135,0.00108774,0.0374226,
0.0439315,0.720159,0.111598,-1.77727,-0.175135,0.9195,-1.2951,0.64987,0.203612,0.0363439,0.0267006,0.0224976,0.041761,-0.032407,-0.0261598,0.0644239,0.00104489,0.0375943,
0.0440776,0.720267,0.111689,-1.7771,-0.175237,0.919395,-1.29478,0.649874,0.203763,0.0365189,0.0270839,0.0228741,0.0405501,-0.0255209,-0.0262708,0.0796848,0.00167636,0.037386,
0.0442238,0.720378,0.111779,-1.77694,-0.17532,0.919296,-1.29444,0.649881,0.203912,0.0365669,0.0276106,0.022581,0.0403744,-0.0208907,-0.0248074,0.084985,0.00190235,0.0378184,
0.04437,0.720489,0.11187,-1.77678,-0.175427,0.919197,-1.29415,0.649888,0.204063,0.0365337,0.0277812,0.022589,0.0416619,-0.0267796,-0.0246809,0.0728967,0.00135507,0.0375193,
0.0445159,0.720598,0.11196,-1.77661,-0.175549,0.919096,-1.29388,0.649894,0.204213,0.0364698,0.0274165,0.0225614,0.0419967,-0.0303916,-0.0252245,0.0671129,0.00112875,0.0375184,
0.0446615,0.720706,0.11205,-1.77644,-0.175679,0.918992,-1.29362,0.649898,0.204364,0.0364053,0.0269394,0.0225074,0.042052,-0.03239,-0.0260508,0.0644358,0.00108632,0.0376806,
0.0448078,0.720815,0.112142,-1.77628,-0.175781,0.918887,-1.29331,0.649902,0.204514,0.0365813,0.0273204,0.0228799,0.0408481,-0.0255251,-0.026163,0.0796803,0.00171533,0.0374728,
0.0449544,0.720925,0.112232,-1.77611,-0.175896,0.918785,-1.29302,0.649909,0.204664,0.0366477,0.0273958,0.0226614,0.0417957,-0.0288321,-0.0257287,0.0706616,0.0013685,0.0373935,
0.0451012,0.721036,0.112323,-1.77595,-0.17599,0.918683,-1.29269,0.649915,0.204814,0.0367069,0.0277651,0.0228186,0.0409353,-0.0233663,-0.025301,0.0818742,0.00181924,0.037459,
0.0452481,0.721147,0.112414,-1.77578,-0.176101,0.918583,-1.29241,0.649922,0.204964,0.0367246,0.0278407,0.0227074,0.0419953,-0.0279535,-0.0251171,0.0715063,0.00137064,0.0372674,
0.0453947,0.721257,0.112505,-1.77561,-0.176224,0.918481,-1.29214,0.649928,0.205113,0.0366423,0.0274577,0.0226277,0.042267,-0.0307791,-0.0255328,0.0668341,0.0012239,0.037374,
0.0455417,0.721368,0.112596,-1.77544,-0.176323,0.918378,-1.29182,0.649932,0.205262,0.0367573,0.0277865,0.022916,0.0411662,-0.0246265,-0.0255539,0.0805463,0.00177635,0.0372866,
0.0456889,0.72148,0.112687,-1.77528,-0.176437,0.918277,-1.29154,0.64994,0.205411,0.0367923,0.0278201,0.0227239,0.0421379,-0.0284551,-0.025266,0.0710432,0.0013908,0.0371897,
0.0458362,0.721592,0.112779,-1.77511,-0.17653,0.918178,-1.29121,0.649945,0.20556,0.0368339,0.0281341,0.0228599,0.0412698,-0.0232229,-0.0249366,0.0819717,0.00182134,0.0372899,
0.0459836,0.721705,0.11287,-1.77494,-0.176641,0.918078,-1.29092,0.649952,0.205709,0.0368399,0.0281659,0.0227474,0.0423214,-0.027936,-0.0248584,0.0715193,0.00136366,0.037106,
0.0461306,0.721816,0.112961,-1.77477,-0.176765,0.917977,-1.29065,0.649958,0.205858,0.0367589,0.0277661,0.0226832,0.0426089,-0.0309437,-0.0254344,0.0665778,0.00119193,0.0371911,
0.0462781,0.721928,0.113052,-1.7746,-0.176864,0.917875,-1.29033,0.649963,0.206006,0.0368743,0.0280667,0.0229609,0.0414765,-0.0247678,-0.0254975,0.0804096,0.00175023,0.0371185,
0.0464258,0.722041,0.113143,-1.77443,-0.176979,0.917773,-1.29005,0.64997,0.206155,0.0369129,0.0280946,0.0227839,0.0424562,-0.0286411,-0.0253128,0.070817,0.00135269,0.0370014,
0.046573,0.722151,0.113234,-1.77426,-0.177103,0.91767,-1.28978,0.649975,0.206303,0.0368206,0.0277077,0.0226886,0.0427242,-0.0311357,-0.0257384,0.0665231,0.00123518,0.0371563,
0.0467208,0.722264,0.113326,-1.7741,-0.177203,0.917567,-1.28946,0.64998,0.206451,0.0369303,0.0280631,0.0229755,0.0416308,-0.0248221,-0.0257256,0.080497,0.0018042,0.0370915,
0.0468685,0.722378,0.113417,-1.77393,-0.177285,0.91747,-1.28912,0.649987,0.2066,0.0369234,0.028545,0.0226637,0.0414968,-0.0206255,-0.0243158,0.0852869,0.00199789,0.0375997,
0.0470159,0.722492,0.113507,-1.77376,-0.177392,0.917373,-1.28883,0.649995,0.20675,0.0368595,0.0286546,0.0226718,0.0427956,-0.0266911,-0.0242862,0.0730646,0.00143953,0.0373226,
0.047163,0.722605,0.113598,-1.77359,-0.177513,0.917273,-1.28856,0.650001,0.2069,0.0367769,0.0282399,0.02264,0.0431328,-0.0303371,-0.024898,0.0672439,0.00120863,0.0373399,
0.0473098,0.722716,0.113688,-1.77341,-0.177643,0.91717,-1.2883,0.650006,0.207049,0.0366989,0.0277222,0.0225808,0.0431934,-0.0323356,-0.0257811,0.0645608,0.00116518,0.0375184,
0.0474573,0.722829,0.11378,-1.77325,-0.177745,0.917067,-1.28798,0.65001,0.207199,0.0368641,0.0280915,0.0229293,0.042,-0.0255487,-0.0259467,0.0797453,0.00178794,0.0373587,
0.047605,0.722941,0.113871,-1.77308,-0.177861,0.916964,-1.2877,0.650018,0.207348,0.0369263,0.0281545,0.0227326,0.0429732,-0.0289421,-0.025646,0.0705607,0.00142225,0.0372571,
0.0477523,0.723053,0.113962,-1.7729,-0.177985,0.91686,-1.28743,0.650023,0.207497,0.0368417,0.0278069,0.022644,0.0432567,-0.031228,-0.0260025,0.0664492,0.00132042,0.0374087,
0.0479,0.723163,0.114053,-1.77273,-0.178086,0.916769,-1.28711,0.650029,0.207647,0.0369085,0.027665,0.0229249,0.0423753,-0.0251763,-0.0227846,0.080318,0.00198272,0.0370508,
0.0480477,0.723276,0.114144,-1.77256,-0.178169,0.916678,-1.28677,0.650036,0.207795,0.0369262,0.0282346,0.0226572,0.0424344,-0.0207619,-0.0226009,0.0853525,0.0021392,0.0375229,
0.0481952,0.72339,0.114235,-1.77239,-0.178276,0.916586,-1.28648,0.650045,0.207945,0.0368819,0.0283831,0.0226671,0.0437526,-0.0266398,-0.0231936,0.0731832,0.00155058,0.0372481,
0.0483424,0.723502,0.114325,-1.77221,-0.178397,0.916489,-1.28621,0.650051,0.208094,0.0368092,0.0280027,0.0226381,0.0440617,-0.0301826,-0.0241816,0.0673905,0.00129617,0.0372653,
0.0484894,0.723612,0.114415,-1.77204,-0.178525,0.916388,-1.28595,0.650056,0.208243,0.0367379,0.0275193,0.0225817,0.0440849,-0.0321345,-0.0253288,0.0647141,0.00123476,0.0374449,
0.048637,0.723723,0.114507,-1.77186,-0.178626,0.916285,-1.28563,0.650061,0.208393,0.0369086,0.027929,0.0229258,0.0428546,-0.0253566,-0.0257023,0.0798773,0.00184326,0.0372986,
0.0487849,0.723836,0.114598,-1.77169,-0.178741,0.916183,-1.28535,0.650069,0.208542,0.0369737,0.0280256,0.0227304,0.0437947,-0.0287498,-0.0255574,0.0706733,0.00146633,0.0372018,
0.0489331,0.723949,0.11469,-1.77152,-0.178835,0.916081,-1.28502,0.650075,0.208691,0.0370342,0.0284227,0.0228641,0.0428859,-0.0233093,-0.025266,0.0819238,0.00190957,0.0373173,
0.0490812,0.724063,0.114781,-1.77134,-0.178946,0.915981,-1.28473,0.650082,0.20884,0.0370409,0.028496,0.0227429,0.0439193,-0.0278496,-0.0251981,0.0715749,0.0014596,0.0371558,
0.049229,0.724176,0.114871,-1.77116,-0.179069,0.915877,-1.28447,0.650088,0.208989,0.0369576,0.0281347,0.0226812,0.0441946,-0.0307586,-0.0257989,0.0667051,0.00129298,0.0372539,
0.0493773,0.72429,0.114963,-1.77099,-0.179168,0.915774,-1.28415,0.650093,0.209138,0.0370756,0.0284951,0.0229501,0.0430545,-0.0246073,-0.0258884,0.0805388,0.00184715,0.0372108,
0.0495258,0.724404,0.115054,-1.77082,-0.179281,0.915671,-1.28386,0.650101,0.209287,0.0371115,0.028548,0.0227749,0.0440249,-0.0284455,-0.0257336,0.070941,0.00144813,0.037102,
0.0496739,0.724517,0.115145,-1.77064,-0.179405,0.915566,-1.2836,0.650106,0.209435,0.0370256,0.0281958,0.0226994,0.0443021,-0.0310288,-0.0262676,0.0664539,0.00131228,0.0372342,
0.0498225,0.724631,0.115237,-1.77047,-0.179504,0.915461,-1.28327,0.650112,0.209584,0.0371442,0.0285869,0.0229757,0.0431769,-0.0247183,-0.0262733,0.0805274,0.0018819,0.0371901,
0.0499712,0.724746,0.115328,-1.77029,-0.179618,0.915357,-1.28299,0.650119,0.209733,0.0371713,0.0286439,0.0227805,0.0441539,-0.0284073,-0.0259807,0.0710706,0.00149985,0.037115,
0.05012,0.724862,0.11542,-1.77012,-0.179711,0.915254,-1.28266,0.650125,0.209882,0.0372083,0.0290057,0.0228994,0.0432785,-0.023155,-0.0256224,0.0820777,0.00193266,0.0372657,
0.0502688,0.724978,0.115511,-1.76994,-0.179822,0.915152,-1.28237,0.650133,0.210031,0.0372,0.0290395,0.0227775,0.0443306,-0.0277871,-0.0255297,0.0716535,0.00147982,0.0371127,
0.0504172,0.725092,0.115602,-1.76976,-0.179945,0.915048,-1.28211,0.650139,0.210179,0.0371067,0.0286427,0.0227126,0.0446183,-0.0307247,-0.0261058,0.0667548,0.00131324,0.0372198,
0.0505661,0.725208,0.115693,-1.76959,-0.180043,0.914943,-1.28179,0.650144,0.210328,0.037217,0.0289797,0.0229722,0.0434906,-0.0246078,-0.0261714,0.080564,0.00186671,0.0371963,
0.0507151,0.725324,0.115785,-1.76941,-0.180157,0.914839,-1.2815,0.650152,0.210477,0.0372443,0.0290049,0.0227937,0.0444723,-0.0284471,-0.0259973,0.0709563,0.00146879,0.0370977,
0.0508642,0.725442,0.115876,-1.76923,-0.18025,0.914736,-1.28117,0.650157,0.210625,0.0372821,0.0293319,0.0229046,0.043582,-0.0232302,-0.0256756,0.0819546,0.00190143,0.0372569,
0.0510133,0.725559,0.115967,-1.76906,-0.180361,0.914634,-1.28089,0.650165,0.210774,0.0372711,0.0293367,0.0227803,0.0446305,-0.0278699,-0.0256126,0.0715296,0.00145053,0.0371091,
0.051162,0.725675,0.116058,-1.76888,-0.180484,0.914529,-1.28062,0.650171,0.210923,0.0371749,0.028918,0.0227148,0.0449185,-0.0308022,-0.0262066,0.0666372,0.00128702,0.0372212,
0.0513103,0.725788,0.116149,-1.7687,-0.180614,0.914421,-1.28036,0.650176,0.211071,0.0370745,0.0284236,0.0226376,0.0449756,-0.0323397,-0.0269765,0.0645385,0.00129214,0.0374721,
0.0514592,0.725904,0.116241,-1.76852,-0.180716,0.914313,-1.28004,0.650181,0.211221,0.0372309,0.0288703,0.0229758,0.0438151,-0.0254536,-0.0270452,0.079912,0.00192557,0.0373605,
0.0516082,0.726022,0.116331,-1.76835,-0.180799,0.914211,-1.2797,0.650189,0.211371,0.0372559,0.0294415,0.0226604,0.0436702,-0.0208613,-0.0255297,0.0851324,0.00214132,0.0378745,
0.051757,0.72614,0.116422,-1.76817,-0.180906,0.914109,-1.27941,0.650197,0.211522,0.037192,0.0295749,0.0226531,0.0449782,-0.0266388,-0.0253923,0.0730745,0.00159825,0.0376195,
0.0519054,0.726257,0.116512,-1.76799,-0.181026,0.914006,-1.27914,0.650204,0.211673,0.0371027,0.0291798,0.0226254,0.0453259,-0.0301191,-0.0259339,0.0673738,0.00137905,0.0376481,
0.0520535,0.726371,0.116603,-1.7678,-0.181154,0.913899,-1.27888,0.650209,0.211823,0.0370217,0.0286788,0.0225726,0.0453979,-0.0320193,-0.0267605,0.0647613,0.00134227,0.0378276,
0.0522022,0.726488,0.116694,-1.76763,-0.181255,0.913791,-1.27856,0.650215,0.211975,0.0371901,0.0290963,0.0229054,0.0442184,-0.0252946,-0.0268802,0.0799272,0.00195854,0.0377009,
0.0523511,0.726606,0.116785,-1.76745,-0.181339,0.913689,-1.27822,0.650223,0.212125,0.0372239,0.0296478,0.0225975,0.0440605,-0.0208053,-0.0254326,0.0850543,0.00216365,0.0381936,
0.0524998,0.726725,0.116875,-1.76727,-0.181445,0.913588,-1.27793,0.650231,0.212278,0.0371696,0.0297631,0.0226007,0.0453581,-0.026618,-0.0253568,0.0729758,0.00161552,0.0379098,
0.0526482,0.726843,0.116965,-1.76709,-0.181565,0.913484,-1.27766,0.650238,0.21243,0.0370901,0.0293562,0.022583,0.0456981,-0.0301015,-0.0259385,0.0672707,0.00139338,0.0379117,
0.0527963,0.726958,0.117056,-1.7669,-0.181693,0.913377,-1.2774,0.650243,0.212582,0.0370186,0.0288472,0.0225388,0.0457652,-0.0319993,-0.0267955,0.064658,0.00135504,0.0380662,
0.052945,0.727075,0.117147,-1.76673,-0.181795,0.913269,-1.27708,0.650249,0.212734,0.0371957,0.0292646,0.0228733,0.0445838,-0.0253005,-0.0269428,0.0798001,0.00196861,0.0379257,
0.0530941,0.727193,0.117238,-1.76654,-0.181909,0.913163,-1.2768,0.650257,0.212885,0.0372585,0.029324,0.0226873,0.045561,-0.0286521,-0.0266404,0.0705965,0.00160019,0.0378044,
0.0532428,0.727308,0.117328,-1.76636,-0.182033,0.913055,-1.27654,0.650263,0.213037,0.0371825,0.0289817,0.0226226,0.045858,-0.0309682,-0.0270496,0.0663641,0.00148583,0.0379136,
0.0533921,0.727426,0.11742,-1.76618,-0.182132,0.912947,-1.27621,0.650269,0.213188,0.0373163,0.0294179,0.0229033,0.0447637,-0.0246357,-0.0269575,0.0804942,0.00205461,0.0378537,
0.0535414,0.727546,0.11751,-1.766,-0.182214,0.912845,-1.27587,0.650277,0.21334,0.0373235,0.0299651,0.0225947,0.0446326,-0.0204624,-0.0254863,0.0852397,0.00223619,0.0383624,
0.0536904,0.727666,0.117601,-1.76582,-0.182319,0.912743,-1.27558,0.650286,0.213493,0.0372615,0.0300674,0.0226098,0.0459327,-0.0264171,-0.0254416,0.0730531,0.00167726,0.0380596,
0.0538391,0.727785,0.117691,-1.76563,-0.182439,0.912639,-1.27531,0.650293,0.213645,0.0371819,0.0296492,0.022597,0.0462685,-0.0299468,-0.0260449,0.0673037,0.00144818,0.0380432,
0.0539876,0.727901,0.117781,-1.76545,-0.182566,0.912531,-1.27505,0.650299,0.213798,0.0371124,0.0291309,0.0225559,0.0463327,-0.031863,-0.0269237,0.064672,0.00140535,0.038181,
0.0541367,0.72802,0.117873,-1.76527,-0.182667,0.912423,-1.27473,0.650304,0.21395,0.0372914,0.0295492,0.0228837,0.0451511,-0.0252136,-0.0270963,0.07977,0.00201285,0.038041,
0.0542865,0.728141,0.117963,-1.76508,-0.182784,0.912317,-1.27445,0.650312,0.214103,0.0374308,0.0303133,0.0226027,0.0459375,-0.0292326,-0.0263992,0.0705333,0.00154333,0.0383035,
0.054436,0.728263,0.118053,-1.7649,-0.182912,0.912211,-1.27419,0.650318,0.214256,0.0373886,0.0305985,0.0224853,0.0460415,-0.0319188,-0.0265722,0.0661963,0.00130201,0.0388118,
0.0545859,0.728386,0.118145,-1.76472,-0.183012,0.912103,-1.27386,0.650324,0.214411,0.0374637,0.0308061,0.0228455,0.0449428,-0.0250806,-0.0270035,0.0804054,0.00186067,0.0386958,
0.0547357,0.728511,0.118235,-1.76454,-0.183095,0.912,-1.27352,0.650331,0.214566,0.0374563,0.0311806,0.0225694,0.0448216,-0.0206777,-0.025812,0.0851606,0.00204308,0.0391408,
0.0548856,0.728639,0.118325,-1.76436,-0.183203,0.911897,-1.27323,0.650339,0.214722,0.0374689,0.0318474,0.0225168,0.0459441,-0.0270873,-0.0255369,0.0730447,0.00139867,0.0391404,
0.0550353,0.728766,0.118415,-1.76417,-0.183327,0.911793,-1.27296,0.650345,0.214879,0.0374256,0.03194,0.0224531,0.0461009,-0.0309181,-0.0259905,0.0672506,0.00107072,0.0394731,
0.0551852,0.728894,0.118506,-1.76399,-0.183426,0.911687,-1.27264,0.650349,0.215037,0.0374881,0.0319239,0.0227761,0.0450043,-0.0247015,-0.0266047,0.0804768,0.00158802,0.039344,
0.0553356,0.729023,0.118596,-1.76381,-0.183542,0.911581,-1.27236,0.650355,0.215194,0.0375892,0.0323632,0.022571,0.0458159,-0.0290964,-0.0263845,0.0707589,0.00109641,0.0394626,
0.0554858,0.729153,0.118686,-1.76362,-0.18367,0.911474,-1.27209,0.65036,0.215352,0.0375456,0.032383,0.0224817,0.0459323,-0.0319303,-0.0268187,0.0661941,0.000860692,0.0398502,
0.0556362,0.729282,0.118777,-1.76345,-0.183771,0.911365,-1.27177,0.650363,0.215511,0.0376176,0.0323659,0.0228376,0.0448643,-0.0252248,-0.0273877,0.0801622,0.00143566,0.0396628,
0.0557867,0.729413,0.118868,-1.76327,-0.183854,0.91126,-1.27143,0.650369,0.21567,0.0376075,0.0325649,0.0225732,0.0447767,-0.020909,-0.026261,0.0847975,0.00164211,0.0400318,
0.0559372,0.729545,0.118958,-1.76308,-0.183964,0.911156,-1.27114,0.650376,0.21583,0.0376207,0.0330898,0.0225267,0.0459255,-0.0273098,-0.0259799,0.0727373,0.00103103,0.0399636,
0.0560875,0.729677,0.119048,-1.7629,-0.184088,0.91105,-1.27087,0.65038,0.21599,0.0375777,0.0330683,0.0224712,0.0461127,-0.0310941,-0.0263852,0.0670082,0.000737186,0.0402319,
0.056238,0.729809,0.119139,-1.76272,-0.184188,0.910942,-1.27055,0.650383,0.216151,0.0376392,0.0329542,0.0227922,0.0450594,-0.0249124,-0.026961,0.0801767,0.00128247,0.0400522,
0.056389,0.729942,0.119229,-1.76253,-0.184305,0.910836,-1.27027,0.650388,0.216311,0.0377382,0.0333132,0.0225915,0.0459002,-0.02927,-0.0266589,0.0705207,0.000821669,0.0401206,
0.05654,0.730075,0.11932,-1.76235,-0.1844,0.910729,-1.26995,0.650391,0.216472,0.0377442,0.033233,0.0227753,0.0450801,-0.0238056,-0.0267469,0.0812836,0.00127647,0.0400941,
0.0566912,0.73021,0.119411,-1.76217,-0.184515,0.910623,-1.26966,0.650396,0.216632,0.0378089,0.0335983,0.0226161,0.045993,-0.0287957,-0.0264379,0.0709847,0.000782354,0.040122,
0.0568422,0.730344,0.119501,-1.76199,-0.184643,0.910516,-1.2694,0.650399,0.216793,0.0377584,0.0335298,0.0225385,0.0461486,-0.0318632,-0.0267963,0.0661718,0.000560338,0.0404363,
0.0569935,0.730478,0.119593,-1.7618,-0.184744,0.910406,-1.26908,0.650402,0.216954,0.0378202,0.0334168,0.0228734,0.0451216,-0.025362,-0.0273429,0.0798416,0.00114891,0.0402262,
0.0571447,0.730612,0.119683,-1.76162,-0.184829,0.910302,-1.26874,0.650406,0.217115,0.0378013,0.0335402,0.0226149,0.045064,-0.0211763,-0.0262076,0.0843187,0.00137158,0.0405555,
0.057296,0.730748,0.119773,-1.76144,-0.184939,0.910198,-1.26845,0.650412,0.217277,0.0378109,0.0339988,0.0225657,0.0462243,-0.027571,-0.0258892,0.0723505,0.000787149,0.0404545,
0.057447,0.730883,0.119863,-1.76125,-0.185064,0.910093,-1.26818,0.650415,0.217439,0.0377645,0.033925,0.0225138,0.0464265,-0.0312936,-0.0262516,0.0667221,0.000519345,0.0406869,
0.0575979,0.731018,0.119953,-1.76107,-0.185197,0.909985,-1.26793,0.650417,0.217602,0.0377123,0.0337357,0.0224529,0.0463712,-0.0332598,-0.0269242,0.0642081,0.000421413,0.041078,
0.0577491,0.731153,0.120045,-1.76089,-0.185302,0.909875,-1.26761,0.650419,0.217766,0.0378189,0.0336445,0.0228556,0.0453042,-0.0261527,-0.0276392,0.0791645,0.00107781,0.0407547,
0.0579005,0.731288,0.120135,-1.76071,-0.185388,0.909769,-1.26727,0.650423,0.217929,0.0378364,0.0338029,0.0226103,0.0452505,-0.0215485,-0.026438,0.0840423,0.00133,0.0410224,
0.0580519,0.731425,0.120225,-1.76052,-0.185499,0.909665,-1.26699,0.650428,0.218093,0.0378589,0.0342767,0.022552,0.0464214,-0.0276883,-0.0259898,0.0722881,0.0007669,0.0409031,
0.0582032,0.731562,0.120316,-1.76034,-0.185591,0.909561,-1.26666,0.650431,0.218257,0.0378297,0.0341358,0.0226964,0.0456982,-0.023125,-0.02595,0.0815759,0.00116461,0.0408918,
0.0583548,0.7317,0.120406,-1.76015,-0.185706,0.909458,-1.26638,0.650436,0.218421,0.0378918,0.034454,0.0225763,0.0466182,-0.0285803,-0.0257085,0.0709953,0.000657116,0.040831,
0.0585062,0.731837,0.120496,-1.75996,-0.185833,0.909354,-1.26611,0.650438,0.218584,0.0378559,0.0343414,0.0225187,0.046763,-0.0317964,-0.0261233,0.0660885,0.000434101,0.0410667,
0.0586579,0.731974,0.120588,-1.75978,-0.185935,0.909247,-1.26579,0.65044,0.218748,0.0379256,0.0341777,0.0228415,0.0457485,-0.0254907,-0.0267742,0.0794817,0.00101781,0.0408235,
0.05881,0.732112,0.120678,-1.75959,-0.186053,0.909141,-1.26551,0.650444,0.218911,0.0380241,0.034498,0.0226384,0.0466042,-0.029621,-0.026374,0.0700885,0.000594808,0.0408492,
0.0589621,0.732249,0.12077,-1.75941,-0.18615,0.909035,-1.26519,0.650447,0.219075,0.0380271,0.0343817,0.0228187,0.0458305,-0.0241805,-0.0264659,0.0807646,0.00106882,0.0407792,
0.0591145,0.732388,0.12086,-1.75922,-0.186266,0.908931,-1.26491,0.650451,0.219238,0.0380882,0.0347165,0.0226605,0.0467541,-0.0290432,-0.026072,0.0706581,0.000602865,0.0407671,
0.0592668,0.732526,0.120951,-1.75904,-0.186362,0.908826,-1.26458,0.650453,0.219401,0.0380732,0.034569,0.0228227,0.0459886,-0.0239408,-0.0261643,0.0808616,0.00105274,0.0407249,
0.0594193,0.732666,0.121042,-1.75885,-0.186478,0.908723,-1.2643,0.650458,0.219564,0.0381281,0.0348833,0.0226714,0.0469038,-0.0289877,-0.0258368,0.0706439,0.000577353,0.0407065,
0.0595716,0.732805,0.121133,-1.75866,-0.186607,0.908618,-1.26404,0.65046,0.219727,0.0380849,0.0347776,0.0225953,0.0470732,-0.0321563,-0.0262288,0.0659532,0.000373489,0.0409443,
0.0597242,0.732943,0.121224,-1.75848,-0.186709,0.908511,-1.26372,0.650461,0.219891,0.0381349,0.0346149,0.0229085,0.0460756,-0.0257101,-0.0268311,0.0793594,0.000967372,0.0407269,
0.0598766,0.733082,0.121315,-1.7583,-0.186796,0.908408,-1.26339,0.650465,0.220053,0.0381082,0.0347064,0.0226643,0.0460409,-0.0216195,-0.0257422,0.0836327,0.00119331,0.0410171,
0.0600292,0.733223,0.121405,-1.75811,-0.18691,0.908306,-1.2631,0.65047,0.220218,0.0381477,0.0351385,0.0225775,0.0472231,-0.0285233,-0.0255739,0.0718576,0.000622869,0.0408128,
0.0601816,0.733363,0.121495,-1.75792,-0.187038,0.908202,-1.26283,0.650473,0.220381,0.038092,0.0350394,0.0225235,0.0473997,-0.0319926,-0.025905,0.0664525,0.000375242,0.0410034,
0.0603341,0.733502,0.121587,-1.75773,-0.18714,0.908096,-1.26251,0.650474,0.220545,0.0381218,0.0348489,0.0228318,0.0463909,-0.0256433,-0.0264869,0.0793499,0.000943589,0.0408179,
0.060487,0.733643,0.121677,-1.75754,-0.187261,0.907991,-1.26223,0.650478,0.220708,0.0382259,0.0351592,0.0226147,0.0472673,-0.0302444,-0.0262341,0.069943,0.000516192,0.0407871,
0.0606398,0.733783,0.121768,-1.75736,-0.18736,0.907886,-1.26191,0.65048,0.220871,0.0382003,0.0350203,0.0227996,0.0464726,-0.0245526,-0.0262901,0.0804454,0.000988894,0.0407562,
0.0607929,0.733924,0.121859,-1.75717,-0.187479,0.907782,-1.26163,0.650484,0.221034,0.0382737,0.0353481,0.0226212,0.0474124,-0.029783,-0.0260325,0.0704223,0.000524999,0.0406934,
0.0609457,0.734065,0.121949,-1.75698,-0.187609,0.907677,-1.26137,0.650486,0.221197,0.0382095,0.0352475,0.0225553,0.0475588,-0.0324973,-0.0262997,0.0658957,0.000336287,0.0409551,
0.0610987,0.734206,0.12204,-1.75679,-0.187712,0.907569,-1.26105,0.650487,0.221361,0.0382432,0.035091,0.0228756,0.0465755,-0.0258802,-0.0268535,0.079233,0.000934433,0.0407635,
0.0612515,0.734347,0.122131,-1.7566,-0.187799,0.907466,-1.26072,0.650491,0.221524,0.0382111,0.035189,0.0226457,0.0465559,-0.0217502,-0.0257331,0.083435,0.00116162,0.0410574,
0.0614045,0.734489,0.122221,-1.75641,-0.187914,0.907364,-1.26043,0.650496,0.221688,0.0382489,0.035618,0.0225589,0.0477358,-0.0285519,-0.0255176,0.0717798,0.00060081,0.0408668,
0.0615573,0.734631,0.122311,-1.75622,-0.188041,0.907261,-1.26016,0.650498,0.221852,0.0381933,0.035521,0.0225136,0.0479142,-0.031926,-0.0258109,0.0664784,0.000361159,0.0410589,
0.0617102,0.734772,0.122403,-1.75603,-0.188144,0.907155,-1.25985,0.650499,0.222016,0.0382239,0.0353269,0.0228159,0.0469251,-0.0256379,-0.0264065,0.0792687,0.000928025,0.0408833,
0.0618635,0.734915,0.122493,-1.75584,-0.188265,0.907051,-1.25957,0.650503,0.222179,0.038328,0.0356352,0.0226036,0.0477999,-0.0301907,-0.0261286,0.0699377,0.000505477,0.0408553,
0.0620167,0.735057,0.122584,-1.75566,-0.188363,0.906946,-1.25925,0.650505,0.222343,0.0383032,0.0354912,0.0227864,0.0470195,-0.0245612,-0.0262035,0.0803374,0.000975537,0.0408295,
0.0621702,0.7352,0.122675,-1.75546,-0.188482,0.906842,-1.25896,0.650509,0.222506,0.0383771,0.0358152,0.0226116,0.0479545,-0.0297398,-0.0259294,0.0703993,0.000516264,0.0407697,
0.0623236,0.735343,0.122766,-1.75527,-0.18858,0.906738,-1.25864,0.650511,0.222669,0.0383371,0.0356424,0.0227563,0.0471901,-0.0245282,-0.026051,0.0803277,0.000962066,0.0407829,
0.0624771,0.735487,0.122856,-1.75508,-0.188699,0.906635,-1.25836,0.650515,0.222832,0.0383971,0.0359516,0.0225995,0.0481042,-0.0297444,-0.0258055,0.070349,0.000497648,0.0407274,
0.0626305,0.73563,0.122946,-1.75489,-0.188828,0.906531,-1.2581,0.650517,0.222995,0.0383355,0.0358489,0.0225542,0.0482359,-0.032392,-0.0260922,0.065885,0.000310088,0.0409817,
0.062784,0.735773,0.123037,-1.7547,-0.188935,0.906423,-1.25778,0.650518,0.223159,0.038375,0.0356487,0.0227327,0.0473206,-0.0267228,-0.0269702,0.0786428,0.000881798,0.0408687,
0.0629372,0.735915,0.123127,-1.75451,-0.189026,0.906319,-1.25745,0.650522,0.223323,0.038306,0.0357215,0.0224883,0.0472814,-0.0227511,-0.026028,0.0826949,0.00110055,0.0412128,
0.0630904,0.73606,0.123217,-1.75432,-0.189142,0.906216,-1.25717,0.650526,0.223487,0.0383034,0.0361326,0.0224414,0.0483904,-0.028942,-0.0256709,0.0714205,0.000564871,0.0410725,
0.0632434,0.736204,0.123307,-1.75412,-0.18927,0.906112,-1.2569,0.650528,0.223652,0.0382414,0.0360607,0.0224428,0.0485514,-0.0319387,-0.0258799,0.0663625,0.000340984,0.0412691,
0.0633965,0.736348,0.123397,-1.75393,-0.189377,0.906005,-1.25659,0.65053,0.223817,0.038287,0.0358345,0.0225601,0.0476692,-0.0269136,-0.026861,0.0784636,0.000878658,0.0411824,
0.0635494,0.736491,0.123486,-1.75374,-0.189469,0.905901,-1.25626,0.650533,0.223982,0.038207,0.0358938,0.0223611,0.0475931,-0.0228587,-0.0259199,0.0824746,0.00109215,0.0415122,
0.0637022,0.736636,0.123576,-1.75355,-0.189585,0.905799,-1.25597,0.650538,0.224148,0.0382132,0.0362976,0.0223358,0.0486821,-0.0289729,-0.0255756,0.071254,0.000557241,0.0413553,
0.0638549,0.736781,0.123665,-1.75335,-0.189712,0.905696,-1.25571,0.65054,0.224313,0.0381649,0.0362258,0.0223565,0.0488337,-0.0319129,-0.0257958,0.0662378,0.000334395,0.0415293,
0.0640078,0.736925,0.123755,-1.75316,-0.18982,0.905589,-1.25539,0.650541,0.224479,0.0382246,0.0359992,0.0224847,0.047953,-0.0269025,-0.0268012,0.0782835,0.000869602,0.0414247,
0.0641609,0.73707,0.123844,-1.75297,-0.189942,0.905483,-1.25512,0.650545,0.224645,0.0382787,0.0362998,0.022366,0.0487261,-0.0305857,-0.0263236,0.0694481,0.00047671,0.0414306,
0.064314,0.737215,0.123934,-1.75277,-0.190046,0.905376,-1.2548,0.650547,0.224811,0.0382654,0.036139,0.0224401,0.0480232,-0.0258125,-0.0267082,0.0793422,0.00092691,0.0414561,
0.0644671,0.737361,0.124024,-1.75258,-0.190166,0.905272,-1.25452,0.65055,0.224976,0.038297,0.0364611,0.0223543,0.048868,-0.0301043,-0.0262058,0.0699137,0.000499658,0.0414253,
0.0646202,0.737506,0.124113,-1.75239,-0.190268,0.905165,-1.2542,0.650552,0.225142,0.0382721,0.0362853,0.0224271,0.0481728,-0.0255311,-0.0265463,0.0794455,0.000931469,0.0414652,
0.0647734,0.737652,0.124203,-1.75219,-0.190388,0.905061,-1.25392,0.650556,0.225308,0.0383045,0.0365948,0.0223473,0.0490164,-0.029981,-0.0260794,0.0699262,0.000496394,0.0414238,
0.0649265,0.737798,0.124292,-1.75199,-0.190517,0.904956,-1.25366,0.650558,0.225474,0.0382562,0.0365199,0.0223661,0.0491404,-0.0322132,-0.0262237,0.0657383,0.000327012,0.0416425,
0.0650798,0.737944,0.124382,-1.7518,-0.190625,0.904847,-1.25335,0.650559,0.22564,0.0383262,0.0363229,0.022504,0.0482898,-0.0270045,-0.0272076,0.0781233,0.000885221,0.0415232,
0.0652328,0.738089,0.124472,-1.75161,-0.190716,0.904743,-1.25302,0.650563,0.225806,0.0382667,0.0364096,0.0223281,0.0482357,-0.0228331,-0.0261914,0.0821686,0.00110468,0.0418196,
0.065386,0.738237,0.124561,-1.75141,-0.190831,0.90464,-1.25273,0.650567,0.225974,0.0382866,0.0368188,0.0223056,0.0493267,-0.0287897,-0.0257444,0.0711426,0.000582532,0.0416522,
0.065539,0.738384,0.12465,-1.75121,-0.190958,0.904536,-1.25247,0.65057,0.22614,0.0382492,0.0367565,0.0223419,0.0494857,-0.0316097,-0.0258815,0.0662665,0.000368,0.0418026,
0.0656923,0.73853,0.12474,-1.75102,-0.191065,0.904429,-1.25216,0.650571,0.226307,0.0383187,0.0365336,0.0224735,0.0486307,-0.0266539,-0.0268676,0.078182,0.000898778,0.0416843,
0.0658453,0.738676,0.124829,-1.75082,-0.191155,0.904325,-1.25183,0.650575,0.226474,0.0382642,0.0366,0.0223073,0.048568,-0.0226783,-0.0259268,0.0820375,0.00110327,0.0419633,
0.0659985,0.738824,0.124918,-1.75062,-0.19127,0.904223,-1.25154,0.650579,0.226642,0.0382943,0.0369935,0.0222895,0.0496442,-0.0287273,-0.0255588,0.0710058,0.000575679,0.0417758,
0.0661516,0.738972,0.125008,-1.75042,-0.191396,0.90412,-1.25128,0.650581,0.226809,0.038266,0.0369224,0.0223318,0.0497905,-0.0315668,-0.0257509,0.0661431,0.000358595,0.0419081,
0.0663049,0.739119,0.125098,-1.75023,-0.191503,0.904012,-1.25097,0.650583,0.226977,0.0383419,0.036693,0.0224649,0.0489321,-0.0266503,-0.0267896,0.0779917,0.000885053,0.0417808,
0.0664586,0.739267,0.125187,-1.75003,-0.191624,0.903907,-1.25069,0.650586,0.227144,0.0384109,0.036988,0.0223578,0.0496989,-0.0302969,-0.0262982,0.0692853,0.000495706,0.0417552,
0.0666122,0.739414,0.125277,-1.74983,-0.191727,0.9038,-1.25037,0.650588,0.227311,0.03841,0.0368245,0.0224411,0.0490121,-0.0256109,-0.0267169,0.0790013,0.00093722,0.0417567,
0.066766,0.739562,0.125366,-1.74963,-0.191846,0.903696,-1.2501,0.650592,0.227478,0.0384539,0.0371395,0.0223632,0.0498469,-0.0298511,-0.0262064,0.0697206,0.000514526,0.0417008,
0.0669198,0.73971,0.125456,-1.74944,-0.191947,0.903589,-1.24978,0.650594,0.227645,0.0384392,0.0369617,0.0224443,0.0491663,-0.0253573,-0.0265846,0.0790907,0.000938467,0.0417189,
0.0670737,0.739859,0.125546,-1.74924,-0.192066,0.903485,-1.2495,0.650598,0.227812,0.0384818,0.0372645,0.0223702,0.0499991,-0.0297469,-0.0261107,0.0697269,0.000508593,0.0416565,
0.0672276,0.740008,0.125635,-1.74904,-0.192168,0.903379,-1.24918,0.6506,0.227978,0.0384665,0.0370746,0.0224502,0.0493142,-0.025314,-0.0265159,0.0790217,0.000927818,0.0416785,
0.0673816,0.740157,0.125725,-1.74884,-0.192287,0.903274,-1.24891,0.650604,0.228145,0.03851,0.0373689,0.0223764,0.0501417,-0.0297322,-0.0260696,0.0696593,0.000496923,0.0416167,
0.0675355,0.740306,0.125814,-1.74864,-0.192414,0.90317,-1.24864,0.650606,0.228311,0.0384733,0.0372939,0.0224139,0.0502549,-0.0318654,-0.0262154,0.0656115,0.000331893,0.0418042,
0.0676897,0.740455,0.125905,-1.74844,-0.192521,0.903061,-1.24833,0.650607,0.228479,0.0385516,0.0370892,0.0225462,0.0494264,-0.0267832,-0.0272609,0.0777507,0.000879728,0.0416796,
0.0678437,0.740603,0.125994,-1.74824,-0.192612,0.902955,-1.24801,0.650611,0.228645,0.0385023,0.0371747,0.0223883,0.0493813,-0.0227343,-0.0262909,0.0816227,0.00108935,0.0419476,
0.0679979,0.740754,0.126084,-1.74804,-0.192727,0.902852,-1.24772,0.650615,0.228813,0.0385318,0.0375692,0.0223611,0.0504532,-0.0286235,-0.0258548,0.0708091,0.000575876,0.0417727,
0.0681519,0.740904,0.126173,-1.74784,-0.192852,0.902748,-1.24746,0.650617,0.22898,0.0385013,0.0375048,0.0224073,0.0506037,-0.0313419,-0.0259876,0.0661048,0.000368897,0.0419023,
0.0683062,0.741053,0.126263,-1.74764,-0.192958,0.90264,-1.24715,0.650619,0.229148,0.0385749,0.0372791,0.0225342,0.0497702,-0.0264857,-0.0270228,0.0778084,0.000891646,0.0417823,
0.0684603,0.741202,0.126353,-1.74744,-0.193048,0.902536,-1.24682,0.650622,0.229315,0.0385278,0.0373491,0.0223858,0.0497162,-0.0226056,-0.0261129,0.0815133,0.00108788,0.0420363,
0.0686145,0.741353,0.126442,-1.74724,-0.193163,0.902433,-1.24654,0.650627,0.229483,0.0385652,0.0377303,0.0223603,0.0507748,-0.0285803,-0.0257488,0.0706971,0.00056968,0.0418463,
0.0687687,0.741504,0.126532,-1.74703,-0.193288,0.902329,-1.24627,0.650629,0.22965,0.0385411,0.0376587,0.0224101,0.0509136,-0.0313167,-0.0259312,0.066007,0.000360535,0.0419624,
0.0689232,0.741653,0.126622,-1.74683,-0.193394,0.902221,-1.24596,0.65063,0.229818,0.0386202,0.0374356,0.0225561,0.0500714,-0.0264066,-0.0269753,0.0776891,0.00088021,0.0418236,
0.069078,0.741804,0.126712,-1.74663,-0.193514,0.902115,-1.24569,0.650634,0.229986,0.0386977,0.0377258,0.0224439,0.0508359,-0.0300589,-0.0264925,0.0691085,0.000495306,0.0417853,
0.0692328,0.741955,0.126802,-1.74643,-0.193615,0.902007,-1.24537,0.650636,0.230153,0.0387012,0.0375702,0.0225487,0.0501586,-0.0253681,-0.0269059,0.0786835,0.000929666,0.0417671,
0.0693878,0.742106,0.126892,-1.74623,-0.193734,0.901902,-1.24509,0.65064,0.23032,0.0387563,0.0378809,0.0224696,0.0509895,-0.0296114,-0.0263995,0.0695059,0.000510599,0.0416937,
0.0695428,0.742257,0.126982,-1.74603,-0.193834,0.901795,-1.24478,0.650642,0.230487,0.0387497,0.0377116,0.022575,0.0503148,-0.0250965,-0.0267764,0.078783,0.000928801,0.041686,
0.069698,0.742409,0.127072,-1.74582,-0.193952,0.901689,-1.2445,0.650645,0.230653,0.0388066,0.0380122,0.0225036,0.0511445,-0.0294926,-0.0263017,0.0694912,0.000501534,0.0416,
0.0698532,0.74256,0.127163,-1.74562,-0.194052,0.901583,-1.24419,0.650647,0.23082,0.0388027,0.037831,0.0226086,0.0504631,-0.0250282,-0.0267102,0.0787348,0.000916301,0.0415916,
0.0700087,0.742713,0.127253,-1.74541,-0.19417,0.901477,-1.24391,0.650651,0.230986,0.0388629,0.0381247,0.0225403,0.0512891,-0.0294618,-0.0262591,0.0694105,0.000486842,0.0415009,
0.0701641,0.742865,0.127344,-1.74521,-0.19427,0.901371,-1.24359,0.650653,0.231152,0.0388619,0.037937,0.0226447,0.0506039,-0.0250115,-0.026696,0.0786638,0.000901363,0.0414923,
0.0703198,0.743018,0.127434,-1.74501,-0.194388,0.901266,-1.24332,0.650657,0.231318,0.0389242,0.0382274,0.0225785,0.051428,-0.0294548,-0.0262563,0.069324,0.000471574,0.0413999,
0.0704754,0.74317,0.127524,-1.7448,-0.194514,0.90116,-1.24305,0.650658,0.231484,0.0389025,0.0381494,0.0226165,0.0515327,-0.0315644,-0.0264474,0.0654231,0.000312109,0.0415673,
0.0706314,0.743322,0.127616,-1.7446,-0.19462,0.90105,-1.24274,0.65066,0.23165,0.0389899,0.0379548,0.0227843,0.0507047,-0.0263533,-0.0274662,0.0775409,0.000856921,0.0414118,
0.0707872,0.743474,0.127706,-1.74439,-0.19471,0.900944,-1.24242,0.650663,0.231816,0.0389611,0.0380468,0.0226247,0.0506797,-0.0224844,-0.0265324,0.0812437,0.00105453,0.041656,
0.0709433,0.743628,0.127796,-1.74419,-0.194823,0.90084,-1.24214,0.650667,0.231982,0.0390053,0.0384393,0.0226207,0.051744,-0.0283735,-0.0260694,0.0703915,0.000541433,0.0414445,
0.0710992,0.743781,0.127887,-1.74398,-0.194947,0.900735,-1.24187,0.650669,0.232148,0.0389916,0.0383677,0.0226627,0.0518845,-0.0310827,-0.0262654,0.0658619,0.000342146,0.0415565,
0.0712555,0.743934,0.127978,-1.74378,-0.195052,0.900625,-1.24156,0.650671,0.232314,0.0390758,0.0381531,0.022827,0.0510459,-0.0260608,-0.0272772,0.0776453,0.000865805,0.0414008,
0.0714117,0.744087,0.128069,-1.74357,-0.195141,0.90052,-1.24124,0.650674,0.23248,0.039049,0.0382285,0.0226654,0.0510143,-0.022376,-0.0264121,0.0811981,0.00105081,0.0416379,
0.0715681,0.744241,0.12816,-1.74336,-0.195254,0.900416,-1.24096,0.650679,0.232646,0.0390983,0.038612,0.0226735,0.0520666,-0.0283346,-0.0259963,0.0702804,0.000531601,0.0414059,
0.0717245,0.744395,0.128251,-1.74315,-0.195379,0.900311,-1.24069,0.650681,0.232812,0.0390916,0.0385318,0.0227135,0.0521957,-0.0310783,-0.0262575,0.0657744,0.000330839,0.0415082,
0.0718812,0.744549,0.128342,-1.74295,-0.195483,0.900202,-1.24038,0.650682,0.232978,0.0391795,0.0383131,0.02288,0.0513501,-0.0260558,-0.0273073,0.0775645,0.000853066,0.0413452,
0.0720378,0.744702,0.128433,-1.74274,-0.195573,0.900096,-1.24006,0.650685,0.233143,0.0391561,0.0383864,0.0227139,0.0513176,-0.0224197,-0.0264807,0.0810857,0.00103522,0.041579,
0.0721947,0.744857,0.128524,-1.74253,-0.195686,0.899991,-1.23978,0.65069,0.23331,0.0392069,0.0387702,0.02273,0.0523638,-0.0283631,-0.0260692,0.0701511,0.0005158,0.0413379,
0.0723515,0.745012,0.128615,-1.74232,-0.195811,0.899886,-1.23952,0.650692,0.233475,0.0392035,0.0386885,0.0227669,0.052488,-0.0311055,-0.0263617,0.0656904,0.00031709,0.0414379,
0.0725086,0.745166,0.128707,-1.74212,-0.195915,0.899776,-1.23921,0.650693,0.233641,0.0392923,0.0384708,0.0229343,0.0516407,-0.0260731,-0.0274252,0.0774931,0.000839823,0.041272,
0.0726662,0.745321,0.128798,-1.74191,-0.196034,0.899669,-1.23893,0.650696,0.233806,0.0393883,0.0387725,0.0228428,0.0524147,-0.0297843,-0.026903,0.0687596,0.000450641,0.0411871,
0.0728238,0.745476,0.12889,-1.7417,-0.196135,0.899559,-1.23862,0.650698,0.233971,0.0394086,0.0386135,0.0229432,0.0517383,-0.0251268,-0.0273936,0.0784488,0.000886622,0.0411488,
0.0729817,0.745631,0.128981,-1.74149,-0.196252,0.899452,-1.23834,0.650702,0.234135,0.0394765,0.0389293,0.022882,0.0525711,-0.0293983,-0.0268489,0.0691512,0.000465305,0.0410388,
0.0731397,0.745786,0.129073,-1.74128,-0.196352,0.899342,-1.23803,0.650703,0.234299,0.0394829,0.038753,0.022975,0.0518971,-0.0249341,-0.0273224,0.0785615,0.000886187,0.0410204,
0.0732978,0.745943,0.129165,-1.74107,-0.196469,0.899235,-1.23775,0.650707,0.234463,0.0395462,0.0390555,0.0229159,0.0527266,-0.0293345,-0.0268123,0.0691796,0.000458332,0.0409102,
0.073456,0.746098,0.129257,-1.74086,-0.196569,0.899126,-1.23744,0.650709,0.234627,0.0395496,0.0388663,0.023004,0.0520474,-0.024923,-0.0273174,0.0785489,0.000876002,0.040901,
0.0736145,0.746255,0.129349,-1.74065,-0.196686,0.899019,-1.23716,0.650712,0.234791,0.0396106,0.0391605,0.0229435,0.0528727,-0.0293473,-0.0268312,0.0691559,0.000447055,0.0407967,
0.0737729,0.74641,0.129441,-1.74044,-0.196786,0.898909,-1.23685,0.650714,0.234954,0.0396119,0.0389647,0.023028,0.0521916,-0.0249521,-0.0273593,0.0785185,0.000864279,0.040796,
0.0739316,0.746567,0.129533,-1.74023,-0.196904,0.898802,-1.23657,0.650718,0.235117,0.0396705,0.0392544,0.0229658,0.0530149,-0.0293767,-0.0268841,0.0691278,0.000435813,0.040699,
0.0740903,0.746724,0.129625,-1.74002,-0.197004,0.898692,-1.23625,0.650719,0.23528,0.0396695,0.0390552,0.0230474,0.0523338,-0.0249895,-0.0274256,0.0784882,0.000853375,0.0407067,
0.0742492,0.746881,0.129717,-1.73981,-0.197121,0.898584,-1.23598,0.650723,0.235443,0.0397258,0.0393425,0.0229837,0.0531561,-0.0294088,-0.0269543,0.0691034,0.000425902,0.040617,
0.0744081,0.747038,0.129809,-1.7396,-0.197221,0.898474,-1.23566,0.650724,0.235605,0.0397227,0.0391414,0.0230627,0.0524759,-0.025028,-0.0275034,0.078461,0.000843986,0.0406326,
0.0745672,0.747195,0.129901,-1.73939,-0.197339,0.898366,-1.23539,0.650728,0.235768,0.0397768,0.0394272,0.0229977,0.0532976,-0.0294403,-0.0270324,0.0690836,0.000417641,0.0405498,
0.0747263,0.747352,0.129993,-1.73918,-0.197439,0.898256,-1.23507,0.650729,0.23593,0.0397719,0.0392249,0.0230744,0.0526186,-0.0250656,-0.0275863,0.0784369,0.000836213,0.0405727,
0.0748856,0.74751,0.130085,-1.73896,-0.197557,0.898147,-1.2348,0.650733,0.236092,0.0398239,0.0395097,0.0230083,0.0534398,-0.0294704,-0.027114,0.0690678,0.000410989,0.0404963,
0.0750448,0.747668,0.130178,-1.73875,-0.197658,0.898036,-1.23448,0.650734,0.236254,0.0398173,0.0393065,0.0230829,0.0527622,-0.0251017,-0.0276713,0.0784155,0.000829942,0.0405258,
0.0752043,0.747826,0.13027,-1.73854,-0.197776,0.897928,-1.23421,0.650738,0.236416,0.0398675,0.0395904,0.0230159,0.053583,-0.0294987,-0.0271971,0.0690553,0.00040578,0.0404551,
0.0753638,0.747983,0.130362,-1.73833,-0.197876,0.897817,-1.23389,0.650739,0.236578,0.0398594,0.0393867,0.0230888,0.0529068,-0.0251362,-0.0277569,0.0783962,0.000824989,0.0404907,
0.0755234,0.748142,0.130454,-1.73811,-0.197994,0.897707,-1.23362,0.650743,0.23674,0.0399081,0.0396699,0.0230211,0.0537271,-0.029525,-0.0272808,0.0690453,0.000401815,0.0404251,
0.075683,0.7483,0.130547,-1.7379,-0.198095,0.897596,-1.23331,0.650744,0.236902,0.0398986,0.0394657,0.0230924,0.0530524,-0.0251689,-0.0278426,0.0783782,0.000821161,0.040466,
0.0758428,0.748459,0.130639,-1.73768,-0.198213,0.897487,-1.23303,0.650748,0.237064,0.039946,0.0397482,0.0230241,0.0538722,-0.0295494,-0.0273645,0.0690372,0.000398904,0.040405,
0.0760024,0.748618,0.130731,-1.73747,-0.19834,0.897376,-1.23277,0.650749,0.237225,0.0399117,0.0396524,0.023016,0.0539701,-0.0316382,-0.0276642,0.0654455,0.000256327,0.0406331,
0.0761623,0.748775,0.130823,-1.73725,-0.198445,0.897261,-1.23246,0.65075,0.237388,0.0399715,0.039452,0.0231643,0.05316,-0.0264125,-0.0286908,0.077485,0.000800898,0.0405434,
0.076322,0.748934,0.130915,-1.73704,-0.198537,0.89715,-1.23213,0.650753,0.23755,0.0399232,0.0395367,0.0229599,0.0531689,-0.0228461,-0.0278287,0.0809353,0.000987064,0.0408519,
0.0764818,0.749093,0.131007,-1.73682,-0.198651,0.897041,-1.23185,0.650757,0.237713,0.0399408,0.0399194,0.0229713,0.0542144,-0.0285722,-0.0272842,0.0701187,0.000483794,0.0406772,
0.0766414,0.749252,0.131099,-1.73661,-0.19875,0.89693,-1.23154,0.650759,0.237876,0.0399196,0.0397081,0.023034,0.0535735,-0.0246979,-0.0277689,0.0787038,0.000863684,0.0407292,
0.0768013,0.749412,0.131191,-1.73639,-0.198867,0.89682,-1.23126,0.650763,0.238039,0.0399727,0.0399799,0.0229837,0.0543897,-0.0293673,-0.0273502,0.0691773,0.00042492,0.0406321,
0.0769611,0.749571,0.131283,-1.73618,-0.198994,0.896709,-1.231,0.650764,0.238202,0.0399492,0.0398725,0.0229802,0.0544729,-0.0315663,-0.0277115,0.0655321,0.000273897,0.0408361,
0.0771212,0.74973,0.131376,-1.73596,-0.199099,0.896594,-1.23069,0.650766,0.238365,0.040015,0.0396633,0.0231298,0.0536549,-0.0264038,-0.0287784,0.0774683,0.000810356,0.0407375,
0.0772811,0.749889,0.131467,-1.73575,-0.199191,0.896482,-1.23037,0.650769,0.238528,0.0399732,0.0397432,0.0229288,0.0536591,-0.0229075,-0.0279642,0.0808515,0.000990367,0.0410337,
0.0774411,0.75005,0.131559,-1.73553,-0.199305,0.896373,-1.23009,0.650773,0.238692,0.0399964,0.0401227,0.0229485,0.054693,-0.0286117,-0.0274431,0.0700563,0.00048645,0.0408459,
0.077601,0.750209,0.131651,-1.73531,-0.199404,0.896261,-1.22977,0.650775,0.238855,0.0399815,0.039911,0.0230136,0.0540495,-0.0247622,-0.0279615,0.0786182,0.000863998,0.0408879,
0.0777611,0.75037,0.131743,-1.73509,-0.199522,0.896151,-1.22949,0.650778,0.239019,0.0400395,0.0401832,0.0229691,0.0548585,-0.029404,-0.0275538,0.069118,0.000425825,0.0407797,
0.0779212,0.75053,0.131835,-1.73487,-0.199648,0.896039,-1.22923,0.65078,0.239182,0.0400212,0.0400771,0.022967,0.0549369,-0.0315862,-0.0279361,0.0655192,0.000276092,0.0409744,
0.0780816,0.75069,0.131928,-1.73466,-0.199754,0.895923,-1.22892,0.650781,0.239346,0.0400897,0.0398706,0.0231182,0.0541208,-0.0264371,-0.0290084,0.077404,0.000810091,0.0408711,
0.0782418,0.75085,0.132019,-1.73444,-0.199846,0.89581,-1.2286,0.650784,0.239509,0.0400514,0.0399528,0.0229183,0.0541269,-0.022986,-0.0282098,0.0807396,0.000987248,0.0411598,
0.0784021,0.751011,0.132111,-1.73422,-0.199961,0.895699,-1.22832,0.650788,0.239674,0.0400768,0.0403331,0.0229442,0.0551536,-0.0286514,-0.0276842,0.0699746,0.000484954,0.0409639,
0.0785623,0.751172,0.132203,-1.734,-0.200085,0.895587,-1.22806,0.65079,0.239838,0.0400599,0.0402459,0.022954,0.0552723,-0.0312468,-0.0280095,0.0658836,0.0003073,0.0411151,
0.0787228,0.751332,0.132295,-1.73378,-0.200191,0.895471,-1.22775,0.650791,0.240002,0.040126,0.0400319,0.0231007,0.0544579,-0.0262647,-0.0290508,0.0774855,0.000825754,0.0410119,
0.0788832,0.751492,0.132387,-1.73356,-0.200282,0.895358,-1.22742,0.650795,0.240166,0.0400891,0.0401068,0.0229025,0.0544611,-0.0229446,-0.0282818,0.0807081,0.000994505,0.0412922,
0.0790437,0.751654,0.132479,-1.73334,-0.200397,0.895247,-1.22714,0.650799,0.240332,0.040118,0.0404816,0.0229357,0.0554781,-0.0286332,-0.0277771,0.0699373,0.000489809,0.0410824,
0.0792041,0.751816,0.13257,-1.73312,-0.200522,0.895134,-1.22688,0.650801,0.240496,0.040106,0.040391,0.0229467,0.0555899,-0.0312355,-0.0281314,0.0658724,0.000311541,0.0412231,
0.0793648,0.751977,0.132663,-1.7329,-0.200627,0.895018,-1.22657,0.650802,0.240661,0.0401749,0.040176,0.0230947,0.0547744,-0.0262698,-0.0291864,0.0774359,0.000827295,0.0411135,
0.0795254,0.752138,0.132754,-1.73268,-0.200719,0.894904,-1.22625,0.650805,0.240825,0.0401412,0.0402511,0.0228965,0.0547775,-0.0229894,-0.0284383,0.0806229,0.000993293,0.0413871,
0.079686,0.7523,0.132846,-1.73246,-0.200833,0.894792,-1.22597,0.650809,0.240991,0.040172,0.0406255,0.022935,0.0557881,-0.0286489,-0.027934,0.0698735,0.000489377,0.0411694,
0.0798467,0.752462,0.132938,-1.73223,-0.200958,0.894679,-1.22571,0.650811,0.241155,0.0401631,0.040535,0.0229463,0.0558965,-0.0312375,-0.0283023,0.0658485,0.000312464,0.0413037,
0.0800076,0.752624,0.13303,-1.73201,-0.201064,0.894561,-1.2254,0.650812,0.241321,0.0402334,0.0403217,0.0230951,0.0550827,-0.0262807,-0.0293593,0.0773799,0.000826679,0.0411901,
0.0801684,0.752785,0.133122,-1.73179,-0.201156,0.894447,-1.22507,0.650816,0.241485,0.0402019,0.0403985,0.0228962,0.0550874,-0.0230359,-0.0286228,0.0805344,0.00099069,0.0414591,
0.0803294,0.752948,0.133214,-1.73157,-0.20127,0.894334,-1.22479,0.65082,0.241651,0.0402334,0.0407731,0.0229393,0.0560929,-0.0286634,-0.0281116,0.0698089,0.000488123,0.0412356,
0.0804903,0.753111,0.133305,-1.73134,-0.201395,0.89422,-1.22453,0.650822,0.241816,0.0402266,0.0406831,0.0229501,0.0561989,-0.0312371,-0.0284891,0.0658257,0.000312951,0.0413655,
0.0806515,0.753273,0.133398,-1.73112,-0.2015,0.894102,-1.22422,0.650823,0.241982,0.0402976,0.0404715,0.023099,0.0553876,-0.0262897,-0.0295444,0.0773242,0.000825809,0.0412494,
0.0808125,0.753435,0.133489,-1.7309,-0.201593,0.893987,-1.2239,0.650826,0.242147,0.0402674,0.0405499,0.022899,0.0553946,-0.0230805,-0.0288168,0.0804467,0.000987997,0.0415153,
0.0809737,0.753599,0.133581,-1.73067,-0.201707,0.893874,-1.22362,0.65083,0.242313,0.0402991,0.0409245,0.022946,0.0563952,-0.0286752,-0.0282968,0.0697471,0.000486963,0.0412875,
0.0811349,0.753762,0.133673,-1.73045,-0.201832,0.893759,-1.22336,0.650832,0.242478,0.0402937,0.0408348,0.0229558,0.0564993,-0.0312339,-0.028682,0.0658064,0.000313632,0.0414143,
0.0812964,0.753925,0.133765,-1.73022,-0.201938,0.89364,-1.22305,0.650833,0.242644,0.0403647,0.0406248,0.0231045,0.0556909,-0.0262968,-0.0297341,0.0772703,0.000825112,0.0412973,
0.0814577,0.754087,0.133857,-1.73,-0.20203,0.893524,-1.22273,0.650837,0.242809,0.0403354,0.0407044,0.022903,0.0557004,-0.0231232,-0.0290145,0.0803608,0.000985522,0.0415609,
0.0816192,0.754252,0.133949,-1.72978,-0.202145,0.89341,-1.22245,0.65084,0.242975,0.0403667,0.0410786,0.0229535,0.0566964,-0.0286844,-0.0284852,0.0696891,0.000486123,0.0413302,
0.0817807,0.754415,0.134041,-1.72955,-0.202245,0.893294,-1.22214,0.650842,0.24314,0.0403686,0.0408691,0.0230196,0.0560556,-0.0249489,-0.0290864,0.0781651,0.00085759,0.0413402,
0.0819424,0.75458,0.134133,-1.72932,-0.202362,0.893179,-1.22186,0.650846,0.243306,0.0404373,0.0411432,0.0229934,0.056841,-0.0294537,-0.0286696,0.0688059,0.000425912,0.041195,
0.0821041,0.754744,0.134225,-1.7291,-0.202489,0.893063,-1.2216,0.650848,0.24347,0.0404323,0.0410402,0.0229859,0.0569064,-0.031567,-0.0291155,0.0654404,0.00028473,0.0413624,
0.0822661,0.754907,0.134317,-1.72887,-0.202595,0.892942,-1.22129,0.650849,0.243636,0.0405027,0.0408436,0.023137,0.0561065,-0.0264857,-0.0301744,0.0770811,0.000808127,0.041249,
0.082428,0.755071,0.134409,-1.72865,-0.202688,0.892824,-1.22097,0.650852,0.243801,0.040472,0.0409342,0.0229308,0.0561269,-0.0232664,-0.0294344,0.0802004,0.000972727,0.041519,
0.08259,0.755236,0.134501,-1.72842,-0.202803,0.892709,-1.22069,0.650856,0.243967,0.0404981,0.0413133,0.0229806,0.0571228,-0.0287322,-0.0288608,0.0695993,0.00047965,0.0412985,
0.082752,0.755401,0.134593,-1.72819,-0.202903,0.892591,-1.22038,0.650858,0.244132,0.0404969,0.0411089,0.0230431,0.056491,-0.0250033,-0.0294479,0.0780651,0.0008525,0.0413157,
0.0829143,0.755566,0.134685,-1.72796,-0.20302,0.892475,-1.2201,0.650861,0.244297,0.0405617,0.0413846,0.0230159,0.0572762,-0.0294619,-0.0290043,0.0687552,0.000424667,0.0411771,
0.0830765,0.755731,0.134777,-1.72773,-0.203147,0.892357,-1.21984,0.650863,0.244462,0.040554,0.0412833,0.0230032,0.057343,-0.0315524,-0.0294487,0.0654501,0.000286689,0.0413514,
0.083239,0.755896,0.13487,-1.72751,-0.203253,0.892235,-1.21953,0.650864,0.244628,0.0406198,0.0410886,0.0231506,0.0565508,-0.0264914,-0.0304878,0.0770241,0.000808112,0.0412475,
0.0834013,0.75606,0.134962,-1.72728,-0.203346,0.892116,-1.21921,0.650867,0.244793,0.0405866,0.04118,0.0229412,0.0565768,-0.0233219,-0.029749,0.0800957,0.000970599,0.0415227,
0.0835637,0.756227,0.135054,-1.72705,-0.203461,0.892,-1.21894,0.650871,0.244959,0.0406091,0.0415568,0.0229922,0.0575675,-0.0287391,-0.0291586,0.0695458,0.000480554,0.0413073,
0.0837262,0.756392,0.135146,-1.72682,-0.203561,0.891881,-1.21862,0.650873,0.245124,0.0406063,0.0413524,0.0230519,0.0569406,-0.0250352,-0.0297486,0.0779823,0.000852466,0.0413294,
0.0838888,0.756559,0.135238,-1.72659,-0.203679,0.891763,-1.21835,0.650876,0.245289,0.0406689,0.0416266,0.0230248,0.0577228,-0.0294565,-0.0292946,0.06872,0.000427224,0.0411945,
0.0840516,0.756724,0.13533,-1.72636,-0.203781,0.891644,-1.21804,0.650878,0.245454,0.0406796,0.0414183,0.0230881,0.0570618,-0.0254155,-0.0299805,0.0776948,0.000825726,0.0412078,
0.0842145,0.756891,0.135422,-1.72613,-0.203899,0.891526,-1.21776,0.650881,0.245619,0.0407407,0.0416955,0.0230484,0.0578388,-0.0296119,-0.0295062,0.0686002,0.000412455,0.0410972,
0.0843775,0.757057,0.135515,-1.7259,-0.204001,0.891405,-1.21745,0.650883,0.245783,0.040747,0.0414954,0.0231098,0.0571862,-0.0255013,-0.0301761,0.0776324,0.000816317,0.041121,
0.0845407,0.757224,0.135607,-1.72567,-0.20412,0.891286,-1.21718,0.650886,0.245948,0.0408028,0.0417769,0.0230663,0.0579678,-0.0296447,-0.0296753,0.0685767,0.000407122,0.0410234,
0.0847039,0.75739,0.1357,-1.72544,-0.204222,0.891165,-1.21687,0.650888,0.246112,0.0408046,0.0415802,0.0231247,0.0573216,-0.0255272,-0.0303277,0.0776063,0.000812496,0.0410573,
0.0848674,0.757558,0.135792,-1.72521,-0.20434,0.891046,-1.21659,0.650891,0.246276,0.0408562,0.0418626,0.0230785,0.0581053,-0.0296514,-0.0298102,0.0685718,0.000405458,0.0409692,
0.0850308,0.757725,0.135884,-1.72498,-0.204442,0.890924,-1.21628,0.650893,0.24644,0.0408544,0.0416668,0.0231341,0.0574634,-0.02554,-0.0304523,0.0775888,0.000811172,0.0410116,
0.0851944,0.757892,0.135977,-1.72475,-0.204561,0.890804,-1.21601,0.650896,0.246604,0.0409026,0.0419487,0.0230857,0.0582479,-0.0296518,-0.0299252,0.0685727,0.000405589,0.0409313,
0.085358,0.758059,0.136069,-1.72452,-0.204663,0.890682,-1.2157,0.650898,0.246768,0.0408979,0.0417528,0.0231389,0.0576092,-0.0255491,-0.0305618,0.0775741,0.000811147,0.0409811,
0.0855218,0.758228,0.136162,-1.72428,-0.204782,0.890562,-1.21543,0.650901,0.246932,0.0409434,0.0420335,0.0230889,0.0583937,-0.0296498,-0.0300292,0.0685757,0.000406706,0.0409074,
0.0856855,0.758395,0.136254,-1.72405,-0.204884,0.890439,-1.21512,0.650903,0.247095,0.0409364,0.0418372,0.0231401,0.0577577,-0.0255566,-0.0306627,0.0775602,0.000811861,0.0409635,
0.0858494,0.758563,0.136347,-1.72382,-0.205003,0.890319,-1.21484,0.650906,0.247259,0.0409797,0.0421166,0.0230888,0.0585418,-0.0296463,-0.0301266,0.0685794,0.000408409,0.0408954,
0.0860133,0.758731,0.136439,-1.72359,-0.205105,0.890195,-1.21453,0.650907,0.247423,0.0409709,0.0419199,0.0231384,0.0579083,-0.0255627,-0.0307581,0.0775459,0.000813021,0.040957,
0.0861774,0.7589,0.136532,-1.72335,-0.205223,0.890075,-1.21426,0.650911,0.247586,0.0410124,0.0421981,0.0230862,0.0586917,-0.0296417,-0.0302197,0.0685827,0.000410476,0.0408937,
0.0863414,0.759068,0.136624,-1.72312,-0.205326,0.889951,-1.21395,0.650912,0.24775,0.041002,0.0420011,0.0231345,0.0580606,-0.0255678,-0.03085,0.0775307,0.00081446,0.04096,
0.0865055,0.759237,0.136716,-1.72288,-0.205444,0.88983,-1.21367,0.650916,0.247914,0.0410421,0.0422782,0.0230815,0.0588432,-0.0296359,-0.0303099,0.0685852,0.000412774,0.0409007,
0.0866697,0.759405,0.136809,-1.72265,-0.205547,0.889706,-1.21336,0.650917,0.248077,0.0410306,0.0420809,0.0231288,0.0582141,-0.0255718,-0.0309394,0.0775141,0.000816073,0.0409711,
0.0868339,0.759575,0.136901,-1.72242,-0.205665,0.889585,-1.21309,0.650921,0.248241,0.0410695,0.042357,0.0230754,0.0589958,-0.029629,-0.030398,0.0685863,0.000415217,0.0409153,
0.0869982,0.759743,0.136994,-1.72218,-0.205767,0.889461,-1.21278,0.650922,0.248405,0.0410571,0.0421596,0.0231218,0.0583688,-0.0255748,-0.0310269,0.0774957,0.00081779,0.040989,
0.087162,0.759912,0.137085,-1.72195,-0.20586,0.889339,-1.21246,0.650925,0.248569,0.0409715,0.0422089,0.022909,0.058425,-0.0231989,-0.0304039,0.0797395,0.000935649,0.0413399,
0.0873259,0.760082,0.137177,-1.72171,-0.205975,0.889219,-1.21218,0.650929,0.248734,0.0409705,0.0425361,0.0229669,0.0593774,-0.0287469,-0.0299299,0.0692438,0.000444032,0.0411657,
0.0874897,0.760252,0.137269,-1.72147,-0.2061,0.889098,-1.21192,0.650931,0.248899,0.0409513,0.0424182,0.0229601,0.0594579,-0.0312316,-0.0304121,0.0656062,0.000284784,0.0413397,
0.0876537,0.760421,0.137361,-1.72124,-0.206206,0.888972,-1.21161,0.650932,0.249064,0.0410004,0.0421946,0.0230819,0.0586821,-0.0265008,-0.0314799,0.0766069,0.000780899,0.0412996,
0.087818,0.760591,0.137453,-1.721,-0.206326,0.888848,-1.21134,0.650935,0.24923,0.0410689,0.0424799,0.0230041,0.059427,-0.0299569,-0.0309004,0.0682584,0.000414746,0.0412603,
0.0879823,0.76076,0.137546,-1.72077,-0.206429,0.888722,-1.21103,0.650937,0.249395,0.0410708,0.0423134,0.0230604,0.058815,-0.0257289,-0.0314885,0.0773295,0.000828847,0.0413136,
0.0881463,0.760929,0.137637,-1.72053,-0.206522,0.888599,-1.21071,0.65094,0.24956,0.0409957,0.0423859,0.0228548,0.0588837,-0.0232823,-0.0308128,0.0796049,0.000950449,0.0416455,
0.0883103,0.7611,0.137729,-1.72029,-0.206637,0.888478,-1.21043,0.650944,0.249726,0.0410003,0.0427259,0.0229184,0.0598362,-0.0287228,-0.0302824,0.0691993,0.00046454,0.0414605,
0.0884742,0.761271,0.13782,-1.72005,-0.206761,0.888355,-1.21017,0.650946,0.249892,0.0409869,0.0426196,0.0229156,0.0599201,-0.0311581,-0.0307375,0.0656288,0.000308305,0.0416206,
0.0886384,0.76144,0.137913,-1.71981,-0.206867,0.888228,-1.20987,0.650947,0.250059,0.0410399,0.0424054,0.0230404,0.0591543,-0.0264509,-0.0317713,0.0765452,0.000800765,0.04157,
0.0888024,0.76161,0.138004,-1.71958,-0.206962,0.888103,-1.20955,0.65095,0.250225,0.041004,0.0424824,0.0228318,0.059187,-0.0236176,-0.0311333,0.0792995,0.000946294,0.0418627,
0.0889665,0.761782,0.138095,-1.71934,-0.207077,0.887981,-1.20927,0.650954,0.250392,0.0410207,0.042833,0.0228893,0.0601317,-0.0288113,-0.0305642,0.0690766,0.000471839,0.0416753,
0.0891305,0.761953,0.138187,-1.7191,-0.207202,0.887857,-1.20901,0.650956,0.250559,0.0410123,0.04274,0.0228876,0.0602201,-0.0311478,-0.0310008,0.0656047,0.000321144,0.041828,
0.0892948,0.762123,0.138279,-1.71886,-0.207307,0.887729,-1.2087,0.650957,0.250726,0.0410683,0.0425375,0.0230161,0.059464,-0.0264302,-0.0320012,0.0764825,0.000812712,0.0417674,
0.089459,0.762293,0.13837,-1.71862,-0.207402,0.887603,-1.20839,0.650961,0.250894,0.0410366,0.0426222,0.0228108,0.0595022,-0.0236173,-0.0313495,0.079209,0.00095673,0.0420474,
0.0896232,0.762465,0.138462,-1.71838,-0.207517,0.88748,-1.20811,0.650964,0.251062,0.0410561,0.0429761,0.0228731,0.0604431,-0.0287647,-0.0307597,0.0690344,0.000484341,0.0418492,
0.0897874,0.762637,0.138553,-1.71814,-0.207641,0.887356,-1.20785,0.650966,0.251229,0.0410514,0.0428869,0.0228724,0.060531,-0.0310814,-0.031196,0.0656079,0.000334836,0.0419915,
0.0899518,0.762808,0.138645,-1.7179,-0.207747,0.887227,-1.20754,0.650968,0.251397,0.0411093,0.0426884,0.0230022,0.05978,-0.0263846,-0.0321818,0.0764229,0.000823231,0.041923,
0.0901161,0.762979,0.138736,-1.71766,-0.207841,0.887101,-1.20723,0.650971,0.251565,0.0410806,0.0427754,0.0227986,0.0598208,-0.023609,-0.0315336,0.0791136,0.000964628,0.0421927,
0.0902805,0.763151,0.138828,-1.71742,-0.207956,0.886977,-1.20695,0.650975,0.251734,0.0411018,0.0431292,0.0228649,0.0607558,-0.0287158,-0.0309348,0.0689866,0.000493887,0.0419857,
0.0904449,0.763323,0.138919,-1.71717,-0.20808,0.886852,-1.20669,0.650977,0.251902,0.0410999,0.0430414,0.0228642,0.0608421,-0.0310155,-0.0313796,0.0656061,0.000345449,0.0421197,
0.0906096,0.763495,0.139011,-1.71693,-0.208185,0.886722,-1.20638,0.650978,0.25207,0.0411589,0.0428452,0.0229944,0.0600956,-0.0263415,-0.0323559,0.0763563,0.000830587,0.0420457,
0.0907741,0.763666,0.139103,-1.71669,-0.20828,0.886595,-1.20607,0.650981,0.252238,0.0411323,0.0429336,0.0227918,0.0601386,-0.0236042,-0.0317151,0.0790112,0.00096945,0.042307,
0.0909387,0.76384,0.139194,-1.71645,-0.208395,0.886471,-1.20579,0.650985,0.252407,0.0411545,0.0432863,0.0228614,0.0610675,-0.0286695,-0.0311096,0.0689341,0.000500605,0.0420935,
0.0911034,0.764012,0.139286,-1.7162,-0.208495,0.886344,-1.20548,0.650987,0.252576,0.0411605,0.0430858,0.0229182,0.0604705,-0.0251921,-0.0317524,0.0770216,0.00085786,0.0421142,
0.0912683,0.764185,0.139377,-1.71596,-0.208613,0.886219,-1.20521,0.650991,0.252744,0.0412258,0.043349,0.0229046,0.0612132,-0.029312,-0.0312847,0.0681986,0.000452744,0.0419754,
0.0914332,0.764358,0.139469,-1.71572,-0.208715,0.886091,-1.2049,0.650993,0.252912,0.0412429,0.0431496,0.0229616,0.0605905,-0.0255107,-0.0319966,0.0767602,0.000834509,0.0419915,
0.0915985,0.764532,0.139561,-1.71547,-0.208832,0.885965,-1.20463,0.650996,0.25308,0.0413056,0.0434185,0.0229356,0.0613317,-0.0294279,-0.0315033,0.0680919,0.000440578,0.041875,
0.0917637,0.764705,0.139653,-1.71523,-0.208935,0.885836,-1.20432,0.650998,0.253248,0.0413176,0.0432282,0.0229897,0.0607188,-0.0255681,-0.0321931,0.0766927,0.000826795,0.0419019,
