0.00372197,-0.000989209,-0.00104554,-0.000283043,6.33795e-05,0.000420354,-0.000186926,-0.000989209,0.00160624,-0.00101556,-0.000574229,0.001017,-0.000476045,6.72688e-05,-0.00104554,-0.00101556,0.00342351,0.00059946,0.000694396,0.00107686,-0.000208106,-0.000283043,-0.000574229,0.00059946,0.00214212,-0.00093733,-0.00244939,1.39271e-05,6.33795e-05,0.001017,0.000694396,-0.00093733,0.0328475,0.000961947,-0.00203448,0.000420354,-0.000476045,0.00107686,-0.00244939,0.000961947,0.0283836,-0.000122343,-0.000186926,6.72688e-05,-0.000208106,1.39271e-05,-0.00203448,-0.000122343,0.046754,
0.00372301,-0.000989075,-0.00104486,0,6.05268e-05,0.000418033,-0.000186868,-0.000989075,0.0016051,-0.00101569,0,0.00101584,-0.000475118,6.72191e-05,-0.00104486,-0.00101569,0.00342442,0,0.000691961,0.00107366,-0.00020814,-0.000282639,-0.000574371,0.000599491,0,-0.000941989,-0.00245275,1.46455e-05,6.05268e-05,0.00101584,0.000691961,0,0.0328569,0.000965224,-0.00203519,0.000418033,-0.000475118,0.00107366,0,0.000965224,0.0283893,-0.000121241,-0.000186868,6.72191e-05,-0.00020814,0,-0.00203519,-0.000121241,0.0467539,
0.00372517,-0.000988651,-0.00104406,0,5.65313e-05,0.000416692,-0.000186745,-0.000988651,0.00160287,-0.00101545,0,0.00101399,-0.000474135,6.7074e-05,-0.00104406,-0.00101545,0.00342584,0,0.00068818,0.00107018,-0.000208064,-0.000280828,-0.00057558,0.000599722,0,-0.000948192,-0.00245714,1.54112e-05,5.65313e-05,0.00101399,0.00068818,0,0.0328724,0.000969537,-0.00203632,0.000416692,-0.000474135,0.00107018,0,0.000969537,0.0283984,-0.000120362,-0.000186745,6.7074e-05,-0.000208064,0,-0.00203632,-0.000120362,0.0467538,
0.00372797,-0.000988003,-0.00104387,-0.000277194,5.25094e-05,0.000415483,-0.000186585,-0.000988003,0.00160004,-0.00101476,-0.000577881,0.00101079,-0.000473585,6.69195e-05,-0.00104387,-0.00101476,0.00342741,0.000599993,0.000683836,0.00106516,-0.000207895,-0.000277194,-0.000577881,0.000599993,0.00214637,-0.000956746,-0.00246239,1.63155e-05,5.25094e-05,0.00101079,0.000683836,-0.000956746,0.032891,0.000975109,-0.00203773,0.000415483,-0.000473585,0.00106516,-0.00246239,0.00097511,0.0284101,-0.00011953,-0.000186586,6.69195e-05,-0.000207895,1.63154e-05,-0.00203773,-0.00011953,0.0467537,
0.00373098,-0.000987315,-0.00104436,-0.000272143,4.97654e-05,0.00041556,-0.000186516,-0.000987315,0.00159712,-0.00101384,-0.000580634,0.00100765,-0.000473369,6.67653e-05,-0.00104436,-0.00101384,0.00342952,0.000600016,0.000679514,0.00106014,-0.000207738,-0.000272143,-0.000580634,0.000600016,0.00214826,-0.000964708,-0.00246684,1.70616e-05,4.97654e-05,0.00100765,0.000679514,-0.000964708,0.0329066,0.000979978,-0.00203897,0.00041556,-0.000473369,0.00106014,-0.00246684,0.000979978,0.0284208,-0.000118745,-0.000186516,6.67653e-05,-0.000207738,1.70617e-05,-0.00203897,-0.000118745,0.0467536,
0.00373397,-0.000986579,-0.00104532,-0.000266341,4.74831e-05,0.000415944,-0.000186435,-0.000986579,0.00159421,-0.00101275,-0.000583668,0.00100411,-0.00047339,6.66213e-05,-0.00104532,-0.00101275,0.00343167,0.000599924,0.000675071,0.00105474,-0.000207532,-0.000266341,-0.000583668,0.000599924,0.00215019,-0.000972968,-0.00247135,1.78021e-05,4.74831e-05,0.0010041,0.000675071,-0.000972968,0.0329227,0.000985121,-0.00204027,0.000415944,-0.00047339,0.00105474,-0.00247135,0.000985121,0.0284319,-0.000117972,-0.000186435,6.66213e-05,-0.000207532,1.78021e-05,-0.00204027,-0.000117972,0.0467535,
0.00373691,-0.000985805,-0.00104659,-0.00026004,4.57147e-05,0.000416759,-0.00018637,-0.000985805,0.00159132,-0.00101155,-0.000586897,0.00100046,-0.000473609,6.64825e-05,-0.00104659,-0.00101155,0.00343387,0.000599766,0.00067071,0.00104937,-0.000207313,-0.00026004,-0.000586897,0.000599766,0.00215211,-0.000980983,-0.00247553,1.84838e-05,4.57147e-05,0.00100046,0.00067071,-0.000980983,0.0329379,0.000990068,-0.00204151,0.000416759,-0.000473609,0.00104937,-0.00247553,0.000990068,0.0284427,-0.000117212,-0.00018637,6.64825e-05,-0.000207313,1.84838e-05,-0.00204151,-0.000117212,0.0467534,
0.00373978,-0.000984996,-0.00104808,-0.000253397,4.42313e-05,0.000417769,-0.000186303,-0.000984996,0.00158845,-0.00101026,-0.00059025,0.000996653,-0.000473955,6.63485e-05,-0.00104808,-0.00101026,0.00343608,0.000599556,0.000666326,0.00104391,-0.000207073,-0.000253397,-0.00059025,0.000599556,0.00215404,-0.000988962,-0.0024796,1.91431e-05,4.42312e-05,0.000996653,0.000666326,-0.000988962,0.032953,0.000995031,-0.00204276,0.000417769,-0.000473955,0.00104391,-0.0024796,0.000995031,0.0284536,-0.000116459,-0.000186303,6.63485e-05,-0.000207073,1.91431e-05,-0.00204276,-0.000116459,0.0467533,
0.00374257,-0.000984155,-0.00104972,-0.000246525,4.29792e-05,0.000418933,-0.000186235,-0.000984155,0.0015856,-0.00100892,-0.00059368,0.000992768,-0.000474393,6.6218e-05,-0.00104972,-0.00100892,0.0034383,0.000599309,0.000661943,0.00103844,-0.00020682,-0.000246525,-0.00059368,0.000599309,0.00215599,-0.000996825,-0.00248354,1.97773e-05,4.29792e-05,0.000992768,0.000661943,-0.000996825,0.0329678,0.000999938,-0.00204398,0.000418933,-0.000474393,0.00103844,-0.00248354,0.000999938,0.0284644,-0.000115709,-0.000186235,6.6218e-05,-0.00020682,1.97773e-05,-0.00204398,-0.000115709,0.0467532,
0.00374528,-0.000983285,-0.00105146,-0.000239502,4.18793e-05,0.000420181,-0.000186163,-0.000983285,0.00158276,-0.00100755,-0.000597155,0.000988812,-0.000474895,6.60902e-05,-0.00105146,-0.00100755,0.00344053,0.000599035,0.00065754,0.00103295,-0.000206556,-0.000239502,-0.000597155,0.000599035,0.00215796,-0.0010046,-0.00248737,2.03944e-05,4.18793e-05,0.000988812,0.00065754,-0.0010046,0.0329824,0.00100482,-0.00204518,0.000420182,-0.000474895,0.00103295,-0.00248737,0.00100482,0.0284751,-0.000114959,-0.000186163,6.60901e-05,-0.000206556,2.03944e-05,-0.00204518,-0.000114959,0.0467531,
0.00374791,-0.000982388,-0.00105327,-0.000232382,4.08929e-05,0.000421478,-0.000186086,-0.000982388,0.00157993,-0.00100615,-0.000600652,0.000984809,-0.000475442,6.59644e-05,-0.00105327,-0.00100615,0.00344276,0.000598742,0.000653119,0.00102744,-0.000206282,-0.000232382,-0.000600652,0.000598742,0.00215995,-0.00101227,-0.00249111,2.09966e-05,4.08929e-05,0.000984809,0.000653119,-0.00101227,0.0329969,0.00100967,-0.00204637,0.000421478,-0.000475442,0.00102744,-0.00249111,0.00100967,0.0284858,-0.000114207,-0.000186086,6.59644e-05,-0.000206282,2.09965e-05,-0.00204637,-0.000114207,0.046753,
0.00375044,-0.000981465,-0.00105513,-0.000225203,3.99872e-05,0.000422794,-0.000186005,-0.000981465,0.00157711,-0.00100473,-0.000604155,0.000980769,-0.00047602,6.58406e-05,-0.00105513,-0.00100473,0.00344498,0.000598434,0.000648673,0.00102194,-0.000206,-0.000225203,-0.000604155,0.000598434,0.00216196,-0.00101985,-0.00249477,2.15863e-05,3.99872e-05,0.000980769,0.000648673,-0.00101985,0.0330111,0.00101449,-0.00204753,0.000422794,-0.00047602,0.00102194,-0.00249477,0.00101449,0.0284965,-0.000113452,-0.000186004,6.58406e-05,-0.000206,2.15864e-05,-0.00204753,-0.000113452,0.0467529,
0.00375289,-0.000980519,-0.00105701,-0.00021799,3.91418e-05,0.000424111,-0.000185917,-0.000980519,0.00157431,-0.00100331,-0.000607654,0.000976703,-0.000476622,6.57182e-05,-0.00105701,-0.00100331,0.00344721,0.000598114,0.000644204,0.00101644,-0.000205711,-0.00021799,-0.000607654,0.000598114,0.00216399,-0.00102732,-0.00249835,2.21652e-05,3.91418e-05,0.000976703,0.000644204,-0.00102732,0.0330253,0.00101927,-0.00204867,0.000424111,-0.000476622,0.00101644,-0.00249835,0.00101927,0.028507,-0.000112693,-0.000185917,6.57182e-05,-0.000205711,2.21652e-05,-0.00204867,-0.000112693,0.0467528,
0.00375525,-0.000979549,-0.00105891,-0.000210762,3.83418e-05,0.000425416,-0.000185824,-0.000979549,0.00157152,-0.00100188,-0.000611141,0.000972615,-0.000477241,6.55974e-05,-0.00105891,-0.00100188,0.00344943,0.000597785,0.00063971,0.00101094,-0.000205417,-0.000210762,-0.000611141,0.000597785,0.00216604,-0.0010347,-0.00250186,2.27343e-05,3.83418e-05,0.000972615,0.00063971,-0.0010347,0.0330393,0.00102403,-0.00204979,0.000425416,-0.000477241,0.00101094,-0.00250186,0.00102403,0.0285175,-0.000111929,-0.000185824,6.55974e-05,-0.000205417,2.27343e-05,-0.00204979,-0.000111929,0.0467527,
0.00375752,-0.000978558,-0.00106082,-0.000203532,3.7577e-05,0.0004267,-0.000185725,-0.000978558,0.00156874,-0.00100044,-0.000614612,0.000968512,-0.000477873,6.54779e-05,-0.00106082,-0.00100044,0.00345164,0.000597449,0.000635192,0.00100544,-0.000205117,-0.000203532,-0.000614613,0.000597449,0.00216811,-0.00104198,-0.0025053,2.32943e-05,3.7577e-05,0.000968512,0.000635192,-0.00104198,0.0330532,0.00102875,-0.00205089,0.0004267,-0.000477873,0.00100544,-0.0025053,0.00102875,0.028528,-0.00011116,-0.000185725,6.54779e-05,-0.000205117,2.32944e-05,-0.00205089,-0.00011116,0.0467526,
0.0037597,-0.000977546,-0.00106274,-0.000196308,3.68404e-05,0.000427957,-0.00018562,-0.000977546,0.00156598,-0.000999006,-0.000618064,0.000964396,-0.000478515,6.53597e-05,-0.00106274,-0.000999006,0.00345385,0.000597107,0.000630649,0.000999949,-0.000204812,-0.000196308,-0.000618064,0.000597107,0.0021702,-0.00104916,-0.00250867,2.38459e-05,3.68405e-05,0.000964396,0.000630649,-0.00104916,0.0330669,0.00103344,-0.00205197,0.000427957,-0.000478515,0.000999949,-0.00250867,0.00103344,0.0285383,-0.000110385,-0.000185621,6.53597e-05,-0.000204812,2.38459e-05,-0.00205197,-0.000110385,0.0467525,
0.0037618,-0.000976514,-0.00106465,-0.000189096,3.61272e-05,0.000429181,-0.00018551,-0.000976514,0.00156322,-0.000997569,-0.000621493,0.000960268,-0.000479165,6.52429e-05,-0.00106465,-0.000997569,0.00345605,0.00059676,0.000626081,0.000994465,-0.000204503,-0.000189096,-0.000621493,0.00059676,0.0021723,-0.00105625,-0.00251197,2.43893e-05,3.61273e-05,0.000960268,0.000626081,-0.00105625,0.0330805,0.0010381,-0.00205302,0.000429181,-0.000479165,0.000994465,-0.00251197,0.0010381,0.0285486,-0.000109605,-0.00018551,6.52429e-05,-0.000204503,2.43893e-05,-0.00205302,-0.000109605,0.0467523,
0.00376381,-0.000975461,-0.00106656,-0.0001819,3.54341e-05,0.000430372,-0.000185394,-0.000975461,0.00156048,-0.000996133,-0.000624899,0.000956132,-0.000479823,6.51273e-05,-0.00106656,-0.000996133,0.00345825,0.000596408,0.00062149,0.000988987,-0.00020419,-0.0001819,-0.000624899,0.000596408,0.00217443,-0.00106324,-0.00251521,2.4925e-05,3.54341e-05,0.000956132,0.00062149,-0.00106324,0.033094,0.00104273,-0.00205405,0.000430372,-0.000479823,0.000988987,-0.00251521,0.00104273,0.0285588,-0.000108819,-0.000185394,6.51273e-05,-0.00020419,2.4925e-05,-0.00205405,-0.000108819,0.0467522,
0.00376574,-0.00097439,-0.00106847,-0.000174723,3.47585e-05,0.000431526,-0.000185272,-0.00097439,0.00155775,-0.000994698,-0.00062828,0.000951987,-0.000480487,6.50131e-05,-0.00106847,-0.000994698,0.00346044,0.000596052,0.000616876,0.000983515,-0.000203873,-0.000174723,-0.00062828,0.000596052,0.00217657,-0.00107013,-0.00251839,2.54531e-05,3.47585e-05,0.000951987,0.000616876,-0.00107013,0.0331073,0.00104733,-0.00205506,0.000431526,-0.000480487,0.000983515,-0.00251839,0.00104733,0.028569,-0.000108027,-0.000185272,6.50131e-05,-0.000203873,2.54531e-05,-0.00205506,-0.000108027,0.0467521,
0.00376758,-0.000973301,-0.00107038,-0.000167567,3.40989e-05,0.000432642,-0.000185145,-0.000973301,0.00155504,-0.000993265,-0.000631636,0.000947835,-0.000481156,6.49001e-05,-0.00107038,-0.000993265,0.00346263,0.000595691,0.000612238,0.000978049,-0.000203552,-0.000167567,-0.000631636,0.000595691,0.00217874,-0.00107693,-0.0025215,2.59739e-05,3.40989e-05,0.000947835,0.000612238,-0.00107693,0.0331205,0.00105189,-0.00205605,0.000432642,-0.000481156,0.000978049,-0.0025215,0.00105189,0.0285791,-0.00010723,-0.000185145,6.49002e-05,-0.000203552,2.59739e-05,-0.00205605,-0.00010723,0.046752,
0.00376935,-0.000972193,-0.00107228,-0.000160434,3.34542e-05,0.00043372,-0.000185013,-0.000972193,0.00155233,-0.000991834,-0.000634967,0.000943676,-0.000481832,6.47885e-05,-0.00107228,-0.000991834,0.00346481,0.000595327,0.000607579,0.000972589,-0.000203228,-0.000160434,-0.000634967,0.000595327,0.00218092,-0.00108364,-0.00252456,2.64873e-05,3.34541e-05,0.000943676,0.000607579,-0.00108364,0.0331335,0.00105643,-0.00205701,0.00043372,-0.000481832,0.000972589,-0.00252456,0.00105643,0.0285891,-0.000106427,-0.000185013,6.47886e-05,-0.000203228,2.64874e-05,-0.00205701,-0.000106427,0.0467519,
0.00377103,-0.000971069,-0.00107418,-0.000153323,3.28233e-05,0.00043476,-0.000184875,-0.000971069,0.00154964,-0.000990405,-0.000638272,0.000939511,-0.000482512,6.46782e-05,-0.00107418,-0.000990405,0.00346699,0.000594959,0.000602897,0.000967136,-0.0002029,-0.000153323,-0.000638272,0.000594959,0.00218311,-0.00109026,-0.00252755,2.69937e-05,3.28233e-05,0.000939511,0.000602897,-0.00109026,0.0331464,0.00106094,-0.00205795,0.00043476,-0.000482512,0.000967136,-0.00252755,0.00106094,0.028599,-0.000105618,-0.000184875,6.46783e-05,-0.0002029,2.69937e-05,-0.00205795,-0.000105618,0.0467517,
0.00377263,-0.000969927,-0.00107606,-0.000146237,3.22058e-05,0.000435761,-0.000184732,-0.000969927,0.00154696,-0.000988978,-0.000641552,0.000935341,-0.000483198,6.45692e-05,-0.00107606,-0.000988978,0.00346916,0.000594587,0.000598194,0.000961689,-0.000202569,-0.000146237,-0.000641552,0.000594587,0.00218533,-0.00109678,-0.00253048,2.74929e-05,3.22058e-05,0.000935341,0.000598194,-0.00109678,0.0331592,0.00106541,-0.00205886,0.000435761,-0.000483198,0.000961689,-0.00253048,0.00106541,0.0286089,-0.000104803,-0.000184732,6.45692e-05,-0.000202569,2.74929e-05,-0.00205886,-0.000104803,0.0467516,
0.00377415,-0.000968768,-0.00107795,-0.000139175,3.16012e-05,0.000436723,-0.000184584,-0.000968768,0.0015443,-0.000987553,-0.000644806,0.000931165,-0.000483889,6.44617e-05,-0.00107795,-0.000987553,0.00347132,0.000594212,0.00059347,0.000956248,-0.000202235,-0.000139175,-0.000644806,0.000594212,0.00218756,-0.00110322,-0.00253334,2.79852e-05,3.16012e-05,0.000931165,0.00059347,-0.00110322,0.0331719,0.00106986,-0.00205976,0.000436723,-0.000483889,0.000956248,-0.00253334,0.00106986,0.0286186,-0.000103983,-0.000184584,6.44616e-05,-0.000202235,2.79852e-05,-0.00205976,-0.000103983,0.0467514,
0.00377559,-0.000967593,-0.00107982,-0.000132138,3.10089e-05,0.000437646,-0.000184432,-0.000967593,0.00154164,-0.000986131,-0.000648035,0.000926984,-0.000484585,6.43554e-05,-0.00107982,-0.000986131,0.00347348,0.000593833,0.000588726,0.000950813,-0.000201898,-0.000132138,-0.000648035,0.000593833,0.0021898,-0.00110956,-0.00253615,2.84706e-05,3.1009e-05,0.000926984,0.000588726,-0.00110956,0.0331844,0.00107428,-0.00206063,0.000437646,-0.000484585,0.000950813,-0.00253615,0.00107428,0.0286284,-0.000103157,-0.000184432,6.43554e-05,-0.000201898,2.84705e-05,-0.00206063,-0.000103157,0.0467513,
0.00377695,-0.000966403,-0.00108169,-0.000125126,3.04288e-05,0.000438531,-0.000184274,-0.000966403,0.001539,-0.000984711,-0.000651239,0.000922799,-0.000485286,6.42504e-05,-0.00108169,-0.000984711,0.00347563,0.00059345,0.000583962,0.000945384,-0.000201558,-0.000125126,-0.000651239,0.00059345,0.00219206,-0.00111581,-0.00253891,2.8949e-05,3.04288e-05,0.000922799,0.000583962,-0.00111581,0.0331968,0.00107867,-0.00206148,0.00043853,-0.000485286,0.000945384,-0.00253891,0.00107867,0.028638,-0.000102326,-0.000184274,6.42504e-05,-0.000201558,2.8949e-05,-0.00206148,-0.000102326,0.0467512,
0.00377823,-0.000965197,-0.00108355,-0.000118139,2.98604e-05,0.000439377,-0.000184112,-0.000965197,0.00153638,-0.000983293,-0.000654417,0.00091861,-0.000485992,6.41469e-05,-0.00108355,-0.000983293,0.00347778,0.000593064,0.000579178,0.000939961,-0.000201215,-0.000118139,-0.000654417,0.000593064,0.00219434,-0.00112198,-0.0025416,2.94206e-05,2.98604e-05,0.00091861,0.000579178,-0.00112198,0.033209,0.00108303,-0.00206231,0.000439377,-0.000485992,0.000939961,-0.0025416,0.00108303,0.0286476,-0.000101489,-0.000184112,6.41469e-05,-0.000201215,2.94206e-05,-0.00206231,-0.000101489,0.046751,
0.00377944,-0.000963976,-0.00108541,-0.000111179,2.93034e-05,0.000440185,-0.000183944,-0.000963976,0.00153376,-0.000981877,-0.000657571,0.000914416,-0.000486704,6.40447e-05,-0.00108541,-0.000981877,0.00347992,0.000592674,0.000574376,0.000934544,-0.000200869,-0.000111179,-0.000657571,0.000592674,0.00219662,-0.00112806,-0.00254423,2.98855e-05,2.93034e-05,0.000914416,0.000574376,-0.00112806,0.0332211,0.00108737,-0.00206311,0.000440185,-0.000486704,0.000934544,-0.00254423,0.00108737,0.0286571,-0.000100647,-0.000183944,6.40448e-05,-0.000200869,2.98855e-05,-0.00206311,-0.000100647,0.0467509,
0.00378058,-0.000962741,-0.00108726,-0.000104244,2.87577e-05,0.000440956,-0.000183773,-0.000962741,0.00153116,-0.000980464,-0.0006607,0.000910219,-0.00048742,6.39439e-05,-0.00108726,-0.000980464,0.00348206,0.00059228,0.000569555,0.000929134,-0.000200521,-0.000104244,-0.0006607,0.00059228,0.00219893,-0.00113405,-0.00254681,3.03437e-05,2.87577e-05,0.000910219,0.000569555,-0.00113405,0.0332331,0.00109167,-0.0020639,0.000440956,-0.00048742,0.000929133,-0.00254681,0.00109167,0.0286665,-9.97991e-05,-0.000183773,6.3944e-05,-0.000200521,3.03437e-05,-0.0020639,-9.97991e-05,0.0467507,
0.00378163,-0.000961492,-0.0010891,-9.73355e-05,2.82228e-05,0.00044169,-0.000183597,-0.000961492,0.00152857,-0.000979054,-0.000663804,0.000906019,-0.000488142,6.38445e-05,-0.0010891,-0.000979054,0.0034842,0.000591883,0.000564716,0.000923729,-0.00020017,-9.73355e-05,-0.000663804,0.000591883,0.00220124,-0.00113995,-0.00254933,3.07952e-05,2.82227e-05,0.000906019,0.000564716,-0.00113995,0.0332449,0.00109595,-0.00206466,0.00044169,-0.000488142,0.000923729,-0.00254933,0.00109595,0.0286758,-9.89463e-05,-0.000183597,6.38445e-05,-0.00020017,3.07951e-05,-0.00206466,-9.89464e-05,0.0467506,
0.00378262,-0.000960229,-0.00109093,-9.04536e-05,2.76984e-05,0.000442386,-0.000183416,-0.000960229,0.001526,-0.000977645,-0.000666883,0.000901815,-0.000488869,6.37465e-05,-0.00109093,-0.000977645,0.00348632,0.000591483,0.000559859,0.000918332,-0.000199816,-9.04536e-05,-0.000666883,0.000591483,0.00220358,-0.00114576,-0.00255179,3.124e-05,2.76984e-05,0.000901815,0.000559859,-0.00114576,0.0332567,0.00110021,-0.0020654,0.000442386,-0.000488869,0.000918332,-0.00255179,0.00110021,0.0286851,-9.80883e-05,-0.000183416,6.37465e-05,-0.000199816,3.124e-05,-0.0020654,-9.80883e-05,0.0467504,
0.00378353,-0.000958952,-0.00109276,-8.35983e-05,2.71844e-05,0.000443046,-0.000183231,-0.000958952,0.00152343,-0.000976239,-0.000669938,0.000897609,-0.000489601,6.36498e-05,-0.00109276,-0.000976239,0.00348845,0.000591079,0.000554986,0.000912941,-0.00019946,-8.35983e-05,-0.000669938,0.000591079,0.00220592,-0.00115149,-0.0025542,3.16783e-05,2.71844e-05,0.000897609,0.000554986,-0.00115149,0.0332682,0.00110443,-0.00206612,0.000443046,-0.000489601,0.000912941,-0.0025542,0.00110443,0.0286943,-9.72251e-05,-0.000183231,6.36498e-05,-0.00019946,3.16783e-05,-0.00206612,-9.72251e-05,0.0467503,
0.00378436,-0.000957662,-0.00109458,-7.67699e-05,2.66804e-05,0.000443669,-0.000183042,-0.000957662,0.00152089,-0.000974835,-0.000672969,0.0008934,-0.000490338,6.35545e-05,-0.00109458,-0.000974835,0.00349057,0.000590671,0.000550095,0.000907557,-0.000199102,-7.67699e-05,-0.000672969,0.000590671,0.00220827,-0.00115714,-0.00255656,3.211e-05,2.66803e-05,0.0008934,0.000550095,-0.00115714,0.0332797,0.00110863,-0.00206682,0.000443669,-0.000490338,0.000907557,-0.00255656,0.00110863,0.0287035,-9.63569e-05,-0.000183042,6.35544e-05,-0.000199102,3.211e-05,-0.00206682,-9.63569e-05,0.0467501,
0.00378513,-0.00095636,-0.00109639,-6.99687e-05,2.6186e-05,0.000444257,-0.000182849,-0.00095636,0.00151835,-0.000973434,-0.000675976,0.00088919,-0.00049108,6.34605e-05,-0.00109639,-0.000973434,0.00349268,0.00059026,0.000545189,0.00090218,-0.000198741,-6.99687e-05,-0.000675976,0.00059026,0.00221064,-0.0011627,-0.00255885,3.25353e-05,2.6186e-05,0.00088919,0.000545189,-0.0011627,0.033291,0.00111281,-0.0020675,0.000444257,-0.00049108,0.00090218,-0.00255885,0.00111281,0.0287125,-9.54837e-05,-0.000182849,6.34605e-05,-0.000198741,3.25353e-05,-0.0020675,-9.54837e-05,0.0467499,
0.00378582,-0.000955045,-0.0010982,-6.31948e-05,2.57011e-05,0.000444809,-0.000182652,-0.000955045,0.00151583,-0.000972035,-0.000678959,0.000884978,-0.000491827,6.33679e-05,-0.0010982,-0.000972035,0.00349479,0.000589846,0.000540266,0.00089681,-0.000198379,-6.31949e-05,-0.000678959,0.000589846,0.00221302,-0.00116817,-0.0025611,3.2954e-05,2.5701e-05,0.000884978,0.000540266,-0.00116817,0.0333022,0.00111696,-0.00206816,0.000444809,-0.000491827,0.00089681,-0.0025611,0.00111696,0.0287215,-9.46054e-05,-0.000182652,6.3368e-05,-0.000198379,3.29541e-05,-0.00206816,-9.46054e-05,0.0467498,
0.00378645,-0.000953718,-0.0011,-5.64486e-05,2.52251e-05,0.000445326,-0.000182451,-0.000953718,0.00151332,-0.000970639,-0.000681918,0.000880764,-0.000492579,6.32767e-05,-0.0011,-0.000970639,0.0034969,0.000589428,0.000535328,0.000891448,-0.000198014,-5.64486e-05,-0.000681918,0.000589428,0.00221541,-0.00117356,-0.00256329,3.33664e-05,2.52251e-05,0.000880764,0.000535328,-0.00117356,0.0333133,0.00112108,-0.0020688,0.000445326,-0.000492579,0.000891448,-0.00256329,0.00112108,0.0287305,-9.37223e-05,-0.000182451,6.32767e-05,-0.000198014,3.33664e-05,-0.0020688,-9.37223e-05,0.0467496,
0.00378701,-0.00095238,-0.00110179,-4.97302e-05,2.47579e-05,0.000445808,-0.000182246,-0.00095238,0.00151082,-0.000969244,-0.000684853,0.000876549,-0.000493336,6.31869e-05,-0.00110179,-0.000969244,0.003499,0.000589006,0.000530375,0.000886093,-0.000197647,-4.97302e-05,-0.000684853,0.000589006,0.00221781,-0.00117887,-0.00256542,3.37724e-05,2.47579e-05,0.000876549,0.000530375,-0.00117887,0.0333243,0.00112518,-0.00206941,0.000445808,-0.000493336,0.000886093,-0.00256542,0.00112518,0.0287393,-9.28344e-05,-0.000182246,6.31869e-05,-0.000197647,3.37724e-05,-0.00206941,-9.28343e-05,0.0467494,
0.00378749,-0.00095103,-0.00110357,-4.30398e-05,2.42992e-05,0.000446256,-0.000182037,-0.00095103,0.00150834,-0.000967852,-0.000687765,0.000872333,-0.000494098,6.30984e-05,-0.00110357,-0.000967852,0.00350109,0.000588581,0.000525407,0.000880746,-0.000197278,-4.30398e-05,-0.000687765,0.000588581,0.00222023,-0.0011841,-0.0025675,3.41721e-05,2.42992e-05,0.000872333,0.000525407,-0.0011841,0.0333351,0.00112925,-0.00207001,0.000446256,-0.000494098,0.000880746,-0.0025675,0.00112925,0.0287481,-9.19416e-05,-0.000182037,6.30984e-05,-0.000197278,3.41721e-05,-0.00207001,-9.19416e-05,0.0467493,
0.00378791,-0.000949669,-0.00110535,-3.63777e-05,2.38485e-05,0.00044667,-0.000181824,-0.000949669,0.00150587,-0.000966463,-0.000690654,0.000868117,-0.000494866,6.30113e-05,-0.00110535,-0.000966463,0.00350318,0.000588153,0.000520425,0.000875407,-0.000196907,-3.63777e-05,-0.000690654,0.000588153,0.00222265,-0.00118924,-0.00256953,3.45655e-05,2.38485e-05,0.000868117,0.000520425,-0.00118924,0.0333458,0.0011333,-0.00207059,0.00044667,-0.000494865,0.000875407,-0.00256953,0.0011333,0.0287568,-9.10441e-05,-0.000181824,6.30113e-05,-0.000196907,3.45655e-05,-0.00207059,-9.10441e-05,0.0467491,
0.00378826,-0.000948297,-0.00110712,-2.97441e-05,2.34057e-05,0.00044705,-0.000181608,-0.000948297,0.00150342,-0.000965076,-0.000693519,0.000863901,-0.000495637,6.29254e-05,-0.00110712,-0.000965076,0.00350527,0.000587722,0.000515429,0.000870077,-0.000196534,-2.97441e-05,-0.000693519,0.000587722,0.00222508,-0.0011943,-0.00257151,3.49527e-05,2.34057e-05,0.000863901,0.000515429,-0.0011943,0.0333564,0.00113733,-0.00207115,0.00044705,-0.000495637,0.000870077,-0.00257151,0.00113733,0.0287655,-9.01419e-05,-0.000181608,6.29254e-05,-0.000196534,3.49527e-05,-0.00207115,-9.01419e-05,0.0467489,
0.00378855,-0.000946916,-0.00110888,-2.31392e-05,2.29702e-05,0.000447397,-0.000181388,-0.000946916,0.00150098,-0.000963691,-0.000696362,0.000859685,-0.000496414,6.2841e-05,-0.00110888,-0.000963691,0.00350736,0.000587287,0.000510419,0.000864754,-0.00019616,-2.31392e-05,-0.000696362,0.000587287,0.00222753,-0.00119928,-0.00257344,3.53337e-05,2.29702e-05,0.000859685,0.000510419,-0.00119928,0.0333668,0.00114133,-0.00207169,0.000447397,-0.000496414,0.000864754,-0.00257344,0.00114133,0.0287741,-8.92352e-05,-0.000181388,6.2841e-05,-0.00019616,3.53337e-05,-0.00207169,-8.92352e-05,0.0467487,
0.00378877,-0.000945524,-0.00111063,-1.65632e-05,2.25419e-05,0.000447711,-0.000181164,-0.000945524,0.00149855,-0.000962309,-0.000699181,0.000855469,-0.000497196,6.27578e-05,-0.00111063,-0.000962309,0.00350943,0.000586849,0.000505396,0.00085944,-0.000195784,-1.65632e-05,-0.000699181,0.000586849,0.00222998,-0.00120418,-0.00257532,3.57085e-05,2.25419e-05,0.000855469,0.000505396,-0.00120418,0.0333771,0.00114531,-0.0020722,0.000447711,-0.000497196,0.00085944,-0.00257532,0.00114531,0.0287826,-8.83238e-05,-0.000181164,6.27579e-05,-0.000195784,3.57086e-05,-0.0020722,-8.83238e-05,0.0467485,
0.00378893,-0.000944122,-0.00111238,-1.00163e-05,2.21204e-05,0.000447992,-0.000180937,-0.000944122,0.00149613,-0.000960929,-0.000701978,0.000851254,-0.000497982,6.2676e-05,-0.00111238,-0.000960929,0.00351151,0.000586407,0.000500361,0.000854136,-0.000195406,-1.00163e-05,-0.000701978,0.000586407,0.00223244,-0.001209,-0.00257714,3.60773e-05,2.21204e-05,0.000851254,0.000500361,-0.001209,0.0333873,0.00114926,-0.0020727,0.000447992,-0.000497982,0.000854135,-0.00257714,0.00114926,0.0287911,-8.74081e-05,-0.000180937,6.2676e-05,-0.000195406,3.60773e-05,-0.0020727,-8.74081e-05,0.0467483,
0.00378902,-0.000942711,-0.00111411,-3.49878e-06,2.17053e-05,0.000448241,-0.000180707,-0.000942711,0.00149373,-0.000959552,-0.000704752,0.000847041,-0.000498773,6.25955e-05,-0.00111411,-0.000959552,0.00351358,0.000585962,0.000495313,0.00084884,-0.000195026,-3.49876e-06,-0.000704752,0.000585962,0.00223491,-0.00121373,-0.00257892,3.644e-05,2.17053e-05,0.00084704,0.000495313,-0.00121373,0.0333974,0.0011532,-0.00207319,0.000448241,-0.000498773,0.00084884,-0.00257892,0.0011532,0.0287995,-8.64878e-05,-0.000180707,6.25955e-05,-0.000195026,3.64401e-05,-0.00207319,-8.64878e-05,0.0467482,
0.00378905,-0.000941292,-0.00111584,2.98925e-06,2.12964e-05,0.000448458,-0.000180473,-0.000941292,0.00149134,-0.000958177,-0.000707504,0.000842828,-0.000499569,6.25163e-05,-0.00111584,-0.000958177,0.00351565,0.000585514,0.000490254,0.000843553,-0.000194645,2.98925e-06,-0.000707504,0.000585514,0.00223739,-0.00121839,-0.00258064,3.67967e-05,2.12964e-05,0.000842828,0.000490254,-0.00121839,0.0334074,0.0011571,-0.00207365,0.000448458,-0.000499568,0.000843553,-0.00258064,0.0011571,0.0288078,-8.55632e-05,-0.000180473,6.25163e-05,-0.000194645,3.67967e-05,-0.00207365,-8.55632e-05,0.046748,
0.00378902,-0.000939863,-0.00111756,9.44758e-06,2.08932e-05,0.000448644,-0.000180236,-0.000939863,0.00148897,-0.000956805,-0.000710234,0.000838617,-0.000500369,6.24384e-05,-0.00111756,-0.000956805,0.00351771,0.000585063,0.000485183,0.000838276,-0.000194262,9.44758e-06,-0.000710234,0.000585063,0.00223987,-0.00122297,-0.00258232,3.71475e-05,2.08932e-05,0.000838617,0.000485183,-0.00122297,0.0334173,0.00116099,-0.00207409,0.000448644,-0.000500369,0.000838276,-0.00258232,0.00116099,0.028816,-8.46343e-05,-0.000180236,6.24384e-05,-0.000194262,3.71475e-05,-0.00207409,-8.46343e-05,0.0467478,
0.00378893,-0.000938426,-0.00111927,1.5876e-05,2.04956e-05,0.000448798,-0.000179995,-0.000938426,0.00148661,-0.000955435,-0.000712941,0.000834408,-0.000501173,6.23618e-05,-0.00111927,-0.000955435,0.00351977,0.000584609,0.0004801,0.000833008,-0.000193878,1.5876e-05,-0.000712941,0.000584609,0.00224237,-0.00122748,-0.00258395,3.74923e-05,2.04956e-05,0.000834408,0.0004801,-0.00122748,0.033427,0.00116485,-0.00207452,0.000448798,-0.000501173,0.000833008,-0.00258395,0.00116485,0.0288242,-8.37011e-05,-0.000179995,6.23618e-05,-0.000193878,3.74923e-05,-0.00207452,-8.37011e-05,0.0467476,
0.00378877,-0.00093698,-0.00112098,2.22744e-05,2.01032e-05,0.000448922,-0.000179752,-0.00093698,0.00148426,-0.000954068,-0.000715627,0.000830202,-0.000501982,6.22865e-05,-0.00112098,-0.000954068,0.00352182,0.000584152,0.000475007,0.00082775,-0.000193493,2.22743e-05,-0.000715627,0.000584152,0.00224487,-0.0012319,-0.00258553,3.78313e-05,2.01031e-05,0.000830202,0.000475007,-0.0012319,0.0334366,0.00116869,-0.00207492,0.000448921,-0.000501983,0.00082775,-0.00258553,0.00116869,0.0288323,-8.27637e-05,-0.000179752,6.22865e-05,-0.000193493,3.78312e-05,-0.00207492,-8.27637e-05,0.0467474,
0.00378856,-0.000935527,-0.00112267,2.86425e-05,1.97156e-05,0.000449015,-0.000179505,-0.000935527,0.00148192,-0.000952703,-0.000718291,0.000825998,-0.000502796,6.22124e-05,-0.00112267,-0.000952703,0.00352387,0.000583691,0.000469903,0.000822503,-0.000193106,2.86425e-05,-0.000718291,0.000583691,0.00224737,-0.00123625,-0.00258706,3.81644e-05,1.97156e-05,0.000825998,0.000469903,-0.00123625,0.0334461,0.00117251,-0.00207531,0.000449015,-0.000502796,0.000822503,-0.00258706,0.00117251,0.0288404,-8.18221e-05,-0.000179505,6.22124e-05,-0.000193106,3.81644e-05,-0.00207531,-8.18221e-05,0.0467472,
0.00378829,-0.000934066,-0.00112436,3.49802e-05,1.93325e-05,0.000449077,-0.000179256,-0.000934066,0.0014796,-0.000951341,-0.000720933,0.000821796,-0.000503614,6.21396e-05,-0.00112436,-0.000951341,0.00352592,0.000583228,0.000464789,0.000817265,-0.000192718,3.49802e-05,-0.000720933,0.000583228,0.00224989,-0.00124052,-0.00258854,3.84918e-05,1.93325e-05,0.000821796,0.000464789,-0.00124052,0.0334555,0.00117631,-0.00207568,0.000449077,-0.000503614,0.000817265,-0.00258854,0.00117631,0.0288484,-8.08765e-05,-0.000179256,6.21396e-05,-0.000192718,3.84918e-05,-0.00207568,-8.08765e-05,0.046747,
0.00378796,-0.000932598,-0.00112604,4.12873e-05,1.89537e-05,0.000449111,-0.000179003,-0.000932598,0.0014773,-0.000949981,-0.000723553,0.000817598,-0.000504436,6.2068e-05,-0.00112604,-0.000949981,0.00352796,0.000582761,0.000459665,0.000812038,-0.000192329,4.12873e-05,-0.000723553,0.000582761,0.00225241,-0.00124471,-0.00258998,3.88134e-05,1.89537e-05,0.000817598,0.000459665,-0.00124471,0.0334648,0.00118009,-0.00207604,0.000449111,-0.000504436,0.000812038,-0.00258998,0.00118009,0.0288563,-7.99267e-05,-0.000179003,6.20681e-05,-0.000192329,3.88135e-05,-0.00207604,-7.99267e-05,0.0467468,
0.00378757,-0.000931123,-0.00112771,4.75637e-05,1.85788e-05,0.000449114,-0.000178748,-0.000931123,0.001475,-0.000948623,-0.000726152,0.000813403,-0.000505262,6.19978e-05,-0.00112771,-0.000948623,0.00353,0.000582291,0.000454532,0.000806822,-0.000191939,4.75638e-05,-0.000726152,0.000582291,0.00225494,-0.00124883,-0.00259137,3.91294e-05,1.85788e-05,0.000813403,0.000454532,-0.00124883,0.033474,0.00118384,-0.00207637,0.000449114,-0.000505262,0.000806822,-0.00259137,0.00118384,0.0288642,-7.89731e-05,-0.000178748,6.19978e-05,-0.000191939,3.91294e-05,-0.00207637,-7.89731e-05,0.0467466,
0.00378712,-0.000929641,-0.00112937,5.38093e-05,1.82075e-05,0.000449089,-0.000178489,-0.000929641,0.00147272,-0.000947269,-0.00072873,0.000809212,-0.000506093,6.19287e-05,-0.00112937,-0.000947269,0.00353204,0.000581819,0.00044939,0.000801616,-0.000191547,5.38093e-05,-0.00072873,0.000581819,0.00225747,-0.00125288,-0.00259272,3.94397e-05,1.82075e-05,0.000809212,0.00044939,-0.00125288,0.033483,0.00118758,-0.00207669,0.000449089,-0.000506093,0.000801616,-0.00259272,0.00118758,0.028872,-7.80154e-05,-0.000178489,6.19287e-05,-0.000191547,3.94397e-05,-0.00207669,-7.80154e-05,0.0467463,
0.00378662,-0.000928153,-0.00113102,6.00239e-05,1.78396e-05,0.000449034,-0.000178228,-0.000928153,0.00147045,-0.000945916,-0.000731287,0.000805024,-0.000506927,6.18608e-05,-0.00113102,-0.000945917,0.00353407,0.000581343,0.000444239,0.000796421,-0.000191155,6.00239e-05,-0.000731287,0.000581343,0.00226001,-0.00125685,-0.00259402,3.97444e-05,1.78396e-05,0.000805024,0.000444239,-0.00125685,0.033492,0.00119129,-0.00207699,0.000449034,-0.000506927,0.000796421,-0.00259402,0.00119129,0.0288797,-7.7054e-05,-0.000178228,6.18608e-05,-0.000191155,3.97445e-05,-0.00207699,-7.70539e-05,0.0467461,
0.00378607,-0.000926659,-0.00113266,6.62073e-05,1.74747e-05,0.000448952,-0.000177964,-0.000926659,0.0014682,-0.000944567,-0.000733823,0.000800841,-0.000507766,6.17942e-05,-0.00113266,-0.000944567,0.00353609,0.000580865,0.00043908,0.000791238,-0.000190761,6.62073e-05,-0.000733823,0.000580865,0.00226255,-0.00126074,-0.00259528,4.00436e-05,1.74747e-05,0.000800841,0.00043908,-0.00126074,0.0335008,0.00119498,-0.00207728,0.000448952,-0.000507766,0.000791238,-0.00259528,0.00119498,0.0288874,-7.60886e-05,-0.000177964,6.17942e-05,-0.000190761,4.00436e-05,-0.00207728,-7.60886e-05,0.0467459,
0.00378546,-0.000925158,-0.00113429,7.23595e-05,1.71125e-05,0.000448841,-0.000177697,-0.000925158,0.00146596,-0.00094322,-0.000736338,0.000796662,-0.000508609,6.17288e-05,-0.00113429,-0.00094322,0.00353812,0.000580384,0.000433913,0.000786066,-0.000190367,7.23595e-05,-0.000736338,0.000580384,0.0022651,-0.00126456,-0.00259649,4.03373e-05,1.71125e-05,0.000796662,0.000433913,-0.00126456,0.0335095,0.00119865,-0.00207755,0.000448841,-0.000508609,0.000786066,-0.00259649,0.00119865,0.028895,-7.51195e-05,-0.000177697,6.17288e-05,-0.000190367,4.03373e-05,-0.00207755,-7.51195e-05,0.0467457,
0.0037848,-0.000923652,-0.00113592,7.84803e-05,1.67528e-05,0.000448702,-0.000177428,-0.000923652,0.00146373,-0.000941875,-0.000738832,0.000792487,-0.000509455,6.16646e-05,-0.00113592,-0.000941875,0.00354014,0.000579899,0.000428738,0.000780905,-0.000189971,7.84803e-05,-0.000738832,0.000579899,0.00226765,-0.00126831,-0.00259766,4.06256e-05,1.67528e-05,0.000792487,0.000428738,-0.00126831,0.0335182,0.0012023,-0.0020778,0.000448702,-0.000509455,0.000780905,-0.00259766,0.0012023,0.0289026,-7.41467e-05,-0.000177428,6.16646e-05,-0.000189971,4.06256e-05,-0.0020778,-7.41467e-05,0.0467455,
0.00378408,-0.00092214,-0.00113753,8.45696e-05,1.63953e-05,0.000448536,-0.000177156,-0.00092214,0.00146152,-0.000940533,-0.000741306,0.000788318,-0.000510306,6.16016e-05,-0.00113753,-0.000940533,0.00354215,0.000579412,0.000423555,0.000775756,-0.000189575,8.45696e-05,-0.000741306,0.000579412,0.00227021,-0.00127199,-0.00259879,4.09084e-05,1.63953e-05,0.000788318,0.000423555,-0.00127199,0.0335267,0.00120594,-0.00207803,0.000448536,-0.000510306,0.000775756,-0.00259879,0.00120594,0.0289101,-7.31702e-05,-0.000177156,6.16016e-05,-0.000189575,4.09084e-05,-0.00207803,-7.31702e-05,0.0467453,
0.00378331,-0.000920623,-0.00113914,9.06273e-05,1.60396e-05,0.000448343,-0.000176882,-0.000920623,0.00145932,-0.000939194,-0.00074376,0.000784153,-0.00051116,6.15397e-05,-0.00113914,-0.000939194,0.00354417,0.000578923,0.000418366,0.000770619,-0.000189178,9.06273e-05,-0.00074376,0.000578923,0.00227277,-0.0012756,-0.00259987,4.11859e-05,1.60396e-05,0.000784153,0.000418366,-0.0012756,0.0335351,0.00120955,-0.00207825,0.000448343,-0.00051116,0.000770619,-0.00259987,0.00120955,0.0289175,-7.21901e-05,-0.000176882,6.15397e-05,-0.000189178,4.1186e-05,-0.00207825,-7.21901e-05,0.046745,
0.00378249,-0.000919102,-0.00114074,9.66533e-05,1.56856e-05,0.000448123,-0.000176605,-0.000919102,0.00145713,-0.000937857,-0.000746194,0.000779994,-0.000512018,6.1479e-05,-0.00114074,-0.000937857,0.00354618,0.00057843,0.00041317,0.000765494,-0.00018878,9.66533e-05,-0.000746194,0.00057843,0.00227534,-0.00127913,-0.00260091,4.14581e-05,1.56856e-05,0.000779994,0.00041317,-0.00127913,0.0335434,0.00121314,-0.00207845,0.000448122,-0.000512018,0.000765494,-0.00260091,0.00121314,0.0289249,-7.12065e-05,-0.000176605,6.1479e-05,-0.00018878,4.14582e-05,-0.00207845,-7.12065e-05,0.0467448,
0.00378162,-0.000917575,-0.00114233,0.000102648,1.53329e-05,0.000447876,-0.000176326,-0.000917575,0.00145496,-0.000936523,-0.000748607,0.00077584,-0.000512879,6.14195e-05,-0.00114233,-0.000936523,0.00354818,0.000577935,0.000407968,0.000760381,-0.000188382,0.000102648,-0.000748607,0.000577935,0.00227791,-0.0012826,-0.00260191,4.17251e-05,1.5333e-05,0.00077584,0.000407968,-0.0012826,0.0335516,0.00121671,-0.00207864,0.000447876,-0.000512879,0.000760381,-0.00260191,0.00121671,0.0289322,-7.02193e-05,-0.000176326,6.14195e-05,-0.000188382,4.17251e-05,-0.00207864,-7.02193e-05,0.0467446,
0.0037807,-0.000916044,-0.0011439,0.00010861,1.49813e-05,0.000447603,-0.000176044,-0.000916044,0.0014528,-0.000935192,-0.000751001,0.000771692,-0.000513744,6.13611e-05,-0.0011439,-0.000935192,0.00355018,0.000577437,0.000402759,0.00075528,-0.000187982,0.00010861,-0.000751001,0.000577437,0.00228048,-0.00128599,-0.00260286,4.19868e-05,1.49813e-05,0.000771692,0.000402759,-0.00128599,0.0335597,0.00122026,-0.00207881,0.000447603,-0.000513744,0.00075528,-0.00260286,0.00122026,0.0289394,-6.92287e-05,-0.000176044,6.13611e-05,-0.000187982,4.19868e-05,-0.00207881,-6.92287e-05,0.0467444,
0.00377974,-0.000914509,-0.00114547,0.00011454,1.46306e-05,0.000447304,-0.000175761,-0.000914509,0.00145065,-0.000933863,-0.000753375,0.00076755,-0.000514613,6.13038e-05,-0.00114547,-0.000933863,0.00355218,0.000576937,0.000397545,0.000750192,-0.000187583,0.00011454,-0.000753375,0.000576937,0.00228305,-0.00128932,-0.00260378,4.22433e-05,1.46306e-05,0.00076755,0.000397545,-0.00128932,0.0335677,0.0012238,-0.00207897,0.000447304,-0.000514613,0.000750192,-0.00260378,0.0012238,0.0289466,-6.82347e-05,-0.000175761,6.13039e-05,-0.000187583,4.22434e-05,-0.00207897,-6.82347e-05,0.0467441,
0.00377872,-0.00091297,-0.00114703,0.000120439,1.42804e-05,0.00044698,-0.000175474,-0.00091297,0.00144852,-0.000932537,-0.000755729,0.000763415,-0.000515485,6.12477e-05,-0.00114703,-0.000932537,0.00355417,0.000576434,0.000392325,0.000745117,-0.000187182,0.000120439,-0.000755729,0.000576434,0.00228563,-0.00129258,-0.00260465,4.24948e-05,1.42805e-05,0.000763415,0.000392326,-0.00129258,0.0335756,0.00122731,-0.00207911,0.00044698,-0.000515485,0.000745117,-0.00260465,0.00122731,0.0289537,-6.72374e-05,-0.000175474,6.12477e-05,-0.000187182,4.24948e-05,-0.00207911,-6.72374e-05,0.0467439,
0.00377765,-0.000911426,-0.00114858,0.000126305,1.39306e-05,0.00044663,-0.000175186,-0.000911427,0.0014464,-0.000931213,-0.000758064,0.000759285,-0.00051636,6.11926e-05,-0.00114858,-0.000931213,0.00355617,0.000575928,0.000387101,0.000740054,-0.000186781,0.000126305,-0.000758064,0.000575928,0.00228821,-0.00129576,-0.00260549,4.27411e-05,1.39306e-05,0.000759285,0.000387101,-0.00129576,0.0335834,0.00123081,-0.00207923,0.00044663,-0.00051636,0.000740054,-0.00260549,0.00123081,0.0289608,-6.62367e-05,-0.000175186,6.11927e-05,-0.000186781,4.27411e-05,-0.00207923,-6.62367e-05,0.0467437,
0.00377654,-0.00090988,-0.00115012,0.000132139,1.35808e-05,0.000446256,-0.000174895,-0.00090988,0.00144429,-0.000929892,-0.00076038,0.000755163,-0.000517239,6.11387e-05,-0.00115012,-0.000929892,0.00355815,0.00057542,0.000381871,0.000735004,-0.00018638,0.000132139,-0.00076038,0.00057542,0.00229079,-0.00129889,-0.00260628,4.29825e-05,1.35809e-05,0.000755163,0.000381871,-0.00129889,0.0335911,0.00123428,-0.00207934,0.000446256,-0.000517239,0.000735004,-0.00260628,0.00123428,0.0289678,-6.52328e-05,-0.000174895,6.11387e-05,-0.00018638,4.29825e-05,-0.00207934,-6.52328e-05,0.0467434,
0.00377539,-0.00090833,-0.00115166,0.000137941,1.32309e-05,0.000445856,-0.000174603,-0.00090833,0.0014422,-0.000928574,-0.000762677,0.000751047,-0.000518121,6.10859e-05,-0.00115166,-0.000928574,0.00356014,0.000574909,0.000376638,0.000729967,-0.000185978,0.000137941,-0.000762677,0.000574909,0.00229338,-0.00130194,-0.00260704,4.32188e-05,1.32309e-05,0.000751047,0.000376638,-0.00130194,0.0335987,0.00123774,-0.00207944,0.000445856,-0.000518121,0.000729967,-0.00260704,0.00123774,0.0289747,-6.42257e-05,-0.000174603,6.10859e-05,-0.000185978,4.32188e-05,-0.00207944,-6.42257e-05,0.0467432,
0.00377418,-0.000906777,-0.00115318,0.000143711,1.28806e-05,0.000445433,-0.000174308,-0.000906777,0.00144011,-0.000927258,-0.000764955,0.000746938,-0.000519006,6.10341e-05,-0.00115318,-0.000927258,0.00356212,0.000574396,0.0003714,0.000724944,-0.000185575,0.000143711,-0.000764955,0.000574396,0.00229597,-0.00130493,-0.00260775,4.34502e-05,1.28806e-05,0.000746938,0.0003714,-0.00130493,0.0336062,0.00124118,-0.00207952,0.000445433,-0.000519006,0.000724944,-0.00260775,0.00124118,0.0289816,-6.32155e-05,-0.000174308,6.10341e-05,-0.000185575,4.34502e-05,-0.00207952,-6.32154e-05,0.0467429,
