0.00425704,-0.000671704,-0.00060529,-0.000132426,-0.00151394,-0.00077658,-0.000130277,-0.000671704,0.00115215,-0.000783371,-0.000765967,-0.000353983,-0.000749172,0.000149071,-0.00060529,-0.000783371,0.00390095,0.000620806,-0.0015705,-0.00127514,-7.7376e-05,-0.000132426,-0.000765967,0.000620806,0.00229908,-0.00089832,0.00111152,-7.23831e-05,-0.00151394,-0.000353983,-0.0015705,-0.00089832,0.0340646,0.00230041,-0.00215854,-0.00077658,-0.000749172,-0.00127514,0.00111152,0.00230041,0.0269011,0.000250237,-0.000130277,0.000149071,-7.7376e-05,-7.23831e-05,-0.00215854,0.000250237,0.046777,
0.00425623,-0.000671644,-0.000606298,-0.000133351,-0.00151339,-0.000778709,-0.0001302,-0.000671644,0.00115352,-0.000783231,-0.000768848,-0.000352717,-0.000746895,0.000148778,-0.000606298,-0.000783231,0.00389513,0.000622799,-0.00157083,-0.00128038,-7.67364e-05,-0.000133351,-0.000768848,0.000622799,0.00230257,-0.000895647,0.00111339,-7.29653e-05,-0.00151339,-0.000352717,-0.00157083,-0.000895647,0.0340698,0.00230267,-0.0021587,-0.000778709,-0.000746895,-0.00128038,0.00111339,0.00230267,0.0269029,0.000250425,-0.0001302,0.000148778,-7.67364e-05,-7.29653e-05,-0.0021587,0.000250425,0.0467768,
0.00425484,-0.000671753,-0.000608632,-0.000132912,-0.00151274,-0.000782174,-0.000129968,-0.000671753,0.00115526,-0.000782846,-0.000772892,-0.000350938,-0.000743441,0.000148352,-0.000608632,-0.000782846,0.00388794,0.00062512,-0.00157209,-0.00128699,-7.58558e-05,-0.000132912,-0.000772892,0.00062512,0.00230686,-0.000889193,0.00111908,-7.40483e-05,-0.00151273,-0.000350938,-0.00157209,-0.000889193,0.0340809,0.00230471,-0.00215858,-0.000782174,-0.000743441,-0.00128699,0.00111908,0.00230471,0.0269075,0.000250932,-0.000129968,0.000148352,-7.58557e-05,-7.40484e-05,-0.00215858,0.000250932,0.0467766,
0.00425299,-0.000672001,-0.000612363,-0.000130539,-0.00151208,-0.000786908,-0.000129572,-0.000672001,0.00115713,-0.00078214,-0.000777656,-0.000348918,-0.000739247,0.00014784,-0.000612363,-0.00078214,0.00388048,0.000627356,-0.00157367,-0.00129382,-7.48668e-05,-0.000130539,-0.000777656,0.000627356,0.00231146,-0.000881178,0.00112661,-7.54293e-05,-0.00151208,-0.000348918,-0.00157367,-0.000881178,0.0340949,0.00230667,-0.00215833,-0.000786908,-0.000739247,-0.00129382,0.00112661,0.00230667,0.0269135,0.000251604,-0.000129572,0.00014784,-7.48668e-05,-7.54293e-05,-0.00215833,0.000251605,0.0467762,
0.00425078,-0.000672329,-0.000617404,-0.000126087,-0.00151107,-0.000793092,-0.000129009,-0.000672329,0.00115906,-0.000781092,-0.000782891,-0.000346744,-0.000735018,0.000147289,-0.000617404,-0.000781092,0.00387325,0.000629355,-0.00157423,-0.00130056,-7.38628e-05,-0.000126087,-0.000782891,0.000629355,0.00231611,-0.000874298,0.00113307,-7.68636e-05,-0.00151107,-0.000346744,-0.00157423,-0.000874298,0.0341096,0.00230987,-0.00215813,-0.000793092,-0.000735018,-0.00130056,0.00113307,0.00230987,0.0269207,0.000252333,-0.000129009,0.000147289,-7.38628e-05,-7.68636e-05,-0.00215813,0.000252333,0.0467759,
0.00424818,-0.000672797,-0.000623605,-0.000119835,-0.00151011,-0.000800277,-0.000128299,-0.000672797,0.00116097,-0.000779812,-0.000788293,-0.000344488,-0.000730551,0.000146712,-0.000623605,-0.000779812,0.00386658,0.000631003,-0.00157455,-0.0013067,-7.28689e-05,-0.000119835,-0.000788293,0.000631003,0.00232054,-0.000867643,0.00113963,-7.83889e-05,-0.00151011,-0.000344488,-0.00157455,-0.000867643,0.0341248,0.00231326,-0.00215793,-0.000800277,-0.000730551,-0.0013067,0.00113963,0.00231326,0.0269283,0.000253081,-0.000128299,0.000146712,-7.28689e-05,-7.83889e-05,-0.00215793,0.000253081,0.0467755,
0.00424519,-0.000673364,-0.000630834,-0.00011202,-0.00150918,-0.000808371,-0.00012745,-0.000673364,0.00116288,-0.000778326,-0.000793808,-0.000342185,-0.000725923,0.000146124,-0.000630834,-0.000778326,0.00386041,0.000632326,-0.00157445,-0.00131221,-7.18866e-05,-0.00011202,-0.000793808,0.000632326,0.0023248,-0.000861875,0.00114563,-7.99183e-05,-0.00150918,-0.000342185,-0.00157444,-0.000861875,0.0341392,0.00231697,-0.00215778,-0.000808371,-0.000725923,-0.00131221,0.00114563,0.00231697,0.026936,0.000253828,-0.00012745,0.000146124,-7.18866e-05,-7.99183e-05,-0.00215778,0.000253828,0.0467751,
0.00424178,-0.000673998,-0.000638961,-0.000102869,-0.0015083,-0.000817221,-0.000126477,-0.000673998,0.00116476,-0.000776655,-0.000799426,-0.000339843,-0.000721123,0.000145522,-0.000638961,-0.000776655,0.00385469,0.00063335,-0.00157404,-0.00131716,-7.09152e-05,-0.000102869,-0.000799426,0.00063335,0.00232894,-0.000856721,0.00115128,-8.14606e-05,-0.0015083,-0.000339843,-0.00157404,-0.000856721,0.0341531,0.00232087,-0.00215766,-0.000817221,-0.000721123,-0.00131716,0.00115128,0.00232087,0.0269439,0.000254563,-0.000126477,0.000145522,-7.09152e-05,-8.14606e-05,-0.00215766,0.000254563,0.0467747,
0.00423796,-0.000674671,-0.000647873,-9.25697e-05,-0.00150744,-0.000826728,-0.000125393,-0.000674671,0.00116663,-0.000774822,-0.000805129,-0.000337464,-0.000716195,0.000144908,-0.000647873,-0.000774822,0.00384938,0.000634096,-0.00157334,-0.0013216,-6.99584e-05,-9.25697e-05,-0.000805129,0.000634096,0.00233298,-0.000852133,0.00115657,-8.30074e-05,-0.00150744,-0.000337464,-0.00157334,-0.000852133,0.0341666,0.00232497,-0.00215757,-0.000826728,-0.000716195,-0.0013216,0.00115657,0.00232497,0.0269518,0.000255274,-0.000125393,0.000144908,-6.99585e-05,-8.30074e-05,-0.00215757,0.000255274,0.0467743,
0.00423373,-0.000675338,-0.00065735,-8.15722e-05,-0.00150657,-0.000836705,-0.000124224,-0.000675338,0.00116851,-0.000772865,-0.000810959,-0.000335012,-0.000711097,0.000144274,-0.00065735,-0.000772865,0.0038442,0.000634676,-0.00157245,-0.00132581,-6.89947e-05,-8.15721e-05,-0.000810959,0.000634676,0.00233709,-0.000847813,0.00116167,-8.45595e-05,-0.00150657,-0.000335012,-0.00157245,-0.000847813,0.0341799,0.00232924,-0.00215747,-0.000836705,-0.000711097,-0.00132581,0.00116167,0.00232924,0.0269601,0.000255957,-0.000124224,0.000144274,-6.89948e-05,-8.45596e-05,-0.00215747,0.000255956,0.0467739,
0.00422914,-0.00067597,-0.000667205,-7.0178e-05,-0.00150567,-0.000846989,-0.000122995,-0.00067597,0.0011704,-0.000770819,-0.000816883,-0.000332491,-0.000705877,0.000143622,-0.000667205,-0.000770819,0.00383906,0.000635135,-0.00157141,-0.00132988,-6.80258e-05,-7.0178e-05,-0.000816883,0.000635135,0.00234131,-0.000843706,0.00116655,-8.61013e-05,-0.00150567,-0.000332491,-0.00157141,-0.000843706,0.0341932,0.00233365,-0.00215737,-0.000846989,-0.000705877,-0.00132988,0.00116655,0.00233365,0.0269686,0.000256594,-0.000122995,0.000143622,-6.80258e-05,-8.61013e-05,-0.00215737,0.000256594,0.0467735,
0.00422423,-0.000676545,-0.000677313,-5.85594e-05,-0.00150475,-0.000857442,-0.000121722,-0.000676545,0.00117229,-0.000768702,-0.000822855,-0.000329922,-0.000700575,0.000142956,-0.000677313,-0.000768702,0.00383397,0.000635477,-0.00157025,-0.00133383,-6.70593e-05,-5.85594e-05,-0.000822855,0.000635477,0.00234561,-0.000839744,0.00117127,-8.76245e-05,-0.00150475,-0.000329922,-0.00157025,-0.000839744,0.0342064,0.00233815,-0.00215725,-0.000857442,-0.000700575,-0.00133383,0.00117127,0.00233815,0.0269773,0.000257176,-0.000121722,0.000142956,-6.70594e-05,-8.76246e-05,-0.00215725,0.000257176,0.0467731,
0.00421904,-0.000677052,-0.000687585,-4.68383e-05,-0.0015038,-0.000867973,-0.000120418,-0.000677052,0.00117415,-0.00076653,-0.000828845,-0.000327317,-0.000695216,0.000142277,-0.000687585,-0.00076653,0.00382895,0.00063571,-0.00156901,-0.00133765,-6.61003e-05,-4.68383e-05,-0.000828845,0.00063571,0.00234999,-0.000835867,0.00117584,-8.91257e-05,-0.0015038,-0.000327317,-0.00156901,-0.000835867,0.0342194,0.00234267,-0.0021571,-0.000867973,-0.000695216,-0.00133765,0.00117584,0.00234267,0.0269861,0.000257697,-0.000120418,0.000142277,-6.61003e-05,-8.91257e-05,-0.0021571,0.000257697,0.0467727,
0.00421357,-0.000677482,-0.000697959,-3.5098e-05,-0.00150283,-0.000878516,-0.00011909,-0.000677482,0.00117598,-0.000764313,-0.000834833,-0.000324687,-0.000689821,0.000141586,-0.000697959,-0.000764313,0.003824,0.000635839,-0.00156772,-0.00134136,-6.5152e-05,-3.5098e-05,-0.000834833,0.000635839,0.00235445,-0.000832043,0.00118029,-9.06015e-05,-0.00150283,-0.000324687,-0.00156772,-0.000832043,0.0342324,0.00234719,-0.00215693,-0.000878516,-0.000689821,-0.00134136,0.00118029,0.00234719,0.0269951,0.000258153,-0.00011909,0.000141586,-6.51521e-05,-9.06016e-05,-0.00215693,0.000258153,0.0467724,
0.00420785,-0.000677831,-0.000708391,-2.33958e-05,-0.00150183,-0.000889029,-0.000117746,-0.000677831,0.00117779,-0.00076206,-0.000840804,-0.000322037,-0.000684403,0.000140886,-0.000708391,-0.00076206,0.00381911,0.000635868,-0.00156639,-0.00134495,-6.42167e-05,-2.33957e-05,-0.000840804,0.000635868,0.00235898,-0.000828249,0.00118464,-9.20503e-05,-0.00150183,-0.000322038,-0.00156639,-0.000828249,0.0342452,0.00235168,-0.00215673,-0.000889029,-0.000684403,-0.00134495,0.00118464,0.00235168,0.0270042,0.000258543,-0.000117746,0.000140886,-6.42166e-05,-9.20503e-05,-0.00215673,0.000258543,0.046772,
0.0042019,-0.000678096,-0.000718852,-1.17708e-05,-0.00150082,-0.000899479,-0.000116389,-0.000678096,0.00117955,-0.000759775,-0.000846748,-0.000319372,-0.000678972,0.000140176,-0.000718852,-0.000759775,0.0038143,0.000635802,-0.00156502,-0.00134843,-6.32957e-05,-1.17708e-05,-0.000846748,0.000635802,0.00236358,-0.000824471,0.00118889,-9.34708e-05,-0.00150082,-0.000319372,-0.00156502,-0.000824471,0.034258,0.00235615,-0.0021565,-0.000899479,-0.000678972,-0.00134843,0.00118889,0.00235615,0.0270134,0.00025887,-0.000116389,0.000140176,-6.32957e-05,-9.34708e-05,-0.0021565,0.00025887,0.0467716,
0.00419572,-0.000678277,-0.000729318,-2.49856e-07,-0.00149978,-0.000909848,-0.000115023,-0.000678277,0.00118128,-0.000757463,-0.000852657,-0.000316694,-0.000673535,0.000139459,-0.000729318,-0.000757463,0.00380956,0.000635644,-0.00156363,-0.0013518,-6.23901e-05,-2.49856e-07,-0.000852657,0.000635644,0.00236824,-0.0008207,0.00119305,-9.48626e-05,-0.00149978,-0.000316694,-0.00156363,-0.0008207,0.0342707,0.00236058,-0.00215625,-0.000909848,-0.000673535,-0.0013518,0.00119305,0.00236058,0.0270226,0.000259134,-0.000115023,0.000139459,-6.23901e-05,-9.48626e-05,-0.00215625,0.000259135,0.0467713,
0.00418934,-0.000678372,-0.000739776,1.11486e-05,-0.00149872,-0.00092012,-0.00011365,-0.000678372,0.00118297,-0.000755129,-0.000858527,-0.000314006,-0.000668097,0.000138733,-0.000739776,-0.000755129,0.00380488,0.000635396,-0.00156221,-0.00135506,-6.15004e-05,1.11486e-05,-0.000858527,0.000635396,0.00237296,-0.000816931,0.00119712,-9.62255e-05,-0.00149872,-0.000314006,-0.00156221,-0.000816931,0.0342833,0.00236496,-0.00215596,-0.00092012,-0.000668097,-0.00135506,0.00119712,0.00236496,0.0270319,0.000259339,-0.00011365,0.000138733,-6.15004e-05,-9.62254e-05,-0.00215596,0.000259339,0.0467709,
0.00418276,-0.000678383,-0.000750214,2.24122e-05,-0.00149764,-0.000930285,-0.000112273,-0.000678383,0.00118461,-0.000752773,-0.000864354,-0.000311309,-0.000662662,0.000138002,-0.000750214,-0.000752773,0.00380028,0.000635062,-0.00156078,-0.00135822,-6.0627e-05,2.24121e-05,-0.000864354,0.000635062,0.00237773,-0.000813162,0.00120111,-9.75593e-05,-0.00149764,-0.000311309,-0.00156078,-0.000813162,0.0342958,0.00236929,-0.00215564,-0.000930285,-0.000662662,-0.00135822,0.00120111,0.00236929,0.0270413,0.000259486,-0.000112273,0.000138002,-6.0627e-05,-9.75593e-05,-0.00215564,0.000259486,0.0467706,
0.00417598,-0.000678311,-0.000760624,3.35324e-05,-0.00149654,-0.000940337,-0.000110892,-0.000678311,0.00118622,-0.000750398,-0.000870134,-0.000308604,-0.000657234,0.000137263,-0.000760624,-0.000750398,0.00379575,0.000634642,-0.00155932,-0.00136128,-5.977e-05,3.35324e-05,-0.000870134,0.000634642,0.00238255,-0.000809392,0.00120502,-9.88643e-05,-0.00149654,-0.000308604,-0.00155932,-0.000809392,0.0343082,0.00237358,-0.0021553,-0.000940337,-0.000657234,-0.00136128,0.00120502,0.00237358,0.0270507,0.000259577,-0.000110892,0.000137263,-5.97701e-05,-9.88643e-05,-0.0021553,0.000259577,0.0467703,
0.00416902,-0.000678157,-0.000770999,4.45038e-05,-0.00149541,-0.00095027,-0.000109509,-0.000678157,0.00118779,-0.000748007,-0.000875867,-0.000305893,-0.000651815,0.00013652,-0.000770999,-0.000748007,0.00379129,0.00063414,-0.00155786,-0.00136424,-5.89296e-05,4.45038e-05,-0.000875867,0.00063414,0.00238743,-0.00080562,0.00120885,-0.000100141,-0.00149541,-0.000305893,-0.00155786,-0.00080562,0.0343205,0.00237782,-0.00215493,-0.00095027,-0.000651815,-0.00136424,0.00120885,0.00237782,0.0270601,0.000259617,-0.000109509,0.00013652,-5.89296e-05,-0.000100141,-0.00215493,0.000259617,0.04677,
0.00416188,-0.000677922,-0.000781335,5.53224e-05,-0.00149426,-0.000960081,-0.000108125,-0.000677922,0.00118931,-0.000745601,-0.000881549,-0.000303176,-0.000646408,0.000135771,-0.000781335,-0.000745601,0.00378691,0.000633557,-0.00155637,-0.0013671,-5.81057e-05,5.53224e-05,-0.000881549,0.000633557,0.00239234,-0.000801847,0.0012126,-0.000101389,-0.00149426,-0.000303176,-0.00155637,-0.000801847,0.0343327,0.00238202,-0.00215453,-0.000960081,-0.000646408,-0.0013671,0.0012126,0.00238202,0.0270696,0.000259607,-0.000108125,0.000135771,-5.81058e-05,-0.000101389,-0.00215453,0.000259607,0.0467697,
0.00415457,-0.000677607,-0.000791628,6.5986e-05,-0.0014931,-0.000969768,-0.00010674,-0.000677607,0.0011908,-0.000743181,-0.000887181,-0.000300453,-0.000641013,0.000135017,-0.000791628,-0.000743181,0.00378259,0.000632895,-0.00155487,-0.00136986,-5.72983e-05,6.5986e-05,-0.000887181,0.000632895,0.0023973,-0.000798073,0.00121628,-0.00010261,-0.0014931,-0.000300453,-0.00155487,-0.000798073,0.0343448,0.00238617,-0.00215411,-0.000969768,-0.000641013,-0.00136986,0.00121628,0.00238617,0.0270791,0.000259551,-0.00010674,0.000135017,-5.72984e-05,-0.00010261,-0.00215411,0.000259551,0.0467694,
0.00414709,-0.000677215,-0.000801875,7.64929e-05,-0.00149191,-0.000979329,-0.000105356,-0.000677215,0.00119224,-0.000740749,-0.000892762,-0.000297726,-0.000635632,0.000134258,-0.000801875,-0.000740749,0.00377834,0.000632156,-0.00155335,-0.00137252,-5.65073e-05,7.64929e-05,-0.000892762,0.000632156,0.0024023,-0.0007943,0.00121987,-0.000103803,-0.00149191,-0.000297726,-0.00155335,-0.0007943,0.0343568,0.00239029,-0.00215366,-0.000979329,-0.000635632,-0.00137252,0.00121987,0.00239029,0.0270886,0.000259449,-0.000105356,0.000134258,-5.65073e-05,-0.000103803,-0.00215366,0.000259449,0.0467691,
0.00413945,-0.000676746,-0.000812074,8.68424e-05,-0.00149069,-0.000988762,-0.000103972,-0.000676746,0.00119365,-0.000738305,-0.00089829,-0.000294995,-0.000630267,0.000133496,-0.000812074,-0.000738305,0.00377417,0.000631341,-0.00155181,-0.00137509,-5.57326e-05,8.68424e-05,-0.00089829,0.000631341,0.00240734,-0.000790528,0.0012234,-0.00010497,-0.00149069,-0.000294995,-0.00155181,-0.000790528,0.0343687,0.00239436,-0.00215319,-0.000988762,-0.000630267,-0.00137509,0.0012234,0.00239436,0.0270982,0.000259306,-0.000103972,0.000133496,-5.57326e-05,-0.00010497,-0.00215319,0.000259306,0.0467688,
0.00413166,-0.000676203,-0.000822222,9.70339e-05,-0.00148946,-0.000998068,-0.00010259,-0.000676203,0.00119502,-0.000735851,-0.000903765,-0.00029226,-0.000624919,0.00013273,-0.000822222,-0.000735851,0.00377006,0.000630454,-0.00155026,-0.00137757,-5.4974e-05,9.70339e-05,-0.000903765,0.000630454,0.00241241,-0.000786757,0.00122685,-0.00010611,-0.00148946,-0.00029226,-0.00155026,-0.000786757,0.0343805,0.00239839,-0.00215269,-0.000998068,-0.000624919,-0.00137757,0.00122685,0.00239839,0.0271078,0.000259123,-0.00010259,0.00013273,-5.4974e-05,-0.00010611,-0.00215269,0.000259123,0.0467685,
0.00412372,-0.000675588,-0.000832318,0.000107067,-0.0014882,-0.00100724,-0.00010121,-0.000675588,0.00119635,-0.000733388,-0.000909187,-0.000289523,-0.000619589,0.000131961,-0.000832318,-0.000733388,0.00376602,0.000629494,-0.00154869,-0.00137995,-5.42315e-05,0.000107067,-0.000909187,0.000629494,0.00241751,-0.000782989,0.00123023,-0.000107224,-0.0014882,-0.000289523,-0.00154869,-0.000782989,0.0343921,0.00240238,-0.00215218,-0.00100724,-0.000619589,-0.00137995,0.00123023,0.00240238,0.0271174,0.000258902,-0.00010121,0.000131961,-5.42316e-05,-0.000107224,-0.00215218,0.000258902,0.0467682,
0.00411564,-0.0006749,-0.000842359,0.000116943,-0.00148691,-0.00101629,-9.98318e-05,-0.0006749,0.00119764,-0.000730917,-0.000914556,-0.000286782,-0.000614278,0.000131188,-0.000842359,-0.000730917,0.00376205,0.000628464,-0.00154711,-0.00138224,-5.35049e-05,0.000116943,-0.000914556,0.000628464,0.00242265,-0.000779225,0.00123354,-0.000108313,-0.00148691,-0.000286782,-0.00154711,-0.000779225,0.0344037,0.00240634,-0.00215164,-0.00101629,-0.000614278,-0.00138224,0.00123354,0.00240634,0.0271271,0.000258644,-9.98318e-05,0.000131188,-5.35049e-05,-0.000108313,-0.00215164,0.000258645,0.0467679,
0.00410742,-0.000674143,-0.000852343,0.000126661,-0.00148561,-0.00102521,-9.84567e-05,-0.000674143,0.00119889,-0.000728438,-0.00091987,-0.00028404,-0.000608986,0.000130413,-0.000852343,-0.000728438,0.00375815,0.000627365,-0.00154551,-0.00138444,-5.2794e-05,0.000126661,-0.00091987,0.000627365,0.00242781,-0.000775464,0.00123678,-0.000109377,-0.00148561,-0.00028404,-0.00154551,-0.000775464,0.0344151,0.00241026,-0.00215108,-0.00102521,-0.000608986,-0.00138444,0.00123678,0.00241026,0.0271367,0.000258354,-9.84567e-05,0.000130413,-5.27941e-05,-0.000109377,-0.00215108,0.000258353,0.0467677,
0.00409906,-0.000673318,-0.000862271,0.000136222,-0.00148428,-0.001034,-9.70849e-05,-0.000673318,0.00120011,-0.000725953,-0.000925129,-0.000281295,-0.000603715,0.000129636,-0.000862271,-0.000725953,0.00375431,0.0006262,-0.00154389,-0.00138655,-5.20988e-05,0.000136222,-0.000925129,0.0006262,0.00243299,-0.000771708,0.00123995,-0.000110416,-0.00148428,-0.000281295,-0.00154389,-0.000771708,0.0344265,0.00241414,-0.0021505,-0.001034,-0.000603715,-0.00138655,0.00123995,0.00241414,0.0271464,0.00025803,-9.70849e-05,0.000129636,-5.20989e-05,-0.000110416,-0.0021505,0.00025803,0.0467674,
0.00409058,-0.000672427,-0.000872139,0.000145626,-0.00148292,-0.00104266,-9.57169e-05,-0.000672427,0.00120129,-0.000723463,-0.000930335,-0.00027855,-0.000598466,0.000128856,-0.000872139,-0.000723463,0.00375055,0.000624969,-0.00154225,-0.00138857,-5.14191e-05,0.000145626,-0.000930335,0.000624969,0.0024382,-0.000767958,0.00124306,-0.000111432,-0.00148292,-0.00027855,-0.00154225,-0.000767958,0.0344377,0.00241799,-0.00214991,-0.00104266,-0.000598466,-0.00138857,0.00124306,0.00241799,0.0271561,0.000257676,-9.57169e-05,0.000128856,-5.14191e-05,-0.000111432,-0.00214991,0.000257676,0.0467671,
0.00408197,-0.000671471,-0.000881947,0.000154875,-0.00148155,-0.00105118,-9.43529e-05,-0.000671471,0.00120244,-0.000720968,-0.000935485,-0.000275803,-0.000593238,0.000128075,-0.000881947,-0.000720968,0.00374685,0.000623675,-0.0015406,-0.00139051,-5.07547e-05,0.000154875,-0.000935485,0.000623675,0.00244343,-0.000764212,0.0012461,-0.000112424,-0.00148155,-0.000275803,-0.0015406,-0.000764212,0.0344488,0.00242181,-0.00214929,-0.00105118,-0.000593239,-0.00139051,0.0012461,0.00242181,0.0271658,0.000257293,-9.4353e-05,0.000128075,-5.07547e-05,-0.000112424,-0.00214929,0.000257293,0.0467669,
0.00407324,-0.000670451,-0.000891693,0.000163968,-0.00148014,-0.00105958,-9.29936e-05,-0.000670451,0.00120355,-0.00071847,-0.00094058,-0.000273056,-0.000588034,0.000127291,-0.000891693,-0.00071847,0.00374321,0.000622318,-0.00153893,-0.00139236,-5.01055e-05,0.000163968,-0.00094058,0.000622318,0.00244867,-0.000760472,0.00124908,-0.000113392,-0.00148014,-0.000273056,-0.00153893,-0.000760472,0.0344598,0.0024256,-0.00214865,-0.00105958,-0.000588034,-0.00139236,0.00124908,0.0024256,0.0271755,0.000256882,-9.29936e-05,0.000127291,-5.01055e-05,-0.000113393,-0.00214865,0.000256882,0.0467666,
0.0040644,-0.00066937,-0.000901377,0.000172906,-0.00147872,-0.00106785,-9.1639e-05,-0.00066937,0.00120463,-0.000715969,-0.000945621,-0.000270309,-0.000582853,0.000126507,-0.000901377,-0.000715969,0.00373964,0.000620901,-0.00153725,-0.00139413,-4.94713e-05,0.000172906,-0.000945621,0.000620901,0.00245393,-0.000756738,0.001252,-0.000114339,-0.00147872,-0.000270309,-0.00153725,-0.000756738,0.0344707,0.00242935,-0.002148,-0.00106785,-0.000582853,-0.00139413,0.001252,0.00242935,0.0271852,0.000256445,-9.16391e-05,0.000126507,-4.94713e-05,-0.000114339,-0.002148,0.000256445,0.0467664,
0.00405545,-0.000668229,-0.000910997,0.000181691,-0.00147727,-0.00107599,-9.02897e-05,-0.000668229,0.00120567,-0.000713466,-0.000950606,-0.000267562,-0.000577696,0.000125721,-0.000910997,-0.000713466,0.00373614,0.000619426,-0.00153554,-0.00139582,-4.8852e-05,0.000181691,-0.000950606,0.000619426,0.00245921,-0.00075301,0.00125487,-0.000115263,-0.00147727,-0.000267562,-0.00153554,-0.00075301,0.0344814,0.00243307,-0.00214733,-0.00107599,-0.000577696,-0.00139582,0.00125487,0.00243307,0.027195,0.000255983,-9.02898e-05,0.000125721,-4.8852e-05,-0.000115263,-0.00214733,0.000255983,0.0467661,
0.0040464,-0.000667029,-0.000920551,0.000190323,-0.00147579,-0.001084,-8.89461e-05,-0.000667029,0.00120668,-0.000710961,-0.000955536,-0.000264815,-0.000572563,0.000124935,-0.000920551,-0.000710961,0.0037327,0.000617893,-0.00153383,-0.00139742,-4.82475e-05,0.000190323,-0.000955536,0.000617893,0.0024645,-0.000749287,0.00125767,-0.000116165,-0.00147579,-0.000264815,-0.00153383,-0.000749287,0.0344921,0.00243677,-0.00214665,-0.001084,-0.000572563,-0.00139742,0.00125767,0.00243677,0.0272047,0.000255497,-8.89461e-05,0.000124935,-4.82475e-05,-0.000116165,-0.00214665,0.000255497,0.0467659,
0.00403724,-0.000665773,-0.00093004,0.000198803,-0.00147429,-0.00109187,-8.76084e-05,-0.000665773,0.00120765,-0.000708456,-0.000960411,-0.00026207,-0.000567456,0.000124148,-0.00093004,-0.000708456,0.00372932,0.000616304,-0.00153209,-0.00139895,-4.76576e-05,0.000198803,-0.000960411,0.000616304,0.00246979,-0.00074557,0.00126042,-0.000117046,-0.00147429,-0.00026207,-0.00153209,-0.00074557,0.0345026,0.00244043,-0.00214594,-0.00109187,-0.000567456,-0.00139895,0.00126042,0.00244043,0.0272144,0.000254988,-8.76084e-05,0.000124148,-4.76576e-05,-0.000117046,-0.00214594,0.000254989,0.0467657,
0.00402799,-0.000664461,-0.000939461,0.000207133,-0.00147276,-0.00109963,-8.6277e-05,-0.000664461,0.0012086,-0.000705951,-0.00096523,-0.000259325,-0.000562377,0.00012336,-0.000939461,-0.000705951,0.00372601,0.000614662,-0.00153034,-0.0014004,-4.70824e-05,0.000207133,-0.00096523,0.000614662,0.0024751,-0.000741861,0.00126311,-0.000117907,-0.00147276,-0.000259325,-0.00153034,-0.000741861,0.0345131,0.00244407,-0.00214522,-0.00109963,-0.000562377,-0.0014004,0.00126311,0.00244407,0.0272242,0.000254458,-8.6277e-05,0.00012336,-4.70823e-05,-0.000117907,-0.00214522,0.000254458,0.0467654,
0.00401865,-0.000663095,-0.000948815,0.000215312,-0.00147121,-0.00110725,-8.49519e-05,-0.000663095,0.00120951,-0.000703447,-0.000969994,-0.000256585,-0.000557319,0.000122573,-0.000948815,-0.000703447,0.00372275,0.000612966,-0.00152858,-0.00140176,-4.65208e-05,0.000215312,-0.000969994,0.000612966,0.00248041,-0.000738163,0.00126575,-0.000118745,-0.00147121,-0.000256585,-0.00152858,-0.000738163,0.0345233,0.00244766,-0.00214449,-0.00110725,-0.000557319,-0.00140176,0.00126575,0.00244766,0.0272339,0.000253907,-8.49519e-05,0.000122573,-4.65208e-05,-0.000118746,-0.00214449,0.000253907,0.0467652,
0.00400922,-0.000661678,-0.000958099,0.000223342,-0.00146963,-0.00111474,-8.36341e-05,-0.000661678,0.00121039,-0.000700944,-0.000974703,-0.000253843,-0.000552293,0.000121784,-0.000958099,-0.000700944,0.00371956,0.00061122,-0.00152679,-0.00140307,-4.59741e-05,0.000223342,-0.000974703,0.00061122,0.00248573,-0.00073446,0.00126835,-0.000119566,-0.00146963,-0.000253843,-0.00152679,-0.00073446,0.0345336,0.00245125,-0.00214374,-0.00111474,-0.000552293,-0.00140307,0.00126835,0.00245125,0.0272436,0.000253337,-8.36341e-05,0.000121785,-4.59741e-05,-0.000119566,-0.00214374,0.000253337,0.046765,
0.00399971,-0.000660209,-0.000967315,0.000231224,-0.00146803,-0.00112211,-8.2323e-05,-0.000660209,0.00121124,-0.000698444,-0.000979357,-0.000251107,-0.00054729,0.000120997,-0.000967315,-0.000698444,0.00371643,0.000609425,-0.001525,-0.00140428,-4.54409e-05,0.000231224,-0.000979357,0.000609425,0.00249105,-0.000730774,0.00127089,-0.000120366,-0.00146803,-0.000251107,-0.001525,-0.000730774,0.0345436,0.00245479,-0.00214298,-0.00112211,-0.00054729,-0.00140428,0.00127089,0.00245479,0.0272533,0.000252747,-8.2323e-05,0.000120997,-4.54409e-05,-0.000120366,-0.00214298,0.000252747,0.0467647,
0.00399012,-0.000658691,-0.000976459,0.00023896,-0.0014664,-0.00112935,-8.10197e-05,-0.000658691,0.00121206,-0.000695946,-0.000983956,-0.000248371,-0.000542318,0.00012021,-0.000976459,-0.000695946,0.00371336,0.000607581,-0.00152318,-0.00140544,-4.4922e-05,0.00023896,-0.000983956,0.000607581,0.00249637,-0.000727086,0.00127338,-0.000121147,-0.0014664,-0.000248371,-0.00152318,-0.000727086,0.0345536,0.00245831,-0.0021422,-0.00112935,-0.000542318,-0.00140544,0.00127338,0.00245831,0.0272631,0.00025214,-8.10196e-05,0.00012021,-4.49219e-05,-0.000121147,-0.0021422,0.00025214,0.0467645,
0.00398046,-0.000657125,-0.000985533,0.000246551,-0.00146475,-0.00113646,-7.97237e-05,-0.000657125,0.00121285,-0.000693452,-0.000988499,-0.00024564,-0.00053737,0.000119423,-0.000985533,-0.000693452,0.00371035,0.000605691,-0.00152136,-0.00140651,-4.44162e-05,0.000246551,-0.000988499,0.000605691,0.00250169,-0.000723412,0.00127583,-0.000121908,-0.00146475,-0.00024564,-0.00152136,-0.000723412,0.0345635,0.0024618,-0.00214141,-0.00113646,-0.00053737,-0.00140651,0.00127583,0.0024618,0.0272728,0.000251515,-7.97237e-05,0.000119423,-4.44162e-05,-0.000121908,-0.00214141,0.000251515,0.0467643,
0.00397072,-0.000655513,-0.000994535,0.000253997,-0.00146308,-0.00114345,-7.8436e-05,-0.000655513,0.00121362,-0.000690962,-0.000992989,-0.00024291,-0.000532454,0.000118637,-0.000994535,-0.000690962,0.0037074,0.000603756,-0.00151952,-0.00140753,-4.39245e-05,0.000253997,-0.000992989,0.000603756,0.00250701,-0.000719737,0.00127824,-0.000122652,-0.00146308,-0.00024291,-0.00151952,-0.000719737,0.0345732,0.00246526,-0.0021406,-0.00114345,-0.000532454,-0.00140753,0.00127824,0.00246526,0.0272825,0.000250874,-7.84359e-05,0.000118637,-4.39245e-05,-0.000122652,-0.0021406,0.000250874,0.0467641,
0.00396092,-0.000653856,-0.00100346,0.0002613,-0.00146138,-0.00115031,-7.71561e-05,-0.000653856,0.00121435,-0.000688476,-0.000997423,-0.000240186,-0.000527564,0.000117852,-0.00100346,-0.000688476,0.00370451,0.000601778,-0.00151766,-0.00140846,-4.34458e-05,0.0002613,-0.000997423,0.000601778,0.00251232,-0.000716073,0.0012806,-0.000123377,-0.00146138,-0.000240186,-0.00151766,-0.000716073,0.0345828,0.0024687,-0.00213978,-0.00115031,-0.000527564,-0.00140846,0.0012806,0.0024687,0.0272922,0.000250218,-7.71561e-05,0.000117852,-4.34457e-05,-0.000123377,-0.00213978,0.000250218,0.0467639,
0.00395106,-0.000652156,-0.00101232,0.000268462,-0.00145965,-0.00115704,-7.58849e-05,-0.000652156,0.00121505,-0.000685996,-0.0010018,-0.000237465,-0.000522704,0.000117067,-0.00101232,-0.000685996,0.00370167,0.000599757,-0.00151579,-0.00140934,-4.29805e-05,0.000268462,-0.0010018,0.000599757,0.00251763,-0.000712411,0.00128292,-0.000124085,-0.00145965,-0.000237465,-0.00151579,-0.000712411,0.0345924,0.00247211,-0.00213895,-0.00115704,-0.000522704,-0.00140934,0.00128292,0.00247211,0.0273019,0.000249546,-7.58849e-05,0.000117067,-4.29806e-05,-0.000124085,-0.00213895,0.000249546,0.0467636,
0.00394114,-0.000650414,-0.0010211,0.000275483,-0.0014579,-0.00116366,-7.46221e-05,-0.000650414,0.00121573,-0.000683521,-0.00100613,-0.000234748,-0.000517872,0.000116284,-0.0010211,-0.000683521,0.00369889,0.000597696,-0.00151391,-0.00141015,-4.25283e-05,0.000275483,-0.00100613,0.000597696,0.00252293,-0.000708757,0.00128521,-0.000124775,-0.0014579,-0.000234748,-0.00151391,-0.000708757,0.0346018,0.00247549,-0.0021381,-0.00116366,-0.000517872,-0.00141015,0.00128521,0.00247549,0.0273116,0.000248861,-7.46221e-05,0.000116284,-4.25283e-05,-0.000124775,-0.0021381,0.00024886,0.0467634,
0.00393116,-0.000648631,-0.00102981,0.000282365,-0.00145612,-0.00117015,-7.33682e-05,-0.00064863,0.00121638,-0.000681052,-0.0010104,-0.000232035,-0.00051307,0.000115503,-0.00102981,-0.000681052,0.00369617,0.000595596,-0.00151202,-0.00141089,-4.20889e-05,0.000282365,-0.0010104,0.000595596,0.00252823,-0.000705108,0.00128745,-0.000125449,-0.00145612,-0.000232035,-0.00151202,-0.000705108,0.0346111,0.00247884,-0.00213724,-0.00117015,-0.00051307,-0.00141089,0.00128745,0.00247884,0.0273212,0.000248161,-7.33682e-05,0.000115503,-4.20889e-05,-0.000125449,-0.00213724,0.000248161,0.0467632,
0.00392113,-0.000646808,-0.00103845,0.00028911,-0.00145432,-0.00117651,-7.21233e-05,-0.000646808,0.00121701,-0.00067859,-0.00101462,-0.000229328,-0.000508298,0.000114723,-0.00103845,-0.00067859,0.0036935,0.000593457,-0.00151011,-0.00141157,-4.16623e-05,0.00028911,-0.00101462,0.000593457,0.00253351,-0.000701465,0.00128966,-0.000126105,-0.00145432,-0.000229328,-0.00151011,-0.000701465,0.0346203,0.00248216,-0.00213637,-0.00117651,-0.000508298,-0.00141157,0.00128966,0.00248216,0.0273309,0.000247449,-7.21233e-05,0.000114723,-4.16623e-05,-0.000126105,-0.00213637,0.000247449,0.046763,
0.00391105,-0.000644948,-0.00104701,0.000295718,-0.00145249,-0.00118276,-7.08875e-05,-0.000644948,0.00121761,-0.000676136,-0.00101878,-0.000226625,-0.000503555,0.000113944,-0.00104701,-0.000676136,0.00369088,0.000591283,-0.00150819,-0.00141219,-4.12484e-05,0.000295718,-0.00101878,0.000591283,0.00253878,-0.000697827,0.00129183,-0.000126746,-0.00145249,-0.000226625,-0.00150819,-0.000697827,0.0346294,0.00248546,-0.00213549,-0.00118276,-0.000503555,-0.00141219,0.00129183,0.00248546,0.0273405,0.000246724,-7.08875e-05,0.000113944,-4.12484e-05,-0.000126746,-0.00213549,0.000246724,0.0467628,
0.00390093,-0.000643051,-0.0010555,0.000302193,-0.00145065,-0.00118888,-6.96611e-05,-0.000643051,0.00121818,-0.000673689,-0.00102289,-0.000223928,-0.000498842,0.000113167,-0.0010555,-0.000673689,0.00368832,0.000589072,-0.00150625,-0.00141275,-4.08471e-05,0.000302193,-0.00102289,0.000589072,0.00254404,-0.000694195,0.00129398,-0.00012737,-0.00145065,-0.000223928,-0.00150625,-0.000694195,0.0346384,0.00248873,-0.0021346,-0.00118888,-0.000498842,-0.00141275,0.00129398,0.00248873,0.0273501,0.000245987,-6.96612e-05,0.000113167,-4.0847e-05,-0.00012737,-0.0021346,0.000245987,0.0467626,
0.00389077,-0.000641119,-0.00106391,0.000308533,-0.00144877,-0.00119489,-6.84445e-05,-0.000641119,0.00121873,-0.00067125,-0.00102695,-0.000221234,-0.000494159,0.000112392,-0.00106391,-0.00067125,0.00368581,0.000586829,-0.00150431,-0.00141325,-4.0458e-05,0.000308533,-0.00102695,0.000586829,0.00254929,-0.00069056,0.00129609,-0.00012798,-0.00144877,-0.000221234,-0.00150431,-0.00069056,0.0346472,0.00249198,-0.00213369,-0.00119489,-0.000494159,-0.00141325,0.00129609,0.00249198,0.0273597,0.000245238,-6.84445e-05,0.000112392,-4.0458e-05,-0.00012798,-0.00213369,0.000245238,0.0467624,
0.00388057,-0.000639153,-0.00107224,0.000314741,-0.00144687,-0.00120078,-6.72371e-05,-0.000639153,0.00121926,-0.000668819,-0.00103095,-0.000218548,-0.000489506,0.000111619,-0.00107224,-0.000668819,0.00368335,0.000584553,-0.00150235,-0.00141369,-4.00807e-05,0.000314741,-0.00103095,0.000584553,0.00255452,-0.000686942,0.00129816,-0.000128573,-0.00144687,-0.000218548,-0.00150235,-0.000686942,0.034656,0.00249519,-0.00213277,-0.00120078,-0.000489506,-0.00141369,0.00129816,0.00249519,0.0273692,0.000244479,-6.72372e-05,0.000111619,-4.00807e-05,-0.000128573,-0.00213277,0.000244479,0.0467622,
0.00387034,-0.000637154,-0.0010805,0.000320819,-0.00144495,-0.00120655,-6.60398e-05,-0.000637154,0.00121976,-0.000666397,-0.00103491,-0.000215867,-0.000484884,0.000110849,-0.0010805,-0.000666397,0.00368095,0.000582245,-0.00150038,-0.00141408,-3.97156e-05,0.000320819,-0.00103491,0.000582245,0.00255974,-0.000683321,0.00130021,-0.000129152,-0.00144495,-0.000215867,-0.00150038,-0.000683321,0.0346647,0.00249838,-0.00213184,-0.00120655,-0.000484884,-0.00141408,0.00130021,0.00249838,0.0273788,0.000243709,-6.60398e-05,0.000110849,-3.97156e-05,-0.000129152,-0.00213184,0.000243709,0.046762,
0.00386007,-0.000635123,-0.00108869,0.000326769,-0.00144301,-0.0012122,-6.48524e-05,-0.000635123,0.00122024,-0.000663985,-0.00103881,-0.000213193,-0.000480292,0.00011008,-0.00108869,-0.000663985,0.00367859,0.000579908,-0.0014984,-0.00141441,-3.93623e-05,0.000326769,-0.00103881,0.000579908,0.00256494,-0.00067971,0.00130223,-0.000129715,-0.00144301,-0.000213193,-0.0014984,-0.00067971,0.0346732,0.00250154,-0.0021309,-0.0012122,-0.000480292,-0.00141441,0.00130223,0.00250154,0.0273883,0.000242929,-6.48524e-05,0.00011008,-3.93623e-05,-0.000129715,-0.0021309,0.000242929,0.0467618,
0.00384978,-0.000633063,-0.00109679,0.00033259,-0.00144104,-0.00121774,-6.36751e-05,-0.000633063,0.00122069,-0.000661581,-0.00104266,-0.000210523,-0.00047573,0.000109314,-0.00109679,-0.000661581,0.00367628,0.000577542,-0.00149641,-0.00141468,-3.90206e-05,0.00033259,-0.00104266,0.000577542,0.00257012,-0.000676097,0.00130422,-0.000130265,-0.00144104,-0.000210523,-0.00149641,-0.000676097,0.0346817,0.00250468,-0.00212994,-0.00121774,-0.00047573,-0.00141468,0.00130422,0.00250468,0.0273978,0.00024214,-6.36751e-05,0.000109314,-3.90206e-05,-0.000130265,-0.00212994,0.00024214,0.0467616,
0.00383946,-0.000630972,-0.00110483,0.000338286,-0.00143905,-0.00122316,-6.25079e-05,-0.000630972,0.00122112,-0.000659188,-0.00104645,-0.000207862,-0.000471199,0.00010855,-0.00110483,-0.000659188,0.00367403,0.000575148,-0.00149441,-0.00141491,-3.86903e-05,0.000338286,-0.00104645,0.000575148,0.00257528,-0.000672495,0.00130619,-0.000130801,-0.00143905,-0.000207862,-0.00149441,-0.000672495,0.03469,0.00250779,-0.00212898,-0.00122316,-0.000471199,-0.00141491,0.00130619,0.00250779,0.0274073,0.000241342,-6.25079e-05,0.00010855,-3.86903e-05,-0.000130801,-0.00212898,0.000241342,0.0467614,
0.00382912,-0.000628855,-0.00111278,0.000343857,-0.00143703,-0.00122847,-6.1351e-05,-0.000628855,0.00122153,-0.000656805,-0.0010502,-0.000205206,-0.000466699,0.000107789,-0.00111278,-0.000656805,0.00367182,0.000572729,-0.00149239,-0.00141508,-3.83714e-05,0.000343857,-0.0010502,0.000572729,0.00258043,-0.000668894,0.00130813,-0.000131323,-0.00143703,-0.000205206,-0.00149239,-0.000668894,0.0346982,0.00251087,-0.00212801,-0.00122847,-0.000466699,-0.00141508,0.00130813,0.00251087,0.0274168,0.000240534,-6.1351e-05,0.000107789,-3.83714e-05,-0.000131323,-0.00212801,0.000240534,0.0467612,
0.00381876,-0.00062671,-0.00112066,0.000349306,-0.00143499,-0.00123367,-6.02045e-05,-0.00062671,0.00122192,-0.000654432,-0.0010539,-0.000202558,-0.000462228,0.000107031,-0.00112066,-0.000654432,0.00366965,0.000570284,-0.00149037,-0.0014152,-3.80636e-05,0.000349306,-0.0010539,0.000570284,0.00258555,-0.0006653,0.00131005,-0.000131831,-0.00143499,-0.000202558,-0.00149037,-0.000665299,0.0347064,0.00251393,-0.00212702,-0.00123367,-0.000462228,-0.0014152,0.00131005,0.00251393,0.0274262,0.000239719,-6.02045e-05,0.000107031,-3.80636e-05,-0.000131831,-0.00212702,0.000239719,0.046761,
0.00380838,-0.00062454,-0.00112847,0.000354634,-0.00143293,-0.00123876,-5.90685e-05,-0.00062454,0.00122229,-0.00065207,-0.00105754,-0.000199917,-0.000457789,0.000106275,-0.00112847,-0.00065207,0.00366754,0.000567815,-0.00148834,-0.00141527,-3.77668e-05,0.000354634,-0.00105754,0.000567815,0.00259065,-0.000661708,0.00131194,-0.000132327,-0.00143293,-0.000199916,-0.00148834,-0.000661708,0.0347144,0.00251696,-0.00212603,-0.00123876,-0.000457789,-0.00141527,0.00131194,0.00251696,0.0274356,0.000238895,-5.90685e-05,0.000106275,-3.77668e-05,-0.000132327,-0.00212603,0.000238895,0.0467608,
0.00379799,-0.000622345,-0.0011362,0.000359842,-0.00143085,-0.00124373,-5.7943e-05,-0.000622345,0.00122264,-0.000649719,-0.00106114,-0.000197282,-0.00045338,0.000105522,-0.0011362,-0.000649719,0.00366547,0.000565323,-0.00148629,-0.0014153,-3.74809e-05,0.000359842,-0.00106114,0.000565323,0.00259573,-0.000658122,0.00131382,-0.000132809,-0.00143085,-0.000197282,-0.00148629,-0.000658122,0.0347223,0.00251996,-0.00212502,-0.00124373,-0.00045338,-0.0014153,0.00131382,0.00251996,0.0274449,0.000238064,-5.7943e-05,0.000105522,-3.74809e-05,-0.000132809,-0.00212502,0.000238064,0.0467606,
0.00378759,-0.000620127,-0.00114385,0.000364932,-0.00142874,-0.0012486,-5.68282e-05,-0.000620127,0.00122297,-0.00064738,-0.00106468,-0.000194655,-0.000449002,0.000104772,-0.00114385,-0.00064738,0.00366344,0.00056281,-0.00148424,-0.00141528,-3.72056e-05,0.000364932,-0.00106468,0.00056281,0.00260078,-0.000654539,0.00131567,-0.000133279,-0.00142874,-0.000194655,-0.00148424,-0.000654539,0.0347301,0.00252293,-0.00212401,-0.0012486,-0.000449002,-0.00141528,0.00131567,0.00252293,0.0274543,0.000237226,-5.68282e-05,0.000104772,-3.72056e-05,-0.000133279,-0.00212401,0.000237226,0.0467604,
0.00377718,-0.000617886,-0.00115143,0.000369906,-0.00142662,-0.00125336,-5.5724e-05,-0.000617886,0.00122328,-0.000645052,-0.00106818,-0.000192036,-0.000444654,0.000104025,-0.00115143,-0.000645052,0.00366146,0.000560276,-0.00148218,-0.00141521,-3.69409e-05,0.000369906,-0.00106818,0.000560276,0.00260581,-0.00065096,0.00131751,-0.000133737,-0.00142662,-0.000192036,-0.00148218,-0.00065096,0.0347379,0.00252588,-0.00212298,-0.00125336,-0.000444654,-0.00141521,0.00131751,0.00252588,0.0274636,0.00023638,-5.5724e-05,0.000104025,-3.69409e-05,-0.000133737,-0.00212298,0.00023638,0.0467603,
0.00376677,-0.000615624,-0.00115893,0.000374764,-0.00142447,-0.00125801,-5.46306e-05,-0.000615624,0.00122357,-0.000642736,-0.00107163,-0.000189424,-0.000440337,0.000103281,-0.00115893,-0.000642736,0.00365952,0.000557722,-0.00148011,-0.00141509,-3.66865e-05,0.000374764,-0.00107163,0.000557722,0.00261082,-0.000647385,0.00131932,-0.000134183,-0.00142447,-0.000189424,-0.00148011,-0.000647385,0.0347455,0.0025288,-0.00212195,-0.00125801,-0.000440337,-0.00141509,0.00131932,0.0025288,0.0274729,0.000235528,-5.46306e-05,0.000103281,-3.66865e-05,-0.000134183,-0.00212195,0.000235528,0.0467601,
0.00375635,-0.000613342,-0.00116635,0.00037951,-0.0014223,-0.00126256,-5.35479e-05,-0.000613342,0.00122384,-0.000640432,-0.00107503,-0.00018682,-0.00043605,0.000102541,-0.00116635,-0.000640432,0.00365763,0.00055515,-0.00147804,-0.00141494,-3.64423e-05,0.00037951,-0.00107503,0.00055515,0.0026158,-0.000643814,0.00132112,-0.000134617,-0.0014223,-0.00018682,-0.00147804,-0.000643814,0.034753,0.00253169,-0.00212091,-0.00126256,-0.00043605,-0.00141494,0.00132112,0.00253169,0.0274821,0.00023467,-5.35479e-05,0.000102541,-3.64422e-05,-0.000134617,-0.00212091,0.00023467,0.0467599,
0.00374593,-0.000611041,-0.00117371,0.000384144,-0.00142011,-0.001267,-5.24761e-05,-0.000611041,0.00122409,-0.00063814,-0.00107838,-0.000184224,-0.000431794,0.000101803,-0.00117371,-0.00063814,0.00365577,0.00055256,-0.00147595,-0.00141474,-3.62081e-05,0.000384144,-0.00107838,0.00055256,0.00262075,-0.000640247,0.0013229,-0.000135039,-0.00142011,-0.000184224,-0.00147595,-0.000640247,0.0347604,0.00253456,-0.00211986,-0.001267,-0.000431794,-0.00141474,0.0013229,0.00253456,0.0274913,0.000233806,-5.24761e-05,0.000101803,-3.62081e-05,-0.000135039,-0.00211986,0.000233806,0.0467597,
0.00373551,-0.000608721,-0.00118098,0.000388668,-0.00141789,-0.00127134,-5.14152e-05,-0.000608721,0.00122433,-0.000635861,-0.00108168,-0.000181636,-0.000427568,0.000101069,-0.00118098,-0.000635861,0.00365396,0.000549953,-0.00147386,-0.0014145,-3.59838e-05,0.000388668,-0.00108168,0.000549953,0.00262568,-0.000636684,0.00132467,-0.00013545,-0.00141789,-0.000181636,-0.00147386,-0.000636684,0.0347677,0.0025374,-0.00211879,-0.00127134,-0.000427568,-0.0014145,0.00132467,0.0025374,0.0275005,0.000232936,-5.14152e-05,0.000101069,-3.59838e-05,-0.00013545,-0.00211879,0.000232936,0.0467595,
