0.00181475,0.000532342,0.00107664,6.88742e-05,-0.00265531,-0.000612559,0.000426395,0.000476677,0.000792054,0.000625171,-7.09074e-06,-0.000556234,-0.00096438,-6.66205e-05,-7.14597e-06,0.00073114,0.00433653,-6.93986e-06,-0.00115033,0.00107363,-0.00027048,-0.000993863,0.000197531,0.00195389,0.000117805,-0.000509962,0.000253373,0.000834408,-0.00281485,-0.000495963,-0.000280576,5.4251e-05,0.0341345,0.00063444,-0.00166905,-0.00129995,-0.00084195,0.00214872,6.39199e-05,0.000241056,0.0261035,0.000441092,-3.77942e-05,-2.10963e-05,-0.000267809,-2.80263e-06,-0.00204117,-1.76782e-05,0.0467496,
0.00322552,0.000333761,-0.000151137,0.00141809,-0.00170079,1.40607e-05,-9.53757e-05,0.000333761,0.000813456,0.00075232,-0.000143116,-0.000659772,-0.00102984,-1.29605e-05,-0.000151137,0.00075232,0.00445998,-0.000142471,-0.00124402,0.00101297,-0.000217661,0.00141809,-0.000143116,-0.000142471,0.00242271,0.0011145,0.00131374,-5.68698e-05,-0.00170079,-0.000659773,-0.00124402,0.0011145,0.0348923,0.00112395,-0.00207839,1.40607e-05,-0.00102984,0.00101297,0.00131374,0.00112395,0.0266879,-4.44456e-05,-9.53756e-05,-1.29604e-05,-0.000217661,-5.68697e-05,-0.00207839,-4.44456e-05,0.0467706,
0.00322737,0.000336358,-0.000152836,0.00141805,-0.00169638,2.14823e-05,-9.56956e-05,0.000336358,0.000814592,0.000753556,-0.000140629,-0.000668345,-0.00103266,-1.29354e-05,-0.000152836,0.000753556,0.00445964,-0.000142614,-0.00124016,0.00101687,-0.000217348,0.00141805,-0.000140629,-0.000142614,0.00241938,0.00111191,0.00130878,-5.56844e-05,-0.00169638,-0.000668345,-0.00124016,0.00111191,0.0349036,0.00112416,-0.0020763,2.14823e-05,-0.00103266,0.00101687,0.00130878,0.00112416,0.026699,-4.59953e-05,-9.56956e-05,-1.29353e-05,-0.000217348,-5.56845e-05,-0.0020763,-4.59953e-05,0.0467703,
0.00323076,0.000340432,-0.000154796,0.00141747,-0.00169112,3.16782e-05,-9.61654e-05,0.000340432,0.000816786,0.000756436,-0.000137948,-0.000678455,-0.00103455,-1.30724e-05,-0.000154796,0.000756435,0.00445808,-0.000143571,-0.0012349,0.00102351,-0.00021701,0.00141747,-0.000137948,-0.000143571,0.0024152,0.00110927,0.00130575,-5.42797e-05,-0.00169112,-0.000678455,-0.0012349,0.00110927,0.034917,0.00112367,-0.00207364,3.16783e-05,-0.00103455,0.00102351,0.00130575,0.00112367,0.0267131,-4.78174e-05,-9.61654e-05,-1.30724e-05,-0.00021701,-5.42797e-05,-0.00207364,-4.78174e-05,0.0467698,
0.00323535,0.000345001,-0.000156366,0.00141635,-0.00168591,4.32476e-05,-9.67286e-05,0.000345001,0.000819642,0.000760211,-0.000135998,-0.000689403,-0.00103596,-1.32975e-05,-0.000156366,0.000760211,0.00445564,-0.000145347,-0.00122861,0.00103213,-0.000216692,0.00141635,-0.000135998,-0.000145347,0.00241073,0.00110746,0.00130257,-5.28103e-05,-0.00168591,-0.000689403,-0.00122861,0.00110746,0.0349294,0.00112182,-0.00207092,4.32476e-05,-0.00103596,0.00103213,0.00130257,0.00112182,0.0267275,-4.96344e-05,-9.67287e-05,-1.32975e-05,-0.000216692,-5.28103e-05,-0.00207092,-4.96344e-05,0.0467694,
0.00324048,0.000349279,-0.000158644,0.00141503,-0.00168144,5.34521e-05,-9.72725e-05,0.000349279,0.000821813,0.000762932,-0.00013341,-0.00069821,-0.00103699,-1.34931e-05,-0.000158644,0.000762932,0.0044541,-0.000146275,-0.00122392,0.001038,-0.000216369,0.00141503,-0.00013341,-0.000146275,0.00240598,0.00110607,0.0013005,-5.162e-05,-0.00168144,-0.00069821,-0.00122392,0.00110607,0.0349397,0.00112052,-0.00206863,5.34521e-05,-0.00103699,0.001038,0.0013005,0.00112052,0.0267396,-5.1335e-05,-9.72725e-05,-1.34931e-05,-0.000216369,-5.162e-05,-0.00206863,-5.1335e-05,0.046769,
0.00324631,0.00035383,-0.000160976,0.00141348,-0.00167627,6.48735e-05,-9.78847e-05,0.00035383,0.000824199,0.000765752,-0.000130849,-0.000708539,-0.00103866,-1.36668e-05,-0.000160976,0.000765752,0.00445249,-0.000147416,-0.00121836,0.00104477,-0.000215995,0.00141348,-0.000130849,-0.000147416,0.00240055,0.00110435,0.00129685,-5.02093e-05,-0.00167627,-0.000708539,-0.00121836,0.00110435,0.0349515,0.00111923,-0.00206596,6.48735e-05,-0.00103866,0.00104477,0.00129685,0.00111923,0.0267536,-5.31721e-05,-9.78847e-05,-1.36668e-05,-0.000215995,-5.02093e-05,-0.00206596,-5.3172e-05,0.0467686,
0.00325288,0.000358538,-0.000163547,0.00141158,-0.00167161,7.61563e-05,-9.85199e-05,0.000358538,0.000826577,0.000768561,-0.00012823,-0.000717817,-0.00103959,-1.38889e-05,-0.000163547,0.000768561,0.00445085,-0.000148479,-0.00121331,0.00105098,-0.000215641,0.00141158,-0.00012823,-0.000148479,0.00239495,0.00110333,0.00129436,-4.89666e-05,-0.00167161,-0.000717817,-0.00121331,0.00110333,0.0349614,0.00111757,-0.00206355,7.61563e-05,-0.00103959,0.00105098,0.00129436,0.00111757,0.0267662,-5.49235e-05,-9.85199e-05,-1.38888e-05,-0.000215641,-4.89666e-05,-0.00206355,-5.49235e-05,0.0467682,
0.00326,0.000363392,-0.000166242,0.00140945,-0.00166665,8.7844e-05,-9.91919e-05,0.000363392,0.000829015,0.000771337,-0.000125596,-0.000727432,-0.00104067,-1.41046e-05,-0.000166242,0.000771337,0.00444923,-0.000149583,-0.00120801,0.00105733,-0.00021526,0.00140945,-0.000125596,-0.000149583,0.00238894,0.00110212,0.00129162,-4.76391e-05,-0.00166665,-0.000727432,-0.00120801,0.00110212,0.034972,0.00111611,-0.00206094,8.7844e-05,-0.00104067,0.00105733,0.00129162,0.00111611,0.0267797,-5.67156e-05,-9.91919e-05,-1.41046e-05,-0.00021526,-4.76391e-05,-0.00206094,-5.67156e-05,0.0467678,
0.00326767,0.000368367,-0.000169102,0.00140704,-0.00166191,9.96902e-05,-9.98869e-05,0.000368367,0.000831473,0.000774085,-0.000122931,-0.00073668,-0.00104141,-1.43465e-05,-0.000169102,0.000774085,0.00444761,-0.00015065,-0.00120291,0.00106344,-0.00021488,0.00140704,-0.000122931,-0.00015065,0.00238271,0.0011014,0.00128904,-4.639e-05,-0.00166191,-0.00073668,-0.00120291,0.0011014,0.0349815,0.00111428,-0.0020585,9.96902e-05,-0.00104141,0.00106344,0.00128904,0.00111428,0.0267925,-5.84915e-05,-9.98869e-05,-1.43465e-05,-0.00021488,-4.639e-05,-0.0020585,-5.84915e-05,0.0467674,
0.00327578,0.000373452,-0.000172084,0.00140441,-0.00165708,0.00011173,-0.000100605,0.000373452,0.000833967,0.000776804,-0.000120259,-0.000745881,-0.00104208,-1.45948e-05,-0.000172084,0.000776804,0.004446,-0.000151719,-0.00119778,0.00106951,-0.000214489,0.00140441,-0.000120259,-0.000151719,0.00237621,0.00110069,0.00128654,-4.51251e-05,-0.00165708,-0.000745881,-0.00119778,0.00110069,0.0349909,0.00111252,-0.00205599,0.00011173,-0.00104208,0.00106951,0.00128654,0.00111252,0.0268055,-6.02721e-05,-0.000100605,-1.45949e-05,-0.000214489,-4.51251e-05,-0.00205599,-6.02721e-05,0.046767,
0.00328422,0.000378606,-0.000175157,0.00140158,-0.00165228,0.000123894,-0.000101336,0.000378606,0.000836489,0.000779499,-0.000117604,-0.000754926,-0.00104259,-1.48557e-05,-0.000175157,0.000779499,0.00444438,-0.000152782,-0.00119269,0.00107549,-0.000214092,0.00140158,-0.000117604,-0.000152782,0.00236954,0.00110016,0.00128406,-4.38805e-05,-0.00165228,-0.000754926,-0.00119269,0.00110016,0.0349998,0.00111063,-0.00205352,0.000123894,-0.00104259,0.00107549,0.00128406,0.00111063,0.0268183,-6.20501e-05,-0.000101336,-1.48557e-05,-0.000214092,-4.38805e-05,-0.00205352,-6.20501e-05,0.0467666,
0.00329283,0.000383793,-0.000178275,0.0013986,-0.0016474,0.000136123,-0.000102073,0.000383793,0.000839041,0.000782176,-0.00011499,-0.000763884,-0.00104301,-1.5122e-05,-0.000178275,0.000782176,0.00444276,-0.000153857,-0.00118759,0.00108146,-0.000213687,0.0013986,-0.00011499,-0.000153857,0.00236277,0.00109961,0.00128158,-4.26276e-05,-0.0016474,-0.000763884,-0.00118759,0.00109961,0.0350086,0.00110879,-0.00205102,0.000136123,-0.00104301,0.00108146,0.00128158,0.00110879,0.0268313,-6.38276e-05,-0.000102073,-1.5122e-05,-0.000213687,-4.26276e-05,-0.00205102,-6.38276e-05,0.0467662,
0.00330154,0.000388998,-0.00018143,0.00139551,-0.00164248,0.000148399,-0.000102809,0.000388998,0.000841616,0.000784836,-0.000112411,-0.000772732,-0.00104334,-1.53953e-05,-0.00018143,0.000784836,0.00444113,-0.000154932,-0.00118251,0.00108738,-0.000213277,0.00139551,-0.000112411,-0.000154932,0.00235593,0.00109908,0.00127904,-4.13788e-05,-0.00164248,-0.000772732,-0.00118251,0.00109908,0.0350172,0.00110693,-0.00204852,0.000148399,-0.00104334,0.00108738,0.00127904,0.00110693,0.0268442,-6.56034e-05,-0.000102809,-1.53953e-05,-0.000213277,-4.13788e-05,-0.00204852,-6.56034e-05,0.0467658,
0.00331029,0.000394207,-0.000184612,0.00139232,-0.00163749,0.000160694,-0.000103542,0.000394207,0.000844214,0.000787478,-0.000109868,-0.000781479,-0.00104358,-1.56734e-05,-0.000184612,0.000787478,0.00443948,-0.000156007,-0.00117743,0.00109328,-0.000212859,0.00139232,-0.000109868,-0.000156007,0.00234905,0.00109852,0.00127647,-4.01279e-05,-0.00163749,-0.000781479,-0.00117743,0.00109852,0.0350256,0.00110511,-0.002046,0.000160694,-0.00104358,0.00109328,0.00127647,0.00110511,0.0268572,-6.73767e-05,-0.000103542,-1.56734e-05,-0.000212859,-4.01279e-05,-0.002046,-6.73767e-05,0.0467655,
0.00331904,0.000399412,-0.000187817,0.00138905,-0.00163245,0.000172994,-0.000104269,0.000399412,0.00084683,0.000790103,-0.00010736,-0.000790117,-0.00104373,-1.59563e-05,-0.000187817,0.000790103,0.00443784,-0.000157079,-0.00117237,0.00109914,-0.000212436,0.00138905,-0.00010736,-0.000157079,0.00234215,0.00109793,0.00127385,-3.8878e-05,-0.00163245,-0.000790117,-0.00117237,0.00109793,0.0350338,0.00110331,-0.00204348,0.000172994,-0.00104373,0.00109914,0.00127385,0.00110331,0.0268703,-6.91468e-05,-0.000104269,-1.59563e-05,-0.000212436,-3.88779e-05,-0.00204348,-6.91469e-05,0.0467651,
0.00332777,0.000404607,-0.000191037,0.0013857,-0.00162733,0.000185288,-0.000104989,0.000404607,0.000849463,0.00079271,-0.000104888,-0.000798651,-0.00104381,-1.62431e-05,-0.000191037,0.00079271,0.00443618,-0.000158147,-0.00116733,0.00110497,-0.000212007,0.0013857,-0.000104888,-0.000158147,0.00233524,0.00109729,0.00127117,-3.76266e-05,-0.00162733,-0.000798651,-0.00116733,0.00109729,0.0350419,0.00110156,-0.00204094,0.000185288,-0.00104381,0.00110497,0.00127117,0.00110156,0.0268833,-7.09135e-05,-0.000104989,-1.62431e-05,-0.000212007,-3.76266e-05,-0.00204094,-7.09134e-05,0.0467647,
0.00333646,0.000409788,-0.00019427,0.00138229,-0.00162214,0.000197572,-0.000105701,0.000409788,0.000852114,0.000795298,-0.000102453,-0.000807091,-0.00104382,-1.65329e-05,-0.00019427,0.000795298,0.00443452,-0.000159213,-0.0011623,0.00111077,-0.000211573,0.00138229,-0.000102453,-0.000159213,0.00232833,0.00109658,0.00126842,-3.63725e-05,-0.00162214,-0.000807091,-0.0011623,0.00109658,0.0350498,0.00109985,-0.0020384,0.000197572,-0.00104382,0.00111077,0.00126842,0.00109985,0.0268964,-7.26754e-05,-0.000105701,-1.65329e-05,-0.000211573,-3.63725e-05,-0.0020384,-7.26754e-05,0.0467643,
0.0033451,0.000414951,-0.000197513,0.00137881,-0.00161689,0.000209836,-0.000106403,0.000414951,0.000854779,0.000797868,-0.000100055,-0.000815428,-0.00104376,-1.68257e-05,-0.000197513,0.000797868,0.00443285,-0.000160275,-0.00115728,0.00111655,-0.000211132,0.00137881,-0.000100055,-0.000160275,0.00232143,0.00109581,0.0012656,-3.51177e-05,-0.00161689,-0.000815428,-0.00115728,0.00109581,0.0350576,0.0010982,-0.00203584,0.000209836,-0.00104376,0.00111655,0.0012656,0.0010982,0.0269096,-7.44306e-05,-0.000106403,-1.68257e-05,-0.000211132,-3.51177e-05,-0.00203584,-7.44306e-05,0.0467639,
0.00335369,0.000420093,-0.000200766,0.00137528,-0.00161157,0.000222079,-0.000107096,0.000420093,0.000857457,0.000800417,-9.7692e-05,-0.000823666,-0.00104363,-1.71207e-05,-0.000200766,0.000800417,0.00443118,-0.00016133,-0.00115229,0.00112229,-0.000210686,0.00137528,-9.7692e-05,-0.00016133,0.00231453,0.00109498,0.00126271,-3.38624e-05,-0.00161157,-0.000823666,-0.00115229,0.00109498,0.0350652,0.00109661,-0.00203327,0.000222079,-0.00104363,0.00112229,0.00126271,0.00109661,0.0269228,-7.61785e-05,-0.000107096,-1.71207e-05,-0.000210686,-3.38624e-05,-0.00203327,-7.61785e-05,0.0467635,
0.00336223,0.000425215,-0.000204032,0.00137168,-0.00160622,0.000234284,-0.000107778,0.000425215,0.000860146,0.000802947,-9.5362e-05,-0.000831769,-0.00104341,-1.742e-05,-0.000204032,0.000802947,0.0044295,-0.000162374,-0.00114734,0.00112797,-0.000210237,0.00137168,-9.5362e-05,-0.000162375,0.00230765,0.00109413,0.00125977,-3.26155e-05,-0.00160622,-0.000831769,-0.00114734,0.00109413,0.0350726,0.00109502,-0.00203072,0.000234284,-0.00104341,0.00112797,0.00125977,0.00109502,0.026936,-7.79181e-05,-0.000107778,-1.742e-05,-0.000210237,-3.26155e-05,-0.00203072,-7.79181e-05,0.0467632,
0.0033707,0.000430318,-0.000207306,0.00136803,-0.00160082,0.000246461,-0.000108451,0.000430318,0.000862848,0.000805461,-9.30689e-05,-0.000839758,-0.00104311,-1.77231e-05,-0.000207306,0.000805461,0.00442781,-0.000163413,-0.00114241,0.00113362,-0.000209783,0.00136803,-9.30689e-05,-0.000163413,0.00230079,0.00109325,0.00125676,-3.13726e-05,-0.00160082,-0.000839758,-0.00114241,0.00109325,0.0350798,0.00109345,-0.00202818,0.000246461,-0.00104311,0.00113362,0.00125676,0.00109345,0.0269491,-7.96544e-05,-0.000108451,-1.77231e-05,-0.000209783,-3.13726e-05,-0.00202818,-7.96544e-05,0.0467628,
0.00337914,0.00043541,-0.000210596,0.0013643,-0.00159547,0.000258521,-0.000109113,0.00043541,0.000865567,0.000807979,-9.08238e-05,-0.000847488,-0.00104263,-1.80359e-05,-0.000210596,0.000807979,0.00442609,-0.000164442,-0.00113757,0.00113919,-0.000209331,0.0013643,-9.08239e-05,-0.000164442,0.00229399,0.00109241,0.00125398,-3.01529e-05,-0.00159547,-0.000847488,-0.00113757,0.00109241,0.0350868,0.00109185,-0.00202567,0.000258521,-0.00104263,0.00113919,0.00125398,0.00109185,0.026962,-8.13817e-05,-0.000109113,-1.80359e-05,-0.000209331,-3.01529e-05,-0.00202567,-8.13817e-05,0.0467624,
0.00338736,0.000440404,-0.000213843,0.00136064,-0.0015894,0.000270864,-0.000109763,0.000440404,0.000868259,0.000810338,-8.85505e-05,-0.000855938,-0.00104273,-1.82985e-05,-0.000213843,0.000810338,0.00442452,-0.00016548,-0.00113238,0.00114499,-0.000208833,0.00136064,-8.85505e-05,-0.00016548,0.00228697,0.00109056,0.00124997,-2.87601e-05,-0.0015894,-0.000855938,-0.00113238,0.00109056,0.0350951,0.00109116,-0.00202275,0.000270864,-0.00104273,0.00114499,0.00124997,0.00109116,0.0269767,-8.30917e-05,-0.000109763,-1.82986e-05,-0.000208833,-2.87601e-05,-0.00202275,-8.30917e-05,0.046762,
0.00339563,0.000445392,-0.000217192,0.00135684,-0.00158406,0.000282863,-0.000110399,0.000445392,0.000870919,0.000812703,-8.62809e-05,-0.000863436,-0.00104217,-1.86066e-05,-0.000217192,0.000812703,0.00442291,-0.000166383,-0.00112775,0.00115023,-0.00020838,0.00135684,-8.62809e-05,-0.000166383,0.00228021,0.00108984,0.00124661,-2.7605e-05,-0.00158406,-0.000863436,-0.00112775,0.00108984,0.0351011,0.00108959,-0.00202043,0.000282863,-0.00104217,0.00115023,0.00124661,0.00108959,0.0269892,-8.4741e-05,-0.000110399,-1.86066e-05,-0.00020838,-2.7605e-05,-0.00202043,-8.4741e-05,0.0467616,
0.00340375,0.000450356,-0.000220488,0.00135304,-0.0015781,0.000294982,-0.000111026,0.000450356,0.000873622,0.000815045,-8.40621e-05,-0.000871361,-0.00104193,-1.88856e-05,-0.000220488,0.000815045,0.00442131,-0.000167368,-0.00112278,0.0011558,-0.000207887,0.00135304,-8.40621e-05,-0.000167368,0.0022733,0.00108811,0.00124293,-2.62747e-05,-0.0015781,-0.000871361,-0.00112278,0.00108811,0.0351087,0.00108885,-0.00201762,0.000294982,-0.00104193,0.0011558,0.00124293,0.00108885,0.0270034,-8.64092e-05,-0.000111026,-1.88857e-05,-0.000207887,-2.62747e-05,-0.00201762,-8.64092e-05,0.0467612,
0.00341186,0.000455293,-0.000223822,0.00134917,-0.0015724,0.000307035,-0.000111643,0.000455293,0.000876315,0.000817365,-8.18585e-05,-0.00087895,-0.00104144,-1.91825e-05,-0.000223822,0.000817365,0.0044197,-0.000168293,-0.00111803,0.00116114,-0.00020741,0.00134917,-8.18585e-05,-0.000168293,0.0022665,0.00108689,0.00123915,-2.50466e-05,-0.0015724,-0.00087895,-0.00111803,0.00108689,0.0351151,0.00108769,-0.0020151,0.000307035,-0.00104144,0.00116114,0.00123915,0.00108769,0.0270167,-8.80504e-05,-0.000111643,-1.91825e-05,-0.00020741,-2.50466e-05,-0.0020151,-8.80504e-05,0.0467609,
0.00341987,0.000460205,-0.00022714,0.00134526,-0.00156651,0.000319075,-0.000112248,0.000460205,0.000879027,0.000819668,-7.97013e-05,-0.000886562,-0.00104098,-1.94713e-05,-0.00022714,0.000819668,0.00441809,-0.000169241,-0.00111321,0.00116655,-0.00020692,0.00134526,-7.97013e-05,-0.000169241,0.00225967,0.00108532,0.00123529,-2.37722e-05,-0.00156651,-0.000886562,-0.00111321,0.00108532,0.0351219,0.00108685,-0.00201243,0.000319076,-0.00104098,0.00116655,0.00123529,0.00108685,0.0270304,-8.96695e-05,-0.000112248,-1.94713e-05,-0.00020692,-2.37722e-05,-0.00201243,-8.96695e-05,0.0467605,
0.00342783,0.000465088,-0.000230529,0.0013413,-0.00156082,0.000330806,-0.000112841,0.000465088,0.000881695,0.00082192,-7.75206e-05,-0.000893681,-0.00104028,-1.97763e-05,-0.000230529,0.00082192,0.00441652,-0.000170076,-0.00110866,0.00117161,-0.000206436,0.0013413,-7.75207e-05,-0.000170076,0.00225296,0.00108396,0.00123193,-2.25606e-05,-0.00156082,-0.00089368,-0.00110866,0.00108396,0.0351282,0.00108575,-0.00200989,0.000330806,-0.00104028,0.00117161,0.00123193,0.00108575,0.0270435,-9.13359e-05,-0.000112841,-1.97763e-05,-0.000206436,-2.25606e-05,-0.00200989,-9.13359e-05,0.0467601,
0.00343568,0.000469935,-0.000233886,0.00133732,-0.00155481,0.000342736,-0.000113424,0.000469935,0.000884389,0.000824139,-7.53665e-05,-0.000901098,-0.00103975,-2.00688e-05,-0.000233886,0.000824139,0.00441496,-0.00017095,-0.00110394,0.00117684,-0.000205929,0.00133732,-7.53665e-05,-0.00017095,0.00224616,0.00108221,0.00122786,-2.12767e-05,-0.00155481,-0.000901098,-0.00110394,0.00108221,0.0351347,0.00108491,-0.00200721,0.000342736,-0.00103975,0.00117684,0.00122786,0.00108491,0.0270572,-9.30128e-05,-0.000113424,-2.00688e-05,-0.000205929,-2.12767e-05,-0.00200721,-9.30127e-05,0.0467597,
0.00344348,0.000474759,-0.000237272,0.00133328,-0.00154893,0.000354497,-0.000113996,0.000474759,0.000887075,0.00082634,-7.32379e-05,-0.0009082,-0.00103903,-2.03692e-05,-0.000237272,0.00082634,0.0044134,-0.000171778,-0.00109937,0.0011819,-0.00020543,0.00133328,-7.32379e-05,-0.000171778,0.00223944,0.00108061,0.00122404,-2.00419e-05,-0.00154893,-0.0009082,-0.00109937,0.00108061,0.0351409,0.00108399,-0.00200462,0.000354497,-0.00103903,0.0011819,0.00122404,0.00108399,0.0270705,-9.46599e-05,-0.000113996,-2.03691e-05,-0.00020543,-2.00419e-05,-0.00200462,-9.46599e-05,0.0467594,
0.0034512,0.000479556,-0.000240655,0.0013292,-0.00154292,0.000366265,-0.000114558,0.000479556,0.00088977,0.000828516,-7.11335e-05,-0.000915303,-0.00103832,-2.06665e-05,-0.000240655,0.000828516,0.00441184,-0.000172605,-0.00109478,0.00118697,-0.000204921,0.0013292,-7.11335e-05,-0.000172605,0.00223272,0.00107883,0.00122002,-1.87841e-05,-0.00154292,-0.000915303,-0.00109478,0.00107883,0.035147,0.00108319,-0.00200197,0.000366265,-0.00103832,0.00118697,0.00122002,0.00108319,0.027084,-9.63076e-05,-0.000114558,-2.06665e-05,-0.000204921,-1.87842e-05,-0.00200197,-9.63077e-05,0.046759,
0.00345885,0.000484326,-0.000244048,0.00132508,-0.00153691,0.000377972,-0.000115108,0.000484326,0.000892465,0.00083067,-6.90533e-05,-0.000922278,-0.00103754,-2.09657e-05,-0.000244048,0.00083067,0.00441029,-0.000173411,-0.00109025,0.00119197,-0.00020441,0.00132508,-6.90533e-05,-0.000173411,0.00222603,0.00107703,0.00121597,-1.7538e-05,-0.00153691,-0.000922278,-0.00109025,0.00107703,0.035153,0.00108241,-0.00199934,0.000377972,-0.00103754,0.00119197,0.00121597,0.00108241,0.0270974,-9.79437e-05,-0.000115108,-2.09657e-05,-0.00020441,-1.7538e-05,-0.00199934,-9.79437e-05,0.0467586,
0.00346643,0.00048907,-0.000247445,0.00132091,-0.00153085,0.000389639,-0.000115648,0.00048907,0.000895165,0.000832802,-6.69979e-05,-0.000929175,-0.00103672,-2.12645e-05,-0.000247445,0.000832802,0.00440874,-0.000174204,-0.00108574,0.00119693,-0.000203894,0.00132091,-6.69979e-05,-0.000174204,0.00221936,0.00107513,0.00121183,-1.62878e-05,-0.00153085,-0.000929175,-0.00108574,0.00107513,0.0351589,0.0010817,-0.00199669,0.000389639,-0.00103672,0.00119693,0.00121183,0.0010817,0.0271109,-9.95718e-05,-0.000115648,-2.12645e-05,-0.000203894,-1.62877e-05,-0.00199669,-9.95718e-05,0.0467582,
0.00347395,0.000493786,-0.000250848,0.00131671,-0.00152475,0.000401259,-0.000116177,0.000493786,0.000897867,0.000834911,-6.49664e-05,-0.000935977,-0.00103585,-2.15638e-05,-0.000250848,0.000834911,0.00440719,-0.00017498,-0.00108126,0.00120185,-0.000203374,0.00131671,-6.49664e-05,-0.00017498,0.00221271,0.00107317,0.00120761,-1.50407e-05,-0.00152475,-0.000935977,-0.00108126,0.00107317,0.0351647,0.00108103,-0.00199405,0.000401259,-0.00103585,0.00120185,0.00120761,0.00108103,0.0271244,-0.000101191,-0.000116177,-2.15638e-05,-0.000203374,-1.50407e-05,-0.00199405,-0.000101191,0.0467579,
0.00348139,0.000498476,-0.000254256,0.00131246,-0.00151862,0.000412832,-0.000116695,0.000498476,0.000900571,0.000836998,-6.29591e-05,-0.000942691,-0.00103493,-2.18629e-05,-0.000254256,0.000836998,0.00440565,-0.000175742,-0.00107682,0.00120672,-0.00020285,0.00131246,-6.29591e-05,-0.000175742,0.00220609,0.00107114,0.00120332,-1.37937e-05,-0.00151862,-0.000942691,-0.00107682,0.00107114,0.0351703,0.00108041,-0.0019914,0.000412832,-0.00103493,0.00120672,0.00120332,0.00108041,0.0271379,-0.000102801,-0.000116695,-2.18629e-05,-0.00020285,-1.37937e-05,-0.0019914,-0.000102801,0.0467575,
0.00348877,0.000503138,-0.000257669,0.00130817,-0.00151245,0.000424358,-0.000117203,0.000503138,0.000903277,0.000839063,-6.09757e-05,-0.000949316,-0.00103396,-2.21621e-05,-0.000257669,0.000839063,0.00440411,-0.000176488,-0.00107241,0.00121155,-0.000202323,0.00130817,-6.09757e-05,-0.000176488,0.00219948,0.00106904,0.00119896,-1.25482e-05,-0.00151245,-0.000949316,-0.00107241,0.00106904,0.0351758,0.00107984,-0.00198875,0.000424358,-0.00103396,0.00121155,0.00119896,0.00107984,0.0271514,-0.000104402,-0.000117203,-2.21621e-05,-0.000202323,-1.25483e-05,-0.00198875,-0.000104402,0.0467571,
0.00349607,0.000507773,-0.000261086,0.00130385,-0.00150625,0.000435836,-0.0001177,0.000507773,0.000905985,0.000841107,-5.90161e-05,-0.000955854,-0.00103295,-2.24612e-05,-0.000261086,0.000841107,0.00440258,-0.000177219,-0.00106803,0.00121634,-0.000201791,0.00130385,-5.90161e-05,-0.000177219,0.0021929,0.00106687,0.00119453,-1.1304e-05,-0.00150625,-0.000955854,-0.00106803,0.00106687,0.0351813,0.00107932,-0.00198609,0.000435836,-0.00103295,0.00121634,0.00119453,0.00107932,0.0271649,-0.000105993,-0.0001177,-2.24612e-05,-0.000201791,-1.13039e-05,-0.00198609,-0.000105993,0.0467567,
0.00350331,0.000512381,-0.000264507,0.00129948,-0.00150003,0.000447264,-0.000118186,0.000512381,0.000908695,0.00084313,-5.70802e-05,-0.000962303,-0.0010319,-2.27601e-05,-0.000264507,0.00084313,0.00440104,-0.000177935,-0.00106368,0.00122108,-0.000201256,0.00129948,-5.70802e-05,-0.000177935,0.00218635,0.00106463,0.00119003,-1.0061e-05,-0.00150003,-0.000962303,-0.00106368,0.00106463,0.0351866,0.00107884,-0.00198343,0.000447264,-0.0010319,0.00122108,0.00119003,0.00107884,0.0271784,-0.000107576,-0.000118186,-2.27601e-05,-0.000201256,-1.0061e-05,-0.00198343,-0.000107576,0.0467564,
0.00351048,0.000516962,-0.000267932,0.00129508,-0.00149377,0.000458642,-0.000118662,0.000516962,0.000911405,0.000845131,-5.51678e-05,-0.000968667,-0.0010308,-2.30587e-05,-0.000267932,0.000845131,0.00439951,-0.000178635,-0.00105937,0.00122578,-0.000200717,0.00129508,-5.51679e-05,-0.000178635,0.00217982,0.00106232,0.00118546,-8.81961e-06,-0.00149377,-0.000968667,-0.00105937,0.00106232,0.0351918,0.00107841,-0.00198076,0.000458642,-0.0010308,0.00122578,0.00118546,0.00107841,0.0271918,-0.000109149,-0.000118662,-2.30588e-05,-0.000200717,-8.81961e-06,-0.00198076,-0.000109149,0.046756,
0.00351757,0.000521515,-0.00027136,0.00129063,-0.00148749,0.000469969,-0.000119127,0.000521515,0.000914117,0.000847112,-5.32789e-05,-0.000974945,-0.00102965,-2.33571e-05,-0.00027136,0.000847112,0.00439799,-0.000179319,-0.00105509,0.00123044,-0.000200175,0.00129063,-5.32788e-05,-0.000179319,0.00217332,0.00105995,0.00118082,-7.57971e-06,-0.00148749,-0.000974945,-0.00105509,0.00105995,0.0351969,0.00107802,-0.00197809,0.000469969,-0.00102965,0.00123044,0.00118082,0.00107802,0.0272053,-0.000110712,-0.000119127,-2.33571e-05,-0.000200175,-7.57971e-06,-0.00197809,-0.000110712,0.0467556,
0.00352461,0.000526041,-0.000274792,0.00128615,-0.00148118,0.000481244,-0.000119582,0.000526041,0.000916829,0.000849072,-5.14131e-05,-0.000981137,-0.00102847,-2.36549e-05,-0.000274792,0.000849072,0.00439647,-0.000179989,-0.00105085,0.00123505,-0.000199629,0.00128615,-5.1413e-05,-0.000179988,0.00216684,0.00105751,0.00117611,-6.34148e-06,-0.00148118,-0.000981137,-0.00105085,0.00105751,0.0352019,0.00107767,-0.00197542,0.000481244,-0.00102847,0.00123505,0.00117611,0.00107767,0.0272188,-0.000112265,-0.000119582,-2.36549e-05,-0.000199629,-6.34154e-06,-0.00197542,-0.000112265,0.0467552,
0.00353157,0.00053054,-0.000278226,0.00128164,-0.00147485,0.000492467,-0.000120026,0.00053054,0.000919542,0.000851011,-4.95704e-05,-0.000987246,-0.00102724,-2.39524e-05,-0.000278226,0.000851011,0.00439495,-0.000180642,-0.00104664,0.00123962,-0.00019908,0.00128164,-4.95704e-05,-0.000180642,0.00216039,0.001055,0.00117133,-5.10514e-06,-0.00147485,-0.000987246,-0.00104664,0.001055,0.0352067,0.00107737,-0.00197274,0.000492467,-0.00102724,0.00123962,0.00117133,0.00107737,0.0272322,-0.000113809,-0.000120026,-2.39523e-05,-0.00019908,-5.10514e-06,-0.00197274,-0.000113809,0.0467549,
0.00353847,0.000535011,-0.000281662,0.00127708,-0.0014685,0.000503637,-0.000120459,0.000535011,0.000922255,0.00085293,-4.77507e-05,-0.000993271,-0.00102597,-2.42492e-05,-0.000281662,0.00085293,0.00439343,-0.00018128,-0.00104246,0.00124415,-0.000198528,0.00127708,-4.77507e-05,-0.00018128,0.00215396,0.00105243,0.00116649,-3.87068e-06,-0.0014685,-0.000993271,-0.00104246,0.00105243,0.0352115,0.00107711,-0.00197006,0.000503637,-0.00102597,0.00124415,0.00116649,0.00107711,0.0272457,-0.000115343,-0.000120459,-2.42492e-05,-0.000198528,-3.87068e-06,-0.00197006,-0.000115343,0.0467545,
0.00354529,0.000539454,-0.0002851,0.0012725,-0.00146213,0.000514753,-0.000120882,0.000539454,0.000924967,0.000854829,-4.59538e-05,-0.000999214,-0.00102466,-2.45454e-05,-0.0002851,0.000854829,0.00439192,-0.000181902,-0.00103831,0.00124863,-0.000197972,0.0012725,-4.59537e-05,-0.000181902,0.00214756,0.00104979,0.00116158,-2.63817e-06,-0.00146213,-0.000999214,-0.00103831,0.00104979,0.0352162,0.00107689,-0.00196738,0.000514753,-0.00102466,0.00124863,0.00116158,0.00107689,0.0272591,-0.000116867,-0.000120882,-2.45454e-05,-0.000197972,-2.63817e-06,-0.00196738,-0.000116867,0.0467541,
0.00355205,0.00054387,-0.000288541,0.00126787,-0.00145574,0.000525814,-0.000121295,0.00054387,0.000927679,0.000856709,-4.41795e-05,-0.00100508,-0.00102331,-2.48409e-05,-0.000288541,0.000856709,0.00439042,-0.000182509,-0.0010342,0.00125307,-0.000197414,0.00126787,-4.41795e-05,-0.000182509,0.00214119,0.00104709,0.0011566,-1.40782e-06,-0.00145574,-0.00100508,-0.0010342,0.00104709,0.0352207,0.00107671,-0.00196469,0.000525814,-0.00102331,0.00125307,0.0011566,0.00107671,0.0272725,-0.000118381,-0.000121295,-2.4841e-05,-0.000197414,-1.40782e-06,-0.00196469,-0.000118381,0.0467538,
0.00355875,0.000548258,-0.000291982,0.00126322,-0.00144934,0.000536819,-0.000121697,0.000548258,0.000930391,0.000858569,-4.24277e-05,-0.00101086,-0.00102193,-2.51357e-05,-0.000291982,0.000858569,0.00438891,-0.000183101,-0.00103013,0.00125748,-0.000196852,0.00126322,-4.24277e-05,-0.000183101,0.00213485,0.00104432,0.00115156,-1.79634e-07,-0.00144934,-0.00101086,-0.00103013,0.00104432,0.0352252,0.00107656,-0.001962,0.000536819,-0.00102193,0.00125748,0.00115156,0.00107656,0.027286,-0.000119885,-0.000121697,-2.51357e-05,-0.000196852,-1.79634e-07,-0.001962,-0.000119885,0.0467534,
0.00356537,0.000552619,-0.000295424,0.00125852,-0.00144292,0.000547769,-0.000122089,0.000552619,0.000933102,0.000860409,-4.06983e-05,-0.00101656,-0.0010205,-2.54296e-05,-0.000295424,0.000860409,0.00438741,-0.000183676,-0.00102608,0.00126184,-0.000196288,0.00125852,-4.06983e-05,-0.000183676,0.00212854,0.00104149,0.00114646,1.04627e-06,-0.00144292,-0.00101656,-0.00102608,0.00104149,0.0352295,0.00107646,-0.00195931,0.000547769,-0.0010205,0.00126184,0.00114646,0.00107646,0.0272993,-0.000121379,-0.000122089,-2.54296e-05,-0.000196288,1.04627e-06,-0.00195931,-0.000121379,0.046753,
0.00357193,0.000556951,-0.000298868,0.0012538,-0.00143648,0.000558662,-0.000122471,0.000556951,0.000935811,0.00086223,-3.89911e-05,-0.00102218,-0.00101904,-2.57226e-05,-0.000298868,0.00086223,0.00438591,-0.000184236,-0.00102207,0.00126615,-0.000195721,0.0012538,-3.89911e-05,-0.000184236,0.00212225,0.00103859,0.00114129,2.26974e-06,-0.00143648,-0.00102218,-0.00102207,0.00103859,0.0352338,0.00107639,-0.00195661,0.000558662,-0.00101904,0.00126615,0.00114129,0.00107639,0.0273127,-0.000122863,-0.000122471,-2.57226e-05,-0.000195721,2.26974e-06,-0.00195661,-0.000122863,0.0467526,
0.00357843,0.000561256,-0.000302311,0.00124904,-0.00143004,0.000569498,-0.000122843,0.000561256,0.000938519,0.000864033,-3.73059e-05,-0.00102772,-0.00101754,-2.60147e-05,-0.000302311,0.000864033,0.00438442,-0.000184781,-0.0010181,0.00127043,-0.000195151,0.00124904,-3.73059e-05,-0.000184781,0.002116,0.00103564,0.00113606,3.49071e-06,-0.00143004,-0.00102772,-0.0010181,0.00103564,0.0352379,0.00107636,-0.00195391,0.000569498,-0.00101754,0.00127043,0.00113606,0.00107636,0.0273261,-0.000124336,-0.000122843,-2.60147e-05,-0.000195151,3.49071e-06,-0.00195391,-0.000124336,0.0467523,
0.00358486,0.000565534,-0.000305755,0.00124426,-0.00142358,0.000580275,-0.000123204,0.000565534,0.000941226,0.000865816,-3.56426e-05,-0.00103318,-0.00101601,-2.63057e-05,-0.000305755,0.000865816,0.00438293,-0.00018531,-0.00101415,0.00127467,-0.000194579,0.00124426,-3.56426e-05,-0.00018531,0.00210977,0.00103261,0.00113077,4.70907e-06,-0.00142358,-0.00103318,-0.00101415,0.00103261,0.035242,0.00107636,-0.00195122,0.000580275,-0.00101601,0.00127467,0.00113077,0.00107636,0.0273394,-0.0001258,-0.000123204,-2.63057e-05,-0.000194579,4.70912e-06,-0.00195121,-0.0001258,0.0467519,
0.00359122,0.000569783,-0.000309199,0.00123944,-0.00141712,0.000590995,-0.000123555,0.000569783,0.000943931,0.000867581,-3.4001e-05,-0.00103857,-0.00101444,-2.65957e-05,-0.000309199,0.000867581,0.00438144,-0.000185823,-0.00101025,0.00127887,-0.000194004,0.00123944,-3.4001e-05,-0.000185823,0.00210358,0.00102953,0.00112543,5.92473e-06,-0.00141712,-0.00103857,-0.00101025,0.00102953,0.0352459,0.0010764,-0.00194851,0.000590995,-0.00101444,0.00127887,0.00112543,0.0010764,0.0273527,-0.000127252,-0.000123555,-2.65957e-05,-0.000194004,5.92476e-06,-0.00194851,-0.000127252,0.0467515,
0.00359752,0.000574005,-0.000312642,0.00123459,-0.00141065,0.000601655,-0.000123896,0.000574005,0.000946633,0.000869328,-3.23809e-05,-0.00104388,-0.00101284,-2.68846e-05,-0.000312642,0.000869328,0.00437996,-0.00018632,-0.00100637,0.00128302,-0.000193426,0.00123459,-3.23809e-05,-0.00018632,0.00209742,0.00102639,0.00112002,7.13765e-06,-0.00141065,-0.00104388,-0.00100637,0.00102639,0.0352498,0.00107647,-0.00194581,0.000601655,-0.00101284,0.00128302,0.00112002,0.00107647,0.027366,-0.000128695,-0.000123896,-2.68846e-05,-0.000193426,7.13768e-06,-0.00194581,-0.000128694,0.0467512,
0.00360375,0.000578199,-0.000316085,0.00122971,-0.00140417,0.000612256,-0.000124227,0.000578199,0.000949334,0.000871056,-3.07823e-05,-0.00104912,-0.00101121,-2.71722e-05,-0.000316085,0.000871056,0.00437848,-0.000186803,-0.00100253,0.00128714,-0.000192847,0.00122971,-3.07823e-05,-0.000186802,0.00209128,0.00102319,0.00111455,8.34766e-06,-0.00140417,-0.00104912,-0.00100253,0.00102319,0.0352535,0.00107657,-0.0019431,0.000612256,-0.00101121,0.00128714,0.00111455,0.00107657,0.0273793,-0.000130126,-0.000124227,-2.71722e-05,-0.000192847,8.34766e-06,-0.0019431,-0.000130126,0.0467508,
0.00360991,0.000582365,-0.000319526,0.0012248,-0.00139769,0.000622797,-0.000124547,0.000582365,0.000952032,0.000872767,-2.92049e-05,-0.00105428,-0.00100954,-2.74586e-05,-0.000319526,0.000872767,0.004377,-0.000187269,-0.000998721,0.00129122,-0.000192264,0.0012248,-2.92049e-05,-0.000187269,0.00208518,0.00101992,0.00110903,9.55466e-06,-0.00139769,-0.00105428,-0.000998721,0.00101992,0.0352572,0.0010767,-0.00194039,0.000622797,-0.00100954,0.00129121,0.00110903,0.0010767,0.0273925,-0.000131548,-0.000124547,-2.74587e-05,-0.000192264,9.55463e-06,-0.00194039,-0.000131548,0.0467504,
0.00361601,0.000586504,-0.000322967,0.00121986,-0.0013912,0.000633277,-0.000124858,0.000586504,0.000954727,0.00087446,-2.76486e-05,-0.00105937,-0.00100784,-2.77438e-05,-0.000322967,0.00087446,0.00437553,-0.00018772,-0.000994947,0.00129525,-0.00019168,0.00121986,-2.76486e-05,-0.00018772,0.00207911,0.0010166,0.00110344,1.07586e-05,-0.0013912,-0.00105937,-0.000994947,0.0010166,0.0352608,0.00107687,-0.00193768,0.000633277,-0.00100784,0.00129525,0.00110344,0.00107687,0.0274057,-0.000132958,-0.000124858,-2.77438e-05,-0.00019168,1.07586e-05,-0.00193768,-0.000132958,0.0467501,
0.00362205,0.000590614,-0.000326405,0.00121489,-0.00138471,0.000643696,-0.000125159,0.000590614,0.00095742,0.000876135,-2.61131e-05,-0.00106439,-0.00100611,-2.80276e-05,-0.000326405,0.000876135,0.00437406,-0.000188155,-0.000991206,0.00129925,-0.000191094,0.00121489,-2.61131e-05,-0.000188155,0.00207307,0.00101322,0.00109781,1.19594e-05,-0.00138471,-0.00106439,-0.000991206,0.00101322,0.0352642,0.00107706,-0.00193497,0.000643696,-0.00100611,0.00129925,0.00109781,0.00107706,0.0274189,-0.000134358,-0.000125159,-2.80276e-05,-0.000191094,1.19594e-05,-0.00193497,-0.000134358,0.0467497,
0.00362802,0.000594697,-0.000329842,0.0012099,-0.00137823,0.000654053,-0.000125451,0.000594697,0.00096011,0.000877793,-2.45985e-05,-0.00106933,-0.00100435,-2.831e-05,-0.000329842,0.000877793,0.0043726,-0.000188575,-0.000987498,0.00130321,-0.000190505,0.0012099,-2.45985e-05,-0.000188575,0.00206707,0.00100978,0.00109211,1.31569e-05,-0.00137823,-0.00106933,-0.000987498,0.00100978,0.0352676,0.00107728,-0.00193226,0.000654053,-0.00100435,0.00130321,0.00109211,0.00107728,0.027432,-0.000135748,-0.00012545,-2.831e-05,-0.000190505,1.31569e-05,-0.00193226,-0.000135748,0.0467493,
0.00363393,0.000598752,-0.000333277,0.00120488,-0.00137174,0.000664349,-0.000125732,0.000598752,0.000962796,0.000879433,-2.31044e-05,-0.0010742,-0.00100256,-2.8591e-05,-0.000333277,0.000879433,0.00437113,-0.00018898,-0.000983823,0.00130713,-0.000189915,0.00120488,-2.31044e-05,-0.00018898,0.0020611,0.00100628,0.00108637,1.43511e-05,-0.00137174,-0.0010742,-0.000983823,0.00100628,0.0352709,0.00107753,-0.00192954,0.000664349,-0.00100256,0.00130713,0.00108637,0.00107753,0.0274451,-0.000137126,-0.000125732,-2.8591e-05,-0.000189915,1.43511e-05,-0.00192954,-0.000137126,0.046749,
0.00363977,0.00060278,-0.000336709,0.00119983,-0.00136525,0.000674582,-0.000126003,0.00060278,0.000965479,0.000881057,-2.16307e-05,-0.001079,-0.00100074,-2.88705e-05,-0.000336709,0.000881057,0.00436967,-0.000189369,-0.000980182,0.00131102,-0.000189322,0.00119983,-2.16307e-05,-0.000189369,0.00205516,0.00100273,0.00108057,1.55418e-05,-0.00136525,-0.001079,-0.000980182,0.00100273,0.0352741,0.00107781,-0.00192682,0.000674582,-0.00100074,0.00131102,0.00108057,0.00107781,0.0274582,-0.000138494,-0.000126003,-2.88705e-05,-0.000189322,1.55418e-05,-0.00192682,-0.000138494,0.0467486,
0.00364556,0.00060678,-0.000340139,0.00119476,-0.00135877,0.000684752,-0.000126265,0.00060678,0.000968158,0.000882664,-2.01772e-05,-0.00108374,-0.000998896,-2.91485e-05,-0.000340139,0.000882664,0.00436822,-0.000189742,-0.000976574,0.00131486,-0.000188728,0.00119476,-2.01772e-05,-0.000189742,0.00204925,0.000999115,0.00107471,1.6729e-05,-0.00135877,-0.00108374,-0.000976574,0.000999115,0.0352772,0.00107811,-0.0019241,0.000684752,-0.000998896,0.00131486,0.00107471,0.00107811,0.0274713,-0.000139851,-0.000126265,-2.91485e-05,-0.000188728,1.67291e-05,-0.0019241,-0.000139851,0.0467482,
0.00365127,0.000610752,-0.000343566,0.00118966,-0.00135229,0.000694859,-0.000126518,0.000610752,0.000970834,0.000884254,-1.87438e-05,-0.0010884,-0.000997022,-2.94249e-05,-0.000343566,0.000884254,0.00436677,-0.000190101,-0.000972999,0.00131867,-0.000188132,0.00118966,-1.87438e-05,-0.000190101,0.00204338,0.000995449,0.00106881,1.79127e-05,-0.00135229,-0.0010884,-0.000972999,0.000995449,0.0352802,0.00107844,-0.00192138,0.000694859,-0.000997022,0.00131867,0.00106881,0.00107844,0.0274843,-0.000141198,-0.000126518,-2.94249e-05,-0.000188132,1.79127e-05,-0.00192138,-0.000141198,0.0467479,
0.00365693,0.000614696,-0.000346989,0.00118454,-0.00134581,0.000704902,-0.000126761,0.000614696,0.000973505,0.000885828,-1.73304e-05,-0.001093,-0.00099512,-2.96997e-05,-0.000346989,0.000885828,0.00436532,-0.000190443,-0.000969456,0.00132244,-0.000187534,0.00118454,-1.73304e-05,-0.000190443,0.00203754,0.000991727,0.00106285,1.90926e-05,-0.00134581,-0.001093,-0.000969456,0.000991727,0.0352831,0.00107879,-0.00191866,0.000704902,-0.00099512,0.00132244,0.00106285,0.00107879,0.0274973,-0.000142533,-0.000126761,-2.96997e-05,-0.000187534,1.90926e-05,-0.00191866,-0.000142533,0.0467475,
0.00366252,0.000618613,-0.00035041,0.00117939,-0.00133935,0.000714881,-0.000126994,0.000618613,0.000976173,0.000887386,-1.59366e-05,-0.00109753,-0.000993193,-2.99728e-05,-0.00035041,0.000887386,0.00436387,-0.000190771,-0.000965947,0.00132618,-0.000186935,0.00117939,-1.59366e-05,-0.000190771,0.00203174,0.000987952,0.00105685,2.02687e-05,-0.00133935,-0.00109753,-0.000965947,0.000987952,0.0352859,0.00107917,-0.00191594,0.000714881,-0.000993193,0.00132618,0.00105685,0.00107917,0.0275102,-0.000143858,-0.000126994,-2.99728e-05,-0.000186935,2.02687e-05,-0.00191594,-0.000143858,0.0467472,
0.00366805,0.000622502,-0.000353826,0.00117422,-0.00133289,0.000724796,-0.000127218,0.000622502,0.000978836,0.000888927,-1.45625e-05,-0.00110199,-0.000991239,-3.02443e-05,-0.000353826,0.000888927,0.00436243,-0.000191083,-0.00096247,0.00132987,-0.000186334,0.00117422,-1.45625e-05,-0.000191083,0.00202597,0.000984122,0.00105079,2.1441e-05,-0.00133289,-0.00110199,-0.00096247,0.000984122,0.0352887,0.00107957,-0.00191322,0.000724796,-0.000991239,0.00132987,0.00105079,0.00107957,0.0275231,-0.000145172,-0.000127218,-3.02443e-05,-0.000186334,2.1441e-05,-0.00191322,-0.000145172,0.0467468,
0.00367352,0.000626363,-0.000357239,0.00116903,-0.00132643,0.000734647,-0.000127432,0.000626363,0.000981494,0.000890453,-1.32077e-05,-0.00110638,-0.000989261,-3.0514e-05,-0.000357239,0.000890453,0.00436099,-0.00019138,-0.000959025,0.00133354,-0.000185731,0.00116903,-1.32077e-05,-0.00019138,0.00202023,0.00098024,0.00104469,2.26093e-05,-0.00132643,-0.00110638,-0.000959025,0.00098024,0.0352913,0.00107999,-0.00191049,0.000734647,-0.000989261,0.00133354,0.00104469,0.00107999,0.027536,-0.000146475,-0.000127432,-3.05141e-05,-0.000185732,2.26093e-05,-0.00191049,-0.000146475,0.0467464,
0.00367892,0.000630197,-0.000360648,0.00116382,-0.00131999,0.000744432,-0.000127638,0.000630197,0.000984149,0.000891963,-1.18721e-05,-0.00111072,-0.000987259,-3.0782e-05,-0.000360648,0.000891963,0.00435956,-0.000191662,-0.000955613,0.00133716,-0.000185128,0.00116382,-1.18721e-05,-0.000191662,0.00201453,0.000976305,0.00103854,2.37736e-05,-0.00131999,-0.00111072,-0.000955613,0.000976305,0.0352939,0.00108043,-0.00190777,0.000744432,-0.000987259,0.00133716,0.00103854,0.00108043,0.0275488,-0.000147768,-0.000127638,-3.0782e-05,-0.000185128,2.37736e-05,-0.00190777,-0.000147768,0.0467461,
0.00368427,0.000634004,-0.000364052,0.00115858,-0.00131356,0.000754152,-0.000127834,0.000634004,0.000986798,0.000893458,-1.05556e-05,-0.00111498,-0.000985232,-3.10482e-05,-0.000364052,0.000893458,0.00435812,-0.000191928,-0.000952233,0.00134075,-0.000184523,0.00115858,-1.05556e-05,-0.000191928,0.00200887,0.000972318,0.00103234,2.49339e-05,-0.00131356,-0.00111498,-0.000952233,0.000972318,0.0352964,0.00108089,-0.00190504,0.000754152,-0.000985232,0.00134075,0.00103234,0.00108089,0.0275616,-0.000149049,-0.000127834,-3.10483e-05,-0.000184523,2.49338e-05,-0.00190504,-0.000149049,0.0467457,
