0.00260675,0.00055713,-0.000480444,0.00143191,-0.00123535,-0.000583636,1.16083e-05,0.00055713,0.00123042,0.00109805,0.000311475,4.81336e-05,1.11608e-05,7.61969e-05,-0.000480444,0.00109805,0.00402164,-0.000262606,-0.00243258,-0.000309999,8.68226e-05,0.00143191,0.000311475,-0.000262606,0.00262784,-0.000492682,-0.00104557,1.58519e-05,-0.00123535,4.81336e-05,-0.00243258,-0.000492682,0.0269497,0.00113902,0.000592788,-0.000583636,1.11608e-05,-0.000309999,-0.00104557,0.00113902,0.0249556,-0.000194679,1.16083e-05,7.61969e-05,8.68226e-05,1.58519e-05,0.000592788,-0.000194679,0.0466267,
0.00260729,0.000558217,-0.000484193,0.0014307,-0.00123791,0,1.13844e-05,0.000558217,0.00123247,0.00109871,0.000313986,4.44597e-05,0,7.59577e-05,-0.000484193,0.00109871,0.00401991,-0.000261959,-0.00243073,0,8.65725e-05,0.0014307,0.000313986,-0.000261959,0.002626,-0.000489646,0,1.57721e-05,-0.00123791,4.44598e-05,-0.00243073,-0.000489646,0.0269518,0,0.000588689,-0.000585194,1.06789e-05,-0.000312472,-0.00104876,0.00114252,0,-0.000193858,1.13844e-05,7.59577e-05,8.65725e-05,1.57721e-05,0.000588689,0,0.0466263,
0.00260857,0.000559484,-0.000488401,0.00142931,-0.00124188,0,1.10827e-05,0.000559484,0.00123457,0.00109931,0.000316778,4.01936e-05,0,7.55695e-05,-0.000488401,0.00109931,0.00401819,-0.000261131,-0.00242843,0,8.62665e-05,0.00142931,0.000316778,-0.000261131,0.00262363,-0.000484567,0,1.56417e-05,-0.00124188,4.01936e-05,-0.00242843,-0.000484567,0.0269548,0,0.000583343,-0.000586877,1.07423e-05,-0.000316239,-0.00105253,0.00114772,0,-0.000192986,1.10827e-05,7.55694e-05,8.62665e-05,1.56417e-05,0.000583343,0,0.0466258,
0.00261026,0.000560846,-0.000492713,0.00142784,-0.00124605,-0.000588451,1.07986e-05,0.000560846,0.00123663,0.00109983,0.000319581,3.59218e-05,1.08714e-05,7.51722e-05,-0.000492713,0.00109983,0.0040166,-0.000260254,-0.00242609,-0.000319977,8.59584e-05,0.00142784,0.000319581,-0.000260254,0.00262104,-0.000479585,-0.00105632,1.55113e-05,-0.00124605,3.59217e-05,-0.00242609,-0.000479585,0.026958,0.0011529,0.000577915,-0.000588451,1.08714e-05,-0.000319977,-0.00105632,0.0011529,0.0249692,-0.000192095,1.07986e-05,7.51723e-05,8.59584e-05,1.55114e-05,0.000577915,-0.000192095,0.0466253,
0.00261226,0.000562271,-0.000497032,0.0014263,-0.00125036,-0.000590014,1.05308e-05,0.000562271,0.00123866,0.00110029,0.000322328,3.16664e-05,1.10251e-05,7.4778e-05,-0.000497032,0.00110029,0.00401507,-0.000259371,-0.0024237,-0.000323707,8.56519e-05,0.0014263,0.000322328,-0.000259371,0.00261831,-0.000474588,-0.00106,1.53803e-05,-0.00125036,3.16664e-05,-0.0024237,-0.000474588,0.0269613,0.00115804,0.000572547,-0.000590014,1.10251e-05,-0.000323707,-0.00106,0.00115804,0.0249744,-0.000191174,1.05308e-05,7.4778e-05,8.56519e-05,1.53804e-05,0.000572547,-0.000191174,0.0466249,
0.0026145,0.000563744,-0.000501356,0.00142471,-0.00125477,-0.000591576,1.02771e-05,0.000563744,0.00124068,0.00110071,0.000325025,2.74213e-05,1.11951e-05,7.4387e-05,-0.000501356,0.00110071,0.00401359,-0.000258484,-0.00242128,-0.00032743,8.5347e-05,0.00142471,0.000325025,-0.000258484,0.00261548,-0.000469587,-0.00106359,1.52484e-05,-0.00125477,2.74213e-05,-0.00242128,-0.000469587,0.0269649,0.00116315,0.000567232,-0.000591576,1.11951e-05,-0.00032743,-0.00106359,0.00116315,0.0249795,-0.000190227,1.02771e-05,7.43869e-05,8.5347e-05,1.52484e-05,0.000567232,-0.000190227,0.0466245,
0.00261692,0.000565255,-0.000505684,0.00142308,-0.00125925,-0.000593143,1.00355e-05,0.000565255,0.00124268,0.0011011,0.00032768,2.3179e-05,1.13768e-05,7.39986e-05,-0.000505684,0.0011011,0.00401215,-0.000257594,-0.00241884,-0.000331149,8.50435e-05,0.00142308,0.00032768,-0.000257594,0.00261256,-0.00046458,-0.0010671,1.51153e-05,-0.00125925,2.31791e-05,-0.00241884,-0.00046458,0.0269685,0.00116825,0.000561961,-0.000593143,1.13768e-05,-0.000331149,-0.0010671,0.00116825,0.0249847,-0.000189258,1.00355e-05,7.39986e-05,8.50435e-05,1.51152e-05,0.000561961,-0.000189258,0.0466241,
0.00261949,0.000566795,-0.000510015,0.0014214,-0.00126378,-0.000594722,9.8046e-06,0.000566795,0.00124467,0.00110146,0.000330297,1.89377e-05,1.15637e-05,7.36131e-05,-0.000510015,0.00110146,0.00401073,-0.0002567,-0.00241637,-0.000334864,8.47413e-05,0.0014214,0.000330297,-0.0002567,0.00260957,-0.00045957,-0.00107055,1.49808e-05,-0.00126378,1.89377e-05,-0.00241637,-0.00045957,0.0269723,0.00117332,0.000556733,-0.000594722,1.15637e-05,-0.000334864,-0.00107055,0.00117332,0.0249898,-0.000188269,9.8046e-06,7.36131e-05,8.47413e-05,1.49808e-05,0.000556733,-0.000188269,0.0466237,
0.00262219,0.000568359,-0.000514349,0.00141969,-0.00126834,-0.000596316,9.58308e-06,0.000568359,0.00124665,0.0011018,0.000332881,1.4696e-05,1.17527e-05,7.32302e-05,-0.000514349,0.0011018,0.00400933,-0.000255801,-0.00241387,-0.000338577,8.44404e-05,0.00141969,0.000332881,-0.000255801,0.00260654,-0.000454555,-0.00107394,1.48451e-05,-0.00126834,1.4696e-05,-0.00241387,-0.000454555,0.0269762,0.00117837,0.000551546,-0.000596316,1.17528e-05,-0.000338577,-0.00107394,0.00117837,0.024995,-0.000187263,9.58306e-06,7.32302e-05,8.44404e-05,1.48451e-05,0.000551546,-0.000187263,0.0466233,
0.00262497,0.000569941,-0.000518684,0.00141795,-0.00127291,-0.000597928,9.37003e-06,0.000569941,0.00124864,0.00110212,0.000335435,1.04543e-05,1.19413e-05,7.285e-05,-0.000518684,0.00110212,0.00400794,-0.000254898,-0.00241136,-0.000342288,8.41407e-05,0.00141795,0.000335435,-0.000254898,0.00260346,-0.000449537,-0.00107728,1.4708e-05,-0.00127291,1.04543e-05,-0.00241136,-0.000449537,0.0269802,0.00118341,0.000546398,-0.000597928,1.19413e-05,-0.000342288,-0.00107728,0.00118341,0.0250002,-0.000186241,9.37e-06,7.285e-05,8.41407e-05,1.4708e-05,0.000546398,-0.000186241,0.0466229,
0.00262783,0.000571536,-0.000523018,0.00141619,-0.00127749,-0.000599558,9.16453e-06,0.000571536,0.00125062,0.00110243,0.000337963,6.21353e-06,1.2128e-05,7.24722e-05,-0.000523018,0.00110243,0.00400657,-0.000253989,-0.00240882,-0.000345997,8.38421e-05,0.00141619,0.000337963,-0.000253989,0.00260036,-0.000444515,-0.00108057,1.45697e-05,-0.00127749,6.21353e-06,-0.00240882,-0.000444515,0.0269842,0.00118843,0.000541287,-0.000599558,1.2128e-05,-0.000345997,-0.00108057,0.00118843,0.0250054,-0.000185206,9.16456e-06,7.24723e-05,8.38422e-05,1.45697e-05,0.000541287,-0.000185206,0.0466225,
0.00263075,0.00057314,-0.00052735,0.00141439,-0.00128206,-0.000601207,8.96599e-06,0.00057314,0.00125259,0.00110272,0.000340466,1.975e-06,1.23115e-05,7.20968e-05,-0.00052735,0.00110272,0.0040052,-0.000253073,-0.00240626,-0.000349705,8.35446e-05,0.00141439,0.000340466,-0.000253073,0.00259723,-0.000439491,-0.00108381,1.443e-05,-0.00128206,1.97498e-06,-0.00240626,-0.000439491,0.0269884,0.00119343,0.000536211,-0.000601207,1.23115e-05,-0.000349705,-0.00108381,0.00119343,0.0250107,-0.000184158,8.96599e-06,7.20968e-05,8.35446e-05,1.44301e-05,0.000536211,-0.000184158,0.0466222,
0.00263371,0.000574751,-0.00053168,0.00141258,-0.00128661,-0.000602875,8.77373e-06,0.000574751,0.00125457,0.00110299,0.000342946,-2.25989e-06,1.24912e-05,7.17235e-05,-0.00053168,0.00110299,0.00400385,-0.000252151,-0.00240369,-0.000353411,8.32481e-05,0.00141258,0.000342946,-0.000252151,0.00259409,-0.000434464,-0.00108701,1.42891e-05,-0.00128661,-2.25986e-06,-0.00240369,-0.000434464,0.0269926,0.00119841,0.000531169,-0.000602875,1.24912e-05,-0.000353411,-0.00108701,0.00119841,0.025016,-0.000183101,8.7737e-06,7.17235e-05,8.3248e-05,1.42891e-05,0.000531169,-0.000183101,0.0466218,
0.00263672,0.000576366,-0.000536006,0.00141074,-0.00129115,-0.000604562,8.58733e-06,0.000576366,0.00125654,0.00110325,0.000345405,-6.48973e-06,1.26665e-05,7.13523e-05,-0.000536006,0.00110325,0.0040025,-0.00025122,-0.00240109,-0.000357116,8.29525e-05,0.00141074,0.000345405,-0.00025122,0.00259093,-0.000429436,-0.00109017,1.41469e-05,-0.00129115,-6.4897e-06,-0.00240109,-0.000429436,0.0269969,0.00120338,0.00052616,-0.000604562,1.26665e-05,-0.000357116,-0.00109017,0.00120338,0.0250213,-0.000182033,8.5873e-06,7.13523e-05,8.29525e-05,1.41469e-05,0.00052616,-0.000182033,0.0466215,
0.00263975,0.000577982,-0.000540327,0.00140888,-0.00129566,-0.000606268,8.4063e-06,0.000577982,0.0012585,0.0011035,0.000347844,-1.07132e-05,1.28371e-05,7.09831e-05,-0.000540327,0.0011035,0.00400116,-0.000250282,-0.00239848,-0.00036082,8.26578e-05,0.00140888,0.000347844,-0.000250282,0.00258777,-0.000424406,-0.00109328,1.40035e-05,-0.00129566,-1.07132e-05,-0.00239848,-0.000424406,0.0270013,0.00120833,0.000521182,-0.000606268,1.28371e-05,-0.00036082,-0.00109328,0.00120833,0.0250266,-0.000180958,8.40628e-06,7.09831e-05,8.26578e-05,1.40035e-05,0.000521182,-0.000180958,0.0466211,
0.00264281,0.000579598,-0.000544642,0.00140701,-0.00130015,-0.000607991,8.23025e-06,0.000579598,0.00126046,0.00110374,0.000350264,-1.49289e-05,1.30027e-05,7.06157e-05,-0.000544642,0.00110374,0.00399983,-0.000249335,-0.00239586,-0.000364522,8.23639e-05,0.00140701,0.000350264,-0.000249335,0.00258461,-0.000419375,-0.00109635,1.38589e-05,-0.00130015,-1.49289e-05,-0.00239586,-0.000419375,0.0270058,0.00121326,0.000516234,-0.000607991,1.30027e-05,-0.000364522,-0.00109635,0.00121326,0.025032,-0.000179875,8.23025e-06,7.06157e-05,8.2364e-05,1.38589e-05,0.000516234,-0.000179875,0.0466208,
0.00264588,0.000581212,-0.000548951,0.00140512,-0.0013046,-0.000609732,8.05891e-06,0.000581212,0.00126242,0.00110396,0.000352666,-1.9136e-05,1.31631e-05,7.02501e-05,-0.000548951,0.00110396,0.0039985,-0.000248379,-0.00239322,-0.000368222,8.2071e-05,0.00140512,0.000352666,-0.000248379,0.00258144,-0.000414344,-0.00109939,1.37131e-05,-0.0013046,-1.9136e-05,-0.00239322,-0.000414344,0.0270103,0.00121817,0.000511316,-0.000609732,1.3163e-05,-0.000368222,-0.00109939,0.00121817,0.0250374,-0.000178786,8.05889e-06,7.025e-05,8.20709e-05,1.37131e-05,0.000511316,-0.000178786,0.0466205,
0.00264896,0.000582823,-0.000553253,0.00140322,-0.00130902,-0.000611491,7.89196e-06,0.000582823,0.00126436,0.00110418,0.00035505,-2.33333e-05,1.3318e-05,6.98861e-05,-0.000553253,0.00110418,0.00399719,-0.000247414,-0.00239056,-0.00037192,8.17787e-05,0.00140322,0.00035505,-0.000247414,0.00257828,-0.000409313,-0.00110238,1.35662e-05,-0.00130902,-2.33333e-05,-0.00239056,-0.000409313,0.0270148,0.00122307,0.000506425,-0.000611491,1.3318e-05,-0.00037192,-0.00110238,0.00122307,0.0250428,-0.000177692,7.89202e-06,6.98862e-05,8.17787e-05,1.35662e-05,0.000506425,-0.000177692,0.0466202,
0.00265205,0.00058443,-0.000557546,0.0014013,-0.00131341,-0.000613266,7.72918e-06,0.00058443,0.00126631,0.00110438,0.000357418,-2.75199e-05,1.34675e-05,6.95238e-05,-0.000557546,0.00110438,0.00399588,-0.000246439,-0.0023879,-0.000375616,8.14872e-05,0.0014013,0.000357418,-0.000246439,0.00257512,-0.000404282,-0.00110534,1.34182e-05,-0.00131341,-2.75199e-05,-0.0023879,-0.000404282,0.0270195,0.00122794,0.000501563,-0.000613266,1.34676e-05,-0.000375616,-0.00110534,0.00122794,0.0250482,-0.000176593,7.72921e-06,6.95239e-05,8.14872e-05,1.34182e-05,0.000501563,-0.000176593,0.0466199,
0.00265515,0.000586031,-0.000561831,0.00139937,-0.00131775,-0.000615058,7.57031e-06,0.000586031,0.00126825,0.00110457,0.000359769,-3.16951e-05,1.36114e-05,6.91631e-05,-0.000561831,0.00110457,0.00399457,-0.000245455,-0.00238522,-0.00037931,8.11963e-05,0.00139937,0.000359769,-0.000245455,0.00257197,-0.000399253,-0.00110826,1.32691e-05,-0.00131775,-3.16951e-05,-0.00238522,-0.000399253,0.0270242,0.0012328,0.000496726,-0.000615058,1.36114e-05,-0.00037931,-0.00110826,0.0012328,0.0250537,-0.00017549,7.57028e-06,6.91631e-05,8.11963e-05,1.32691e-05,0.000496726,-0.00017549,0.0466196,
0.00265825,0.000587627,-0.000566108,0.00139743,-0.00132206,-0.000616866,7.41518e-06,0.000587627,0.00127018,0.00110474,0.000362104,-3.58581e-05,1.37496e-05,6.88039e-05,-0.000566108,0.00110474,0.00399328,-0.000244461,-0.00238252,-0.000383002,8.09061e-05,0.00139743,0.000362104,-0.000244461,0.00256883,-0.000394224,-0.00111114,1.3119e-05,-0.00132206,-3.58581e-05,-0.00238252,-0.000394224,0.0270289,0.00123763,0.000491916,-0.000616866,1.37497e-05,-0.000383002,-0.00111114,0.00123763,0.0250592,-0.000174383,7.41512e-06,6.88039e-05,8.09061e-05,1.3119e-05,0.000491916,-0.000174383,0.0466193,
0.00266134,0.000589215,-0.000570375,0.00139547,-0.00132633,-0.00061869,7.26358e-06,0.000589215,0.0012721,0.00110491,0.000364425,-4.00084e-05,1.38821e-05,6.84461e-05,-0.000570375,0.00110491,0.00399199,-0.000243457,-0.00237982,-0.000386691,8.06166e-05,0.00139547,0.000364425,-0.000243457,0.0025657,-0.000389197,-0.00111398,1.29678e-05,-0.00132633,-4.00084e-05,-0.00237982,-0.000389197,0.0270337,0.00124245,0.000487131,-0.00061869,1.38821e-05,-0.000386691,-0.00111398,0.00124245,0.0250647,-0.000173274,7.26358e-06,6.84461e-05,8.06166e-05,1.29678e-05,0.000487131,-0.000173274,0.046619,
0.00266444,0.000590797,-0.000574632,0.0013935,-0.00133055,-0.000620529,7.11539e-06,0.000590797,0.00127402,0.00110507,0.00036673,-4.41455e-05,1.40088e-05,6.80898e-05,-0.000574632,0.00110507,0.00399071,-0.000242443,-0.0023771,-0.000390377,8.03276e-05,0.0013935,0.00036673,-0.000242443,0.00256257,-0.000384172,-0.00111679,1.28156e-05,-0.00133055,-4.41455e-05,-0.0023771,-0.000384172,0.0270386,0.00124724,0.00048237,-0.000620529,1.40088e-05,-0.000390377,-0.00111679,0.00124724,0.0250703,-0.000172162,7.11542e-06,6.80898e-05,8.03276e-05,1.28157e-05,0.00048237,-0.000172162,0.0466187,
0.00266753,0.000592371,-0.00057888,0.00139153,-0.00133473,-0.000622383,6.97042e-06,0.000592371,0.00127593,0.00110521,0.00036902,-4.82687e-05,1.41295e-05,6.77348e-05,-0.00057888,0.00110521,0.00398943,-0.00024142,-0.00237438,-0.000394061,8.00392e-05,0.00139153,0.00036902,-0.00024142,0.00255946,-0.000379149,-0.00111956,1.26625e-05,-0.00133473,-4.82687e-05,-0.00237438,-0.000379149,0.0270435,0.00125202,0.000477633,-0.000622383,1.41295e-05,-0.000394061,-0.00111956,0.00125202,0.0250758,-0.000171048,6.97042e-06,6.77348e-05,8.00392e-05,1.26625e-05,0.000477633,-0.000171048,0.0466184,
0.00267061,0.000593937,-0.000583117,0.00138954,-0.00133887,-0.000624253,6.82859e-06,0.000593937,0.00127783,0.00110534,0.000371297,-5.23778e-05,1.42443e-05,6.73811e-05,-0.000583117,0.00110534,0.00398817,-0.000240386,-0.00237164,-0.000397742,7.97514e-05,0.00138954,0.000371297,-0.000240386,0.00255636,-0.000374129,-0.0011223,1.25085e-05,-0.00133887,-5.23778e-05,-0.00237164,-0.000374129,0.0270484,0.00125678,0.000472919,-0.000624253,1.42443e-05,-0.000397742,-0.0011223,0.00125678,0.0250814,-0.000169933,6.82859e-06,6.73812e-05,7.97514e-05,1.25085e-05,0.000472919,-0.000169933,0.0466182,
0.00267369,0.000595494,-0.000587343,0.00138755,-0.00134297,-0.000626136,6.68979e-06,0.000595494,0.00127973,0.00110547,0.000373559,-5.64724e-05,1.43532e-05,6.70288e-05,-0.000587343,0.00110547,0.00398691,-0.000239343,-0.00236889,-0.000401419,7.9464e-05,0.00138755,0.000373559,-0.000239343,0.00255327,-0.000369112,-0.001125,1.23535e-05,-0.00134297,-5.64724e-05,-0.00236889,-0.000369112,0.0270534,0.00126152,0.000468229,-0.000626136,1.43532e-05,-0.000401419,-0.001125,0.00126152,0.0250871,-0.000168817,6.68976e-06,6.70288e-05,7.9464e-05,1.23535e-05,0.000468229,-0.000168817,0.0466179,
0.00267675,0.000597043,-0.000591559,0.00138554,-0.00134702,-0.000628034,6.55384e-06,0.000597043,0.00128162,0.00110558,0.000375807,-6.05521e-05,1.44559e-05,6.66778e-05,-0.000591559,0.00110558,0.00398565,-0.000238289,-0.00236613,-0.000405094,7.91772e-05,0.00138554,0.000375807,-0.000238289,0.0025502,-0.000364098,-0.00112767,1.21977e-05,-0.00134702,-6.05521e-05,-0.00236613,-0.000364098,0.0270585,0.00126624,0.00046356,-0.000628034,1.44559e-05,-0.000405094,-0.00112767,0.00126624,0.0250927,-0.0001677,6.55387e-06,6.66778e-05,7.91772e-05,1.21977e-05,0.00046356,-0.0001677,0.0466176,
0.00267981,0.000598584,-0.000595764,0.00138353,-0.00135102,-0.000629946,6.42073e-06,0.000598584,0.0012835,0.00110568,0.000378042,-6.46166e-05,1.45526e-05,6.63281e-05,-0.000595764,0.00110568,0.00398441,-0.000237226,-0.00236337,-0.000408765,7.88908e-05,0.00138353,0.000378042,-0.000237226,0.00254714,-0.000359088,-0.0011303,1.2041e-05,-0.00135102,-6.46166e-05,-0.00236337,-0.000359088,0.0270636,0.00127094,0.000458914,-0.000629946,1.45526e-05,-0.000408765,-0.0011303,0.00127094,0.0250984,-0.000166582,6.42075e-06,6.63281e-05,7.88908e-05,1.2041e-05,0.000458914,-0.000166582,0.0466174,
0.00268287,0.000600115,-0.000599958,0.00138151,-0.00135498,-0.000631872,6.29033e-06,0.000600115,0.00128537,0.00110578,0.000380263,-6.86657e-05,1.46432e-05,6.59796e-05,-0.000599958,0.00110578,0.00398317,-0.000236153,-0.00236059,-0.000412432,7.8605e-05,0.00138151,0.000380263,-0.000236153,0.00254409,-0.000354081,-0.00113289,1.18834e-05,-0.00135498,-6.86657e-05,-0.00236059,-0.000354081,0.0270687,0.00127562,0.000454288,-0.000631872,1.46432e-05,-0.000412432,-0.00113289,0.00127562,0.0251041,-0.000165465,6.2903e-06,6.59796e-05,7.86049e-05,1.18834e-05,0.000454288,-0.000165465,0.0466171,
0.00268591,0.000601637,-0.000604141,0.00137948,-0.0013589,-0.000633811,6.16257e-06,0.000601637,0.00128724,0.00110586,0.000382471,-7.26992e-05,1.47276e-05,6.56323e-05,-0.000604141,0.00110586,0.00398194,-0.00023507,-0.00235781,-0.000416096,7.83195e-05,0.00137948,0.000382471,-0.00023507,0.00254106,-0.000349079,-0.00113545,1.1725e-05,-0.0013589,-7.26992e-05,-0.00235781,-0.000349079,0.0270739,0.00128028,0.000449684,-0.000633811,1.47276e-05,-0.000416096,-0.00113545,0.00128028,0.0251098,-0.000164347,6.16251e-06,6.56323e-05,7.83195e-05,1.1725e-05,0.000449684,-0.000164347,0.0466169,
0.00268894,0.00060315,-0.000608312,0.00137744,-0.00136278,-0.000635764,6.03734e-06,0.00060315,0.0012891,0.00110594,0.000384666,-7.67168e-05,1.48058e-05,6.52862e-05,-0.000608312,0.00110594,0.00398071,-0.000233977,-0.00235501,-0.000419756,7.80345e-05,0.00137744,0.000384666,-0.000233977,0.00253805,-0.000344081,-0.00113798,1.15659e-05,-0.00136278,-7.67168e-05,-0.00235501,-0.000344081,0.0270791,0.00128492,0.000445101,-0.000635764,1.48058e-05,-0.000419756,-0.00113798,0.00128492,0.0251156,-0.00016323,6.03734e-06,6.52863e-05,7.80345e-05,1.15659e-05,0.000445101,-0.00016323,0.0466166,
0.00269196,0.000604653,-0.000612471,0.00137539,-0.0013666,-0.000637729,5.91457e-06,0.000604653,0.00129095,0.001106,0.000386848,-8.07184e-05,1.48778e-05,6.49414e-05,-0.000612471,0.001106,0.00397949,-0.000232875,-0.00235221,-0.000423413,7.77498e-05,0.00137539,0.000386848,-0.000232875,0.00253505,-0.000339087,-0.00114047,1.14059e-05,-0.0013666,-8.07184e-05,-0.00235221,-0.000339087,0.0270844,0.00128954,0.000440538,-0.000637729,1.48778e-05,-0.000423413,-0.00114047,0.00128954,0.0251214,-0.000162113,5.91455e-06,6.49414e-05,7.77498e-05,1.14059e-05,0.000440538,-0.000162113,0.0466164,
0.00269496,0.000606148,-0.000616619,0.00137334,-0.00137039,-0.000639707,5.79425e-06,0.000606148,0.00129279,0.00110605,0.000389017,-8.47038e-05,1.49435e-05,6.45977e-05,-0.000616619,0.00110605,0.00397828,-0.000231764,-0.0023494,-0.000427065,7.74656e-05,0.00137334,0.000389017,-0.000231764,0.00253206,-0.000334098,-0.00114293,1.12453e-05,-0.00137039,-8.47038e-05,-0.0023494,-0.000334098,0.0270897,0.00129414,0.000435994,-0.000639708,1.49435e-05,-0.000427065,-0.00114293,0.00129414,0.0251272,-0.000160998,5.79425e-06,6.45977e-05,7.74656e-05,1.12453e-05,0.000435994,-0.000160997,0.0466161,
0.00269796,0.000607633,-0.000620754,0.00137128,-0.00137413,-0.000641698,5.67629e-06,0.000607633,0.00129462,0.0011061,0.000391173,-8.86728e-05,1.50029e-05,6.42552e-05,-0.000620754,0.0011061,0.00397707,-0.000230642,-0.00234659,-0.000430713,7.71818e-05,0.00137128,0.000391173,-0.000230642,0.00252909,-0.000329115,-0.00114535,1.10839e-05,-0.00137413,-8.86729e-05,-0.00234659,-0.000329115,0.027095,0.00129872,0.000431471,-0.000641698,1.50029e-05,-0.000430713,-0.00114535,0.00129872,0.025133,-0.000159883,5.67629e-06,6.42552e-05,7.71818e-05,1.10839e-05,0.000431471,-0.000159883,0.0466159,
0.00270094,0.000609108,-0.000624878,0.00136921,-0.00137782,-0.000643701,5.56061e-06,0.000609108,0.00129645,0.00110614,0.000393317,-9.26254e-05,1.5056e-05,6.39139e-05,-0.000624878,0.00110614,0.00397587,-0.000229512,-0.00234377,-0.000434357,7.68983e-05,0.00136921,0.000393317,-0.000229512,0.00252613,-0.000324137,-0.00114774,1.09217e-05,-0.00137782,-9.26255e-05,-0.00234377,-0.000324137,0.0271004,0.00130328,0.000426967,-0.000643701,1.5056e-05,-0.000434357,-0.00114774,0.00130328,0.0251389,-0.000158769,5.56061e-06,6.39139e-05,7.68983e-05,1.09218e-05,0.000426967,-0.000158769,0.0466156,
0.00270392,0.000610574,-0.00062899,0.00136714,-0.00138148,-0.000645717,5.44717e-06,0.000610574,0.00129827,0.00110616,0.000395448,-9.65614e-05,1.51028e-05,6.35737e-05,-0.00062899,0.00110616,0.00397468,-0.000228372,-0.00234094,-0.000437996,7.66152e-05,0.00136714,0.000395448,-0.000228372,0.0025232,-0.000319164,-0.0011501,1.07589e-05,-0.00138148,-9.65614e-05,-0.00234094,-0.000319164,0.0271058,0.00130782,0.000422482,-0.000645717,1.51028e-05,-0.000437996,-0.0011501,0.00130782,0.0251448,-0.000157656,5.44714e-06,6.35737e-05,7.66152e-05,1.07589e-05,0.000422482,-0.000157656,0.0466154,
0.00270688,0.00061203,-0.00063309,0.00136506,-0.00138508,-0.000647744,5.33595e-06,0.00061203,0.00130008,0.00110618,0.000397567,-0.000100481,1.51431e-05,6.32347e-05,-0.00063309,0.00110618,0.00397349,-0.000227223,-0.0023381,-0.000441631,7.63325e-05,0.00136506,0.000397567,-0.000227223,0.00252027,-0.000314198,-0.00115242,1.05955e-05,-0.00138508,-0.000100481,-0.0023381,-0.000314198,0.0271112,0.00131234,0.000418016,-0.000647744,1.51431e-05,-0.000441631,-0.00115242,0.00131234,0.0251507,-0.000156545,5.33595e-06,6.32347e-05,7.63325e-05,1.05955e-05,0.000418016,-0.000156545,0.0466152,
0.00270982,0.000613477,-0.000637177,0.00136297,-0.00138865,-0.000649783,5.22685e-06,0.000613477,0.00130189,0.00110619,0.000399673,-0.000104383,1.51771e-05,6.28969e-05,-0.000637177,0.00110619,0.00397231,-0.000226066,-0.00233526,-0.000445261,7.60501e-05,0.00136297,0.000399673,-0.000226066,0.00251736,-0.000309237,-0.00115471,1.04314e-05,-0.00138865,-0.000104383,-0.00233526,-0.000309237,0.0271167,0.00131685,0.000413568,-0.000649783,1.51771e-05,-0.000445261,-0.00115471,0.00131685,0.0251566,-0.000155436,5.22687e-06,6.28969e-05,7.60501e-05,1.04314e-05,0.000413568,-0.000155436,0.0466149,
0.00271276,0.000614915,-0.000641252,0.00136088,-0.00139217,-0.000651833,5.11985e-06,0.000614915,0.00130368,0.00110619,0.000401767,-0.000108269,1.52046e-05,6.25601e-05,-0.000641252,0.00110619,0.00397113,-0.000224899,-0.00233241,-0.000448887,7.5768e-05,0.00136088,0.000401767,-0.000224899,0.00251447,-0.000304283,-0.00115697,1.02666e-05,-0.00139217,-0.000108269,-0.00233241,-0.000304283,0.0271222,0.00132133,0.000409139,-0.000651833,1.52047e-05,-0.000448887,-0.00115697,0.00132133,0.0251625,-0.000154328,5.11985e-06,6.25601e-05,7.5768e-05,1.02666e-05,0.000409139,-0.000154328,0.0466147,
0.00271568,0.000616343,-0.000645314,0.00135878,-0.00139565,-0.000653895,5.01491e-06,0.000616343,0.00130547,0.00110618,0.000403849,-0.000112137,1.52258e-05,6.22245e-05,-0.000645314,0.00110618,0.00396996,-0.000223723,-0.00232955,-0.000452508,7.54863e-05,0.00135878,0.000403849,-0.000223723,0.00251159,-0.000299335,-0.00115919,1.01012e-05,-0.00139565,-0.000112137,-0.00232955,-0.000299335,0.0271277,0.00132579,0.000404729,-0.000653895,1.52258e-05,-0.000452508,-0.00115919,0.00132579,0.0251685,-0.000153222,5.01488e-06,6.22244e-05,7.54863e-05,1.01012e-05,0.000404729,-0.000153222,0.0466145,
0.0027186,0.000617761,-0.000649364,0.00135668,-0.00139908,-0.000655967,4.91196e-06,0.000617761,0.00130725,0.00110617,0.000405919,-0.000115988,1.52404e-05,6.189e-05,-0.000649364,0.00110617,0.00396879,-0.000222538,-0.00232669,-0.000456123,7.52049e-05,0.00135668,0.000405919,-0.000222538,0.00250873,-0.000294394,-0.00116138,9.93525e-06,-0.00139908,-0.000115988,-0.00232669,-0.000294394,0.0271333,0.00133024,0.000400336,-0.000655967,1.52404e-05,-0.000456123,-0.00116138,0.00133024,0.0251745,-0.000152118,4.91196e-06,6.18899e-05,7.52049e-05,9.93522e-06,0.000400336,-0.000152118,0.0466143,
0.00272149,0.00061917,-0.000653402,0.00135457,-0.00140247,-0.000658051,4.81098e-06,0.00061917,0.00130902,0.00110614,0.000407977,-0.000119823,1.52487e-05,6.15566e-05,-0.000653402,0.00110614,0.00396764,-0.000221345,-0.00232383,-0.000459734,7.49238e-05,0.00135457,0.000407977,-0.000221345,0.00250589,-0.00028946,-0.00116354,9.76871e-06,-0.00140247,-0.000119823,-0.00232383,-0.00028946,0.0271389,0.00133466,0.000395961,-0.000658051,1.52487e-05,-0.000459734,-0.00116354,0.00133466,0.0251805,-0.000151016,4.81098e-06,6.15566e-05,7.49238e-05,9.76869e-06,0.000395961,-0.000151016,0.046614,
0.00272438,0.00062057,-0.000657427,0.00135245,-0.00140582,-0.000660145,4.71193e-06,0.00062057,0.00131079,0.00110611,0.000410023,-0.00012364,1.52504e-05,6.12243e-05,-0.000657427,0.00110611,0.00396648,-0.000220144,-0.00232096,-0.00046334,7.46431e-05,0.00135245,0.000410023,-0.000220144,0.00250306,-0.000284533,-0.00116566,9.60163e-06,-0.00140582,-0.00012364,-0.00232096,-0.000284533,0.0271445,0.00133906,0.000391603,-0.000660145,1.52504e-05,-0.00046334,-0.00116566,0.00133906,0.0251866,-0.000149916,4.71195e-06,6.12244e-05,7.46431e-05,9.60165e-06,0.000391603,-0.000149916,0.0466138,
0.00272726,0.00062196,-0.000661439,0.00135033,-0.00140913,-0.000662249,4.61481e-06,0.00062196,0.00131255,0.00110607,0.000412057,-0.000127439,1.52456e-05,6.08932e-05,-0.000661439,0.00110607,0.00396533,-0.000218934,-0.00231808,-0.00046694,7.43627e-05,0.00135033,0.000412057,-0.000218934,0.00250024,-0.000279614,-0.00116775,9.43393e-06,-0.00140913,-0.000127439,-0.00231808,-0.000279614,0.0271502,0.00134345,0.000387263,-0.000662249,1.52456e-05,-0.00046694,-0.00116775,0.00134345,0.0251926,-0.000148818,4.61481e-06,6.08932e-05,7.43627e-05,9.43395e-06,0.000387263,-0.000148818,0.0466136,
0.00273012,0.000623342,-0.000665438,0.00134821,-0.0014124,-0.000664364,4.5195e-06,0.000623342,0.00131429,0.00110602,0.00041408,-0.000131222,1.52343e-05,6.05631e-05,-0.000665438,0.00110602,0.00396419,-0.000217715,-0.0023152,-0.000470535,7.40825e-05,0.00134821,0.00041408,-0.000217715,0.00249745,-0.000274702,-0.00116981,9.26575e-06,-0.0014124,-0.000131222,-0.0023152,-0.000274702,0.0271559,0.00134781,0.00038294,-0.000664364,1.52343e-05,-0.000470535,-0.00116981,0.00134781,0.0251987,-0.000147722,4.5195e-06,6.05631e-05,7.40826e-05,9.26575e-06,0.00038294,-0.000147722,0.0466134,
0.00273297,0.000624713,-0.000669424,0.00134608,-0.00141562,-0.000666489,4.42604e-06,0.000624713,0.00131604,0.00110596,0.00041609,-0.000134987,1.52166e-05,6.02342e-05,-0.000669424,0.00110596,0.00396306,-0.000216489,-0.00231232,-0.000474124,7.38027e-05,0.00134608,0.00041609,-0.000216489,0.00249466,-0.000269798,-0.00117183,9.09706e-06,-0.00141562,-0.000134987,-0.00231232,-0.000269798,0.0271616,0.00135216,0.000378634,-0.000666489,1.52166e-05,-0.000474124,-0.00117183,0.00135216,0.0252048,-0.000146628,4.42602e-06,6.02342e-05,7.38027e-05,9.09706e-06,0.000378634,-0.000146628,0.0466132,
0.0027358,0.000626076,-0.000673398,0.00134394,-0.0014188,-0.000668623,4.33437e-06,0.000626076,0.00131777,0.00110589,0.00041809,-0.000138734,1.51923e-05,5.99063e-05,-0.000673398,0.00110589,0.00396192,-0.000215254,-0.00230943,-0.000477708,7.35232e-05,0.00134394,0.00041809,-0.000215254,0.0024919,-0.000264902,-0.00117383,8.92786e-06,-0.0014188,-0.000138734,-0.00230943,-0.000264902,0.0271673,0.00135649,0.000374345,-0.000668623,1.51923e-05,-0.000477708,-0.00117383,0.00135649,0.0252109,-0.000145537,4.33437e-06,5.99063e-05,7.35232e-05,8.92786e-06,0.000374345,-0.000145537,0.046613,
0.00273863,0.000627429,-0.000677358,0.0013418,-0.00142194,-0.000670767,4.24441e-06,0.000627429,0.0013195,0.00110582,0.000420077,-0.000142464,1.51615e-05,5.95795e-05,-0.000677358,0.00110582,0.0039608,-0.000214011,-0.00230654,-0.000481286,7.3244e-05,0.0013418,0.000420077,-0.000214011,0.00248915,-0.000260014,-0.00117579,8.75816e-06,-0.00142194,-0.000142464,-0.00230654,-0.000260014,0.0271731,0.00136079,0.000370073,-0.000670767,1.51615e-05,-0.000481286,-0.00117579,0.00136079,0.025217,-0.000144448,4.24444e-06,5.95796e-05,7.32441e-05,8.75816e-06,0.000370073,-0.000144448,0.0466128,
0.00274144,0.000628774,-0.000681306,0.00133966,-0.00142505,-0.000672921,4.15623e-06,0.000628774,0.00132121,0.00110574,0.000422054,-0.000146177,1.51242e-05,5.92539e-05,-0.000681306,0.00110574,0.00395968,-0.00021276,-0.00230364,-0.000484858,7.29651e-05,0.00133966,0.000422054,-0.00021276,0.00248641,-0.000255135,-0.00117772,8.58799e-06,-0.00142505,-0.000146177,-0.00230364,-0.000255135,0.0271789,0.00136508,0.000365818,-0.000672921,1.51242e-05,-0.000484858,-0.00117772,0.00136508,0.0252232,-0.000143361,4.15623e-06,5.92538e-05,7.29651e-05,8.58796e-06,0.000365818,-0.000143361,0.0466126,
0.00274424,0.000630109,-0.00068524,0.00133751,-0.00142811,-0.000675084,4.06972e-06,0.000630109,0.00132292,0.00110565,0.000424019,-0.000149872,1.50804e-05,5.89292e-05,-0.00068524,0.00110565,0.00395856,-0.000211502,-0.00230074,-0.000488425,7.26866e-05,0.00133751,0.000424019,-0.000211502,0.00248369,-0.000250264,-0.00117962,8.41738e-06,-0.00142811,-0.000149872,-0.00230074,-0.000250264,0.0271847,0.00136935,0.000361579,-0.000675084,1.50804e-05,-0.000488425,-0.00117962,0.00136935,0.0252294,-0.000142277,4.06974e-06,5.89293e-05,7.26866e-05,8.41738e-06,0.000361579,-0.000142277,0.0466124,
0.00274702,0.000631435,-0.000689161,0.00133535,-0.00143113,-0.000677255,3.9849e-06,0.000631435,0.00132463,0.00110555,0.000425972,-0.000153549,1.503e-05,5.86057e-05,-0.000689161,0.00110555,0.00395745,-0.000210236,-0.00229784,-0.000491985,7.24083e-05,0.00133535,0.000425972,-0.000210236,0.00248099,-0.000245402,-0.00118149,8.24632e-06,-0.00143113,-0.000153549,-0.00229784,-0.000245402,0.0271905,0.0013736,0.000357357,-0.000677255,1.503e-05,-0.000491985,-0.00118149,0.00137359,0.0252356,-0.000141196,3.98487e-06,5.86057e-05,7.24082e-05,8.24629e-06,0.000357357,-0.000141196,0.0466122,
0.0027498,0.000632752,-0.00069307,0.0013332,-0.00143411,-0.000679436,3.90168e-06,0.000632752,0.00132632,0.00110545,0.000427915,-0.000157209,1.49732e-05,5.82833e-05,-0.00069307,0.00110545,0.00395635,-0.000208962,-0.00229493,-0.00049554,7.21303e-05,0.0013332,0.000427915,-0.000208962,0.0024783,-0.000240548,-0.00118332,8.07479e-06,-0.00143411,-0.000157209,-0.00229493,-0.000240548,0.0271964,0.00137782,0.00035315,-0.000679436,1.49731e-05,-0.00049554,-0.00118332,0.00137782,0.0252418,-0.000140116,3.90171e-06,5.82833e-05,7.21303e-05,8.07482e-06,0.00035315,-0.000140116,0.046612,
0.00275256,0.00063406,-0.000696964,0.00133103,-0.00143705,-0.000681625,3.82008e-06,0.00063406,0.00132801,0.00110534,0.000429846,-0.000160851,1.49098e-05,5.7962e-05,-0.000696964,0.00110534,0.00395524,-0.000207681,-0.00229203,-0.000499088,7.18526e-05,0.00133103,0.000429846,-0.000207681,0.00247563,-0.000235704,-0.00118512,7.90287e-06,-0.00143705,-0.000160851,-0.00229203,-0.000235704,0.0272022,0.00138203,0.00034896,-0.000681625,1.49097e-05,-0.000499088,-0.00118512,0.00138203,0.025248,-0.00013904,3.82006e-06,5.7962e-05,7.18526e-05,7.90285e-06,0.00034896,-0.00013904,0.0466118,
0.00275531,0.000635359,-0.000700846,0.00132887,-0.00143995,-0.000683823,3.74006e-06,0.000635359,0.00132969,0.00110522,0.000431766,-0.000164476,1.48399e-05,5.76417e-05,-0.000700846,0.00110522,0.00395415,-0.000206393,-0.00228911,-0.00050263,7.15752e-05,0.00132887,0.000431766,-0.000206393,0.00247297,-0.000230869,-0.0011869,7.73054e-06,-0.00143995,-0.000164476,-0.00228911,-0.000230869,0.0272081,0.00138622,0.000344786,-0.000683823,1.48399e-05,-0.00050263,-0.0011869,0.00138622,0.0252543,-0.000137966,3.74006e-06,5.76417e-05,7.15752e-05,7.73059e-06,0.000344786,-0.000137966,0.0466116,
0.00275805,0.00063665,-0.000704714,0.0013267,-0.00144281,-0.000686029,3.6616e-06,0.00063665,0.00133136,0.00110509,0.000433676,-0.000168083,1.47635e-05,5.73225e-05,-0.000704714,0.00110509,0.00395306,-0.000205097,-0.0022862,-0.000506166,7.12982e-05,0.0013267,0.000433676,-0.000205097,0.00247033,-0.000226044,-0.00118864,7.55784e-06,-0.00144281,-0.000168083,-0.0022862,-0.000226044,0.027214,0.00139039,0.000340628,-0.000686029,1.47635e-05,-0.000506166,-0.00118864,0.00139039,0.0252605,-0.000136894,3.66157e-06,5.73225e-05,7.12981e-05,7.55784e-06,0.000340628,-0.000136894,0.0466114,
0.00276078,0.000637931,-0.000708569,0.00132452,-0.00144563,-0.000688243,3.58466e-06,0.000637931,0.00133302,0.00110496,0.000435574,-0.000171672,1.46806e-05,5.70044e-05,-0.000708569,0.00110496,0.00395197,-0.000203795,-0.00228329,-0.000509696,7.10214e-05,0.00132452,0.000435574,-0.000203795,0.0024677,-0.000221228,-0.00119035,7.38476e-06,-0.00144563,-0.000171672,-0.00228329,-0.000221228,0.0272199,0.00139454,0.000336486,-0.000688243,1.46806e-05,-0.000509696,-0.00119035,0.00139454,0.0252668,-0.000135826,3.58469e-06,5.70044e-05,7.10215e-05,7.38476e-06,0.000336486,-0.000135826,0.0466112,
0.00276349,0.000639204,-0.000712411,0.00132235,-0.00144842,-0.000690465,3.50922e-06,0.000639204,0.00133468,0.00110482,0.000437462,-0.000175243,1.45912e-05,5.66873e-05,-0.000712411,0.00110482,0.00395089,-0.000202485,-0.00228037,-0.000513219,7.0745e-05,0.00132235,0.000437461,-0.000202485,0.00246509,-0.000216422,-0.00119203,7.21129e-06,-0.00144842,-0.000175243,-0.00228037,-0.000216422,0.0272259,0.00139867,0.000332359,-0.000690465,1.45912e-05,-0.000513219,-0.00119203,0.00139867,0.0252731,-0.000134759,3.50925e-06,5.66873e-05,7.0745e-05,7.21129e-06,0.000332359,-0.000134759,0.046611,
0.00276619,0.000640468,-0.000716239,0.00132017,-0.00145117,-0.000692695,3.43528e-06,0.000640468,0.00133633,0.00110468,0.000439338,-0.000178797,1.44953e-05,5.63713e-05,-0.000716239,0.00110468,0.00394981,-0.000201168,-0.00227745,-0.000516736,7.04688e-05,0.00132017,0.000439338,-0.000201168,0.00246249,-0.000211626,-0.00119368,7.03748e-06,-0.00145117,-0.000178797,-0.00227745,-0.000211626,0.0272318,0.00140279,0.000328248,-0.000692695,1.44952e-05,-0.000516736,-0.00119368,0.00140279,0.0252795,-0.000133696,3.43525e-06,5.63713e-05,7.04688e-05,7.03748e-06,0.000328248,-0.000133696,0.0466108,
0.00276888,0.000641723,-0.000720054,0.00131798,-0.00145387,-0.000694932,3.36275e-06,0.000641723,0.00133797,0.00110452,0.000441204,-0.000182333,1.43929e-05,5.60564e-05,-0.000720054,0.00110452,0.00394874,-0.000199845,-0.00227453,-0.000520246,7.0193e-05,0.00131798,0.000441204,-0.000199845,0.00245991,-0.00020684,-0.0011953,6.86332e-06,-0.00145387,-0.000182333,-0.00227453,-0.00020684,0.0272378,0.00140688,0.000324153,-0.000694932,1.43929e-05,-0.000520246,-0.0011953,0.00140688,0.0252858,-0.000132635,3.36275e-06,5.60564e-05,7.0193e-05,6.86329e-06,0.000324153,-0.000132635,0.0466107,
0.00277156,0.00064297,-0.000723855,0.0013158,-0.00145655,-0.000697176,3.2917e-06,0.00064297,0.0013396,0.00110437,0.000443059,-0.000185851,1.42841e-05,5.57425e-05,-0.000723855,0.00110437,0.00394767,-0.000198514,-0.00227161,-0.000523749,6.99175e-05,0.0013158,0.000443059,-0.000198514,0.00245735,-0.000202065,-0.00119689,6.68882e-06,-0.00145655,-0.000185851,-0.00227161,-0.000202065,0.0272438,0.00141095,0.000320073,-0.000697176,1.42841e-05,-0.000523749,-0.00119689,0.00141095,0.0252921,-0.000131577,3.2917e-06,5.57426e-05,6.99175e-05,6.68887e-06,0.000320073,-0.000131577,0.0466105,
0.00277423,0.000644208,-0.000727642,0.00131361,-0.00145918,-0.000699428,3.22201e-06,0.000644208,0.00134123,0.0011042,0.000444904,-0.000189351,1.41689e-05,5.54297e-05,-0.000727642,0.0011042,0.0039466,-0.000197178,-0.00226868,-0.000527246,6.96423e-05,0.00131361,0.000444904,-0.000197178,0.0024548,-0.0001973,-0.00119845,6.51398e-06,-0.00145918,-0.000189351,-0.00226868,-0.0001973,0.0272498,0.001415,0.000316008,-0.000699428,1.41688e-05,-0.000527246,-0.00119845,0.001415,0.0252985,-0.000130521,3.22198e-06,5.54297e-05,6.96422e-05,6.51401e-06,0.000316008,-0.000130521,0.0466103,
0.00277688,0.000645437,-0.000731416,0.00131141,-0.00146178,-0.000701686,3.15376e-06,0.000645437,0.00134284,0.00110403,0.000446738,-0.000192834,1.40472e-05,5.5118e-05,-0.000731416,0.00110403,0.00394554,-0.000195834,-0.00226576,-0.000530736,6.93674e-05,0.00131141,0.000446738,-0.000195834,0.00245226,-0.000192545,-0.00119997,6.33887e-06,-0.00146178,-0.000192834,-0.00226576,-0.000192545,0.0272558,0.00141904,0.000311959,-0.000701686,1.40472e-05,-0.000530736,-0.00119997,0.00141904,0.0253049,-0.000129468,3.1537e-06,5.5118e-05,6.93673e-05,6.33887e-06,0.000311959,-0.000129468,0.0466101,
0.00277953,0.000646658,-0.000735177,0.00130922,-0.00146434,-0.000703951,3.08681e-06,0.000646659,0.00134445,0.00110385,0.000448562,-0.000196299,1.39191e-05,5.48074e-05,-0.000735177,0.00110385,0.00394449,-0.000194485,-0.00226283,-0.000534219,6.90928e-05,0.00130922,0.000448562,-0.000194485,0.00244974,-0.000187801,-0.00120147,6.16346e-06,-0.00146434,-0.000196299,-0.00226283,-0.000187801,0.0272618,0.00142305,0.000307925,-0.000703951,1.39191e-05,-0.000534219,-0.00120147,0.00142305,0.0253113,-0.000128418,3.08681e-06,5.48073e-05,6.90928e-05,6.16346e-06,0.000307925,-0.000128418,0.0466099,
0.00278216,0.000647871,-0.000738924,0.00130702,-0.00146686,-0.000706223,3.02122e-06,0.000647871,0.00134606,0.00110366,0.000450375,-0.000199746,1.37846e-05,5.44977e-05,-0.000738924,0.00110366,0.00394344,-0.000193129,-0.00225991,-0.000537695,6.88186e-05,0.00130702,0.000450375,-0.000193129,0.00244724,-0.000183068,-0.00120294,5.98777e-06,-0.00146686,-0.000199746,-0.00225991,-0.000183068,0.0272679,0.00142705,0.000303905,-0.000706223,1.37845e-05,-0.000537695,-0.00120294,0.00142705,0.0253177,-0.000127371,3.02119e-06,5.44977e-05,6.88186e-05,5.98777e-06,0.000303905,-0.000127371,0.0466098,
0.00278478,0.000649075,-0.000742657,0.00130482,-0.00146935,-0.000708501,2.95694e-06,0.000649075,0.00134765,0.00110347,0.000452178,-0.000203176,1.36437e-05,5.41892e-05,-0.000742657,0.00110347,0.00394239,-0.000191767,-0.00225698,-0.000541164,6.85447e-05,0.00130482,0.000452178,-0.000191767,0.00244475,-0.000178346,-0.00120438,5.81177e-06,-0.00146935,-0.000203176,-0.00225698,-0.000178346,0.0272739,0.00143103,0.000299901,-0.000708501,1.36436e-05,-0.000541164,-0.00120438,0.00143103,0.0253241,-0.000126326,2.95697e-06,5.41892e-05,6.85447e-05,5.8118e-06,0.000299901,-0.000126326,0.0466096,
0.00278738,0.000650271,-0.000746376,0.00130261,-0.0014718,-0.000710786,2.89399e-06,0.000650271,0.00134924,0.00110328,0.000453971,-0.000206588,1.34964e-05,5.38816e-05,-0.000746377,0.00110328,0.00394134,-0.000190399,-0.00225406,-0.000544626,6.82711e-05,0.00130261,0.000453971,-0.000190399,0.00244227,-0.000173635,-0.00120579,5.63555e-06,-0.0014718,-0.000206588,-0.00225406,-0.000173635,0.02728,0.00143498,0.000295912,-0.000710786,1.34964e-05,-0.000544626,-0.00120579,0.00143498,0.0253306,-0.000125284,2.89396e-06,5.38816e-05,6.82711e-05,5.63555e-06,0.000295912,-0.000125284,0.0466094,
0.00278998,0.000651459,-0.000750082,0.0013004,-0.00147422,-0.000713077,2.83226e-06,0.000651459,0.00135082,0.00110307,0.000455754,-0.000209982,1.33428e-05,5.35752e-05,-0.000750082,0.00110307,0.0039403,-0.000189025,-0.00225113,-0.000548081,6.79979e-05,0.0013004,0.000455754,-0.000189025,0.00243981,-0.000168935,-0.00120718,5.45905e-06,-0.00147422,-0.000209982,-0.00225113,-0.000168935,0.0272861,0.00143892,0.000291938,-0.000713077,1.33428e-05,-0.000548081,-0.00120718,0.00143892,0.025337,-0.000124245,2.83229e-06,5.35752e-05,6.79979e-05,5.45902e-06,0.000291938,-0.000124245,0.0466092,
0.00279256,0.000652638,-0.000753774,0.00129819,-0.0014766,-0.000715373,2.77181e-06,0.000652638,0.00135239,0.00110286,0.000457526,-0.000213358,1.31828e-05,5.32698e-05,-0.000753774,0.00110286,0.00393927,-0.000187645,-0.0022482,-0.000551529,6.7725e-05,0.00129819,0.000457526,-0.000187645,0.00243736,-0.000164247,-0.00120853,5.28233e-06,-0.0014766,-0.000213358,-0.0022482,-0.000164247,0.0272921,0.00144284,0.000287978,-0.000715373,1.31828e-05,-0.000551529,-0.00120853,0.00144284,0.0253435,-0.000123208,2.77184e-06,5.32698e-05,6.7725e-05,5.28233e-06,0.000287979,-0.000123208,0.0466091,
