0.00310919,-0.000822243,-0.00168923,-0.000319146,-0.000763699,-0.000876849,-6.8764e-05,-0.000822243,0.00211557,-0.000906066,0.000226968,0.000386152,0.000148911,0.000162856,-0.00168923,-0.000906066,0.00323477,-5.1407e-05,-0.000852297,-0.000953196,-6.74368e-05,-0.000319146,0.000226968,-5.1407e-05,0.001805,0.000583876,0.00238248,-0.000112345,-0.000763699,0.000386152,-0.000852297,0.000583876,0.0344233,0.00245305,-0.00185176,-0.000876849,0.000148911,-0.000953196,0.00238248,0.00245305,0.0289411,0.000157226,-6.8764e-05,0.000162856,-6.74368e-05,-0.000112345,-0.00185176,0.000157226,0.0467351,
0.00310992,-0.00082263,-0.00168853,0,-0.000766137,-0.00088181,-6.86082e-05,-0.00082263,0.00211546,-0.000906392,0,0.000385722,0.000150504,0.000162783,-0.00168853,-0.000906392,0.00323544,0,-0.000854542,-0.000958058,-6.72781e-05,-0.000319183,0.000226531,-5.14014e-05,0,0.000578987,0.00237673,-0.000112404,-0.000766137,0.000385722,-0.000854542,0,0.034428,0.00245626,-0.00185282,-0.00088181,0.000150504,-0.000958058,0,0.00245626,0.0289394,0.000156766,-6.86081e-05,0.000162783,-6.72782e-05,0,-0.00185282,0.000156766,0.0467352,
0.00311146,-0.000823674,-0.00168749,0,-0.000767791,-0.000886114,-6.86639e-05,-0.000823674,0.00211516,-0.000907094,0,0.000385321,0.000151227,0.000162727,-0.00168749,-0.000907094,0.00323657,0,-0.00085575,-0.000962258,-6.73468e-05,-0.000318175,0.000225174,-5.16422e-05,0,0.000575577,0.00237205,-0.000112617,-0.000767791,0.000385321,-0.00085575,0,0.0344314,0.00245964,-0.00185253,-0.000886114,0.000151227,-0.000962258,0,0.00245964,0.0289395,0.000156511,-6.86639e-05,0.000162727,-6.73469e-05,0,-0.00185253,0.000156511,0.0467351,
0.00311375,-0.000825257,-0.00168611,0,-0.000769145,-0.000891477,-6.88012e-05,-0.000825257,0.00211478,-0.00090809,0,0.000384743,0.00015179,0.000162652,-0.00168611,-0.00090809,0.00323814,0,-0.000856356,-0.000967514,-6.75082e-05,-0.000316272,0.000223047,-5.21803e-05,0,0.000572135,0.0023666,-0.000112972,-0.000769145,0.000384743,-0.000856356,0,0.034434,0.00246402,-0.00185124,-0.000891477,0.00015179,-0.000967514,0,0.00246402,0.0289421,0.000156465,-6.88012e-05,0.000162652,-6.75083e-05,0,-0.00185124,0.000156465,0.0467349,
0.00311657,-0.000827248,-0.00168461,-0.000313386,-0.000769823,-0.00089652,-6.90766e-05,-0.000827248,0.00211438,-0.000909256,0.000220169,0.000384185,0.000151878,0.000162581,-0.00168461,-0.000909256,0.00323993,-5.29752e-05,-0.000856034,-0.000972408,-6.78237e-05,-0.000313386,0.000220169,-5.29752e-05,0.0017994,0.000569778,0.00236184,-0.00011346,-0.000769823,0.000384185,-0.000856034,0.000569778,0.0344354,0.00246857,-0.00184886,-0.00089652,0.000151878,-0.000972408,0.00236184,0.00246857,0.0289463,0.000156556,-6.90766e-05,0.000162581,-6.78237e-05,-0.00011346,-0.00184886,0.000156556,0.0467346,
0.00311973,-0.000829478,-0.00168316,-0.00030955,-0.000769698,-0.000901819,-6.94385e-05,-0.000829478,0.00211413,-0.000910447,0.000216588,0.000383563,0.000151862,0.000162497,-0.00168316,-0.000910447,0.00324174,-5.40208e-05,-0.000854638,-0.000977538,-6.82391e-05,-0.00030955,0.000216588,-5.40208e-05,0.00179739,0.000568223,0.0023573,-0.000114089,-0.000769698,0.000383563,-0.000854638,0.000568223,0.0344352,0.0024735,-0.00184534,-0.000901819,0.000151862,-0.000977538,0.0023573,0.0024735,0.0289528,0.000156796,-6.94385e-05,0.000162497,-6.82391e-05,-0.000114089,-0.00184534,0.000156796,0.0467341,
0.00312313,-0.000831874,-0.00168176,-0.00030487,-0.000769054,-0.000906985,-6.98644e-05,-0.000831874,0.002114,-0.000911635,0.000212386,0.000382994,0.000151722,0.000162405,-0.00168176,-0.000911635,0.00324353,-5.52459e-05,-0.000852514,-0.000982455,-6.87318e-05,-0.00030487,0.000212386,-5.52459e-05,0.00179525,0.000567386,0.00235319,-0.000114823,-0.000769054,0.000382994,-0.000852514,0.000567386,0.0344339,0.00247849,-0.00184107,-0.000906985,0.000151722,-0.000982455,0.00235319,0.00247849,0.0289604,0.000157131,-6.98645e-05,0.000162405,-6.87318e-05,-0.000114823,-0.00184107,0.000157131,0.0467335,
0.00312684,-0.00083444,-0.00168037,-0.000299241,-0.000768968,-0.000912491,-7.02399e-05,-0.00083444,0.00211397,-0.000912809,0.000207412,0.000382621,0.00015181,0.000162293,-0.00168037,-0.000912809,0.00324535,-5.65879e-05,-0.000850715,-0.00098745,-6.91845e-05,-0.000299241,0.000207412,-5.65879e-05,0.00179284,0.000565856,0.00234842,-0.000115612,-0.000768968,0.000382621,-0.000850715,0.000565856,0.0344331,0.00248359,-0.00183712,-0.000912491,0.00015181,-0.00098745,0.00234842,0.00248359,0.0289675,0.000157488,-7.02399e-05,0.000162293,-6.91845e-05,-0.000115612,-0.00183712,0.000157488,0.046733,
0.00313079,-0.000837124,-0.00167905,-0.000292673,-0.000768996,-0.000918088,-7.06039e-05,-0.000837124,0.00211402,-0.00091395,0.000201876,0.000382368,0.000151967,0.000162166,-0.00167905,-0.00091395,0.00324715,-5.81873e-05,-0.000848803,-0.000992326,-6.96468e-05,-0.000292673,0.000201876,-5.81873e-05,0.00179026,0.000564238,0.00234347,-0.000116457,-0.000768996,0.000382368,-0.000848803,0.000564238,0.0344322,0.00248872,-0.00183308,-0.000918088,0.000151967,-0.000992326,0.00234347,0.00248872,0.0289748,0.000157859,-7.06039e-05,0.000162166,-6.96468e-05,-0.000116457,-0.00183308,0.000157859,0.0467324,
0.00313477,-0.000839827,-0.00167771,-0.000285744,-0.000769056,-0.000923704,-7.09586e-05,-0.000839827,0.00211408,-0.000915095,0.00019606,0.000382172,0.000152145,0.000162026,-0.00167771,-0.000915095,0.00324896,-5.98242e-05,-0.000846874,-0.000997143,-7.01105e-05,-0.000285744,0.000196059,-5.98242e-05,0.00178764,0.000562614,0.00233843,-0.00011733,-0.000769056,0.000382172,-0.000846874,0.000562614,0.0344312,0.00249382,-0.00182899,-0.000923704,0.000152145,-0.000997143,0.00233843,0.00249382,0.028982,0.000158229,-7.09586e-05,0.000162026,-7.01105e-05,-0.00011733,-0.00182899,0.000158229,0.0467318,
0.00313875,-0.00084252,-0.00167636,-0.000278529,-0.000769177,-0.000929351,-7.12962e-05,-0.00084252,0.00211413,-0.000916239,0.000190051,0.000382016,0.000152352,0.000161874,-0.00167636,-0.000916239,0.00325076,-6.15036e-05,-0.000844977,-0.00100192,-7.05687e-05,-0.000278529,0.000190051,-6.15036e-05,0.00178501,0.000560935,0.00233327,-0.000118217,-0.000769177,0.000382016,-0.000844977,0.000560935,0.0344301,0.00249889,-0.00182492,-0.000929351,0.000152352,-0.00100192,0.00233327,0.00249889,0.0289892,0.00015858,-7.12962e-05,0.000161874,-7.05687e-05,-0.000118217,-0.00182492,0.00015858,0.0467313,
0.00314269,-0.00084518,-0.001675,-0.000271115,-0.0007693,-0.000934998,-7.16207e-05,-0.00084518,0.00211416,-0.000917385,0.000183909,0.000381887,0.00015257,0.000161711,-0.001675,-0.000917385,0.00325256,-6.32031e-05,-0.000843082,-0.00100666,-7.10246e-05,-0.000271115,0.000183909,-6.3203e-05,0.00178239,0.000559272,0.00232803,-0.000119114,-0.0007693,0.000381887,-0.000843082,0.000559272,0.0344289,0.0025039,-0.00182083,-0.000934998,0.00015257,-0.00100666,0.00232803,0.0025039,0.0289964,0.000158906,-7.16207e-05,0.000161711,-7.10246e-05,-0.000119114,-0.00182083,0.000158906,0.0467307,
0.00314658,-0.000847795,-0.00167363,-0.000263558,-0.000769425,-0.000940635,-7.19308e-05,-0.000847795,0.00211416,-0.000918532,0.000177675,0.000381776,0.000152795,0.000161537,-0.00167363,-0.000918532,0.00325436,-6.4911e-05,-0.000841203,-0.00101136,-7.14765e-05,-0.000263558,0.000177675,-6.4911e-05,0.00177981,0.000557626,0.00232273,-0.000120015,-0.000769425,0.000381776,-0.000841203,0.000557626,0.0344276,0.00250884,-0.00181673,-0.000940635,0.000152795,-0.00101136,0.00232273,0.00250884,0.0290035,0.000159199,-7.19308e-05,0.000161537,-7.14765e-05,-0.000120015,-0.00181673,0.000159199,0.0467302,
0.00315038,-0.000850356,-0.00167224,-0.000255896,-0.000769537,-0.000946254,-7.22274e-05,-0.000850356,0.00211413,-0.000919682,0.000171376,0.000381678,0.000153022,0.000161352,-0.00167224,-0.000919682,0.00325614,-6.66189e-05,-0.000839335,-0.00101601,-7.19249e-05,-0.000255896,0.000171376,-6.66189e-05,0.00177726,0.000556014,0.00231738,-0.000120918,-0.000769537,0.000381678,-0.000839335,0.000556014,0.0344262,0.00251372,-0.00181262,-0.000946254,0.000153022,-0.00101601,0.00231738,0.00251372,0.0290107,0.000159459,-7.22274e-05,0.000161352,-7.19249e-05,-0.000120918,-0.00181262,0.000159459,0.0467296,
0.0031541,-0.000852858,-0.00167083,-0.000248157,-0.000769632,-0.00095185,-7.25104e-05,-0.000852858,0.00211405,-0.000920835,0.000165033,0.000381588,0.000153248,0.000161157,-0.00167083,-0.000920835,0.00325792,-6.83211e-05,-0.000837483,-0.00102063,-7.23693e-05,-0.000248157,0.000165033,-6.83211e-05,0.00177477,0.000554442,0.00231199,-0.000121822,-0.000769632,0.000381588,-0.000837483,0.000554442,0.0344247,0.00251853,-0.0018085,-0.00095185,0.000153248,-0.00102063,0.00231199,0.00251853,0.0290177,0.000159684,-7.25105e-05,0.000161157,-7.23693e-05,-0.000121822,-0.0018085,0.000159684,0.0467291,
0.00315773,-0.000855295,-0.00166941,-0.00024036,-0.000769706,-0.00095742,-7.27802e-05,-0.000855295,0.00211394,-0.00092199,0.00015866,0.000381505,0.000153472,0.000160952,-0.00166941,-0.00092199,0.0032597,-7.00134e-05,-0.000835646,-0.00102521,-7.28096e-05,-0.00024036,0.00015866,-7.00134e-05,0.00177233,0.000552913,0.00230655,-0.000122723,-0.000769706,0.000381505,-0.000835646,0.000552913,0.0344231,0.00252326,-0.00180437,-0.00095742,0.000153472,-0.00102521,0.00230655,0.00252326,0.0290248,0.000159875,-7.27802e-05,0.000160952,-7.28097e-05,-0.000122723,-0.00180437,0.000159875,0.0467286,
0.00316126,-0.000857667,-0.00166796,-0.000232517,-0.000769759,-0.000962961,-7.30369e-05,-0.000857667,0.00211379,-0.000923148,0.000152266,0.000381426,0.000153691,0.000160737,-0.00166796,-0.000923148,0.00326146,-7.16932e-05,-0.000833826,-0.00102975,-7.32458e-05,-0.000232517,0.000152266,-7.16932e-05,0.00176995,0.00055143,0.00230109,-0.000123623,-0.000769759,0.000381426,-0.000833826,0.00055143,0.0344213,0.00252792,-0.00180023,-0.000962961,0.000153691,-0.00102975,0.00230109,0.00252792,0.0290318,0.000160033,-7.30369e-05,0.000160737,-7.32459e-05,-0.000123623,-0.00180023,0.000160033,0.0467281,
0.0031647,-0.000859971,-0.0016665,-0.00022464,-0.00076979,-0.000968473,-7.32805e-05,-0.000859971,0.0021136,-0.000924309,0.000145857,0.000381352,0.000153906,0.000160513,-0.0016665,-0.000924309,0.00326322,-7.33584e-05,-0.000832025,-0.00103426,-7.36776e-05,-0.00022464,0.000145857,-7.33584e-05,0.00176763,0.000549991,0.00229559,-0.000124519,-0.00076979,0.000381352,-0.000832025,0.000549991,0.0344194,0.00253251,-0.00179608,-0.000968473,0.000153906,-0.00103426,0.00229559,0.00253251,0.0290388,0.000160159,-7.32805e-05,0.000160513,-7.36776e-05,-0.000124519,-0.00179608,0.000160159,0.0467275,
0.00316803,-0.000862207,-0.00166503,-0.000216734,-0.000769799,-0.000973955,-7.35113e-05,-0.000862207,0.00211336,-0.000925472,0.000139439,0.000381281,0.000154115,0.00016028,-0.00166503,-0.000925472,0.00326498,-7.50078e-05,-0.000830242,-0.00103873,-7.4105e-05,-0.000216734,0.000139439,-7.50078e-05,0.00176537,0.000548598,0.00229006,-0.000125413,-0.000769799,0.000381281,-0.000830242,0.000548598,0.0344175,0.00253703,-0.00179193,-0.000973955,0.000154115,-0.00103873,0.00229006,0.00253703,0.0290457,0.000160256,-7.35113e-05,0.00016028,-7.4105e-05,-0.000125413,-0.00179193,0.000160256,0.046727,
0.00317126,-0.000864374,-0.00166353,-0.000208805,-0.000769788,-0.000979406,-7.37294e-05,-0.000864374,0.00211308,-0.000926637,0.000133016,0.000381213,0.000154319,0.000160038,-0.00166353,-0.000926637,0.00326672,-7.66405e-05,-0.00082848,-0.00104317,-7.45279e-05,-0.000208805,0.000133016,-7.66405e-05,0.00176317,0.000547248,0.00228449,-0.000126303,-0.000769788,0.000381213,-0.000828479,0.000547248,0.0344154,0.00254148,-0.00178777,-0.000979406,0.000154319,-0.00104317,0.00228449,0.00254148,0.0290527,0.000160323,-7.37294e-05,0.000160038,-7.45279e-05,-0.000126303,-0.00178777,0.000160323,0.0467265,
0.00317439,-0.000866473,-0.00166202,-0.000200857,-0.000769756,-0.000984827,-7.39349e-05,-0.000866473,0.00211276,-0.000927805,0.000126589,0.000381147,0.000154518,0.000159787,-0.00166202,-0.000927805,0.00326846,-7.82558e-05,-0.000826738,-0.00104758,-7.49462e-05,-0.000200857,0.000126589,-7.82558e-05,0.00176104,0.000545941,0.00227889,-0.000127189,-0.000769756,0.000381147,-0.000826738,0.000545941,0.0344132,0.00254586,-0.00178361,-0.000984827,0.000154518,-0.00104758,0.00227889,0.00254586,0.0290595,0.000160364,-7.39349e-05,0.000159787,-7.49462e-05,-0.000127189,-0.00178361,0.000160364,0.0467261,
0.00317742,-0.000868503,-0.00166049,-0.000192891,-0.000769705,-0.000990218,-7.41278e-05,-0.000868503,0.0021124,-0.000928974,0.000120161,0.000381085,0.000154711,0.000159527,-0.00166049,-0.000928974,0.0032702,-7.98532e-05,-0.000825018,-0.00105195,-7.53598e-05,-0.000192891,0.000120161,-7.98532e-05,0.00175897,0.000544675,0.00227326,-0.000128072,-0.000769705,0.000381085,-0.000825018,0.000544675,0.0344109,0.00255018,-0.00177945,-0.000990218,0.00015471,-0.00105195,0.00227326,0.00255018,0.0290663,0.00016038,-7.41279e-05,0.000159527,-7.53598e-05,-0.000128072,-0.00177945,0.00016038,0.0467256,
0.00318035,-0.000870465,-0.00165895,-0.000184912,-0.000769636,-0.000995577,-7.43086e-05,-0.000870465,0.002112,-0.000930146,0.000113734,0.000381025,0.000154897,0.00015926,-0.00165895,-0.000930146,0.00327192,-8.14324e-05,-0.000823321,-0.0010563,-7.57688e-05,-0.000184912,0.000113734,-8.14324e-05,0.00175696,0.000543448,0.0022676,-0.000128952,-0.000769636,0.000381025,-0.000823321,0.000543448,0.0344085,0.00255444,-0.00177528,-0.000995577,0.000154897,-0.0010563,0.0022676,0.00255444,0.0290731,0.000160372,-7.43086e-05,0.00015926,-7.57688e-05,-0.000128952,-0.00177528,0.000160372,0.0467251,
0.00318317,-0.000872358,-0.00165739,-0.00017692,-0.00076955,-0.00100091,-7.4477e-05,-0.000872358,0.00211155,-0.000931318,0.000107308,0.000380968,0.000155078,0.000158984,-0.00165739,-0.000931318,0.00327364,-8.29931e-05,-0.000821647,-0.00106061,-7.61731e-05,-0.00017692,0.000107308,-8.29932e-05,0.00175502,0.00054226,0.0022619,-0.000129828,-0.00076955,0.000380968,-0.000821647,0.000542261,0.034406,0.00255863,-0.00177112,-0.00100091,0.000155078,-0.00106061,0.0022619,0.00255863,0.0290798,0.000160342,-7.4477e-05,0.000158984,-7.61731e-05,-0.000129828,-0.00177112,0.000160342,0.0467246,
0.00318589,-0.000874184,-0.00165581,-0.000168918,-0.000769447,-0.0010062,-7.46335e-05,-0.000874184,0.00211106,-0.000932492,0.000100885,0.000380913,0.000155253,0.0001587,-0.00165581,-0.000932492,0.00327536,-8.45352e-05,-0.000819996,-0.0010649,-7.65726e-05,-0.000168918,0.000100885,-8.45352e-05,0.00175314,0.00054111,0.00225617,-0.0001307,-0.000769447,0.000380913,-0.000819996,0.00054111,0.0344034,0.00256277,-0.00176695,-0.0010062,0.000155253,-0.0010649,0.00225617,0.00256277,0.0290865,0.000160292,-7.46335e-05,0.0001587,-7.65726e-05,-0.0001307,-0.00176695,0.000160292,0.0467241,
0.00318852,-0.000875942,-0.00165422,-0.000160906,-0.00076933,-0.00101147,-7.4778e-05,-0.000875942,0.00211054,-0.000933667,9.44664e-05,0.000380862,0.000155422,0.000158408,-0.00165422,-0.000933667,0.00327707,-8.60585e-05,-0.000818369,-0.00106916,-7.69674e-05,-0.000160906,9.44665e-05,-8.60585e-05,0.00175132,0.000539995,0.00225041,-0.000131568,-0.00076933,0.000380862,-0.000818369,0.000539995,0.0344007,0.00256685,-0.00176279,-0.00101147,0.000155422,-0.00106916,0.00225041,0.00256685,0.0290931,0.000160222,-7.4778e-05,0.000158408,-7.69674e-05,-0.000131568,-0.00176279,0.000160222,0.0467237,
0.00319104,-0.000877633,-0.00165261,-0.000152887,-0.000769198,-0.00101671,-7.49107e-05,-0.000877633,0.00210997,-0.000934843,8.80525e-05,0.000380813,0.000155584,0.000158109,-0.00165261,-0.000934843,0.00327877,-8.75629e-05,-0.000816766,-0.00107339,-7.73574e-05,-0.000152887,8.80525e-05,-8.75628e-05,0.00174956,0.000538914,0.00224462,-0.000132433,-0.000769198,0.000380813,-0.000816766,0.000538914,0.0343979,0.00257087,-0.00175863,-0.00101671,0.000155584,-0.00107339,0.00224462,0.00257087,0.0290997,0.000160134,-7.49107e-05,0.000158109,-7.73574e-05,-0.000132433,-0.00175863,0.000160134,0.0467232,
0.00319346,-0.000879258,-0.00165099,-0.000144861,-0.000769053,-0.00102191,-7.50318e-05,-0.000879258,0.00210936,-0.000936019,8.16442e-05,0.000380768,0.00015574,0.000157802,-0.00165099,-0.000936019,0.00328047,-8.90482e-05,-0.000815187,-0.00107759,-7.77426e-05,-0.000144861,8.16442e-05,-8.90482e-05,0.00174787,0.000537867,0.00223879,-0.000133295,-0.000769053,0.000380768,-0.000815187,0.000537867,0.034395,0.00257484,-0.00175447,-0.00102191,0.00015574,-0.00107759,0.00223879,0.00257484,0.0291063,0.00016003,-7.50318e-05,0.000157802,-7.77427e-05,-0.000133295,-0.00175447,0.00016003,0.0467228,
0.00319578,-0.000880816,-0.00164936,-0.000136831,-0.000768895,-0.00102709,-7.51413e-05,-0.000880816,0.00210871,-0.000937196,7.52424e-05,0.000380725,0.000155889,0.000157487,-0.00164936,-0.000937196,0.00328216,-9.05145e-05,-0.000813633,-0.00108176,-7.81232e-05,-0.000136831,7.52424e-05,-9.05145e-05,0.00174624,0.000536852,0.00223293,-0.000134152,-0.000768895,0.000380725,-0.000813633,0.000536852,0.034392,0.00257875,-0.00175031,-0.00102709,0.000155889,-0.00108176,0.00223293,0.00257875,0.0291127,0.00015991,-7.51413e-05,0.000157488,-7.81232e-05,-0.000134152,-0.00175031,0.00015991,0.0467223,
0.00319801,-0.000882308,-0.00164771,-0.000128796,-0.000768725,-0.00103223,-7.52396e-05,-0.000882308,0.00210803,-0.000938373,6.88479e-05,0.000380685,0.000156031,0.000157166,-0.00164771,-0.000938373,0.00328385,-9.19615e-05,-0.000812103,-0.00108591,-7.8499e-05,-0.000128796,6.88479e-05,-9.19615e-05,0.00174468,0.000535869,0.00222704,-0.000135006,-0.000768725,0.000380685,-0.000812103,0.000535869,0.034389,0.00258261,-0.00174616,-0.00103223,0.000156031,-0.00108591,0.00222704,0.00258261,0.0291192,0.000159775,-7.52396e-05,0.000157166,-7.8499e-05,-0.000135006,-0.00174616,0.000159775,0.0467219,
0.00320013,-0.000883735,-0.00164605,-0.000120759,-0.000768543,-0.00103734,-7.53266e-05,-0.000883735,0.0021073,-0.00093955,6.24614e-05,0.000380649,0.000156166,0.000156838,-0.00164605,-0.00093955,0.00328553,-9.33894e-05,-0.000810598,-0.00109003,-7.887e-05,-0.000120759,6.24614e-05,-9.33894e-05,0.00174317,0.000534917,0.00222112,-0.000135856,-0.000768543,0.000380649,-0.000810598,0.000534917,0.0343858,0.00258642,-0.001742,-0.00103734,0.000156166,-0.00109003,0.00222112,0.00258642,0.0291255,0.000159626,-7.53266e-05,0.000156838,-7.887e-05,-0.000135856,-0.001742,0.000159626,0.0467215,
0.00320216,-0.000885097,-0.00164438,-0.000112721,-0.00076835,-0.00104242,-7.54026e-05,-0.000885097,0.00210654,-0.000940727,5.60837e-05,0.000380616,0.000156294,0.000156502,-0.00164438,-0.000940727,0.00328721,-9.4798e-05,-0.000809117,-0.00109412,-7.92363e-05,-0.000112721,5.60837e-05,-9.4798e-05,0.00174173,0.000533994,0.00221517,-0.000136703,-0.00076835,0.000380616,-0.000809117,0.000533994,0.0343826,0.00259018,-0.00173786,-0.00104242,0.000156294,-0.00109412,0.00221517,0.00259018,0.0291319,0.000159464,-7.54026e-05,0.000156502,-7.92363e-05,-0.000136703,-0.00173786,0.000159464,0.046721,
0.00320409,-0.000886395,-0.00164269,-0.000104682,-0.000768147,-0.00104746,-7.54677e-05,-0.000886395,0.00210573,-0.000941904,4.97156e-05,0.000380586,0.000156415,0.00015616,-0.00164269,-0.000941904,0.00328888,-9.61873e-05,-0.000807661,-0.00109819,-7.95979e-05,-0.000104682,4.97155e-05,-9.61873e-05,0.00174035,0.000533101,0.00220918,-0.000137546,-0.000768147,0.000380586,-0.000807661,0.000533101,0.0343793,0.00259389,-0.00173371,-0.00104746,0.000156415,-0.00109819,0.00220918,0.00259389,0.0291381,0.000159291,-7.54677e-05,0.00015616,-7.9598e-05,-0.000137546,-0.00173371,0.00015929,0.0467206,
0.00320592,-0.000887628,-0.00164099,-9.6644e-05,-0.000767934,-0.00105247,-7.5522e-05,-0.000887628,0.00210489,-0.000943079,4.33577e-05,0.000380559,0.000156528,0.000155812,-0.00164099,-0.000943079,0.00329054,-9.75572e-05,-0.00080623,-0.00110223,-7.99549e-05,-9.6644e-05,4.33576e-05,-9.75572e-05,0.00173903,0.000532236,0.00220317,-0.000138385,-0.000767934,0.000380559,-0.00080623,0.000532236,0.0343759,0.00259755,-0.00172958,-0.00105247,0.000156528,-0.00110223,0.00220317,0.00259755,0.0291444,0.000159105,-7.5522e-05,0.000155812,-7.99549e-05,-0.000138385,-0.00172958,0.000159105,0.0467202,
0.00320766,-0.000888799,-0.00163928,-8.86081e-05,-0.000767711,-0.00105745,-7.55657e-05,-0.000888799,0.00210402,-0.000944254,3.70107e-05,0.000380535,0.000156634,0.000155456,-0.00163928,-0.000944254,0.0032922,-9.89077e-05,-0.000804823,-0.00110624,-8.03071e-05,-8.86081e-05,3.70107e-05,-9.89077e-05,0.00173778,0.000531398,0.00219713,-0.00013922,-0.000767711,0.000380535,-0.000804823,0.000531398,0.0343725,0.00260116,-0.00172544,-0.00105745,0.000156634,-0.00110624,0.00219713,0.00260116,0.0291505,0.000158909,-7.55657e-05,0.000155456,-8.03071e-05,-0.00013922,-0.00172544,0.000158909,0.0467197,
0.0032093,-0.000889907,-0.00163756,-8.05754e-05,-0.000767479,-0.0010624,-7.55991e-05,-0.000889907,0.0021031,-0.000945428,3.06754e-05,0.000380515,0.000156731,0.000155095,-0.00163756,-0.000945428,0.00329386,-0.000100239,-0.000803441,-0.00111023,-8.06546e-05,-8.05754e-05,3.06754e-05,-0.000100239,0.00173658,0.000530588,0.00219105,-0.000140052,-0.000767479,0.000380515,-0.000803441,0.000530588,0.0343689,0.00260473,-0.00172131,-0.0010624,0.000156731,-0.00111023,0.00219105,0.00260473,0.0291566,0.000158703,-7.55991e-05,0.000155095,-8.06547e-05,-0.000140052,-0.00172131,0.000158703,0.0467193,
0.00321084,-0.000890952,-0.00163583,-7.2547e-05,-0.000767238,-0.00106731,-7.56221e-05,-0.000890952,0.00210215,-0.000946601,2.43525e-05,0.000380498,0.000156821,0.000154728,-0.00163583,-0.000946601,0.00329551,-0.00010155,-0.000802083,-0.0011142,-8.09976e-05,-7.2547e-05,2.43525e-05,-0.00010155,0.00173545,0.000529804,0.00218495,-0.00014088,-0.000767238,0.000380498,-0.000802083,0.000529804,0.0343653,0.00260825,-0.00171719,-0.00106731,0.000156821,-0.0011142,0.00218495,0.00260825,0.0291627,0.000158488,-7.56221e-05,0.000154728,-8.09975e-05,-0.000140879,-0.00171719,0.000158488,0.0467189,
0.0032123,-0.000891935,-0.00163409,-6.4524e-05,-0.000766989,-0.00107219,-7.5635e-05,-0.000891935,0.00210116,-0.000947772,1.80427e-05,0.000380484,0.000156902,0.000154354,-0.00163409,-0.000947772,0.00329716,-0.000102843,-0.000800749,-0.00111814,-8.13358e-05,-6.4524e-05,1.80427e-05,-0.000102843,0.00173438,0.000529046,0.00217882,-0.000141703,-0.000766989,0.000380484,-0.000800749,0.000529046,0.0343616,0.00261173,-0.00171307,-0.00107219,0.000156902,-0.00111814,0.00217882,0.00261173,0.0291687,0.000158263,-7.56351e-05,0.000154354,-8.13359e-05,-0.000141703,-0.00171307,0.000158263,0.0467185,
0.00321365,-0.000892858,-0.00163234,-5.65076e-05,-0.000766732,-0.00107704,-7.56379e-05,-0.000892858,0.00210014,-0.000948942,1.17466e-05,0.000380473,0.000156974,0.000153975,-0.00163234,-0.000948942,0.0032988,-0.000104115,-0.00079944,-0.00112205,-8.16696e-05,-5.65076e-05,1.17466e-05,-0.000104115,0.00173337,0.000528314,0.00217266,-0.000142523,-0.000766732,0.000380474,-0.00079944,0.000528314,0.0343578,0.00261516,-0.00170896,-0.00107704,0.000156974,-0.00112205,0.00217266,0.00261516,0.0291746,0.00015803,-7.5638e-05,0.000153975,-8.16696e-05,-0.000142523,-0.00170896,0.00015803,0.0467181,
0.00321492,-0.00089372,-0.00163058,-4.84988e-05,-0.000766468,-0.00108185,-7.56311e-05,-0.00089372,0.00209908,-0.00095011,5.46499e-06,0.000380466,0.000157038,0.000153589,-0.00163058,-0.00095011,0.00330044,-0.000105369,-0.000798155,-0.00112595,-8.19987e-05,-4.84989e-05,5.46496e-06,-0.000105369,0.00173242,0.000527606,0.00216648,-0.000143338,-0.000766468,0.000380466,-0.000798155,0.000527606,0.034354,0.00261855,-0.00170485,-0.00108185,0.000157038,-0.00112595,0.00216648,0.00261855,0.0291805,0.000157789,-7.56311e-05,0.000153589,-8.19987e-05,-0.000143338,-0.00170485,0.000157789,0.0467177,
0.00321609,-0.000894522,-0.00162881,-4.04989e-05,-0.000766196,-0.00108662,-7.56146e-05,-0.000894522,0.00209799,-0.000951275,-8.01581e-07,0.000380463,0.000157094,0.000153199,-0.00162881,-0.000951275,0.00330207,-0.000106602,-0.000796893,-0.00112981,-8.23232e-05,-4.04989e-05,-8.01581e-07,-0.000106602,0.00173152,0.000526923,0.00216027,-0.00014415,-0.000766196,0.000380463,-0.000796893,0.000526923,0.0343501,0.0026219,-0.00170075,-0.00108662,0.000157094,-0.00112981,0.00216027,0.0026219,0.0291863,0.00015754,-7.56146e-05,0.000153199,-8.23232e-05,-0.00014415,-0.00170075,0.00015754,0.0467173,
0.00321717,-0.000895264,-0.00162703,-3.25087e-05,-0.000765917,-0.00109136,-7.55885e-05,-0.000895264,0.00209686,-0.000952439,-7.05241e-06,0.000380462,0.00015714,0.000152803,-0.00162703,-0.000952439,0.0033037,-0.000107817,-0.000795655,-0.00113365,-8.26432e-05,-3.25087e-05,-7.05241e-06,-0.000107817,0.00173069,0.000526264,0.00215403,-0.000144957,-0.000765917,0.000380462,-0.000795655,0.000526264,0.0343461,0.0026252,-0.00169666,-0.00109136,0.00015714,-0.00113365,0.00215403,0.0026252,0.0291921,0.000157284,-7.55885e-05,0.000152803,-8.26432e-05,-0.000144957,-0.00169666,0.000157284,0.0467169,
0.00321816,-0.000895948,-0.00162524,-2.45294e-05,-0.000765631,-0.00109607,-7.55531e-05,-0.000895948,0.0020957,-0.0009536,-1.32869e-05,0.000380465,0.000157177,0.000152401,-0.00162524,-0.0009536,0.00330532,-0.000109011,-0.000794441,-0.00113747,-8.29586e-05,-2.45294e-05,-1.32869e-05,-0.000109011,0.00172992,0.000525629,0.00214777,-0.000145761,-0.000765631,0.000380465,-0.000794441,0.000525629,0.0343421,0.00262846,-0.00169257,-0.00109607,0.000157177,-0.00113747,0.00214777,0.00262846,0.0291979,0.000157021,-7.55532e-05,0.000152401,-8.29587e-05,-0.000145761,-0.00169257,0.000157021,0.0467165,
0.00321906,-0.000896573,-0.00162345,-1.6562e-05,-0.000765339,-0.00110074,-7.55086e-05,-0.000896573,0.00209451,-0.000954759,-1.95043e-05,0.000380471,0.000157206,0.000151994,-0.00162345,-0.000954759,0.00330694,-0.000110187,-0.00079325,-0.00114127,-8.32696e-05,-1.6562e-05,-1.95043e-05,-0.000110187,0.00172921,0.000525016,0.00214148,-0.000146559,-0.000765339,0.000380471,-0.00079325,0.000525016,0.034338,0.00263168,-0.00168849,-0.00110074,0.000157206,-0.00114127,0.00214148,0.00263168,0.0292035,0.000156752,-7.55085e-05,0.000151994,-8.32696e-05,-0.000146559,-0.00168849,0.000156752,0.0467161,
0.00321987,-0.000897141,-0.00162165,-8.60759e-06,-0.00076504,-0.00110537,-7.5455e-05,-0.000897141,0.00209328,-0.000955914,-2.57041e-05,0.000380481,0.000157224,0.000151583,-0.00162165,-0.000955914,0.00330855,-0.000111343,-0.000792083,-0.00114504,-8.3576e-05,-8.60756e-06,-2.57041e-05,-0.000111343,0.00172856,0.000524427,0.00213517,-0.000147354,-0.00076504,0.000380481,-0.000792083,0.000524427,0.0343338,0.00263486,-0.00168442,-0.00110537,0.000157224,-0.00114504,0.00213517,0.00263486,0.0292091,0.000156476,-7.5455e-05,0.000151583,-8.3576e-05,-0.000147354,-0.00168442,0.000156476,0.0467157,
0.00322059,-0.000897652,-0.00161984,-6.67161e-07,-0.000764736,-0.00110997,-7.53925e-05,-0.000897652,0.00209203,-0.000957067,-3.18857e-05,0.000380494,0.000157234,0.000151166,-0.00161984,-0.000957067,0.00331016,-0.000112479,-0.000790939,-0.00114878,-8.3878e-05,-6.67161e-07,-3.18857e-05,-0.000112479,0.00172796,0.000523859,0.00212884,-0.000148144,-0.000764736,0.000380494,-0.000790939,0.000523859,0.0343295,0.002638,-0.00168035,-0.00110997,0.000157234,-0.00114878,0.00212884,0.002638,0.0292147,0.000156195,-7.53925e-05,0.000151166,-8.38781e-05,-0.000148144,-0.00168035,0.000156195,0.0467153,
0.00322123,-0.000898107,-0.00161802,7.25828e-06,-0.000764426,-0.00111453,-7.53213e-05,-0.000898107,0.00209074,-0.000958217,-3.80485e-05,0.00038051,0.000157233,0.000150744,-0.00161802,-0.000958217,0.00331177,-0.000113596,-0.000789817,-0.00115251,-8.41756e-05,7.25828e-06,-3.80485e-05,-0.000113596,0.00172743,0.000523314,0.00212248,-0.00014893,-0.000764426,0.00038051,-0.000789817,0.000523314,0.0343252,0.0026411,-0.00167629,-0.00111453,0.000157233,-0.00115251,0.00212248,0.0026411,0.0292202,0.000155907,-7.53213e-05,0.000150744,-8.41756e-05,-0.00014893,-0.00167629,0.000155907,0.0467149,
0.00322177,-0.000898506,-0.0016162,1.51677e-05,-0.00076411,-0.00111906,-7.52415e-05,-0.000898506,0.00208942,-0.000959364,-4.41919e-05,0.00038053,0.000157223,0.000150318,-0.0016162,-0.000959364,0.00331337,-0.000114694,-0.000788719,-0.00115621,-8.44687e-05,1.51677e-05,-4.41919e-05,-0.000114694,0.00172695,0.00052279,0.00211611,-0.000149711,-0.00076411,0.00038053,-0.000788719,0.00052279,0.0343209,0.00264417,-0.00167224,-0.00111906,0.000157223,-0.00115621,0.00211611,0.00264417,0.0292256,0.000155615,-7.52415e-05,0.000150318,-8.44687e-05,-0.000149711,-0.00167224,0.000155615,0.0467145,
0.00322223,-0.00089885,-0.00161437,2.30602e-05,-0.000763789,-0.00112355,-7.51534e-05,-0.00089885,0.00208806,-0.000960507,-5.03153e-05,0.000380553,0.000157203,0.000149888,-0.00161437,-0.000960507,0.00331497,-0.000115773,-0.000787642,-0.00115988,-8.47574e-05,2.30602e-05,-5.03153e-05,-0.000115773,0.00172653,0.000522288,0.00210971,-0.000150488,-0.000763789,0.000380553,-0.000787642,0.000522288,0.0343164,0.00264719,-0.00166819,-0.00112355,0.000157203,-0.00115988,0.00210971,0.00264719,0.029231,0.000155317,-7.51534e-05,0.000149888,-8.47574e-05,-0.000150488,-0.00166819,0.000155317,0.0467142,
0.00322261,-0.000899139,-0.00161254,3.09349e-05,-0.000763463,-0.001128,-7.50569e-05,-0.000899139,0.00208668,-0.000961646,-5.64181e-05,0.000380579,0.000157173,0.000149453,-0.00161254,-0.000961646,0.00331656,-0.000116832,-0.000786589,-0.00116354,-8.50416e-05,3.09349e-05,-5.64181e-05,-0.000116832,0.00172616,0.000521806,0.00210329,-0.00015126,-0.000763463,0.000380579,-0.000786589,0.000521806,0.034312,0.00265017,-0.00166415,-0.001128,0.000157173,-0.00116354,0.00210329,0.00265017,0.0292364,0.000155014,-7.50569e-05,0.000149453,-8.50416e-05,-0.00015126,-0.00166415,0.000155014,0.0467138,
0.0032229,-0.000899375,-0.0016107,3.87907e-05,-0.000763132,-0.00113242,-7.49524e-05,-0.000899375,0.00208527,-0.000962782,-6.24999e-05,0.000380609,0.000157133,0.000149013,-0.0016107,-0.000962781,0.00331815,-0.000117872,-0.000785557,-0.00116717,-8.53215e-05,3.87907e-05,-6.24999e-05,-0.000117872,0.00172586,0.000521345,0.00209685,-0.000152027,-0.000763132,0.000380609,-0.000785557,0.000521345,0.0343074,0.00265312,-0.00166012,-0.00113242,0.000157133,-0.00116717,0.00209685,0.00265312,0.0292417,0.000154706,-7.49524e-05,0.000149013,-8.53215e-05,-0.000152027,-0.00166012,0.000154706,0.0467134,
0.00322311,-0.000899558,-0.00160886,4.66267e-05,-0.000762797,-0.0011368,-7.48399e-05,-0.000899558,0.00208383,-0.000963913,-6.85601e-05,0.000380642,0.000157083,0.00014857,-0.00160886,-0.000963913,0.00331973,-0.000118893,-0.000784548,-0.00117077,-8.55971e-05,4.66267e-05,-6.85601e-05,-0.000118893,0.00172561,0.000520904,0.00209039,-0.00015279,-0.000762797,0.000380642,-0.000784548,0.000520904,0.0343028,0.00265603,-0.0016561,-0.0011368,0.000157083,-0.00117077,0.00209039,0.00265603,0.0292469,0.000154394,-7.48399e-05,0.00014857,-8.55971e-05,-0.00015279,-0.0016561,0.000154394,0.046713,
0.00322324,-0.000899689,-0.00160701,5.44421e-05,-0.000762457,-0.00114114,-7.47196e-05,-0.000899689,0.00208236,-0.000965041,-7.45982e-05,0.000380678,0.000157023,0.000148122,-0.00160701,-0.000965041,0.00332131,-0.000119894,-0.00078356,-0.00117436,-8.58683e-05,5.44421e-05,-7.45982e-05,-0.000119894,0.00172541,0.000520482,0.00208392,-0.000153547,-0.000762457,0.000380678,-0.00078356,0.000520482,0.0342982,0.00265891,-0.00165209,-0.00114114,0.000157023,-0.00117436,0.00208392,0.00265891,0.0292521,0.000154077,-7.47196e-05,0.000148122,-8.58683e-05,-0.000153547,-0.00165209,0.000154077,0.0467127,
0.00322328,-0.000899768,-0.00160516,6.2236e-05,-0.000762114,-0.00114544,-7.45916e-05,-0.000899768,0.00208086,-0.000966164,-8.06137e-05,0.000380718,0.000156952,0.000147671,-0.00160516,-0.000966164,0.00332289,-0.000120877,-0.000782594,-0.00117792,-8.61352e-05,6.22361e-05,-8.06137e-05,-0.000120877,0.00172527,0.00052008,0.00207742,-0.0001543,-0.000762114,0.000380718,-0.000782594,0.00052008,0.0342935,0.00266174,-0.00164808,-0.00114544,0.000156952,-0.00117792,0.00207742,0.00266174,0.0292572,0.000153756,-7.45916e-05,0.000147671,-8.61352e-05,-0.0001543,-0.00164808,0.000153756,0.0467123,
0.00322325,-0.000899797,-0.0016033,7.00076e-05,-0.000761766,-0.00114971,-7.44562e-05,-0.000899797,0.00207934,-0.000967283,-8.6606e-05,0.000380761,0.000156872,0.000147215,-0.0016033,-0.000967283,0.00332446,-0.000121841,-0.00078165,-0.00118146,-8.63978e-05,7.00076e-05,-8.6606e-05,-0.000121841,0.00172518,0.000519698,0.00207091,-0.000155048,-0.000761766,0.000380761,-0.00078165,0.000519698,0.0342887,0.00266454,-0.00164408,-0.00114971,0.000156872,-0.00118146,0.00207091,0.00266454,0.0292622,0.000153431,-7.44562e-05,0.000147215,-8.63978e-05,-0.000155048,-0.00164408,0.000153431,0.0467119,
0.00322313,-0.000899775,-0.00160144,7.77559e-05,-0.000761414,-0.00115394,-7.43134e-05,-0.000899775,0.00207778,-0.000968397,-9.25748e-05,0.000380807,0.00015678,0.000146756,-0.00160144,-0.000968397,0.00332603,-0.000122786,-0.000780727,-0.00118498,-8.66561e-05,7.77559e-05,-9.25748e-05,-0.000122786,0.00172515,0.000519334,0.00206438,-0.000155791,-0.000761414,0.000380807,-0.000780727,0.000519334,0.0342839,0.00266731,-0.00164009,-0.00115394,0.00015678,-0.00118498,0.00206438,0.00266731,0.0292672,0.000153102,-7.43134e-05,0.000146756,-8.66561e-05,-0.000155791,-0.00164009,0.000153102,0.0467115,
0.00322294,-0.000899703,-0.00159958,8.54802e-05,-0.000761059,-0.00115813,-7.41634e-05,-0.000899703,0.0020762,-0.000969506,-9.85195e-05,0.000380857,0.000156678,0.000146294,-0.00159958,-0.000969506,0.0033276,-0.000123712,-0.000779825,-0.00118847,-8.69102e-05,8.54802e-05,-9.85195e-05,-0.000123712,0.00172517,0.000518988,0.00205784,-0.000156529,-0.000761059,0.000380857,-0.000779825,0.000518988,0.034279,0.00267004,-0.0016361,-0.00115813,0.000156678,-0.00118847,0.00205784,0.00267004,0.0292722,0.000152769,-7.41635e-05,0.000146294,-8.69102e-05,-0.000156529,-0.0016361,0.000152769,0.0467112,
0.00322266,-0.000899583,-0.00159772,9.31797e-05,-0.0007607,-0.00116229,-7.40064e-05,-0.000899583,0.0020746,-0.000970611,-0.00010444,0.000380909,0.000156566,0.000145828,-0.00159772,-0.000970611,0.00332916,-0.00012462,-0.000778944,-0.00119195,-8.716e-05,9.31796e-05,-0.00010444,-0.00012462,0.00172525,0.000518661,0.00205128,-0.000157262,-0.0007607,0.000380909,-0.000778944,0.000518661,0.0342741,0.00267274,-0.00163213,-0.00116229,0.000156566,-0.00119195,0.00205128,0.00267274,0.0292771,0.000152432,-7.40064e-05,0.000145828,-8.716e-05,-0.000157262,-0.00163213,0.000152432,0.0467108,
0.00322231,-0.000899414,-0.00159585,0.000100853,-0.000760338,-0.0011664,-7.38424e-05,-0.000899414,0.00207297,-0.00097171,-0.000110335,0.000380965,0.000156443,0.000145359,-0.00159585,-0.00097171,0.00333072,-0.000125508,-0.000778084,-0.0011954,-8.74056e-05,0.000100853,-0.000110335,-0.000125508,0.00172538,0.000518352,0.00204471,-0.000157989,-0.000760338,0.000380965,-0.000778084,0.000518352,0.0342691,0.0026754,-0.00162816,-0.0011664,0.000156443,-0.0011954,0.00204471,0.0026754,0.0292819,0.000152092,-7.38424e-05,0.000145359,-8.74056e-05,-0.000157989,-0.00162816,0.000152092,0.0467105,
0.00322189,-0.000899199,-0.00159398,0.000108501,-0.000759973,-0.00117048,-7.36718e-05,-0.000899199,0.00207131,-0.000972805,-0.000116205,0.000381024,0.00015631,0.000144886,-0.00159398,-0.000972805,0.00333227,-0.000126379,-0.000777244,-0.00119883,-8.76469e-05,0.000108501,-0.000116205,-0.000126379,0.00172556,0.00051806,0.00203812,-0.000158712,-0.000759973,0.000381024,-0.000777244,0.00051806,0.0342641,0.00267803,-0.00162421,-0.00117048,0.00015631,-0.00119883,0.00203812,0.00267803,0.0292867,0.000151748,-7.36717e-05,0.000144886,-8.76469e-05,-0.000158712,-0.00162421,0.000151748,0.0467101,
0.00322139,-0.000898936,-0.00159211,0.000116121,-0.000759604,-0.00117452,-7.34945e-05,-0.000898936,0.00206963,-0.000973894,-0.000122049,0.000381086,0.000156166,0.000144411,-0.00159211,-0.000973894,0.00333382,-0.000127231,-0.000776425,-0.00120224,-8.78841e-05,0.000116121,-0.000122049,-0.000127231,0.00172579,0.000517786,0.00203152,-0.000159429,-0.000759604,0.000381086,-0.000776425,0.000517786,0.034259,0.00268062,-0.00162026,-0.00117452,0.000156166,-0.00120224,0.00203152,0.00268062,0.0292914,0.000151401,-7.34945e-05,0.000144411,-8.78841e-05,-0.000159429,-0.00162026,0.000151401,0.0467097,
0.00322081,-0.000898628,-0.00159024,0.000123714,-0.000759233,-0.00117852,-7.33107e-05,-0.000898628,0.00206792,-0.000974978,-0.000127867,0.000381152,0.000156011,0.000143932,-0.00159024,-0.000974978,0.00333536,-0.000128064,-0.000775626,-0.00120562,-8.81172e-05,0.000123714,-0.000127867,-0.000128064,0.00172607,0.000517528,0.00202491,-0.000160141,-0.000759233,0.000381152,-0.000775626,0.000517528,0.0342539,0.00268318,-0.00161632,-0.00117852,0.000156011,-0.00120562,0.00202491,0.00268318,0.0292961,0.00015105,-7.33107e-05,0.000143932,-8.81172e-05,-0.000160141,-0.00161632,0.00015105,0.0467094,
0.00322017,-0.000898274,-0.00158837,0.000131278,-0.00075886,-0.00118249,-7.31207e-05,-0.000898274,0.0020662,-0.000976056,-0.000133659,0.00038122,0.000155845,0.000143451,-0.00158837,-0.000976056,0.00333691,-0.00012888,-0.000774847,-0.00120899,-8.8346e-05,0.000131278,-0.000133659,-0.00012888,0.00172641,0.000517288,0.00201828,-0.000160848,-0.00075886,0.00038122,-0.000774847,0.000517288,0.0342487,0.00268571,-0.00161239,-0.00118249,0.000155845,-0.00120899,0.00201828,0.00268571,0.0293007,0.000150696,-7.31207e-05,0.000143451,-8.83461e-05,-0.000160848,-0.00161239,0.000150696,0.046709,
0.00321945,-0.000897876,-0.00158649,0.000138812,-0.000758484,-0.00118641,-7.29245e-05,-0.000897875,0.00206444,-0.000977129,-0.000139423,0.000381292,0.000155669,0.000142967,-0.00158649,-0.000977129,0.00333844,-0.000129677,-0.000774088,-0.00121233,-8.85708e-05,0.000138812,-0.000139423,-0.000129677,0.00172679,0.000517063,0.00201164,-0.000161549,-0.000758484,0.000381292,-0.000774088,0.000517063,0.0342435,0.0026882,-0.00160846,-0.00118641,0.000155669,-0.00121233,0.00201164,0.0026882,0.0293053,0.000150339,-7.29245e-05,0.000142967,-8.85708e-05,-0.000161549,-0.00160846,0.000150339,0.0467087,
0.00321866,-0.000897433,-0.00158462,0.000146317,-0.000758105,-0.0011903,-7.27223e-05,-0.000897433,0.00206267,-0.000978195,-0.000145161,0.000381367,0.000155482,0.00014248,-0.00158462,-0.000978195,0.00333998,-0.000130456,-0.000773349,-0.00121565,-8.87915e-05,0.000146317,-0.000145161,-0.000130456,0.00172722,0.000516855,0.002005,-0.000162245,-0.000758105,0.000381367,-0.000773349,0.000516855,0.0342383,0.00269067,-0.00160455,-0.0011903,0.000155482,-0.00121565,0.002005,0.00269067,0.0293098,0.000149978,-7.27223e-05,0.00014248,-8.87915e-05,-0.000162245,-0.00160455,0.000149978,0.0467084,
0.0032178,-0.000896948,-0.00158274,0.000153791,-0.000757724,-0.00119415,-7.25142e-05,-0.000896948,0.00206087,-0.000979256,-0.00015087,0.000381445,0.000155285,0.000141991,-0.00158274,-0.000979256,0.00334151,-0.000131217,-0.000772629,-0.00121895,-8.90081e-05,0.000153791,-0.00015087,-0.000131217,0.00172771,0.000516663,0.00199834,-0.000162936,-0.000757724,0.000381445,-0.000772629,0.000516663,0.034233,0.0026931,-0.00160064,-0.00119415,0.000155285,-0.00121895,0.00199834,0.0026931,0.0293142,0.000149615,-7.25142e-05,0.000141991,-8.9008e-05,-0.000162936,-0.00160064,0.000149615,0.046708,
0.00321687,-0.00089642,-0.00158087,0.000161234,-0.000757342,-0.00119796,-7.23003e-05,-0.00089642,0.00205906,-0.000980311,-0.000156552,0.000381526,0.000155077,0.000141499,-0.00158087,-0.000980311,0.00334303,-0.000131961,-0.000771929,-0.00122223,-8.92205e-05,0.000161234,-0.000156552,-0.000131961,0.00172824,0.000516486,0.00199167,-0.000163621,-0.000757342,0.000381526,-0.000771929,0.000516486,0.0342276,0.0026955,-0.00159675,-0.00119796,0.000155077,-0.00122223,0.00199167,0.0026955,0.0293186,0.000149249,-7.23003e-05,0.000141499,-8.92206e-05,-0.000163621,-0.00159675,0.000149249,0.0467077,
0.00321587,-0.000895851,-0.001579,0.000168645,-0.000756957,-0.00120173,-7.20809e-05,-0.000895851,0.00205722,-0.000981359,-0.000162206,0.000381609,0.000154858,0.000141005,-0.001579,-0.000981359,0.00334456,-0.000132687,-0.000771248,-0.00122549,-8.9429e-05,0.000168645,-0.000162206,-0.000132687,0.00172882,0.000516324,0.00198499,-0.0001643,-0.000756957,0.000381609,-0.000771248,0.000516324,0.0342222,0.00269786,-0.00159286,-0.00120173,0.000154858,-0.00122549,0.00198499,0.00269786,0.029323,0.00014888,-7.20808e-05,0.000141005,-8.9429e-05,-0.0001643,-0.00159286,0.00014888,0.0467073,
