0.00306781,0.000650206,-0.000148131,0.00129191,-6.69601e-05,0.000486503,-0.000158918,0.000650206,0.00117573,0.00117852,-0.000136887,-0.000814995,0.000422334,-6.1234e-05,-0.000148131,0.00117852,0.00385131,-0.000505696,-0.000995677,-0.000968487,-0.000142727,0.00129191,-0.000136887,-0.000505696,0.00255285,-0.00120892,-0.00248543,7.76381e-05,-6.69601e-05,-0.000814995,-0.000995677,-0.00120892,0.0343805,0.0018642,-0.00205492,0.000486503,0.000422334,-0.000968487,-0.00248543,0.0018642,0.0288894,0.000102687,-0.000158918,-6.1234e-05,-0.000142727,7.76381e-05,-0.00205492,0.000102687,0.0467513,
0.00306785,0.000652311,-0.000152286,0.00129158,-6.72491e-05,0.000482035,-0.000158417,0.000652311,0.00117778,0.00117916,-0.000134611,-0.000810552,0.000425021,-6.17565e-05,-0.000152286,0.00117916,0.00385076,-0.00050473,-0.000998192,-0.000972275,-0.000141864,0.00129158,-0.000134611,-0.00050473,0.00255051,-0.00121045,-0.00248541,7.76099e-05,-6.72491e-05,-0.000810552,-0.000998192,-0.00121045,0.0343833,0.00186297,-0.00205396,0.000482035,0.000425021,-0.000972275,-0.00248541,0.00186297,0.0288923,0.000104008,-0.000158417,-6.17565e-05,-0.000141864,7.76099e-05,-0.00205396,0.000104008,0.0467511,
0.0030681,0.000654837,-0.000157146,0.0012911,-6.81543e-05,0.000476245,-0.000157771,0.000654837,0.00118029,0.00117989,-0.000132216,-0.000804687,0.000428404,-6.23873e-05,-0.000157146,0.00117989,0.00384984,-0.000503646,-0.00100192,-0.000977564,-0.000140739,0.0012911,-0.000132216,-0.000503646,0.0025477,-0.00121208,-0.00248531,7.75355e-05,-6.81543e-05,-0.000804687,-0.00100192,-0.00121208,0.0343878,0.00186125,-0.00205258,0.000476246,0.000428404,-0.000977564,-0.00248531,0.00186125,0.0288957,0.000105593,-0.000157771,-6.23873e-05,-0.000140739,7.75355e-05,-0.00205258,0.000105593,0.0467508,
0.00306845,0.000657528,-0.000162237,0.00129049,-6.90567e-05,0.000470251,-0.000157124,0.000657528,0.00118302,0.0011807,-0.000129765,-0.000798976,0.000431601,-6.30226e-05,-0.000162237,0.0011807,0.00384868,-0.00050262,-0.00100533,-0.000982934,-0.00013962,0.00129049,-0.000129765,-0.00050262,0.00254474,-0.00121371,-0.0024852,7.7482e-05,-6.90568e-05,-0.000798976,-0.00100533,-0.00121371,0.0343917,0.00185964,-0.00205123,0.000470251,0.000431601,-0.000982934,-0.0024852,0.00185964,0.0288989,0.000107194,-0.000157124,-6.30226e-05,-0.00013962,7.7482e-05,-0.00205123,0.000107194,0.0467506,
0.00306891,0.000660309,-0.000167457,0.00128979,-7.00564e-05,0.000464115,-0.000156467,0.000660309,0.00118588,0.00118152,-0.000127314,-0.000793354,0.000434662,-6.36553e-05,-0.000167457,0.00118152,0.00384738,-0.000501634,-0.00100861,-0.000988335,-0.000138499,0.00128979,-0.000127314,-0.000501634,0.00254168,-0.00121526,-0.00248511,7.74335e-05,-7.00564e-05,-0.000793354,-0.00100861,-0.00121526,0.0343955,0.00185807,-0.00204987,0.000464115,0.000434662,-0.000988335,-0.00248511,0.00185807,0.0289021,0.000108826,-0.000156467,-6.36552e-05,-0.000138499,7.74336e-05,-0.00204987,0.000108826,0.0467503,
0.00306948,0.000663152,-0.000172768,0.00128901,-7.11627e-05,0.000457842,-0.000155805,0.000663152,0.00118883,0.00118236,-0.000124878,-0.000787804,0.00043762,-6.42841e-05,-0.000172768,0.00118236,0.00384598,-0.000500679,-0.0010118,-0.000993772,-0.000137377,0.00128901,-0.000124878,-0.000500679,0.00253854,-0.00121676,-0.00248501,7.739e-05,-7.11627e-05,-0.000787804,-0.0010118,-0.00121676,0.034399,0.00185655,-0.00204849,0.000457842,0.00043762,-0.000993772,-0.00248501,0.00185655,0.0289053,0.000110489,-0.000155805,-6.42841e-05,-0.000137377,7.739e-05,-0.00204849,0.000110489,0.04675,
0.00307017,0.00066604,-0.00017815,0.00128815,-7.23839e-05,0.000451456,-0.000155138,0.00066604,0.00119184,0.00118318,-0.000122461,-0.000782325,0.000440485,-6.49066e-05,-0.00017815,0.00118318,0.00384452,-0.000499746,-0.00101492,-0.000999215,-0.000136257,0.00128815,-0.000122461,-0.000499747,0.00253531,-0.00121819,-0.0024849,7.73486e-05,-7.23839e-05,-0.000782325,-0.00101492,-0.00121819,0.0344024,0.00185506,-0.0020471,0.000451456,0.000440485,-0.000999215,-0.0024849,0.00185506,0.0289085,0.000112177,-0.000155138,-6.49066e-05,-0.000136257,7.73486e-05,-0.0020471,0.000112177,0.0467497,
0.00307096,0.000668959,-0.000183585,0.00128723,-7.37198e-05,0.000444967,-0.000154466,0.000668959,0.0011949,0.00118399,-0.000120065,-0.000776913,0.000443269,-6.55222e-05,-0.000183585,0.00118399,0.00384303,-0.000498831,-0.00101799,-0.00100465,-0.000135139,0.00128723,-0.000120065,-0.000498831,0.00253202,-0.00121955,-0.00248479,7.73079e-05,-7.37199e-05,-0.000776913,-0.00101799,-0.00121955,0.0344056,0.00185361,-0.00204569,0.000444967,0.000443269,-0.00100465,-0.00248479,0.00185361,0.0289117,0.00011389,-0.000154466,-6.55223e-05,-0.000135139,7.73079e-05,-0.00204569,0.00011389,0.0467493,
0.00307185,0.000671896,-0.000189062,0.00128625,-7.51683e-05,0.000438386,-0.000153791,0.000671896,0.00119799,0.00118477,-0.000117691,-0.000771564,0.00044598,-6.613e-05,-0.000189062,0.00118477,0.00384151,-0.000497928,-0.00102103,-0.00101008,-0.000134025,0.00128625,-0.000117691,-0.000497928,0.00252866,-0.00122085,-0.00248467,7.72666e-05,-7.51683e-05,-0.000771564,-0.00102103,-0.00122085,0.0344085,0.0018522,-0.00204426,0.000438386,0.00044598,-0.00101008,-0.00248467,0.0018522,0.0289149,0.000115623,-0.000153791,-6.613e-05,-0.000134025,7.72666e-05,-0.00204426,0.000115623,0.046749,
0.00307283,0.000674845,-0.00019457,0.00128522,-7.67248e-05,0.000431724,-0.000153112,0.000674845,0.00120111,0.00118554,-0.000115338,-0.000766276,0.000448623,-6.67297e-05,-0.00019457,0.00118554,0.00383999,-0.000497033,-0.00102404,-0.00101548,-0.000132914,0.00128522,-0.000115338,-0.000497033,0.00252526,-0.00122207,-0.00248453,7.72234e-05,-7.67248e-05,-0.000766276,-0.00102404,-0.00122207,0.0344114,0.00185082,-0.00204282,0.000431724,0.000448623,-0.00101548,-0.00248453,0.00185082,0.028918,0.000117374,-0.000153112,-6.67297e-05,-0.000132914,7.72234e-05,-0.00204282,0.000117374,0.0467487,
0.00307387,0.000677797,-0.000200103,0.00128415,-7.83844e-05,0.000424987,-0.000152428,0.000677797,0.00120424,0.00118628,-0.000113004,-0.000761047,0.000451204,-6.73208e-05,-0.000200103,0.00118628,0.00383845,-0.000496141,-0.00102702,-0.00102085,-0.000131807,0.00128415,-0.000113004,-0.000496141,0.00252181,-0.00122323,-0.00248437,7.71775e-05,-7.83845e-05,-0.000761047,-0.00102702,-0.00122323,0.034414,0.00184947,-0.00204135,0.000424987,0.000451204,-0.00102085,-0.00248437,0.00184947,0.0289212,0.000119141,-0.000152428,-6.73208e-05,-0.000131807,7.71775e-05,-0.00204135,0.000119141,0.0467483,
0.00307496,0.000680747,-0.000205652,0.00128304,-8.01418e-05,0.000418185,-0.00015174,0.000680747,0.00120739,0.001187,-0.00011069,-0.000755874,0.000453726,-6.79033e-05,-0.000205652,0.001187,0.00383693,-0.00049525,-0.00102998,-0.00102619,-0.000130705,0.00128304,-0.00011069,-0.00049525,0.00251832,-0.00122433,-0.00248418,7.7128e-05,-8.01417e-05,-0.000755874,-0.00102998,-0.00122433,0.0344165,0.00184814,-0.00203987,0.000418185,0.000453726,-0.00102619,-0.00248418,0.00184814,0.0289243,0.00012092,-0.00015174,-6.79032e-05,-0.000130705,7.7128e-05,-0.00203987,0.00012092,0.046748,
0.00307611,0.000683691,-0.000211214,0.0012819,-8.19915e-05,0.000411323,-0.000151047,0.000683691,0.00121054,0.00118769,-0.000108393,-0.000750757,0.000456192,-6.84769e-05,-0.000211214,0.00118769,0.0038354,-0.000494357,-0.00103292,-0.0010315,-0.000129608,0.0012819,-0.000108393,-0.000494357,0.0025148,-0.00122535,-0.00248397,7.70743e-05,-8.19915e-05,-0.000750757,-0.00103292,-0.00122535,0.0344189,0.00184685,-0.00203836,0.000411323,0.000456192,-0.0010315,-0.00248397,0.00184685,0.0289274,0.000122711,-0.000151047,-6.84769e-05,-0.000129608,7.70742e-05,-0.00203836,0.000122711,0.0467476,
0.00307728,0.000686624,-0.000216783,0.00128073,-8.39286e-05,0.000404407,-0.00015035,0.000686623,0.00121371,0.00118836,-0.000106112,-0.000745694,0.000458605,-6.90417e-05,-0.000216783,0.00118836,0.00383389,-0.00049346,-0.00103584,-0.00103677,-0.000128516,0.00128073,-0.000106112,-0.00049346,0.00251126,-0.00122631,-0.00248372,7.70156e-05,-8.39286e-05,-0.000745694,-0.00103584,-0.00122631,0.0344211,0.00184559,-0.00203683,0.000404407,0.000458605,-0.00103677,-0.00248372,0.00184559,0.0289305,0.00012451,-0.00015035,-6.90417e-05,-0.000128516,7.70157e-05,-0.00203683,0.00012451,0.0467472,
0.00307849,0.000689542,-0.000222356,0.00127954,-8.59486e-05,0.000397442,-0.000149648,0.000689542,0.00121687,0.00118901,-0.000103845,-0.000740685,0.000460967,-6.95975e-05,-0.000222356,0.00118901,0.00383239,-0.000492557,-0.00103874,-0.00104201,-0.00012743,0.00127954,-0.000103845,-0.000492557,0.00250769,-0.00122719,-0.00248344,7.69517e-05,-8.59485e-05,-0.000740685,-0.00103874,-0.00122719,0.0344231,0.00184436,-0.00203529,0.000397442,0.000460967,-0.00104201,-0.00248344,0.00184436,0.0289336,0.000126317,-0.000149648,-6.95975e-05,-0.000127429,7.69517e-05,-0.00203529,0.000126317,0.0467469,
0.00307971,0.000692443,-0.00022793,0.00127833,-8.80469e-05,0.000390433,-0.000148941,0.000692443,0.00122004,0.00118964,-0.000101592,-0.000735727,0.00046328,-7.01444e-05,-0.00022793,0.00118964,0.0038309,-0.000491648,-0.00104163,-0.0010472,-0.000126348,0.00127833,-0.000101592,-0.000491648,0.00250411,-0.00122801,-0.00248312,7.6882e-05,-8.80469e-05,-0.000735727,-0.00104163,-0.00122801,0.034425,0.00184315,-0.00203372,0.000390433,0.00046328,-0.0010472,-0.00248312,0.00184315,0.0289368,0.000128129,-0.000148941,-7.01444e-05,-0.000126348,7.6882e-05,-0.00203372,0.000128129,0.0467465,
0.00308095,0.000695326,-0.000233502,0.0012771,-9.02197e-05,0.000383383,-0.00014823,0.000695326,0.00122321,0.00119024,-9.93517e-05,-0.000730821,0.000465545,-7.06824e-05,-0.000233502,0.00119024,0.00382942,-0.000490729,-0.00104449,-0.00105235,-0.000125272,0.0012771,-9.93517e-05,-0.000490729,0.00250051,-0.00122876,-0.00248276,7.68061e-05,-9.02197e-05,-0.000730821,-0.00104449,-0.00122876,0.0344267,0.00184198,-0.00203214,0.000383383,0.000465545,-0.00105235,-0.00248276,0.00184198,0.0289399,0.000129945,-0.00014823,-7.06824e-05,-0.000125272,7.68061e-05,-0.00203214,0.000129945,0.0467461,
0.00308219,0.000698187,-0.000239069,0.00127586,-9.24635e-05,0.000376297,-0.000147513,0.000698187,0.00122637,0.00119082,-9.71223e-05,-0.000725966,0.000467764,-7.12115e-05,-0.000239069,0.00119082,0.00382796,-0.000489802,-0.00104734,-0.00105746,-0.000124202,0.00127586,-9.71223e-05,-0.000489802,0.0024969,-0.00122945,-0.00248236,7.67238e-05,-9.24635e-05,-0.000725966,-0.00104734,-0.00122945,0.0344283,0.00184084,-0.00203053,0.000376297,0.000467764,-0.00105746,-0.00248236,0.00184084,0.028943,0.000131764,-0.000147513,-7.12115e-05,-0.000124202,7.67237e-05,-0.00203053,0.000131764,0.0467457,
0.00308343,0.000701024,-0.00024463,0.00127461,-9.47748e-05,0.000369176,-0.000146792,0.000701025,0.00122954,0.00119138,-9.49034e-05,-0.000721161,0.000469939,-7.17317e-05,-0.00024463,0.00119138,0.00382652,-0.000488864,-0.00105018,-0.00106252,-0.000123138,0.00127461,-9.49034e-05,-0.000488864,0.00249329,-0.00123006,-0.00248192,7.66347e-05,-9.47748e-05,-0.000721161,-0.00105018,-0.00123006,0.0344297,0.00183973,-0.00202891,0.000369176,0.000469939,-0.00106252,-0.00248192,0.00183973,0.0289461,0.000133585,-0.000146792,-7.17317e-05,-0.000123138,7.66347e-05,-0.00202891,0.000133585,0.0467453,
0.00308467,0.000703838,-0.000250183,0.00127334,-9.71507e-05,0.000362025,-0.000146065,0.000703838,0.0012327,0.00119192,-9.26941e-05,-0.000716405,0.000472069,-7.2243e-05,-0.000250183,0.00119192,0.00382509,-0.000487915,-0.00105299,-0.00106754,-0.000122079,0.00127334,-9.26941e-05,-0.000487915,0.00248966,-0.00123061,-0.00248143,7.65387e-05,-9.71507e-05,-0.000716405,-0.00105299,-0.00123061,0.034431,0.00183864,-0.00202726,0.000362025,0.000472069,-0.00106754,-0.00248143,0.00183864,0.0289492,0.000135406,-0.000146065,-7.22429e-05,-0.000122079,7.65387e-05,-0.00202726,0.000135406,0.0467449,
0.0030859,0.000706626,-0.000255726,0.00127207,-9.95885e-05,0.000354845,-0.000145334,0.000706626,0.00123585,0.00119244,-9.04936e-05,-0.000711697,0.000474157,-7.27454e-05,-0.000255726,0.00119244,0.00382368,-0.000486954,-0.00105579,-0.00107252,-0.000121026,0.00127207,-9.04937e-05,-0.000486954,0.00248604,-0.0012311,-0.0024809,7.64356e-05,-9.95884e-05,-0.000711697,-0.00105579,-0.0012311,0.0344322,0.00183759,-0.0020256,0.000354845,0.000474157,-0.00107252,-0.0024809,0.00183759,0.0289523,0.000137227,-0.000145334,-7.27454e-05,-0.000121026,7.64356e-05,-0.0020256,0.000137227,0.0467446,
0.00308713,0.000709388,-0.000261258,0.00127079,-0.000102085,0.000347639,-0.000144599,0.000709388,0.00123901,0.00119294,-8.83015e-05,-0.000707039,0.000476203,-7.32392e-05,-0.000261258,0.00119294,0.00382229,-0.000485982,-0.00105857,-0.00107745,-0.000119979,0.00127079,-8.83015e-05,-0.000485982,0.00248241,-0.00123151,-0.00248033,7.63252e-05,-0.000102086,-0.000707039,-0.00105857,-0.00123151,0.0344332,0.00183657,-0.00202392,0.000347639,0.000476203,-0.00107745,-0.00248033,0.00183657,0.0289554,0.000139047,-0.000144599,-7.32391e-05,-0.000119979,7.63252e-05,-0.00202392,0.000139047,0.0467442,
0.00308834,0.000712122,-0.000266778,0.00126951,-0.000104639,0.000340409,-0.000143858,0.000712122,0.00124215,0.00119342,-8.6117e-05,-0.000702427,0.000478208,-7.37241e-05,-0.000266778,0.00119342,0.00382092,-0.000484997,-0.00106133,-0.00108233,-0.000118937,0.00126951,-8.6117e-05,-0.000484997,0.00247878,-0.00123186,-0.00247971,7.62074e-05,-0.000104639,-0.000702427,-0.00106133,-0.00123186,0.034434,0.00183558,-0.00202222,0.000340409,0.000478208,-0.00108233,-0.00247971,0.00183558,0.0289585,0.000140865,-0.000143858,-7.37241e-05,-0.000118937,7.62074e-05,-0.00202222,0.000140865,0.0467438,
0.00308954,0.000714828,-0.000272285,0.00126822,-0.000107248,0.000333157,-0.000143113,0.000714828,0.00124529,0.00119388,-8.39397e-05,-0.000697864,0.000480173,-7.42004e-05,-0.000272285,0.00119388,0.00381956,-0.000484,-0.00106408,-0.00108717,-0.000117902,0.00126822,-8.39397e-05,-0.000484,0.00247515,-0.00123214,-0.00247904,7.60821e-05,-0.000107248,-0.000697864,-0.00106408,-0.00123214,0.0344348,0.00183462,-0.00202049,0.000333157,0.000480173,-0.00108717,-0.00247904,0.00183462,0.0289616,0.000142681,-0.000143113,-7.42004e-05,-0.000117902,7.60821e-05,-0.00202049,0.000142681,0.0467433,
0.00309072,0.000717506,-0.000277777,0.00126693,-0.00010991,0.000325885,-0.000142363,0.000717506,0.00124842,0.00119432,-8.17691e-05,-0.000693347,0.000482099,-7.4668e-05,-0.000277777,0.00119432,0.00381822,-0.000482989,-0.00106681,-0.00109196,-0.000116873,0.00126693,-8.17691e-05,-0.000482989,0.00247152,-0.00123236,-0.00247833,7.59492e-05,-0.00010991,-0.000693347,-0.00106681,-0.00123236,0.0344353,0.00183369,-0.00201875,0.000325885,0.000482098,-0.00109196,-0.00247833,0.00183369,0.0289647,0.000144493,-0.000142363,-7.4668e-05,-0.000116873,7.59492e-05,-0.00201875,0.000144493,0.0467429,
0.00309188,0.000720155,-0.000283255,0.00126563,-0.000112622,0.000318594,-0.000141609,0.000720155,0.00125155,0.00119475,-7.96048e-05,-0.000688877,0.000483985,-7.51271e-05,-0.000283255,0.00119475,0.00381691,-0.000481966,-0.00106952,-0.00109671,-0.000115849,0.00126563,-7.96048e-05,-0.000481966,0.0024679,-0.00123251,-0.00247757,7.58087e-05,-0.000112622,-0.000688877,-0.00106952,-0.00123251,0.0344358,0.00183279,-0.002017,0.000318594,0.000483985,-0.00109671,-0.00247757,0.00183279,0.0289678,0.000146302,-0.000141609,-7.51271e-05,-0.000115849,7.58087e-05,-0.002017,0.000146302,0.0467425,
0.00309303,0.000722775,-0.000288717,0.00126433,-0.000115384,0.000311286,-0.00014085,0.000722775,0.00125467,0.00119515,-7.74464e-05,-0.000684453,0.000485833,-7.55776e-05,-0.000288717,0.00119515,0.00381561,-0.00048093,-0.00107221,-0.00110141,-0.000114832,0.00126433,-7.74464e-05,-0.00048093,0.00246428,-0.0012326,-0.00247677,7.56605e-05,-0.000115384,-0.000684453,-0.00107221,-0.0012326,0.0344361,0.00183193,-0.00201522,0.000311286,0.000485833,-0.00110141,-0.00247677,0.00183193,0.0289709,0.000148106,-0.00014085,-7.55776e-05,-0.000114832,7.56605e-05,-0.00201522,0.000148106,0.0467421,
0.00309416,0.000725365,-0.000294163,0.00126304,-0.000118193,0.000303963,-0.000140088,0.000725365,0.00125778,0.00119554,-7.52935e-05,-0.000680075,0.000487644,-7.60197e-05,-0.000294163,0.00119554,0.00381432,-0.000479881,-0.00107488,-0.00110607,-0.000113821,0.00126304,-7.52935e-05,-0.000479881,0.00246066,-0.00123262,-0.00247592,7.55045e-05,-0.000118193,-0.000680075,-0.00107488,-0.00123262,0.0344363,0.0018311,-0.00201342,0.000303963,0.000487644,-0.00110607,-0.00247592,0.0018311,0.028974,0.000149906,-0.000140088,-7.60197e-05,-0.000113821,7.55045e-05,-0.00201342,0.000149906,0.0467417,
0.00309527,0.000727926,-0.000299593,0.00126174,-0.000121048,0.000296625,-0.000139321,0.000727926,0.00126088,0.00119591,-7.31459e-05,-0.000675743,0.000489417,-7.64533e-05,-0.000299593,0.00119591,0.00381306,-0.000478819,-0.00107754,-0.00111068,-0.000112815,0.00126174,-7.31459e-05,-0.000478819,0.00245705,-0.00123258,-0.00247502,7.53409e-05,-0.000121048,-0.000675743,-0.00107754,-0.00123258,0.0344363,0.0018303,-0.00201161,0.000296625,0.000489417,-0.00111068,-0.00247502,0.0018303,0.0289771,0.0001517,-0.000139321,-7.64533e-05,-0.000112815,7.53409e-05,-0.00201161,0.000151701,0.0467413,
0.00309635,0.000730456,-0.000305005,0.00126044,-0.000123948,0.000289274,-0.00013855,0.000730456,0.00126397,0.00119627,-7.10033e-05,-0.000671456,0.000491154,-7.68786e-05,-0.000305005,0.00119627,0.00381181,-0.000477744,-0.00108017,-0.00111525,-0.000111816,0.00126044,-7.10033e-05,-0.000477744,0.00245344,-0.00123247,-0.00247407,7.51695e-05,-0.000123948,-0.000671456,-0.00108017,-0.00123247,0.0344363,0.00182953,-0.00200978,0.000289274,0.000491154,-0.00111525,-0.00247407,0.00182953,0.0289803,0.000153489,-0.00013855,-7.68786e-05,-0.000111816,7.51695e-05,-0.00200978,0.000153489,0.0467409,
0.00309742,0.000732957,-0.000310399,0.00125914,-0.000126891,0.000281911,-0.000137776,0.000732957,0.00126706,0.00119661,-6.88655e-05,-0.000667215,0.000492855,-7.72956e-05,-0.000310399,0.00119661,0.00381059,-0.000476657,-0.00108279,-0.00111977,-0.000110823,0.00125914,-6.88655e-05,-0.000476657,0.00244984,-0.0012323,-0.00247308,7.49903e-05,-0.000126891,-0.000667215,-0.00108279,-0.0012323,0.0344361,0.00182879,-0.00200793,0.000281911,0.000492855,-0.00111977,-0.00247308,0.00182879,0.0289834,0.000155272,-0.000137776,-7.72956e-05,-0.000110823,7.49903e-05,-0.00200793,0.000155272,0.0467405,
0.00309846,0.000735428,-0.000315776,0.00125784,-0.000129875,0.000274537,-0.000136997,0.000735428,0.00127013,0.00119693,-6.67322e-05,-0.000663018,0.00049452,-7.77044e-05,-0.000315776,0.00119693,0.00380938,-0.000475556,-0.00108539,-0.00112425,-0.000109835,0.00125784,-6.67322e-05,-0.000475556,0.00244624,-0.00123207,-0.00247204,7.48035e-05,-0.000129875,-0.000663018,-0.00108539,-0.00123207,0.0344357,0.00182809,-0.00200606,0.000274537,0.00049452,-0.00112425,-0.00247204,0.00182809,0.0289865,0.000157049,-0.000136997,-7.77044e-05,-0.000109835,7.48034e-05,-0.00200606,0.000157049,0.04674,
0.00309949,0.000737869,-0.000321134,0.00125654,-0.0001329,0.000267153,-0.000136215,0.000737869,0.00127319,0.00119724,-6.46032e-05,-0.000658865,0.000496149,-7.8105e-05,-0.000321134,0.00119724,0.00380819,-0.000474442,-0.00108797,-0.00112868,-0.000108854,0.00125654,-6.46032e-05,-0.000474443,0.00244265,-0.00123177,-0.00247095,7.46089e-05,-0.0001329,-0.000658866,-0.00108797,-0.00123177,0.0344353,0.00182742,-0.00200418,0.000267153,0.000496149,-0.00112868,-0.00247095,0.00182742,0.0289896,0.000158819,-0.000136215,-7.8105e-05,-0.000108854,7.46089e-05,-0.00200418,0.000158819,0.0467396,
0.00310049,0.00074028,-0.000326474,0.00125525,-0.000135965,0.00025976,-0.00013543,0.00074028,0.00127625,0.00119753,-6.24783e-05,-0.000654758,0.000497744,-7.84975e-05,-0.000326474,0.00119753,0.00380701,-0.000473317,-0.00109054,-0.00113307,-0.000107879,0.00125525,-6.24783e-05,-0.000473317,0.00243907,-0.00123142,-0.00246982,7.44067e-05,-0.000135965,-0.000654758,-0.00109054,-0.00123142,0.0344347,0.00182679,-0.00200227,0.00025976,0.000497744,-0.00113307,-0.00246982,0.00182679,0.0289928,0.000160582,-0.00013543,-7.84975e-05,-0.000107879,7.44066e-05,-0.00200227,0.000160582,0.0467392,
0.00310147,0.000742661,-0.000331795,0.00125395,-0.000139067,0.000252359,-0.000134641,0.000742661,0.00127929,0.00119781,-6.03574e-05,-0.000650694,0.000499304,-7.88819e-05,-0.000331795,0.00119781,0.00380586,-0.000472178,-0.00109308,-0.00113741,-0.000106909,0.00125395,-6.03574e-05,-0.000472178,0.0024355,-0.001231,-0.00246865,7.41968e-05,-0.000139067,-0.000650694,-0.00109308,-0.001231,0.034434,0.00182619,-0.00200035,0.000252359,0.000499304,-0.00113741,-0.00246865,0.00182619,0.0289959,0.000162338,-0.000134641,-7.88819e-05,-0.000106909,7.41968e-05,-0.00200035,0.000162338,0.0467388,
0.00310243,0.000745013,-0.000337097,0.00125265,-0.000142207,0.000244951,-0.000133849,0.000745013,0.00128233,0.00119807,-5.82403e-05,-0.000646674,0.00050083,-7.92584e-05,-0.000337097,0.00119807,0.00380472,-0.000471027,-0.00109561,-0.00114171,-0.000105946,0.00125265,-5.82403e-05,-0.000471027,0.00243193,-0.00123052,-0.00246742,7.39793e-05,-0.000142207,-0.000646674,-0.00109561,-0.00123052,0.0344332,0.00182562,-0.00199842,0.000244951,0.00050083,-0.00114171,-0.00246742,0.00182562,0.0289991,0.000164086,-0.000133849,-7.92584e-05,-0.000105946,7.39793e-05,-0.00199842,0.000164086,0.0467383,
0.00310337,0.000747335,-0.000342379,0.00125136,-0.000145382,0.000237536,-0.000133054,0.000747335,0.00128535,0.00119832,-5.61268e-05,-0.000642697,0.000502322,-7.96269e-05,-0.000342379,0.00119832,0.00380359,-0.000469865,-0.00109811,-0.00114597,-0.000104989,0.00125136,-5.61268e-05,-0.000469865,0.00242837,-0.00122998,-0.00246615,7.37543e-05,-0.000145382,-0.000642697,-0.00109811,-0.00122998,0.0344323,0.00182509,-0.00199647,0.000237536,0.000502322,-0.00114597,-0.00246615,0.00182509,0.0290022,0.000165827,-0.000133054,-7.9627e-05,-0.000104989,7.37542e-05,-0.00199647,0.000165827,0.0467379,
0.00310429,0.000749627,-0.000347642,0.00125007,-0.000148592,0.000230116,-0.000132256,0.000749627,0.00128837,0.00119855,-5.40169e-05,-0.000638764,0.000503781,-7.99876e-05,-0.000347642,0.00119855,0.00380249,-0.00046869,-0.0011006,-0.00115018,-0.000104038,0.00125007,-5.40168e-05,-0.00046869,0.00242482,-0.00122938,-0.00246484,7.35217e-05,-0.000148592,-0.000638764,-0.0011006,-0.00122938,0.0344312,0.00182459,-0.0019945,0.000230116,0.000503781,-0.00115018,-0.00246484,0.00182459,0.0290054,0.00016756,-0.000132256,-7.99876e-05,-0.000104038,7.35217e-05,-0.0019945,0.00016756,0.0467375,
0.00310519,0.00075189,-0.000352885,0.00124878,-0.000151835,0.000222691,-0.000131456,0.00075189,0.00129137,0.00119877,-5.19103e-05,-0.000634874,0.000505207,-8.03405e-05,-0.000352885,0.00119877,0.0038014,-0.000467503,-0.00110306,-0.00115435,-0.000103093,0.00124878,-5.19103e-05,-0.000467503,0.00242128,-0.00122872,-0.00246348,7.32817e-05,-0.000151835,-0.000634874,-0.00110306,-0.00122872,0.03443,0.00182413,-0.00199251,0.000222691,0.000505207,-0.00115435,-0.00246348,0.00182413,0.0290085,0.000169285,-0.000131456,-8.03405e-05,-0.000103093,7.32817e-05,-0.00199251,0.000169285,0.0467371,
0.00310607,0.000754124,-0.000358108,0.00124749,-0.000155112,0.000215262,-0.000130652,0.000754124,0.00129436,0.00119898,-4.9807e-05,-0.000631026,0.0005066,-8.06857e-05,-0.000358108,0.00119898,0.00380033,-0.000466305,-0.00110551,-0.00115848,-0.000102153,0.00124749,-4.9807e-05,-0.000466305,0.00241775,-0.001228,-0.00246207,7.30343e-05,-0.000155112,-0.000631026,-0.00110551,-0.001228,0.0344288,0.0018237,-0.00199051,0.000215262,0.0005066,-0.00115848,-0.00246207,0.0018237,0.0290117,0.000171001,-0.000130652,-8.06857e-05,-0.000102153,7.30342e-05,-0.00199051,0.000171001,0.0467366,
0.00310692,0.000756329,-0.000363312,0.0012462,-0.00015842,0.00020783,-0.000129846,0.000756329,0.00129734,0.00119917,-4.77069e-05,-0.000627222,0.000507961,-8.10232e-05,-0.000363312,0.00119917,0.00379927,-0.000465095,-0.00110794,-0.00116256,-0.00010122,0.0012462,-4.77069e-05,-0.000465095,0.00241422,-0.00122722,-0.00246063,7.27795e-05,-0.00015842,-0.000627222,-0.00110794,-0.00122722,0.0344274,0.0018233,-0.0019885,0.00020783,0.000507961,-0.00116256,-0.00246063,0.0018233,0.0290149,0.00017271,-0.000129846,-8.10232e-05,-0.00010122,7.27795e-05,-0.0019885,0.00017271,0.0467362,
0.00310776,0.000758506,-0.000368495,0.00124491,-0.000161759,0.000200395,-0.000129038,0.000758506,0.00130031,0.00119935,-4.56099e-05,-0.000623459,0.00050929,-8.13531e-05,-0.000368495,0.00119935,0.00379823,-0.000463874,-0.00111034,-0.0011666,-0.000100293,0.00124491,-4.56098e-05,-0.000463874,0.00241071,-0.00122638,-0.00245913,7.25175e-05,-0.000161759,-0.000623459,-0.00111034,-0.00122638,0.0344259,0.00182294,-0.00198646,0.000200395,0.00050929,-0.0011666,-0.00245913,0.00182294,0.0290181,0.000174409,-0.000129038,-8.13531e-05,-0.000100293,7.25174e-05,-0.00198646,0.000174409,0.0467358,
0.00310858,0.000760653,-0.000373658,0.00124363,-0.000165128,0.000192958,-0.000128227,0.000760653,0.00130327,0.00119951,-4.35158e-05,-0.000619739,0.000510587,-8.16754e-05,-0.000373658,0.00119951,0.00379721,-0.000462642,-0.00111273,-0.0011706,-9.93719e-05,0.00124363,-4.35158e-05,-0.000462642,0.0024072,-0.00122549,-0.0024576,7.22482e-05,-0.000165128,-0.000619739,-0.00111273,-0.00122549,0.0344243,0.00182262,-0.00198442,0.000192958,0.000510587,-0.0011706,-0.0024576,0.00182262,0.0290212,0.0001761,-0.000128227,-8.16755e-05,-9.93719e-05,7.22482e-05,-0.00198442,0.0001761,0.0467353,
0.00310938,0.000762772,-0.000378801,0.00124235,-0.000168525,0.000185519,-0.000127414,0.000762772,0.00130621,0.00119967,-4.14246e-05,-0.000616061,0.000511853,-8.19904e-05,-0.000378801,0.00119967,0.0037962,-0.000461399,-0.0011151,-0.00117456,-9.84567e-05,0.00124235,-4.14246e-05,-0.000461399,0.0024037,-0.00122454,-0.00245602,7.19717e-05,-0.000168526,-0.000616061,-0.0011151,-0.00122454,0.0344225,0.00182233,-0.00198235,0.000185519,0.000511853,-0.00117456,-0.00245602,0.00182233,0.0290244,0.000177782,-0.000127414,-8.19904e-05,-9.84566e-05,7.19717e-05,-0.00198235,0.000177782,0.0467349,
0.00311016,0.000764863,-0.000383923,0.00124106,-0.000171951,0.00017808,-0.0001266,0.000764863,0.00130915,0.00119981,-3.93362e-05,-0.000612424,0.000513088,-8.22979e-05,-0.000383923,0.00119981,0.00379521,-0.000460145,-0.00111745,-0.00117848,-9.75474e-05,0.00124106,-3.93362e-05,-0.000460146,0.00240021,-0.00122353,-0.00245439,7.16881e-05,-0.000171951,-0.000612424,-0.00111745,-0.00122353,0.0344207,0.00182207,-0.00198027,0.00017808,0.000513088,-0.00117848,-0.00245439,0.00182207,0.0290276,0.000179455,-0.0001266,-8.22979e-05,-9.75474e-05,7.16881e-05,-0.00198027,0.000179455,0.0467345,
0.00311092,0.000766926,-0.000389025,0.00123978,-0.000175404,0.000170641,-0.000125783,0.000766926,0.00131207,0.00119994,-3.72506e-05,-0.000608829,0.000514291,-8.2598e-05,-0.000389025,0.00119994,0.00379423,-0.000458881,-0.00111978,-0.00118235,-9.66441e-05,0.00123978,-3.72506e-05,-0.000458881,0.00239673,-0.00122246,-0.00245273,7.13976e-05,-0.000175404,-0.000608829,-0.00111978,-0.00122246,0.0344188,0.00182185,-0.00197818,0.000170641,0.000514291,-0.00118235,-0.00245273,0.00182185,0.0290308,0.000181119,-0.000125783,-8.2598e-05,-9.66441e-05,7.13976e-05,-0.00197818,0.000181119,0.0467341,
0.00311166,0.000768961,-0.000394106,0.00123851,-0.000178883,0.000163202,-0.000124965,0.000768961,0.00131498,0.00120005,-3.51676e-05,-0.000605275,0.000515465,-8.28909e-05,-0.000394106,0.00120005,0.00379327,-0.000457607,-0.00112208,-0.00118619,-9.57467e-05,0.00123851,-3.51676e-05,-0.000457607,0.00239327,-0.00122134,-0.00245102,7.11e-05,-0.000178883,-0.000605275,-0.00112208,-0.00122134,0.0344167,0.00182167,-0.00197607,0.000163202,0.000515465,-0.00118619,-0.00245102,0.00182167,0.029034,0.000182774,-0.000124964,-8.28909e-05,-9.57467e-05,7.11e-05,-0.00197607,0.000182774,0.0467336,
0.00311239,0.000770969,-0.000399166,0.00123723,-0.000182388,0.000155765,-0.000124144,0.000770969,0.00131788,0.00120016,-3.30872e-05,-0.000601762,0.000516608,-8.31766e-05,-0.000399166,0.00120016,0.00379232,-0.000456322,-0.00112437,-0.00118999,-9.48552e-05,0.00123723,-3.30872e-05,-0.000456322,0.0023898,-0.00122017,-0.00244927,7.07955e-05,-0.000182388,-0.000601762,-0.00112437,-0.00122017,0.0344146,0.00182152,-0.00197395,0.000155765,0.000516608,-0.00118999,-0.00244927,0.00182152,0.0290372,0.000184419,-0.000124144,-8.31766e-05,-9.48552e-05,7.07955e-05,-0.00197395,0.000184419,0.0467332,
0.00311309,0.000772949,-0.000404206,0.00123596,-0.000185917,0.000148329,-0.000123323,0.000772949,0.00132077,0.00120025,-3.10093e-05,-0.000598289,0.000517721,-8.34551e-05,-0.000404206,0.00120025,0.00379139,-0.000455027,-0.00112664,-0.00119374,-9.39697e-05,0.00123596,-3.10093e-05,-0.000455027,0.00238635,-0.00121894,-0.00244747,7.04843e-05,-0.000185917,-0.000598289,-0.00112664,-0.00121894,0.0344123,0.0018214,-0.00197182,0.000148329,0.000517721,-0.00119374,-0.00244747,0.0018214,0.0290405,0.000186055,-0.000123323,-8.34551e-05,-9.39697e-05,7.04842e-05,-0.00197182,0.000186055,0.0467328,
0.00311378,0.000774902,-0.000409225,0.00123468,-0.00018947,0.000140895,-0.0001225,0.000774902,0.00132364,0.00120033,-2.89339e-05,-0.000594857,0.000518805,-8.37266e-05,-0.000409225,0.00120033,0.00379047,-0.000453722,-0.00112889,-0.00119746,-9.30901e-05,0.00123468,-2.89339e-05,-0.000453722,0.00238291,-0.00121765,-0.00244564,7.01662e-05,-0.00018947,-0.000594857,-0.00112889,-0.00121765,0.03441,0.00182133,-0.00196967,0.000140895,0.000518805,-0.00119746,-0.00244564,0.00182133,0.0290437,0.000187681,-0.0001225,-8.37266e-05,-9.30901e-05,7.01662e-05,-0.00196967,0.000187681,0.0467323,
0.00311446,0.000776828,-0.000414224,0.00123341,-0.000193046,0.000133464,-0.000121675,0.000776828,0.0013265,0.0012004,-2.68609e-05,-0.000591465,0.00051986,-8.3991e-05,-0.000414224,0.0012004,0.00378956,-0.000452408,-0.00113112,-0.00120113,-9.22164e-05,0.00123341,-2.68609e-05,-0.000452408,0.00237948,-0.00121631,-0.00244376,6.98415e-05,-0.000193046,-0.000591465,-0.00113112,-0.00121631,0.0344076,0.00182128,-0.0019675,0.000133464,0.00051986,-0.00120114,-0.00244376,0.00182128,0.0290469,0.000189298,-0.000121675,-8.3991e-05,-9.22164e-05,6.98415e-05,-0.0019675,0.000189298,0.0467319,
0.00311511,0.000778727,-0.000419201,0.00123215,-0.000196645,0.000126036,-0.00012085,0.000778727,0.00132935,0.00120046,-2.47903e-05,-0.000588113,0.000520885,-8.42485e-05,-0.000419201,0.00120046,0.00378867,-0.000451084,-0.00113333,-0.00120477,-9.13485e-05,0.00123215,-2.47903e-05,-0.000451084,0.00237606,-0.00121492,-0.00244185,6.95102e-05,-0.000196644,-0.000588113,-0.00113333,-0.00121492,0.034405,0.00182127,-0.00196533,0.000126036,0.000520885,-0.00120477,-0.00244185,0.00182127,0.0290501,0.000190905,-0.00012085,-8.42485e-05,-9.13485e-05,6.95102e-05,-0.00196533,0.000190905,0.0467315,
0.00311575,0.0007806,-0.000424158,0.00123088,-0.000200264,0.000118611,-0.000120023,0.0007806,0.00133219,0.0012005,-2.27219e-05,-0.0005848,0.000521882,-8.44991e-05,-0.000424158,0.0012005,0.00378779,-0.000449751,-0.00113551,-0.00120837,-9.04865e-05,0.00123088,-2.27219e-05,-0.000449751,0.00237265,-0.00121347,-0.00243989,6.91724e-05,-0.000200264,-0.0005848,-0.00113551,-0.00121347,0.0344024,0.0018213,-0.00196314,0.000118611,0.000521882,-0.00120837,-0.00243989,0.0018213,0.0290534,0.000192502,-0.000120023,-8.44991e-05,-9.04865e-05,6.91723e-05,-0.00196314,0.000192502,0.046731,
0.00311638,0.000782447,-0.000429093,0.00122961,-0.000203905,0.000111191,-0.000119196,0.000782447,0.00133502,0.00120054,-2.06559e-05,-0.000581527,0.000522851,-8.47429e-05,-0.000429093,0.00120054,0.00378693,-0.000448409,-0.00113768,-0.00121193,-8.96303e-05,0.00122961,-2.06558e-05,-0.000448409,0.00236925,-0.00121198,-0.00243789,6.88281e-05,-0.000203905,-0.000581527,-0.00113768,-0.00121198,0.0343996,0.00182136,-0.00196093,0.000111191,0.000522851,-0.00121193,-0.00243789,0.00182136,0.0290566,0.00019409,-0.000119196,-8.47429e-05,-8.96303e-05,6.88281e-05,-0.00196093,0.00019409,0.0467306,
0.00311699,0.000784268,-0.000434008,0.00122835,-0.000207565,0.000103776,-0.000118367,0.000784268,0.00133783,0.00120057,-1.8592e-05,-0.000578293,0.000523791,-8.49799e-05,-0.000434008,0.00120057,0.00378608,-0.000447058,-0.00113983,-0.00121546,-8.878e-05,0.00122835,-1.8592e-05,-0.000447058,0.00236586,-0.00121043,-0.00243585,6.84774e-05,-0.000207565,-0.000578293,-0.00113983,-0.00121043,0.0343968,0.00182146,-0.00195872,0.000103776,0.000523791,-0.00121546,-0.00243585,0.00182146,0.0290598,0.000195667,-0.000118367,-8.498e-05,-8.878e-05,6.84774e-05,-0.00195872,0.000195667,0.0467302,
0.00311758,0.000786063,-0.000438902,0.00122708,-0.000211244,9.63657e-05,-0.000117538,0.000786063,0.00134063,0.00120058,-1.65303e-05,-0.000575098,0.000524703,-8.52103e-05,-0.000438902,0.00120058,0.00378524,-0.000445698,-0.00114196,-0.00121894,-8.79355e-05,0.00122708,-1.65303e-05,-0.000445698,0.00236248,-0.00120883,-0.00243378,6.81204e-05,-0.000211244,-0.000575098,-0.00114196,-0.00120883,0.0343939,0.00182159,-0.00195649,9.63657e-05,0.000524704,-0.00121894,-0.00243378,0.00182159,0.0290631,0.000197235,-0.000117538,-8.52103e-05,-8.79354e-05,6.81204e-05,-0.00195649,0.000197235,0.0467297,
0.00311816,0.000787832,-0.000443775,0.00122582,-0.000214942,8.89612e-05,-0.000116708,0.000787832,0.00134342,0.00120059,-1.44707e-05,-0.000571942,0.000525588,-8.5434e-05,-0.000443775,0.00120059,0.00378441,-0.00044433,-0.00114406,-0.00122239,-8.70967e-05,0.00122582,-1.44707e-05,-0.00044433,0.00235911,-0.00120717,-0.00243166,6.77572e-05,-0.000214942,-0.000571942,-0.00114406,-0.00120717,0.0343909,0.00182176,-0.00195424,8.89612e-05,0.000525588,-0.00122239,-0.00243166,0.00182176,0.0290664,0.000198792,-0.000116708,-8.5434e-05,-8.70967e-05,6.77572e-05,-0.00195424,0.000198792,0.0467293,
0.00311873,0.000789577,-0.000448627,0.00122456,-0.000218658,8.15628e-05,-0.000115878,0.000789577,0.00134619,0.00120059,-1.24133e-05,-0.000568824,0.000526446,-8.56512e-05,-0.000448627,0.00120059,0.0037836,-0.000442953,-0.00114615,-0.0012258,-8.62638e-05,0.00122456,-1.24133e-05,-0.000442953,0.00235575,-0.00120547,-0.00242951,6.73878e-05,-0.000218658,-0.000568824,-0.00114615,-0.00120547,0.0343878,0.00182196,-0.00195199,8.15628e-05,0.000526446,-0.0012258,-0.00242951,0.00182196,0.0290696,0.000200339,-0.000115878,-8.56512e-05,-8.62638e-05,6.73878e-05,-0.00195199,0.000200339,0.0467289,
0.00311928,0.000791296,-0.000453458,0.0012233,-0.00022239,7.41708e-05,-0.000115048,0.000791296,0.00134896,0.00120057,-1.03579e-05,-0.000565744,0.000527276,-8.58618e-05,-0.000453458,0.00120057,0.0037828,-0.000441569,-0.00114822,-0.00122918,-8.54366e-05,0.0012233,-1.03579e-05,-0.000441569,0.0023524,-0.00120372,-0.00242731,6.70123e-05,-0.00022239,-0.000565744,-0.00114822,-0.00120372,0.0343846,0.00182219,-0.00194972,7.41708e-05,0.000527276,-0.00122918,-0.00242731,0.00182219,0.0290729,0.000201876,-0.000115048,-8.58619e-05,-8.54365e-05,6.70123e-05,-0.00194972,0.000201876,0.0467284,
0.00311982,0.00079299,-0.000458268,0.00122205,-0.00022614,6.67859e-05,-0.000114217,0.00079299,0.0013517,0.00120055,-8.30447e-06,-0.000562702,0.00052808,-8.60661e-05,-0.000458268,0.00120055,0.00378201,-0.000440176,-0.00115026,-0.00123252,-8.46151e-05,0.00122205,-8.30447e-06,-0.000440176,0.00234906,-0.00120192,-0.00242508,6.66309e-05,-0.00022614,-0.000562702,-0.00115026,-0.00120192,0.0343813,0.00182246,-0.00194744,6.67859e-05,0.00052808,-0.00123252,-0.00242508,0.00182246,0.0290761,0.000203403,-0.000114217,-8.60661e-05,-8.46151e-05,6.66309e-05,-0.00194744,0.000203403,0.046728,
0.00312034,0.00079466,-0.000463057,0.00122079,-0.000229904,5.94083e-05,-0.000113385,0.00079466,0.00135444,0.00120052,-6.25311e-06,-0.000559697,0.000528857,-8.6264e-05,-0.000463057,0.00120052,0.00378124,-0.000438775,-0.00115229,-0.00123582,-8.37994e-05,0.00122079,-6.25311e-06,-0.000438775,0.00234574,-0.00120007,-0.00242281,6.62435e-05,-0.000229904,-0.000559697,-0.00115229,-0.00120007,0.0343779,0.00182277,-0.00194515,5.94083e-05,0.000528857,-0.00123582,-0.00242281,0.00182277,0.0290794,0.00020492,-0.000113385,-8.6264e-05,-8.37994e-05,6.62435e-05,-0.00194515,0.00020492,0.0467276,
0.00312085,0.000796306,-0.000467825,0.00121954,-0.000233684,5.20386e-05,-0.000112554,0.000796306,0.00135716,0.00120048,-4.20367e-06,-0.00055673,0.000529608,-8.64555e-05,-0.000467825,0.00120048,0.00378047,-0.000437366,-0.0011543,-0.00123909,-8.29893e-05,0.00121954,-4.20369e-06,-0.000437366,0.00234242,-0.00119817,-0.0024205,6.58503e-05,-0.000233684,-0.00055673,-0.0011543,-0.00119817,0.0343745,0.00182311,-0.00194285,5.20386e-05,0.000529608,-0.00123909,-0.0024205,0.00182311,0.0290827,0.000206426,-0.000112554,-8.64556e-05,-8.29893e-05,6.58503e-05,-0.00194285,0.000206426,0.0467272,
0.00312135,0.000797928,-0.000472572,0.00121828,-0.000237478,4.4677e-05,-0.000111723,0.000797928,0.00135987,0.00120043,-2.15622e-06,-0.0005538,0.000530333,-8.66409e-05,-0.000472572,0.00120043,0.00377972,-0.00043595,-0.00115629,-0.00124233,-8.2185e-05,0.00121828,-2.15622e-06,-0.00043595,0.00233912,-0.00119623,-0.00241816,6.54513e-05,-0.000237478,-0.0005538,-0.00115629,-0.00119623,0.034371,0.00182348,-0.00194053,4.4677e-05,0.000530333,-0.00124233,-0.00241816,0.00182348,0.029086,0.000207923,-0.000111723,-8.66409e-05,-8.2185e-05,6.54513e-05,-0.00194053,0.000207923,0.0467267,
0.00312184,0.000799525,-0.000477298,0.00121703,-0.000241286,3.7324e-05,-0.000110892,0.000799525,0.00136257,0.00120037,-1.10661e-07,-0.000550907,0.000531032,-8.68201e-05,-0.000477298,0.00120037,0.00377898,-0.000434527,-0.00115825,-0.00124552,-8.13863e-05,0.00121703,-1.10661e-07,-0.000434527,0.00233582,-0.00119423,-0.00241578,6.50466e-05,-0.000241286,-0.000550907,-0.00115825,-0.00119423,0.0343673,0.00182389,-0.00193821,3.7324e-05,0.000531032,-0.00124552,-0.00241578,0.00182389,0.0290893,0.000209408,-0.000110892,-8.68201e-05,-8.13863e-05,6.50466e-05,-0.00193821,0.000209408,0.0467263,
0.00312231,0.000801099,-0.000482003,0.00121578,-0.000245107,2.99801e-05,-0.00011006,0.000801099,0.00136526,0.0012003,1.93301e-06,-0.00054805,0.000531706,-8.69931e-05,-0.000482003,0.0012003,0.00377825,-0.000433096,-0.0011602,-0.00124869,-8.05932e-05,0.00121578,1.93301e-06,-0.000433096,0.00233254,-0.0011922,-0.00241336,6.46363e-05,-0.000245107,-0.00054805,-0.0011602,-0.0011922,0.0343636,0.00182433,-0.00193587,2.99801e-05,0.000531706,-0.00124869,-0.00241336,0.00182433,0.0290925,0.000210884,-0.00011006,-8.69931e-05,-8.05932e-05,6.46364e-05,-0.00193587,0.000210884,0.0467259,
0.00312277,0.00080265,-0.000486688,0.00121453,-0.00024894,2.26455e-05,-0.00010923,0.00080265,0.00136793,0.00120022,3.97479e-06,-0.00054523,0.000532355,-8.71601e-05,-0.000486688,0.00120022,0.00377753,-0.000431658,-0.00116213,-0.00125182,-7.98058e-05,0.00121453,3.97479e-06,-0.000431658,0.00232926,-0.00119011,-0.00241091,6.42205e-05,-0.00024894,-0.000545229,-0.00116213,-0.00119011,0.0343598,0.00182481,-0.00193352,2.26455e-05,0.000532355,-0.00125182,-0.00241091,0.00182481,0.0290958,0.000212349,-0.00010923,-8.71601e-05,-7.98057e-05,6.42205e-05,-0.00193352,0.000212349,0.0467254,
0.00312322,0.000804178,-0.000491351,0.00121328,-0.000252786,1.53206e-05,-0.000108399,0.000804178,0.00137059,0.00120014,6.01472e-06,-0.000542445,0.000532978,-8.73211e-05,-0.000491351,0.00120014,0.00377682,-0.000430214,-0.00116403,-0.00125491,-7.90239e-05,0.00121328,6.01472e-06,-0.000430214,0.002326,-0.00118798,-0.00240842,6.37992e-05,-0.000252786,-0.000542445,-0.00116403,-0.00118798,0.034356,0.00182532,-0.00193116,1.53206e-05,0.000532978,-0.00125491,-0.00240842,0.00182532,0.0290991,0.000213803,-0.000108399,-8.73212e-05,-7.90239e-05,6.37992e-05,-0.00193116,0.000213803,0.046725,
0.00312366,0.000805682,-0.000495994,0.00121204,-0.000256642,8.00587e-06,-0.000107569,0.000805682,0.00137323,0.00120004,8.05284e-06,-0.000539696,0.000533577,-8.74762e-05,-0.000495994,0.00120004,0.00377613,-0.000428762,-0.00116592,-0.00125798,-7.82477e-05,0.00121204,8.05281e-06,-0.000428762,0.00232275,-0.0011858,-0.0024059,6.33725e-05,-0.000256642,-0.000539696,-0.00116592,-0.0011858,0.034352,0.00182586,-0.00192879,8.00587e-06,0.000533577,-0.00125798,-0.0024059,0.00182586,0.0291024,0.000215247,-0.000107569,-8.74762e-05,-7.82477e-05,6.33725e-05,-0.00192879,0.000215247,0.0467246,
