0.00295826,0.00020465,-0.00183032,0.000286581,-0.00132256,-0.000738279,2.95251e-05,0.00020465,0.00115676,0.000218268,0.00128153,-9.27155e-05,-0.000115261,1.4473e-05,-0.00183032,0.000218268,0.00315888,0.000262534,-0.00143664,-0.000764525,3.39358e-05,0.000286581,0.00128153,0.000262534,0.00318659,2.52747e-05,-0.00186899,-3.09852e-05,-0.00132256,-9.27155e-05,-0.00143664,2.52747e-05,0.0285033,0.00131356,-0.000325847,-0.000738279,-0.000115261,-0.000764525,-0.00186899,0.00131356,0.0271289,0.000314445,2.95251e-05,1.4473e-05,3.39358e-05,-3.09852e-05,-0.000325847,0.000314445,0.0466133,
0.0029603,0.000204444,-0.00183099,0.000285214,-0.0013235,-0.000739916,2.95781e-05,0.000204444,0.00115662,0.000217644,0.00128099,-9.45186e-05,-0.000119311,1.46639e-05,-0.00183099,0.000217644,0.00315568,0.000262143,-0.00143576,-0.000766488,3.39078e-05,0.000285214,0.00128099,0.000262143,0.00318543,2.83926e-05,-0.00186803,-3.11384e-05,-0.0013235,-9.45186e-05,-0.00143576,2.83926e-05,0.0284859,0.00131472,-0.000321174,-0.000739916,-0.000119311,-0.000766488,-0.00186803,0.00131472,0.0271251,0.000314951,2.95782e-05,1.46639e-05,3.39079e-05,-3.11383e-05,-0.000321174,0.000314951,0.0466133,
0.0029633,0.000204199,-0.00183146,0.000283439,-0.0013257,-0.000742502,2.95859e-05,0.000204199,0.0011564,0.000216838,0.00128046,-9.71242e-05,-0.000124824,1.48722e-05,-0.00183146,0.000216838,0.00315195,0.000261633,-0.00143557,-0.000769491,3.38072e-05,0.000283439,0.00128046,0.000261633,0.00318429,3.35342e-05,-0.00186539,-3.14012e-05,-0.0013257,-9.71242e-05,-0.00143557,3.35342e-05,0.028461,0.00131612,-0.000314158,-0.000742502,-0.000124824,-0.000769491,-0.00186539,0.00131612,0.0271173,0.00031538,2.95859e-05,1.48722e-05,3.38072e-05,-3.14012e-05,-0.000314158,0.00031538,0.0466134,
0.00296669,0.000203881,-0.00183187,0.000281482,-0.00132808,-0.000745779,2.9589e-05,0.000203881,0.00115614,0.00021589,0.00127994,-9.98904e-05,-0.000130389,1.50535e-05,-0.00183187,0.00021589,0.00314796,0.000261064,-0.00143531,-0.000773237,3.36824e-05,0.000281482,0.00127994,0.000261064,0.00318321,3.94847e-05,-0.00186217,-3.17231e-05,-0.00132808,-9.98904e-05,-0.00143531,3.94847e-05,0.0284368,0.00131828,-0.000307244,-0.000745779,-0.000130389,-0.000773237,-0.00186217,0.00131828,0.02711,0.000315737,2.95889e-05,1.50535e-05,3.36823e-05,-3.17232e-05,-0.000307244,0.000315737,0.0466134,
0.00297031,0.000203507,-0.0018322,0.000279407,-0.0013306,-0.00074923,2.95894e-05,0.000203507,0.00115585,0.000214849,0.00127946,-0.000102663,-0.000135944,1.52214e-05,-0.0018322,0.000214849,0.00314386,0.000260439,-0.00143508,-0.000777174,3.35429e-05,0.000279407,0.00127946,0.000260439,0.00318222,4.57443e-05,-0.0018587,-3.20661e-05,-0.0013306,-0.000102663,-0.00143508,4.57442e-05,0.0284128,0.00132065,-0.000300315,-0.00074923,-0.000135944,-0.000777174,-0.0018587,0.00132065,0.0271029,0.000316069,2.95894e-05,1.52214e-05,3.35429e-05,-3.20662e-05,-0.000300315,0.000316069,0.0466135,
0.00297408,0.000203087,-0.00183249,0.000277245,-0.00133321,-0.000752529,2.95927e-05,0.000203087,0.00115554,0.000213736,0.001279,-0.000105329,-0.000141432,1.53843e-05,-0.00183249,0.000213736,0.00313967,0.000259765,-0.00143485,-0.000780962,3.33966e-05,0.000277245,0.001279,0.000259765,0.00318133,5.19421e-05,-0.00185527,-3.24026e-05,-0.00133321,-0.000105329,-0.00143485,5.19421e-05,0.028389,0.00132292,-0.000293414,-0.000752529,-0.000141432,-0.000780962,-0.00185527,0.00132292,0.0270957,0.000316402,2.95927e-05,1.53843e-05,3.33966e-05,-3.24026e-05,-0.000293414,0.000316402,0.0466136,
0.00297798,0.000202642,-0.00183274,0.00027503,-0.00133588,-0.00075583,2.95951e-05,0.000202642,0.00115522,0.000212578,0.00127856,-0.000107962,-0.000146876,1.55402e-05,-0.00183274,0.000212578,0.00313542,0.00025906,-0.00143461,-0.000784755,3.3241e-05,0.00027503,0.00127856,0.00025906,0.0031805,5.82118e-05,-0.00185176,-3.27427e-05,-0.00133588,-0.000107962,-0.00143461,5.82118e-05,0.0283654,0.00132525,-0.000286554,-0.00075583,-0.000146876,-0.000784755,-0.00185176,0.00132525,0.0270886,0.000316738,2.95951e-05,1.55402e-05,3.3241e-05,-3.27427e-05,-0.000286554,0.000316738,0.0466136,
0.00298196,0.000202179,-0.00183294,0.000272777,-0.00133858,-0.000759077,2.9597e-05,0.000202179,0.00115489,0.000211391,0.00127813,-0.000110553,-0.000152281,1.56915e-05,-0.00183294,0.000211391,0.00313113,0.000258331,-0.00143436,-0.000788494,3.30774e-05,0.000272777,0.00127813,0.000258331,0.00317971,6.44869e-05,-0.00184822,-3.3081e-05,-0.00133858,-0.000110553,-0.00143436,6.44869e-05,0.028342,0.00132758,-0.000279729,-0.000759077,-0.000152281,-0.000788494,-0.00184822,0.00132758,0.0270816,0.000317086,2.95969e-05,1.56915e-05,3.30774e-05,-3.3081e-05,-0.000279729,0.000317086,0.0466137,
0.00298602,0.000201706,-0.0018331,0.000270501,-0.0013413,-0.000762291,2.95976e-05,0.000201706,0.00115455,0.000210186,0.0012777,-0.000113119,-0.000157652,1.58385e-05,-0.0018331,0.000210186,0.0031268,0.000257584,-0.0014341,-0.000792201,3.29058e-05,0.000270501,0.0012777,0.000257584,0.00317895,7.07789e-05,-0.00184465,-3.34185e-05,-0.0013413,-0.000113119,-0.0014341,7.07789e-05,0.0283188,0.00132993,-0.000272945,-0.000762291,-0.000157652,-0.000792201,-0.00184465,0.00132993,0.0270746,0.000317447,2.95977e-05,1.58385e-05,3.29058e-05,-3.34185e-05,-0.000272945,0.000317447,0.0466138,
0.00299014,0.000201228,-0.00183323,0.000268213,-0.00134403,-0.000765466,2.95968e-05,0.000201228,0.00115422,0.000208971,0.00127727,-0.000115661,-0.000162993,1.59819e-05,-0.00183323,0.000208971,0.00312245,0.000256824,-0.00143383,-0.000795869,3.27267e-05,0.000268213,0.00127727,0.000256824,0.00317821,7.70741e-05,-0.00184105,-3.37541e-05,-0.00134403,-0.000115661,-0.00143383,7.70741e-05,0.0282958,0.00133229,-0.0002662,-0.000765466,-0.000162993,-0.000795869,-0.00184105,0.00133229,0.0270677,0.000317824,2.95968e-05,1.59819e-05,3.27268e-05,-3.37541e-05,-0.0002662,0.000317824,0.0466138,
0.00299429,0.000200748,-0.00183333,0.000265919,-0.00134675,-0.000768605,2.95944e-05,0.000200748,0.00115388,0.000207752,0.00127685,-0.000118186,-0.000168306,1.6122e-05,-0.00183333,0.000207752,0.00311809,0.000256054,-0.00143354,-0.000799498,3.25404e-05,0.000265919,0.00127685,0.000256054,0.00317749,8.33699e-05,-0.00183743,-3.40877e-05,-0.00134675,-0.000118186,-0.00143354,8.337e-05,0.0282729,0.00133467,-0.000259495,-0.000768605,-0.000168306,-0.000799498,-0.00183743,0.00133467,0.0270609,0.000318217,2.95943e-05,1.6122e-05,3.25404e-05,-3.40877e-05,-0.000259495,0.000318217,0.0466139,
0.00299847,0.000200268,-0.0018334,0.000263625,-0.00134945,-0.000771706,2.95901e-05,0.000200268,0.00115355,0.000206533,0.00127642,-0.000120696,-0.000173594,1.62592e-05,-0.0018334,0.000206533,0.00311371,0.000255274,-0.00143322,-0.000803087,3.2347e-05,0.000263625,0.00127642,0.000255274,0.00317678,8.96615e-05,-0.00183378,-3.44188e-05,-0.00134945,-0.000120696,-0.00143322,8.96615e-05,0.0282501,0.00133706,-0.000252829,-0.000771706,-0.000173594,-0.000803087,-0.00183378,0.00133706,0.0270541,0.000318626,2.95901e-05,1.62592e-05,3.2347e-05,-3.44188e-05,-0.000252829,0.000318626,0.0466139,
0.00300266,0.00019979,-0.00183345,0.000261334,-0.00135213,-0.000774769,2.9584e-05,0.00019979,0.00115322,0.000205317,0.001276,-0.000123191,-0.000178857,1.63937e-05,-0.00183345,0.000205317,0.00310934,0.000254487,-0.00143289,-0.000806635,3.2147e-05,0.000261334,0.001276,0.000254487,0.00317608,9.59459e-05,-0.00183011,-3.47473e-05,-0.00135213,-0.000123192,-0.00143289,9.59459e-05,0.0282275,0.00133947,-0.000246202,-0.000774769,-0.000178857,-0.000806635,-0.00183011,0.00133947,0.0270475,0.000319051,2.9584e-05,1.63937e-05,3.2147e-05,-3.47473e-05,-0.000246202,0.000319051,0.046614,
0.00300688,0.000199313,-0.00183347,0.000259049,-0.00135479,-0.000777795,2.9576e-05,0.000199313,0.00115289,0.000204106,0.00127557,-0.000125675,-0.000184097,1.65255e-05,-0.00183347,0.000204106,0.00310495,0.000253692,-0.00143253,-0.000810142,3.19405e-05,0.000259049,0.00127557,0.000253692,0.00317538,0.000102221,-0.00182642,-3.50731e-05,-0.00135479,-0.000125675,-0.00143253,0.000102221,0.0282051,0.00134188,-0.000239613,-0.000777795,-0.000184097,-0.000810142,-0.00182642,0.00134188,0.0270408,0.00031949,2.9576e-05,1.65256e-05,3.19406e-05,-3.50731e-05,-0.000239613,0.00031949,0.046614,
0.00301109,0.000198839,-0.00183346,0.000256772,-0.00135742,-0.000780783,2.95661e-05,0.000198839,0.00115256,0.000202901,0.00127514,-0.000128146,-0.000189315,1.66549e-05,-0.00183346,0.000202901,0.00310057,0.000252891,-0.00143214,-0.000813606,3.17279e-05,0.000256772,0.00127514,0.000252891,0.00317469,0.000108483,-0.00182271,-3.5396e-05,-0.00135742,-0.000128146,-0.00143214,0.000108483,0.0281827,0.00134431,-0.00023306,-0.000780783,-0.000189315,-0.000813606,-0.00182271,0.00134431,0.0270343,0.000319944,2.95661e-05,1.66549e-05,3.17279e-05,-3.5396e-05,-0.00023306,0.000319944,0.0466141,
0.00301531,0.000198368,-0.00183343,0.000254505,-0.00136002,-0.000783733,2.95544e-05,0.000198368,0.00115223,0.000201703,0.0012747,-0.000130605,-0.000194509,1.67818e-05,-0.00183343,0.000201703,0.0030962,0.000252083,-0.00143174,-0.000817027,3.15093e-05,0.000254505,0.0012747,0.000252083,0.003174,0.000114733,-0.00181899,-3.57162e-05,-0.00136002,-0.000130605,-0.00143174,0.000114733,0.0281605,0.00134675,-0.000226543,-0.000783733,-0.000194509,-0.000817027,-0.00181899,0.00134675,0.0270278,0.000320409,2.95544e-05,1.67818e-05,3.15093e-05,-3.57162e-05,-0.000226543,0.000320409,0.0466141,
0.00301953,0.000197931,-0.00183328,0.000252443,-0.00136389,-0.000787868,2.94189e-05,0.000197905,0.00115196,0.000200653,0.00127453,-0.000134873,-0.000201374,1.67379e-05,-0.00183338,0.000200546,0.00309193,0.000251472,-0.00143268,-0.000821683,3.11576e-05,0.000252245,0.00127424,0.000251207,0.00317319,0.00012176,-0.00181452,-3.596e-05,-0.00136249,-0.00013244,-0.00142937,0.000124678,0.0281133,0.0013259,-0.000222382,-0.000786571,-0.000199165,-0.000818771,-0.00181212,0.00132801,0.0270018,0.000318925,2.95417e-05,1.6913e-05,3.13057e-05,-3.59934e-05,-0.000220331,0.000320636,0.0466141,
0.00302374,0.000197465,-0.00183321,0.000250196,-0.00136641,-0.000790729,2.93982e-05,0.00019744,0.00115164,0.000199471,0.00127409,-0.000137309,-0.000206515,1.6856e-05,-0.00183331,0.000199364,0.00308756,0.000250648,-0.00143221,-0.000824999,3.09226e-05,0.00025,0.0012738,0.000250385,0.0031725,0.000127987,-0.00181076,-3.62689e-05,-0.00136501,-0.000134876,-0.00142891,0.00013089,0.0280912,0.00132839,-0.000216055,-0.000789442,-0.000204318,-0.000822109,-0.0018084,0.00133054,0.0269956,0.000319409,2.95245e-05,1.70367e-05,3.10745e-05,-3.63049e-05,-0.000213925,0.000321172,0.0466141,
0.00302794,0.000197015,-0.00183308,0.000248038,-0.00136942,-0.000794041,2.93221e-05,0.000196979,0.00115134,0.000198354,0.00127375,-0.000140473,-0.000212314,1.68998e-05,-0.00183322,0.000198203,0.00308325,0.000249898,-0.00143227,-0.000828778,3.06267e-05,0.000247765,0.00127335,0.000249531,0.00317176,0.000134529,-0.00180669,-3.65412e-05,-0.00136745,-0.000137051,-0.00142762,0.000138591,0.028059,0.00132144,-0.000210797,-0.000792243,-0.000209243,-0.000824744,-0.00180341,0.00132453,0.0269817,0.000319094,2.95048e-05,1.71619e-05,3.08454e-05,-3.65954e-05,-0.000207688,0.000321647,0.0466141,
0.00303213,0.000196553,-0.00183297,0.000245815,-0.00137185,-0.000796822,2.92938e-05,0.000196519,0.00115103,0.000197189,0.0012733,-0.000142887,-0.000217409,1.70134e-05,-0.00183311,0.000197038,0.00307889,0.00024906,-0.00143174,-0.000831999,3.03773e-05,0.000245544,0.0012729,0.000248696,0.00317107,0.000140729,-0.00180291,-3.684e-05,-0.00136989,-0.000139465,-0.0014271,0.000144768,0.0280371,0.00132396,-0.00020462,-0.000795037,-0.000214356,-0.000827997,-0.00179967,0.00132711,0.0269758,0.000319655,2.94815e-05,1.72833e-05,3.0601e-05,-3.68978e-05,-0.000201398,0.00032228,0.0466141,
0.0030363,0.000196094,-0.00183285,0.000243604,-0.00137424,-0.000799565,2.92629e-05,0.00019606,0.00115072,0.000196033,0.00127284,-0.00014529,-0.000222482,1.71255e-05,-0.00183298,0.000195882,0.00307455,0.000248215,-0.00143119,-0.000835175,3.01218e-05,0.000243336,0.00127244,0.000247854,0.00317038,0.000146911,-0.00179911,-3.71348e-05,-0.00137228,-0.000141868,-0.00142655,0.000150928,0.0280153,0.0013265,-0.000198495,-0.000797792,-0.000219448,-0.000831206,-0.00179592,0.00132971,0.02697,0.000320257,2.94554e-05,1.74032e-05,3.03504e-05,-3.71963e-05,-0.000195159,0.000322954,0.0466141,
0.00304046,0.000195637,-0.00183271,0.000241407,-0.00137659,-0.000802271,2.92296e-05,0.000195604,0.00115041,0.000194886,0.00127238,-0.000147682,-0.000227534,1.72362e-05,-0.00183284,0.000194734,0.00307022,0.000247364,-0.00143061,-0.000838306,2.98609e-05,0.000241141,0.00127198,0.000247006,0.00316969,0.000153075,-0.0017953,-3.74258e-05,-0.00137463,-0.00014426,-0.00142598,0.00015707,0.0279937,0.00132904,-0.000192412,-0.00080051,-0.000224518,-0.00083437,-0.00179216,0.0013323,0.0269643,0.00032089,2.94269e-05,1.75217e-05,3.00943e-05,-3.74912e-05,-0.000188963,0.000323657,0.0466141,
0.0030446,0.000195182,-0.00183255,0.000239222,-0.0013789,-0.00080494,2.91944e-05,0.000195149,0.00115011,0.000193747,0.00127191,-0.000150061,-0.000232564,1.7345e-05,-0.00183268,0.000193595,0.0030659,0.000246506,-0.00143,-0.000841392,2.95949e-05,0.000238959,0.00127152,0.00024615,0.003169,0.000159222,-0.00179149,-3.77135e-05,-0.00137694,-0.000146639,-0.00142538,0.000163194,0.0279722,0.00133158,-0.000186368,-0.00080319,-0.000229567,-0.000837489,-0.00178839,0.0013349,0.0269586,0.000321545,2.93965e-05,1.76383e-05,2.98329e-05,-3.77827e-05,-0.000182804,0.000324382,0.0466141,
0.00304873,0.000194728,-0.00183237,0.000237051,-0.00138116,-0.000807571,2.91574e-05,0.000194696,0.00114981,0.000192617,0.00127145,-0.000152428,-0.000237572,1.74521e-05,-0.0018325,0.000192465,0.00306159,0.000245641,-0.00142937,-0.000844433,2.93241e-05,0.00023679,0.00127105,0.000245288,0.00316831,0.000165349,-0.00178766,-3.7998e-05,-0.0013792,-0.000149007,-0.00142476,0.000169298,0.0279507,0.00133414,-0.000180357,-0.000805832,-0.000234594,-0.000840564,-0.00178461,0.00133751,0.026953,0.000322217,2.93642e-05,1.77529e-05,2.95666e-05,-3.80712e-05,-0.000176679,0.000325122,0.0466141,
0.00305283,0.000194275,-0.00183218,0.000234894,-0.00138338,-0.000810165,2.9119e-05,0.000194244,0.00114951,0.000191495,0.00127097,-0.000154782,-0.000242559,1.75571e-05,-0.00183231,0.000191343,0.00305729,0.000244769,-0.00142872,-0.000847429,2.9049e-05,0.000234635,0.00127058,0.00024442,0.00316762,0.000171456,-0.00178382,-3.82796e-05,-0.00138142,-0.000151363,-0.00142411,0.000175382,0.0279295,0.00133669,-0.000174375,-0.000808437,-0.0002396,-0.000843593,-0.00178082,0.00134012,0.0269475,0.000322898,2.93304e-05,1.78655e-05,2.9296e-05,-3.83567e-05,-0.000170582,0.000325872,0.0466141,
0.00305692,0.000193823,-0.00183197,0.00023275,-0.00138556,-0.000812724,2.90789e-05,0.000193793,0.00114922,0.000190382,0.0012705,-0.000157125,-0.000247525,1.76601e-05,-0.0018321,0.00019023,0.00305301,0.000243891,-0.00142804,-0.000850381,2.87695e-05,0.000232493,0.00127011,0.000243544,0.00316693,0.000177546,-0.00177998,-3.85585e-05,-0.0013836,-0.000153707,-0.00142344,0.000181448,0.0279083,0.00133925,-0.000168419,-0.000811006,-0.000244585,-0.000846579,-0.00177702,0.00134273,0.026942,0.000323586,2.9295e-05,1.79761e-05,2.90207e-05,-3.86396e-05,-0.00016451,0.000326627,0.046614,
0.00306099,0.000193373,-0.00183175,0.000230619,-0.0013877,-0.000815246,2.90377e-05,0.000193343,0.00114893,0.000189278,0.00127002,-0.000159455,-0.00025247,1.77609e-05,-0.00183188,0.000189125,0.00304873,0.000243005,-0.00142733,-0.000853288,2.84862e-05,0.000230365,0.00126963,0.000242662,0.00316624,0.000183616,-0.00177613,-3.88346e-05,-0.00138574,-0.000156038,-0.00142274,0.000187494,0.0278872,0.00134181,-0.000162487,-0.000813539,-0.000249549,-0.00084952,-0.00177321,0.00134535,0.0269366,0.000324278,2.92583e-05,1.80844e-05,2.87415e-05,-3.89199e-05,-0.000158463,0.000327383,0.046614,
0.00306504,0.000192923,-0.00183151,0.000228502,-0.0013898,-0.000817731,2.89954e-05,0.000192894,0.00114864,0.000188181,0.00126953,-0.000161771,-0.000257391,1.78596e-05,-0.00183164,0.000188029,0.00304447,0.000242114,-0.0014266,-0.000856149,2.8199e-05,0.000228251,0.00126915,0.000241773,0.00316555,0.000189665,-0.00177227,-3.91081e-05,-0.00138783,-0.000158357,-0.00142202,0.000193519,0.0278663,0.00134438,-0.000156579,-0.000816034,-0.00025449,-0.000852415,-0.00176939,0.00134796,0.0269313,0.000324969,2.92205e-05,1.81904e-05,2.84583e-05,-3.91975e-05,-0.00015244,0.000328139,0.046614,
0.00306907,0.000192474,-0.00183126,0.000226399,-0.00139185,-0.000820181,2.8952e-05,0.000192446,0.00114836,0.000187094,0.00126904,-0.000164075,-0.000262292,1.7956e-05,-0.00183139,0.000186941,0.00304022,0.000241215,-0.00142585,-0.000858966,2.79081e-05,0.00022615,0.00126866,0.000240878,0.00316486,0.000195695,-0.0017684,-3.93791e-05,-0.00138989,-0.000160663,-0.00142128,0.000199524,0.0278455,0.00134694,-0.000150692,-0.000818494,-0.000259409,-0.000855267,-0.00176557,0.00135058,0.026926,0.000325659,2.91815e-05,1.82943e-05,2.81713e-05,-3.94727e-05,-0.000146437,0.000328893,0.046614,
0.00307307,0.000192026,-0.001831,0.00022431,-0.00139386,-0.000822596,2.89077e-05,0.000191998,0.00114808,0.000186014,0.00126855,-0.000166366,-0.00026717,1.80502e-05,-0.00183112,0.000185862,0.00303598,0.000240311,-0.00142508,-0.000861738,2.76138e-05,0.000224062,0.00126817,0.000239976,0.00316417,0.000201703,-0.00176453,-3.96476e-05,-0.00139189,-0.000162956,-0.00142051,0.000205507,0.0278248,0.0013495,-0.000144825,-0.000820918,-0.000264307,-0.000858073,-0.00176174,0.00135319,0.0269208,0.000326345,2.91415e-05,1.83957e-05,2.78807e-05,-3.97454e-05,-0.000140454,0.000329642,0.046614,
0.00307706,0.000191578,-0.00183072,0.000222234,-0.00139583,-0.000824975,2.88624e-05,0.000191551,0.00114781,0.000184942,0.00126805,-0.000168643,-0.000272026,1.81422e-05,-0.00183084,0.00018479,0.00303176,0.0002394,-0.00142427,-0.000864464,2.73161e-05,0.000221989,0.00126768,0.000239068,0.00316348,0.00020769,-0.00176065,-3.99135e-05,-0.00139386,-0.000165235,-0.00141973,0.000211469,0.0278043,0.00135206,-0.000138979,-0.000823306,-0.000269182,-0.000860835,-0.00175791,0.0013558,0.0269156,0.000327027,2.91006e-05,1.84949e-05,2.75866e-05,-4.00157e-05,-0.000134491,0.000330386,0.046614,
0.00308102,0.00019113,-0.00183043,0.000220172,-0.00139775,-0.000827319,2.88164e-05,0.000191104,0.00114753,0.000183879,0.00126756,-0.000170906,-0.000276859,1.82319e-05,-0.00183055,0.000183727,0.00302755,0.000238482,-0.00142345,-0.000867147,2.70151e-05,0.000219929,0.00126718,0.000238154,0.00316279,0.000213656,-0.00175677,-4.01771e-05,-0.00139579,-0.000167501,-0.00141891,0.00021741,0.0277838,0.00135463,-0.000133151,-0.000825659,-0.000274035,-0.000863552,-0.00175407,0.00135841,0.0269105,0.000327703,2.90588e-05,1.85918e-05,2.72891e-05,-4.02836e-05,-0.000128547,0.000331123,0.046614,
0.00308496,0.000190682,-0.00183012,0.000218124,-0.00139964,-0.000829629,2.87694e-05,0.000190657,0.00114726,0.000182823,0.00126705,-0.000173156,-0.000281671,1.83193e-05,-0.00183024,0.000182671,0.00302335,0.000237558,-0.0014226,-0.000869784,2.67109e-05,0.000217883,0.00126668,0.000237233,0.00316209,0.000219601,-0.00175288,-4.04382e-05,-0.00139767,-0.000169754,-0.00141808,0.00022333,0.0277635,0.00135718,-0.000127343,-0.000827978,-0.000278865,-0.000866224,-0.00175022,0.00136102,0.0269055,0.000328373,2.90161e-05,1.86863e-05,2.69884e-05,-4.05491e-05,-0.000122621,0.000331852,0.0466139,
0.00308888,0.000190235,-0.0018298,0.000216089,-0.00140148,-0.000831904,2.87217e-05,0.000190211,0.001147,0.000181775,0.00126655,-0.000175393,-0.00028646,1.84045e-05,-0.00182992,0.000181624,0.00301916,0.000236629,-0.00142173,-0.000872378,2.64037e-05,0.00021585,0.00126618,0.000236306,0.0031614,0.000225524,-0.00174899,-4.06968e-05,-0.00139951,-0.000171994,-0.00141722,0.000229227,0.0277433,0.00135974,-0.000121552,-0.000830261,-0.000283674,-0.000868853,-0.00174637,0.00136362,0.0269005,0.000329036,2.89726e-05,1.87785e-05,2.66843e-05,-4.08122e-05,-0.000116714,0.000332574,0.0466139,
0.00309277,0.000189787,-0.00182947,0.000214068,-0.00140328,-0.000834145,2.86733e-05,0.000189764,0.00114673,0.000180735,0.00126604,-0.000177616,-0.000291226,1.84874e-05,-0.00182959,0.000180584,0.00301499,0.000235693,-0.00142084,-0.000874927,2.60934e-05,0.000213831,0.00126567,0.000235373,0.00316071,0.000231427,-0.00174509,-4.09531e-05,-0.00140131,-0.00017422,-0.00141634,0.000235103,0.0277233,0.00136229,-0.000115779,-0.000832511,-0.00028846,-0.000871437,-0.00174251,0.00136622,0.0268956,0.000329692,2.89283e-05,1.88685e-05,2.63772e-05,-4.1073e-05,-0.000110824,0.000333288,0.0466139,
0.00309664,0.000189339,-0.00182913,0.000212061,-0.00140505,-0.000836353,2.86242e-05,0.000189317,0.00114647,0.000179703,0.00126552,-0.000179825,-0.00029597,1.85681e-05,-0.00182925,0.000179552,0.00301083,0.000234751,-0.00141993,-0.000877432,2.57802e-05,0.000211826,0.00126516,0.000234434,0.00316002,0.000237307,-0.00174119,-4.1207e-05,-0.00140307,-0.000176432,-0.00141544,0.000240958,0.0277033,0.00136485,-0.000110024,-0.000834727,-0.000293223,-0.000873977,-0.00173865,0.00136882,0.0268908,0.00033034,2.88832e-05,1.8956e-05,2.6067e-05,-4.13315e-05,-0.000104952,0.000333993,0.0466139,
0.00310049,0.000188892,-0.00182877,0.000210068,-0.00140677,-0.000838528,2.85744e-05,0.00018887,0.00114622,0.000178679,0.00126501,-0.00018202,-0.000300692,1.86465e-05,-0.00182889,0.000178528,0.00300668,0.000233803,-0.00141899,-0.000879894,2.54642e-05,0.000209835,0.00126465,0.00023349,0.00315932,0.000243166,-0.00173728,-4.14584e-05,-0.00140479,-0.000178631,-0.00141452,0.000246791,0.0276835,0.00136739,-0.000104286,-0.000836909,-0.000297965,-0.000876474,-0.00173479,0.00137141,0.026886,0.000330981,2.88374e-05,1.90413e-05,2.57538e-05,-4.15875e-05,-9.90968e-05,0.00033469,0.0466139,
0.00310432,0.000188444,-0.00182841,0.000208088,-0.00140845,-0.000840669,2.85239e-05,0.000188423,0.00114596,0.000177662,0.00126449,-0.000184202,-0.000305392,1.87227e-05,-0.00182852,0.000177511,0.00300255,0.00023285,-0.00141803,-0.000882312,2.51454e-05,0.000207857,0.00126413,0.00023254,0.00315863,0.000249004,-0.00173337,-4.17075e-05,-0.00140647,-0.000180817,-0.00141357,0.000252602,0.0276638,0.00136993,-9.85663e-05,-0.000839059,-0.000302684,-0.000878927,-0.00173092,0.00137399,0.0268812,0.000331614,2.87909e-05,1.91243e-05,2.54378e-05,-4.18412e-05,-9.32591e-05,0.000335379,0.046614,
0.00310813,0.000187995,-0.00182803,0.000206121,-0.0014101,-0.000842779,2.84727e-05,0.000187976,0.00114571,0.000176652,0.00126396,-0.00018637,-0.000310069,1.87967e-05,-0.00182814,0.000176502,0.00299843,0.000231891,-0.00141705,-0.000884687,2.48238e-05,0.000205892,0.00126361,0.000231584,0.00315794,0.000254819,-0.00172945,-4.19541e-05,-0.00140811,-0.000182989,-0.00141261,0.000258391,0.0276442,0.00137247,-9.28634e-05,-0.000841175,-0.00030738,-0.000881337,-0.00172704,0.00137657,0.0268766,0.00033224,2.87437e-05,1.9205e-05,2.51189e-05,-4.20926e-05,-8.74387e-05,0.000336059,0.046614,
0.00311191,0.000187547,-0.00182764,0.000204168,-0.0014117,-0.000844856,2.8421e-05,0.000187528,0.00114547,0.000175651,0.00126344,-0.000188524,-0.000314724,1.88685e-05,-0.00182775,0.000175501,0.00299432,0.000230927,-0.00141605,-0.000887019,2.44996e-05,0.000203941,0.00126309,0.000230622,0.00315725,0.000260614,-0.00172553,-4.21984e-05,-0.00140971,-0.000185147,-0.00141162,0.000264159,0.0276247,0.00137501,-8.71779e-05,-0.00084326,-0.000312054,-0.000883704,-0.00172316,0.00137915,0.0268719,0.000332858,2.86958e-05,1.92834e-05,2.47972e-05,-4.23415e-05,-8.16355e-05,0.00033673,0.046614,
0.00311567,0.000187097,-0.00182723,0.000202229,-0.00141327,-0.000846902,2.83686e-05,0.00018708,0.00114522,0.000174656,0.00126291,-0.000190664,-0.000319356,1.89381e-05,-0.00182734,0.000174506,0.00299023,0.000229957,-0.00141502,-0.000889308,2.41728e-05,0.000202004,0.00126256,0.000229656,0.00315655,0.000266386,-0.00172161,-4.24402e-05,-0.00141128,-0.000187292,-0.00141061,0.000269904,0.0276053,0.00137753,-8.15098e-05,-0.000845312,-0.000316706,-0.000886028,-0.00171928,0.00138172,0.0268673,0.000333468,2.86473e-05,1.93597e-05,2.44729e-05,-4.2588e-05,-7.58494e-05,0.000337393,0.046614,
0.00311941,0.000186648,-0.00182682,0.000200303,-0.0014148,-0.000848916,2.83156e-05,0.000186631,0.00114498,0.000173669,0.00126238,-0.000192791,-0.000323966,1.90056e-05,-0.00182693,0.000173519,0.00298615,0.000228982,-0.00141398,-0.000891554,2.38434e-05,0.00020008,0.00126203,0.000228684,0.00315586,0.000272137,-0.00171768,-4.26796e-05,-0.0014128,-0.000189423,-0.00140959,0.000275628,0.0275861,0.00138006,-7.58589e-05,-0.000847333,-0.000321335,-0.00088831,-0.00171539,0.00138428,0.0268628,0.000334072,2.85981e-05,1.94337e-05,2.41458e-05,-4.28323e-05,-7.00807e-05,0.000338048,0.046614,
0.00312313,0.000186197,-0.0018264,0.000198391,-0.00141629,-0.000850899,2.82621e-05,0.000186182,0.00114474,0.000172689,0.00126184,-0.000194904,-0.000328553,1.90709e-05,-0.0018265,0.00017254,0.00298208,0.000228002,-0.00141292,-0.000893758,2.35116e-05,0.00019817,0.0012615,0.000227706,0.00315517,0.000277866,-0.00171375,-4.29166e-05,-0.00141429,-0.00019154,-0.00140854,0.000281329,0.027567,0.00138257,-7.02254e-05,-0.000849323,-0.000325942,-0.000890549,-0.00171149,0.00138684,0.0268583,0.000334668,2.85483e-05,1.95055e-05,2.38161e-05,-4.30741e-05,-6.43292e-05,0.000338695,0.046614,
0.00312682,0.000185746,-0.00182596,0.000196492,-0.00141775,-0.000852851,2.8208e-05,0.000185732,0.00114451,0.000171716,0.0012613,-0.000197003,-0.000333118,1.91342e-05,-0.00182607,0.000171567,0.00297802,0.000227017,-0.00141183,-0.00089592,2.31773e-05,0.000196273,0.00126096,0.000226724,0.00315448,0.000283573,-0.00170981,-4.31511e-05,-0.00141574,-0.000193644,-0.00140747,0.000287009,0.027548,0.00138508,-6.46093e-05,-0.000851282,-0.000330526,-0.000892745,-0.0017076,0.00138939,0.0268539,0.000335258,2.84979e-05,1.95751e-05,2.34839e-05,-4.33135e-05,-5.85949e-05,0.000339334,0.0466141,
0.00313049,0.000185295,-0.00182551,0.000194607,-0.00141916,-0.000854773,2.81533e-05,0.000185281,0.00114428,0.00017075,0.00126076,-0.000199088,-0.00033766,1.91953e-05,-0.00182562,0.000170602,0.00297398,0.000226027,-0.00141072,-0.00089804,2.28407e-05,0.000194389,0.00126042,0.000225737,0.00315379,0.000289259,-0.00170587,-4.33832e-05,-0.00141715,-0.000195734,-0.00140638,0.000292667,0.0275291,0.00138759,-5.90105e-05,-0.000853211,-0.000335088,-0.0008949,-0.0017037,0.00139193,0.0268496,0.000335841,2.84469e-05,1.96425e-05,2.31492e-05,-4.35504e-05,-5.2878e-05,0.000339965,0.0466141,
0.00313414,0.000184842,-0.00182506,0.000192735,-0.00142054,-0.000856665,2.80981e-05,0.00018483,0.00114405,0.000169791,0.00126022,-0.000201159,-0.00034218,1.92544e-05,-0.00182516,0.000169644,0.00296995,0.000225032,-0.0014096,-0.000900118,2.25017e-05,0.000192518,0.00125988,0.000224745,0.0031531,0.000294922,-0.00170193,-4.36128e-05,-0.00141853,-0.00019781,-0.00140527,0.000298303,0.0275103,0.00139008,-5.34292e-05,-0.000855109,-0.000339627,-0.000897013,-0.0016998,0.00139447,0.0268452,0.000336417,2.83953e-05,1.97078e-05,2.28121e-05,-4.3785e-05,-4.71785e-05,0.000340589,0.0466141,
0.00313777,0.000184389,-0.00182459,0.000190876,-0.00142189,-0.000858527,2.80424e-05,0.000184377,0.00114382,0.000168839,0.00125967,-0.000203216,-0.000346678,1.93114e-05,-0.00182469,0.000168692,0.00296593,0.000224033,-0.00140845,-0.000902155,2.21605e-05,0.000190661,0.00125934,0.000223749,0.00315241,0.000300564,-0.00169799,-4.384e-05,-0.00141986,-0.000199873,-0.00140415,0.000303917,0.0274917,0.00139257,-4.78654e-05,-0.000856977,-0.000344144,-0.000899084,-0.00169589,0.00139699,0.026841,0.000336987,2.83432e-05,1.97711e-05,2.24726e-05,-4.40172e-05,-4.14964e-05,0.000341206,0.0466141,
0.00314137,0.000183935,-0.00182411,0.00018903,-0.0014232,-0.00086036,2.79862e-05,0.000183924,0.0011436,0.000167894,0.00125913,-0.00020526,-0.000351152,1.93665e-05,-0.00182422,0.000167748,0.00296193,0.000223029,-0.00140729,-0.00090415,2.18171e-05,0.000188817,0.00125879,0.000222748,0.00315172,0.000306184,-0.00169404,-4.40647e-05,-0.00142117,-0.000201922,-0.001403,0.000309508,0.0274731,0.00139505,-4.23191e-05,-0.000858816,-0.000348638,-0.000901114,-0.00169198,0.00139951,0.0268368,0.000337551,2.82905e-05,1.98322e-05,2.21308e-05,-4.42468e-05,-3.58319e-05,0.000341816,0.0466142,
0.00314495,0.00018348,-0.00182363,0.000187198,-0.00142447,-0.000862161,2.79299e-05,0.00018347,0.00114338,0.000166956,0.00125857,-0.000207286,-0.000355601,1.94195e-05,-0.00182373,0.00016681,0.00295793,0.000222021,-0.00140611,-0.000906102,2.14719e-05,0.000186987,0.00125824,0.000221742,0.00315102,0.000311775,-0.0016901,-4.42867e-05,-0.00142244,-0.000203954,-0.00140184,0.000315071,0.0274547,0.00139752,-3.67965e-05,-0.000860623,-0.000353106,-0.000903101,-0.00168807,0.00140202,0.0268326,0.000338109,2.82376e-05,1.98913e-05,2.17871e-05,-4.44739e-05,-3.01911e-05,0.000342419,0.0466142,
0.00314851,0.000183024,-0.00182313,0.000185379,-0.00142571,-0.000863939,2.78724e-05,0.000183015,0.00114317,0.000166025,0.00125802,-0.000209305,-0.000360034,1.94705e-05,-0.00182323,0.000165879,0.00295395,0.000221008,-0.0014049,-0.000908018,2.1124e-05,0.000185169,0.00125769,0.000220732,0.00315034,0.000317356,-0.00168614,-4.45066e-05,-0.00142367,-0.000205978,-0.00140065,0.000320624,0.0274364,0.00139999,-3.12806e-05,-0.000862406,-0.000357558,-0.000905051,-0.00168415,0.00140452,0.0268285,0.000338662,2.81835e-05,1.99482e-05,2.14405e-05,-4.46989e-05,-2.45568e-05,0.000343016,0.0466143,
0.00315205,0.000182567,-0.00182262,0.000183573,-0.00142692,-0.000865685,2.78148e-05,0.000182559,0.00114295,0.0001651,0.00125746,-0.000211306,-0.00036444,1.95195e-05,-0.00182272,0.000164955,0.00294999,0.000219991,-0.00140368,-0.000909891,2.07744e-05,0.000183365,0.00125714,0.000219718,0.00314965,0.000322908,-0.00168219,-4.47239e-05,-0.00142487,-0.000207985,-0.00139945,0.000326148,0.0274182,0.00140245,-2.57886e-05,-0.000864158,-0.000361983,-0.000906958,-0.00168024,0.00140701,0.0268244,0.000339209,2.81294e-05,2.00032e-05,2.10921e-05,-4.49212e-05,-1.89465e-05,0.000343607,0.0466143,
0.00315557,0.00018211,-0.00182211,0.00018178,-0.00142809,-0.000867404,2.77567e-05,0.000182103,0.00114274,0.000164181,0.00125691,-0.000213294,-0.000368826,1.95667e-05,-0.0018222,0.000164037,0.00294603,0.00021897,-0.00140244,-0.000911724,2.04226e-05,0.000181574,0.00125658,0.0002187,0.00314896,0.000328441,-0.00167823,-4.49387e-05,-0.00142603,-0.00020998,-0.00139823,0.000331652,0.0274001,0.0014049,-2.03119e-05,-0.000865883,-0.000366388,-0.000908825,-0.00167631,0.00140949,0.0268204,0.000339751,2.80747e-05,2.00562e-05,2.07416e-05,-4.51411e-05,-1.33515e-05,0.000344191,0.0466143,
0.00315906,0.000181651,-0.00182158,0.00018,-0.00142922,-0.000869093,2.76984e-05,0.000181645,0.00114254,0.000163269,0.00125634,-0.000215268,-0.000373187,1.96118e-05,-0.00182168,0.000163126,0.00294209,0.000217945,-0.00140119,-0.000913516,2.00691e-05,0.000179796,0.00125602,0.000217678,0.00314827,0.000333949,-0.00167427,-4.51509e-05,-0.00142716,-0.000211959,-0.00139699,0.000337131,0.0273822,0.00140734,-1.48559e-05,-0.000867578,-0.000370768,-0.000910651,-0.00167239,0.00141197,0.0268164,0.000340287,2.80196e-05,2.01071e-05,2.03891e-05,-4.53585e-05,-7.77733e-06,0.000344769,0.0466144,
0.00316254,0.000181191,-0.00182104,0.000178234,-0.00143033,-0.000870758,2.76393e-05,0.000181186,0.00114233,0.000162364,0.00125578,-0.000217229,-0.000377528,1.96551e-05,-0.00182114,0.000162221,0.00293816,0.000216916,-0.00139991,-0.00091527,1.97134e-05,0.00017803,0.00125546,0.000216652,0.00314758,0.00033944,-0.00167031,-4.53609e-05,-0.00142826,-0.000213927,-0.00139573,0.000342593,0.0273643,0.00140977,-9.41325e-06,-0.000869248,-0.000375128,-0.000912439,-0.00166846,0.00141443,0.0268125,0.000340819,2.79639e-05,2.01561e-05,2.00344e-05,-4.55735e-05,-2.21628e-06,0.000345342,0.0466144,
0.00316599,0.000180729,-0.0018205,0.00017648,-0.0014314,-0.000872394,2.758e-05,0.000180725,0.00114213,0.000161465,0.00125522,-0.000219176,-0.000381845,1.96965e-05,-0.00182059,0.000161323,0.00293424,0.000215884,-0.00139862,-0.000916984,1.9356e-05,0.000176278,0.0012549,0.000215622,0.0031469,0.000344905,-0.00166634,-4.55682e-05,-0.00142932,-0.00021588,-0.00139446,0.00034803,0.0273466,0.00141219,-3.9907e-06,-0.00087089,-0.000379465,-0.000914186,-0.00166453,0.00141688,0.0268086,0.000341346,2.79078e-05,2.02031e-05,1.96778e-05,-4.57861e-05,3.32445e-06,0.000345908,0.0466145,
0.00316942,0.000180267,-0.00181995,0.000174739,-0.00143243,-0.000874004,2.75203e-05,0.000180264,0.00114193,0.000160573,0.00125465,-0.000221109,-0.000386141,1.97361e-05,-0.00182004,0.000160431,0.00293034,0.000214847,-0.0013973,-0.000918658,1.89968e-05,0.000174538,0.00125434,0.000214589,0.00314621,0.00035035,-0.00166238,-4.57731e-05,-0.00143035,-0.00021782,-0.00139317,0.000353446,0.027329,0.0014146,1.4152e-06,-0.000872505,-0.000383779,-0.000915894,-0.0016606,0.00141932,0.0268047,0.000341869,2.78513e-05,2.02482e-05,1.93193e-05,-4.59962e-05,8.84859e-06,0.00034647,0.0466145,
0.00317283,0.000179803,-0.00181938,0.000173011,-0.00143344,-0.000875588,2.74601e-05,0.000179801,0.00114174,0.000159687,0.00125408,-0.000223029,-0.000390414,1.97738e-05,-0.00181947,0.000159545,0.00292645,0.000213808,-0.00139598,-0.000920294,1.86358e-05,0.000172812,0.00125377,0.000213552,0.00314552,0.000355773,-0.00165841,-4.59755e-05,-0.00143135,-0.000219746,-0.00139186,0.00035884,0.0273115,0.001417,6.80322e-06,-0.000874094,-0.000388071,-0.000917563,-0.00165667,0.00142175,0.0268009,0.000342387,2.77943e-05,2.02914e-05,1.8959e-05,-4.62038e-05,1.43546e-05,0.000347026,0.0466146,
0.00317622,0.000179339,-0.00181881,0.000171295,-0.00143441,-0.000877145,2.73997e-05,0.000179337,0.00114155,0.000158806,0.00125351,-0.000224935,-0.000394664,1.98097e-05,-0.0018189,0.000158666,0.00292256,0.000212764,-0.00139463,-0.000921891,1.82732e-05,0.000171098,0.0012532,0.000212511,0.00314484,0.000361174,-0.00165444,-4.61753e-05,-0.00143232,-0.000221659,-0.00139054,0.000364211,0.0272941,0.00141939,1.21737e-05,-0.000875656,-0.00039234,-0.000919192,-0.00165274,0.00142417,0.0267972,0.0003429,2.7737e-05,2.03328e-05,1.85969e-05,-4.64089e-05,1.98432e-05,0.000347577,0.0466147,
0.00317958,0.000178873,-0.00181823,0.000169593,-0.00143535,-0.000878676,2.73389e-05,0.000178872,0.00114136,0.000157932,0.00125293,-0.000226827,-0.000398892,1.98438e-05,-0.00181832,0.000157792,0.0029187,0.000211718,-0.00139327,-0.000923449,1.79089e-05,0.000169397,0.00125263,0.000211468,0.00314415,0.000366553,-0.00165047,-4.63728e-05,-0.00143325,-0.000223558,-0.00138919,0.000369561,0.0272768,0.00142177,1.75265e-05,-0.000877192,-0.000396587,-0.000920783,-0.0016488,0.00142658,0.0267935,0.00034341,2.76793e-05,2.03722e-05,1.8233e-05,-4.66116e-05,2.5314e-05,0.000348123,0.0466147,
0.00318293,0.000178405,-0.00181764,0.000167903,-0.00143626,-0.000880182,2.72777e-05,0.000178406,0.00114117,0.000157065,0.00125236,-0.000228705,-0.000403098,1.98762e-05,-0.00181773,0.000156925,0.00291484,0.000210668,-0.00139189,-0.000924969,1.75429e-05,0.000167708,0.00125206,0.000210421,0.00314347,0.00037191,-0.0016465,-4.65677e-05,-0.00143415,-0.000225443,-0.00138784,0.000374889,0.0272596,0.00142414,2.28618e-05,-0.000878703,-0.000400811,-0.000922336,-0.00164486,0.00142898,0.0267898,0.000343915,2.76212e-05,2.04098e-05,1.78674e-05,-4.68118e-05,3.07673e-05,0.000348664,0.0466148,
0.00318626,0.000177936,-0.00181704,0.000166226,-0.00143715,-0.000881662,2.72163e-05,0.000177938,0.00114099,0.000156203,0.00125178,-0.00023057,-0.000407281,1.99067e-05,-0.00181713,0.000156064,0.002911,0.000209615,-0.00139049,-0.000926451,1.71755e-05,0.000166033,0.00125148,0.000209371,0.00314279,0.000377245,-0.00164253,-4.67601e-05,-0.00143503,-0.000227315,-0.00138646,0.000380194,0.0272426,0.00142649,2.81796e-05,-0.000880189,-0.000405014,-0.00092385,-0.00164092,0.00143136,0.0267862,0.000344417,2.75628e-05,2.04456e-05,1.75002e-05,-4.70095e-05,3.62028e-05,0.0003492,0.0466148,
0.00318956,0.000177466,-0.00181644,0.000164561,-0.00143799,-0.000883118,2.71545e-05,0.000177469,0.00114081,0.000155347,0.0012512,-0.000232421,-0.000411442,1.99355e-05,-0.00181653,0.000155208,0.00290716,0.000208559,-0.00138908,-0.000927895,1.68066e-05,0.00016437,0.0012509,0.000208317,0.00314211,0.000382559,-0.00163855,-4.69501e-05,-0.00143587,-0.000229174,-0.00138507,0.000385478,0.0272256,0.00142884,3.34798e-05,-0.000881649,-0.000409193,-0.000925327,-0.00163698,0.00143374,0.0267826,0.000344914,2.7504e-05,2.04796e-05,1.71314e-05,-4.72047e-05,4.16208e-05,0.000349732,0.0466149,
0.00319284,0.000176995,-0.00181583,0.000162909,-0.00143881,-0.000884549,2.70924e-05,0.000176998,0.00114063,0.000154496,0.00125062,-0.000234259,-0.000415581,1.99626e-05,-0.00181591,0.000154359,0.00290334,0.000207501,-0.00138765,-0.000929301,1.64361e-05,0.000162719,0.00125033,0.000207261,0.00314143,0.00038785,-0.00163458,-4.71375e-05,-0.00143668,-0.000231019,-0.00138366,0.00039074,0.0272088,0.00143117,3.87625e-05,-0.000883085,-0.000413351,-0.000926765,-0.00163304,0.0014361,0.0267791,0.000345408,2.74449e-05,2.05116e-05,1.6761e-05,-4.73975e-05,4.70212e-05,0.000350259,0.046615,
0.00319611,0.000176522,-0.0018152,0.00016127,-0.00143961,-0.000885955,2.70301e-05,0.000176526,0.00114045,0.000153652,0.00125004,-0.000236083,-0.000419698,1.9988e-05,-0.00181529,0.000153515,0.00289954,0.000206439,-0.00138621,-0.00093067,1.60643e-05,0.000161081,0.00124974,0.000206202,0.00314075,0.00039312,-0.0016306,-4.73225e-05,-0.00143746,-0.00023285,-0.00138224,0.00039598,0.027192,0.0014335,4.40278e-05,-0.000884496,-0.000417486,-0.000928166,-0.00162909,0.00143845,0.0267755,0.000345898,2.73855e-05,2.05421e-05,1.63892e-05,-4.75878e-05,5.2404e-05,0.000350781,0.046615,
0.00319935,0.000176047,-0.00181457,0.000159643,-0.00144037,-0.000887337,2.69676e-05,0.000176053,0.00114028,0.000152814,0.00124945,-0.000237893,-0.000423792,2.00117e-05,-0.00181466,0.000152677,0.00289574,0.000205375,-0.00138475,-0.000932003,1.56911e-05,0.000159455,0.00124916,0.000205141,0.00314007,0.000398368,-0.00162663,-4.7505e-05,-0.00143822,-0.000234668,-0.0013808,0.000401198,0.0271754,0.00143581,4.92757e-05,-0.000885884,-0.000421598,-0.00092953,-0.00162515,0.00144078,0.0267721,0.000346385,2.73258e-05,2.05707e-05,1.60157e-05,-4.77757e-05,5.77692e-05,0.000351299,0.0466151,
0.00320257,0.000175571,-0.00181394,0.000158029,-0.0014411,-0.000888696,2.69047e-05,0.000175578,0.00114011,0.000151981,0.00124887,-0.00023969,-0.000427864,2.00337e-05,-0.00181402,0.000151845,0.00289195,0.000204308,-0.00138327,-0.000933298,1.53166e-05,0.000157842,0.00124858,0.000204077,0.00313939,0.000403593,-0.00162265,-4.7685e-05,-0.00143894,-0.000236473,-0.00137935,0.000406394,0.0271589,0.00143811,5.45061e-05,-0.000887247,-0.000425689,-0.000930857,-0.0016212,0.00144311,0.0267686,0.000346868,2.72658e-05,2.05976e-05,1.5641e-05,-4.79611e-05,6.31169e-05,0.000351813,0.0466152,
0.00320577,0.000175094,-0.00181329,0.000156427,-0.0014418,-0.000890031,2.68417e-05,0.000175101,0.00113994,0.000151153,0.00124828,-0.000241473,-0.000431914,2.00541e-05,-0.00181337,0.000151018,0.00288818,0.000203238,-0.00138178,-0.000934557,1.49408e-05,0.000156241,0.00124799,0.00020301,0.00313871,0.000408798,-0.00161867,-4.78625e-05,-0.00143964,-0.000238264,-0.00137788,0.000411568,0.0271425,0.00144039,5.97192e-05,-0.000888587,-0.000429757,-0.000932147,-0.00161726,0.00144542,0.0267653,0.000347348,2.72056e-05,2.06228e-05,1.5265e-05,-4.8144e-05,6.84472e-05,0.000352323,0.0466153,
0.00320896,0.000174615,-0.00181264,0.000154837,-0.00144248,-0.000891342,2.67784e-05,0.000174623,0.00113978,0.000150332,0.00124769,-0.000243243,-0.000435942,2.00728e-05,-0.00181272,0.000150197,0.00288442,0.000202167,-0.00138028,-0.000935779,1.45639e-05,0.000154653,0.00124741,0.000201941,0.00313804,0.00041398,-0.0016147,-4.80376e-05,-0.0014403,-0.000240042,-0.0013764,0.00041672,0.0271262,0.00144266,6.49149e-05,-0.000889903,-0.000433803,-0.0009334,-0.00161331,0.00144772,0.0267619,0.000347824,2.71451e-05,2.06463e-05,1.48875e-05,-4.83245e-05,7.37599e-05,0.000352828,0.0466153,
