0.00404584,-0.000174032,-0.00108128,7.40345e-05,-0.000500358,0.000858014,-0.000130186,-0.000174032,0.00116374,-0.000160506,0.00131422,-0.00022502,-0.000587275,5.07289e-05,-0.00108128,-0.000160506,0.00227164,-9.23728e-05,0.000638942,0.00126261,-4.09223e-05,7.40345e-05,0.00131422,-9.23728e-05,0.00329528,0.000382519,0.00204826,1.44518e-06,-0.000500358,-0.00022502,0.000638942,0.000382519,0.0324751,0.00118983,-0.00154677,0.000858014,-0.000587275,0.00126261,0.00204826,0.00118983,0.029362,-7.05939e-05,-0.000130186,5.07289e-05,-4.09223e-05,1.44518e-06,-0.00154677,-7.05939e-05,0.0466834,
0.00404402,0,-0.00108391,7.39551e-05,-0.000495371,0.000863579,-0.000130074,-0.000175009,0,-0.000161256,0.00131389,-0.000221766,-0.000587725,5.08201e-05,-0.00108391,0,0.00227213,-9.33669e-05,0.000646679,0.00126935,-4.12495e-05,7.39551e-05,0,-9.33669e-05,0.0032936,0.000379811,0.00204439,1.85832e-06,-0.000495371,0,0.000646679,0.000379811,0.0324488,0.00118384,-0.0015429,0.000863579,0,0.00126935,0.00204439,0.00118384,0.0293659,-6.91494e-05,-0.000130074,0,-4.12495e-05,1.85829e-06,-0.0015429,-6.91494e-05,0.046683,
0.00404123,0,-0.00108827,7.36282e-05,-0.000486928,0.000870129,-0.000129867,-0.000177086,0,-0.000162982,0.00131337,-0.000216304,-0.000589391,5.09273e-05,-0.00108827,0,0.00227394,-9.58957e-05,0.000659278,0.00127693,-4.17881e-05,7.36283e-05,0,-9.58958e-05,0.00329125,0.000376187,0.00203945,2.60597e-06,-0.000486928,0,0.000659278,0.000376187,0.0324009,0.00117623,-0.00153527,0.000870129,0,0.00127693,0.00203945,0.00117623,0.0293723,-6.75123e-05,-0.000129867,0,-4.17882e-05,2.60597e-06,-0.00153527,-6.75123e-05,0.0466822,
0.00403772,0,-0.00109418,7.31832e-05,-0.000478421,0.000876736,-0.000129535,-0.00017912,0,-0.000164606,0.00131286,-0.000211482,-0.000590366,5.10779e-05,-0.00109418,0,0.00227662,-9.83822e-05,0.000669033,0.00128363,-4.21669e-05,7.31832e-05,0,-9.83822e-05,0.00328901,0.000373655,0.00203514,3.22306e-06,-0.000478421,0,0.000669033,0.000373655,0.032364,0.00116962,-0.00152984,0.000876736,0,0.00128363,0.00203514,0.00116962,0.0293774,-6.5997e-05,-0.000129535,0,-4.21668e-05,3.22309e-06,-0.00152984,-6.5997e-05,0.0466816,
0.00403365,-0.000181147,-0.00110122,7.25629e-05,-0.000468561,0.000883814,-0.000129131,-0.000181147,0.00116424,-0.000166202,0.00131236,-0.000206384,-0.000591604,5.12086e-05,-0.00110122,-0.000166202,0.00228007,-0.0001009,0.0006796,0.00129025,-4.25655e-05,7.25629e-05,0.00131236,-0.0001009,0.00328668,0.000370662,0.00203036,3.90754e-06,-0.000468561,-0.000206384,0.0006796,0.000370662,0.0323222,0.00116271,-0.0015236,0.000883814,-0.000591604,0.00129025,0.00203036,0.00116271,0.0293831,-6.44025e-05,-0.000129131,5.12086e-05,-4.25654e-05,3.90754e-06,-0.0015236,-6.44026e-05,0.0466809,
0.00402914,-0.000183114,-0.001109,7.18561e-05,-0.000458323,0.000890811,-0.000128672,-0.000183114,0.0011644,-0.000167693,0.00131183,-0.000201486,-0.000592742,5.13374e-05,-0.001109,-0.000167693,0.00228375,-0.000103352,0.000689425,0.00129617,-4.28985e-05,7.18561e-05,0.00131183,-0.000103352,0.00328431,0.000367933,0.00202578,4.55813e-06,-0.000458323,-0.000201486,0.000689425,0.000367933,0.0322826,0.00115634,-0.00151779,0.000890811,-0.000592742,0.00129617,0.00202578,0.00115634,0.0293886,-6.28181e-05,-0.000128672,5.13374e-05,-4.28985e-05,4.55813e-06,-0.00151779,-6.28181e-05,0.0466803,
0.00402432,-0.000185046,-0.00111727,7.10664e-05,-0.00044762,0.000897964,-0.000128178,-0.000185046,0.00116455,-0.000169129,0.00131128,-0.000196571,-0.000593903,5.14587e-05,-0.00111727,-0.000169129,0.0022877,-0.000105769,0.00069916,0.00130191,-4.32166e-05,7.10664e-05,0.00131128,-0.000105769,0.00328191,0.000365117,0.00202106,5.2191e-06,-0.00044762,-0.000196571,0.00069916,0.000365117,0.0322425,0.00115003,-0.0015119,0.000897964,-0.000593903,0.00130191,0.00202106,0.00115003,0.0293942,-6.12151e-05,-0.000128178,5.14587e-05,-4.32166e-05,5.21905e-06,-0.0015119,-6.12152e-05,0.0466796,
0.00401927,-0.000186941,-0.00112584,7.0215e-05,-0.000436685,0.000905094,-0.000127659,-0.000186941,0.0011647,-0.000170509,0.00131073,-0.000191715,-0.000595055,5.1575e-05,-0.00112584,-0.000170509,0.00229183,-0.00010815,0.000708575,0.00130732,-4.3511e-05,7.02149e-05,0.00131073,-0.00010815,0.00327948,0.000362337,0.00201634,5.87475e-06,-0.000436685,-0.000191715,0.000708575,0.000362337,0.0322029,0.00114393,-0.00150607,0.000905094,-0.000595055,0.00130732,0.00201634,0.00114393,0.0293997,-5.96074e-05,-0.000127659,5.1575e-05,-4.3511e-05,5.87475e-06,-0.00150607,-5.96074e-05,0.0466789,
0.00401406,-0.000188805,-0.00113459,6.93123e-05,-0.000425584,0.000912238,-0.000127124,-0.000188805,0.00116485,-0.000171848,0.00131017,-0.000186882,-0.000596207,5.16865e-05,-0.00113459,-0.000171848,0.00229608,-0.000110499,0.000717759,0.00131255,-4.3792e-05,6.93123e-05,0.00131017,-0.000110499,0.00327703,0.000359538,0.00201156,6.53172e-06,-0.000425584,-0.000186882,0.000717759,0.000359538,0.0321634,0.00113793,-0.00150025,0.000912238,-0.000596207,0.00131255,0.00201156,0.00113793,0.0294051,-5.79934e-05,-0.000127124,5.16865e-05,-4.3792e-05,6.53172e-06,-0.00150025,-5.79934e-05,0.0466783,
0.00400871,-0.000190641,-0.00114343,6.83672e-05,-0.000414395,0.000919349,-0.00012658,-0.000190641,0.001165,-0.000173149,0.0013096,-0.00018208,-0.000597358,5.17937e-05,-0.00114343,-0.000173149,0.00230043,-0.00011282,0.000726689,0.00131758,-4.40608e-05,6.83672e-05,0.0013096,-0.00011282,0.00327457,0.000356733,0.00200674,7.18808e-06,-0.000414395,-0.00018208,0.000726689,0.000356733,0.0321242,0.00113205,-0.00149443,0.000919349,-0.000597358,0.00131758,0.00200674,0.00113205,0.0294105,-5.63757e-05,-0.00012658,5.17937e-05,-4.40608e-05,7.18808e-06,-0.00149443,-5.63757e-05,0.0466776,
0.00400327,-0.000192451,-0.0011523,6.7386e-05,-0.000403167,0.000926426,-0.000126029,-0.000192451,0.00116516,-0.000174418,0.00130904,-0.000177304,-0.000598508,5.18968e-05,-0.0011523,-0.000174418,0.00230486,-0.000115113,0.00073538,0.00132246,-4.43203e-05,6.7386e-05,0.00130904,-0.000115113,0.00327209,0.000353913,0.00200188,7.84456e-06,-0.000403167,-0.000177304,0.00073538,0.000353913,0.0320853,0.00112626,-0.00148862,0.000926426,-0.000598508,0.00132246,0.00200188,0.00112626,0.0294158,-5.47551e-05,-0.000126029,5.18968e-05,-4.43203e-05,7.84456e-06,-0.00148862,-5.4755e-05,0.0466769,
0.00399776,-0.000194237,-0.00116115,6.63734e-05,-0.000391936,0.000933454,-0.000125474,-0.000194237,0.00116531,-0.00017566,0.00130847,-0.000172553,-0.000599658,5.19962e-05,-0.00116115,-0.00017566,0.00230934,-0.000117382,0.000743834,0.0013272,-4.45717e-05,6.63734e-05,0.00130847,-0.000117382,0.00326962,0.000351079,0.00199698,8.50109e-06,-0.000391936,-0.000172553,0.000743833,0.000351079,0.0320466,0.00112055,-0.0014828,0.000933454,-0.000599658,0.0013272,0.00199698,0.00112055,0.029421,-5.31322e-05,-0.000125474,5.19962e-05,-4.45717e-05,8.50109e-06,-0.0014828,-5.31322e-05,0.0466763,
0.0039922,-0.000196,-0.00116995,6.53329e-05,-0.000380727,0.00094043,-0.000124918,-0.000196,0.00116546,-0.000176875,0.0013079,-0.000167826,-0.000600807,5.20922e-05,-0.00116995,-0.000176875,0.00231386,-0.000119626,0.000752057,0.00133181,-4.48162e-05,6.53329e-05,0.0013079,-0.000119626,0.00326713,0.000348228,0.00199204,9.15751e-06,-0.000380727,-0.000167826,0.000752057,0.000348228,0.0320081,0.00111493,-0.00147698,0.00094043,-0.000600807,0.00133181,0.00199204,0.00111493,0.0294261,-5.15078e-05,-0.000124918,5.20922e-05,-4.48162e-05,9.15756e-06,-0.00147698,-5.15078e-05,0.0466756,
0.00398659,-0.00019774,-0.00117869,6.42671e-05,-0.000369557,0.000947347,-0.000124362,-0.00019774,0.00116562,-0.000178067,0.00130733,-0.00016312,-0.000601956,5.21848e-05,-0.00117869,-0.000178067,0.00231841,-0.000121846,0.000760054,0.0013363,-4.50543e-05,6.42671e-05,0.00130733,-0.000121846,0.00326464,0.00034536,0.00198705,9.81398e-06,-0.000369557,-0.00016312,0.000760054,0.00034536,0.0319699,0.00110937,-0.00147116,0.000947347,-0.000601956,0.0013363,0.00198705,0.00110937,0.0294311,-4.98822e-05,-0.000124362,5.21848e-05,-4.50543e-05,9.81398e-06,-0.00147116,-4.98822e-05,0.046675,
0.00398095,-0.000199458,-0.00118735,6.31781e-05,-0.00035844,0.000954202,-0.000123806,-0.000199458,0.00116578,-0.000179237,0.00130676,-0.000158437,-0.000603104,5.22743e-05,-0.00118735,-0.000179237,0.00232298,-0.000124044,0.000767832,0.00134068,-4.52866e-05,6.31781e-05,0.00130676,-0.000124044,0.00326215,0.000342474,0.00198202,1.04703e-05,-0.00035844,-0.000158437,0.000767832,0.000342474,0.0319319,0.00110388,-0.00146534,0.000954202,-0.000603104,0.00134068,0.00198202,0.00110388,0.0294361,-4.82556e-05,-0.000123806,5.22744e-05,-4.52866e-05,1.04703e-05,-0.00146534,-4.82556e-05,0.0466744,
0.00397528,-0.000201155,-0.00119592,6.20675e-05,-0.000347385,0.000960995,-0.000123251,-0.000201155,0.00116594,-0.000180386,0.00130619,-0.000153775,-0.000604253,5.23608e-05,-0.00119592,-0.000180386,0.00232758,-0.00012622,0.000775394,0.00134496,-4.55133e-05,6.20675e-05,0.00130619,-0.00012622,0.00325966,0.000339568,0.00197695,1.11265e-05,-0.000347385,-0.000153775,0.000775394,0.000339568,0.0318942,0.00109846,-0.00145951,0.000960995,-0.000604253,0.00134496,0.00197695,0.00109846,0.0294409,-4.66282e-05,-0.000123251,5.23608e-05,-4.55133e-05,1.11265e-05,-0.00145951,-4.66282e-05,0.0466737,
0.00396959,-0.000202831,-0.0012044,6.09364e-05,-0.000336398,0.000967722,-0.000122699,-0.000202831,0.0011661,-0.000181514,0.00130563,-0.000149135,-0.000605402,5.24444e-05,-0.0012044,-0.000181514,0.00233219,-0.000128374,0.000782747,0.00134914,-4.57347e-05,6.09364e-05,0.00130563,-0.000128374,0.00325717,0.000336644,0.00197184,1.17824e-05,-0.000336398,-0.000149135,0.000782747,0.000336644,0.0318567,0.0010931,-0.00145368,0.000967722,-0.000605402,0.00134914,0.00197184,0.0010931,0.0294456,-4.50002e-05,-0.000122699,5.24444e-05,-4.57347e-05,1.17824e-05,-0.00145368,-4.50002e-05,0.0466731,
0.00396388,-0.000204487,-0.00121277,5.97859e-05,-0.000325484,0.000974384,-0.000122148,-0.000204487,0.00116627,-0.000182624,0.00130506,-0.000144514,-0.000606552,5.25252e-05,-0.00121277,-0.000182624,0.00233681,-0.000130506,0.000789895,0.00135323,-4.59508e-05,5.97859e-05,0.00130506,-0.000130506,0.00325467,0.000333699,0.00196669,1.24379e-05,-0.000325484,-0.000144514,0.000789895,0.000333699,0.0318195,0.00108779,-0.00144784,0.000974384,-0.000606552,0.00135323,0.00196669,0.00108779,0.0294503,-4.33716e-05,-0.000122148,5.25252e-05,-4.59509e-05,1.24379e-05,-0.00144784,-4.33716e-05,0.0466725,
0.00395816,-0.000206121,-0.00122105,5.86169e-05,-0.000314646,0.000980979,-0.000121599,-0.000206121,0.00116644,-0.000183715,0.00130449,-0.000139915,-0.000607703,5.26032e-05,-0.00122105,-0.000183715,0.00234144,-0.000132617,0.000796842,0.00135722,-4.61618e-05,5.86168e-05,0.00130449,-0.000132617,0.00325218,0.000330735,0.0019615,1.3093e-05,-0.000314646,-0.000139915,0.000796842,0.000330735,0.0317825,0.00108255,-0.00144201,0.000980979,-0.000607703,0.00135722,0.0019615,0.00108255,0.0294548,-4.17425e-05,-0.000121599,5.26032e-05,-4.61618e-05,1.3093e-05,-0.00144201,-4.17425e-05,0.0466719,
0.00395243,-0.000207736,-0.00122923,5.743e-05,-0.000303887,0.000987508,-0.000121052,-0.000207736,0.0011666,-0.000184789,0.00130393,-0.000135335,-0.000608854,5.26787e-05,-0.00122923,-0.000184789,0.00234607,-0.000134708,0.000803593,0.00136112,-4.63676e-05,5.743e-05,0.00130393,-0.000134708,0.00324968,0.000327751,0.00195627,1.37476e-05,-0.000303887,-0.000135335,0.000803593,0.000327751,0.0317458,0.00107736,-0.00143617,0.000987508,-0.000608854,0.00136112,0.00195627,0.00107736,0.0294593,-4.0113e-05,-0.000121052,5.26787e-05,-4.63676e-05,1.37476e-05,-0.00143617,-4.01129e-05,0.0466713,
0.00394668,-0.00020933,-0.0012373,5.6226e-05,-0.000293207,0.000993969,-0.000120507,-0.00020933,0.00116677,-0.000185845,0.00130336,-0.000130776,-0.000610006,5.27516e-05,-0.0012373,-0.000185845,0.00235072,-0.000136777,0.000810152,0.00136493,-4.65684e-05,5.62261e-05,0.00130336,-0.000136777,0.00324719,0.000324746,0.00195101,1.44015e-05,-0.000293207,-0.000130776,0.000810152,0.000324746,0.0317092,0.00107223,-0.00143033,0.000993969,-0.000610006,0.00136493,0.00195101,0.00107223,0.0294637,-3.8483e-05,-0.000120507,5.27515e-05,-4.65684e-05,1.44015e-05,-0.00143033,-3.84829e-05,0.0466707,
0.00394093,-0.000210905,-0.00124528,5.50055e-05,-0.000282609,0.00100036,-0.000119964,-0.000210905,0.00116695,-0.000186884,0.0013028,-0.000126237,-0.00061116,5.2822e-05,-0.00124528,-0.000186884,0.00235536,-0.000138826,0.000816524,0.00136866,-4.67641e-05,5.50054e-05,0.0013028,-0.000138826,0.0032447,0.000321721,0.0019457,1.50547e-05,-0.000282609,-0.000126237,0.000816524,0.000321721,0.0316729,0.00106716,-0.00142449,0.00100036,-0.00061116,0.00136866,0.0019457,0.00106716,0.029468,-3.68526e-05,-0.000119964,5.2822e-05,-4.67641e-05,1.50547e-05,-0.00142449,-3.68526e-05,0.0466701,
0.00393517,-0.00021246,-0.00125315,5.37688e-05,-0.000272094,0.00100669,-0.000119423,-0.00021246,0.00116712,-0.000187906,0.00130224,-0.000121718,-0.000612315,5.289e-05,-0.00125315,-0.000187906,0.00236001,-0.000140854,0.000822712,0.0013723,-4.69548e-05,5.37689e-05,0.00130224,-0.000140854,0.0032422,0.000318675,0.00194035,1.57072e-05,-0.000272094,-0.000121718,0.000822713,0.000318675,0.0316369,0.00106213,-0.00141864,0.00100669,-0.000612315,0.0013723,0.00194035,0.00106213,0.0294721,-3.52217e-05,-0.000119423,5.289e-05,-4.69548e-05,1.57072e-05,-0.00141864,-3.52218e-05,0.0466695,
0.00392941,-0.000213994,-0.00126093,5.25167e-05,-0.000261661,0.00101295,-0.000118884,-0.000213994,0.0011673,-0.000188913,0.00130167,-0.000117218,-0.000613471,5.29557e-05,-0.00126093,-0.000188913,0.00236466,-0.000142862,0.000828721,0.00137586,-4.71404e-05,5.25167e-05,0.00130167,-0.000142862,0.00323971,0.000315609,0.00193497,1.63587e-05,-0.000261661,-0.000117218,0.000828721,0.000315609,0.031601,0.00105716,-0.0014128,0.00101295,-0.000613471,0.00137586,0.00193497,0.00105716,0.0294762,-3.35906e-05,-0.000118884,5.29557e-05,-4.71404e-05,1.63586e-05,-0.0014128,-3.35906e-05,0.0466689,
0.00392364,-0.00021551,-0.0012686,5.12495e-05,-0.000251313,0.00101914,-0.000118347,-0.00021551,0.00116748,-0.000189904,0.00130111,-0.000112739,-0.000614629,5.30191e-05,-0.0012686,-0.000189904,0.00236931,-0.00014485,0.000834553,0.00137935,-4.73209e-05,5.12494e-05,0.00130111,-0.00014485,0.00323723,0.000312523,0.00192954,1.70091e-05,-0.000251313,-0.000112739,0.000834553,0.000312523,0.0315654,0.00105224,-0.00140696,0.00101914,-0.000614629,0.00137935,0.00192954,0.00105224,0.0294803,-3.1959e-05,-0.000118347,5.30191e-05,-4.73209e-05,1.70092e-05,-0.00140696,-3.1959e-05,0.0466683,
0.00391787,-0.000217006,-0.00127618,4.99677e-05,-0.000241048,0.00102527,-0.000117812,-0.000217006,0.00116766,-0.000190879,0.00130055,-0.000108279,-0.000615788,5.30804e-05,-0.00127618,-0.000190879,0.00237395,-0.000146817,0.000840212,0.00138275,-4.74964e-05,4.99677e-05,0.00130055,-0.000146817,0.00323474,0.000309417,0.00192409,1.76585e-05,-0.000241048,-0.000108279,0.000840212,0.000309417,0.03153,0.00104737,-0.00140112,0.00102527,-0.000615788,0.00138275,0.00192409,0.00104737,0.0294842,-3.03271e-05,-0.000117812,5.30804e-05,-4.74965e-05,1.76585e-05,-0.00140112,-3.03271e-05,0.0466677,
0.0039121,-0.000218482,-0.00128366,4.86717e-05,-0.000230868,0.00103133,-0.000117279,-0.000218482,0.00116784,-0.00019184,0.0013,-0.000103839,-0.000616949,5.31395e-05,-0.00128366,-0.00019184,0.0023786,-0.000148765,0.000845702,0.00138607,-4.76669e-05,4.86717e-05,0.0013,-0.000148765,0.00323225,0.000306291,0.00191859,1.83068e-05,-0.000230868,-0.000103839,0.000845702,0.000306291,0.0314948,0.00104255,-0.00139528,0.00103133,-0.000616949,0.00138607,0.00191859,0.00104255,0.029488,-2.86949e-05,-0.000117279,5.31395e-05,-4.76669e-05,1.83067e-05,-0.00139528,-2.86949e-05,0.0466671,
0.00390632,-0.000219939,-0.00129105,4.73621e-05,-0.000220773,0.00103732,-0.000116748,-0.000219939,0.00116802,-0.000192786,0.00129944,-9.94196e-05,-0.000618112,5.31965e-05,-0.00129105,-0.000192786,0.00238324,-0.000150693,0.000851026,0.00138932,-4.78324e-05,4.7362e-05,0.00129944,-0.000150693,0.00322977,0.000303145,0.00191306,1.89537e-05,-0.000220773,-9.94196e-05,0.000851026,0.000303145,0.0314598,0.00103779,-0.00138945,0.00103732,-0.000618112,0.00138932,0.00191306,0.00103779,0.0294918,-2.70624e-05,-0.000116748,5.31966e-05,-4.78323e-05,1.89537e-05,-0.00138945,-2.70624e-05,0.0466666,
0.00390055,-0.000221377,-0.00129835,4.60391e-05,-0.000210763,0.00104325,-0.000116218,-0.000221377,0.00116821,-0.000193718,0.00129888,-9.50197e-05,-0.000619276,5.32515e-05,-0.00129835,-0.000193718,0.00238788,-0.000152601,0.000856188,0.00139249,-4.79928e-05,4.60391e-05,0.00129888,-0.000152601,0.00322729,0.000299979,0.00190749,1.95993e-05,-0.000210763,-9.50197e-05,0.000856188,0.000299979,0.0314251,0.00103306,-0.00138362,0.00104325,-0.000619276,0.00139249,0.00190749,0.00103306,0.0294954,-2.54295e-05,-0.000116218,5.32516e-05,-4.79928e-05,1.95993e-05,-0.00138362,-2.54294e-05,0.046666,
0.00389477,-0.000222796,-0.00130555,4.47032e-05,-0.000200838,0.0010491,-0.00011569,-0.000222796,0.0011684,-0.000194636,0.00129833,-9.06396e-05,-0.000620442,5.33046e-05,-0.00130555,-0.000194636,0.00239251,-0.00015449,0.00086119,0.00139559,-4.81483e-05,4.47032e-05,0.00129833,-0.00015449,0.00322481,0.000296794,0.00190189,2.02434e-05,-0.000200838,-9.06395e-05,0.00086119,0.000296794,0.0313905,0.00102839,-0.00137779,0.0010491,-0.000620442,0.00139559,0.00190189,0.00102839,0.029499,-2.37963e-05,-0.00011569,5.33046e-05,-4.81483e-05,2.02434e-05,-0.00137779,-2.37964e-05,0.0466654,
0.003889,-0.000224197,-0.00131266,4.33548e-05,-0.000190999,0.0010549,-0.000115163,-0.000224197,0.00116859,-0.00019554,0.00129777,-8.62793e-05,-0.000621609,5.33558e-05,-0.00131266,-0.00019554,0.00239714,-0.00015636,0.000866035,0.00139862,-4.82988e-05,4.33548e-05,0.00129777,-0.00015636,0.00322234,0.000293589,0.00189626,2.0886e-05,-0.000190999,-8.62793e-05,0.000866035,0.000293589,0.0313562,0.00102377,-0.00137197,0.0010549,-0.000621609,0.00139862,0.00189626,0.00102377,0.0295025,-2.21629e-05,-0.000115163,5.33558e-05,-4.82988e-05,2.0886e-05,-0.00137197,-2.21629e-05,0.0466648,
0.00388323,-0.000225578,-0.00131969,4.19944e-05,-0.000181245,0.00106062,-0.000114639,-0.000225578,0.00116878,-0.000196431,0.00129722,-8.1939e-05,-0.000622779,5.34051e-05,-0.00131969,-0.000196431,0.00240176,-0.00015821,0.000870727,0.00140157,-4.84444e-05,4.19944e-05,0.00129722,-0.00015821,0.00321986,0.000290366,0.00189059,2.1527e-05,-0.000181245,-8.19391e-05,0.000870727,0.000290366,0.0313221,0.00101919,-0.00136615,0.00106062,-0.000622779,0.00140157,0.00189059,0.00101919,0.0295059,-2.05292e-05,-0.000114639,5.34051e-05,-4.84444e-05,2.1527e-05,-0.00136615,-2.05292e-05,0.0466643,
0.00387746,-0.000226941,-0.00132662,4.06223e-05,-0.000171577,0.00106628,-0.000114115,-0.000226941,0.00116897,-0.00019731,0.00129667,-7.76186e-05,-0.00062395,5.34526e-05,-0.00132662,-0.00019731,0.00240638,-0.000160041,0.000875268,0.00140446,-4.85851e-05,4.06223e-05,0.00129667,-0.000160041,0.00321739,0.000287124,0.00188489,2.21663e-05,-0.000171577,-7.76186e-05,0.000875268,0.000287124,0.0312882,0.00101465,-0.00136034,0.00106628,-0.00062395,0.00140446,0.00188489,0.00101465,0.0295092,-1.88954e-05,-0.000114115,5.34526e-05,-4.85851e-05,2.21663e-05,-0.00136034,-1.88954e-05,0.0466637,
0.0038717,-0.000228285,-0.00133347,3.92389e-05,-0.000161995,0.00107187,-0.000113594,-0.000228285,0.00116916,-0.000198175,0.00129612,-7.33182e-05,-0.000625122,5.34984e-05,-0.00133347,-0.000198175,0.00241098,-0.000161852,0.000879662,0.00140727,-4.87209e-05,3.92389e-05,0.00129612,-0.000161852,0.00321493,0.000283864,0.00187916,2.28038e-05,-0.000161995,-7.33181e-05,0.000879662,0.000283864,0.0312545,0.00101017,-0.00135453,0.00107187,-0.000625122,0.00140727,0.00187916,0.00101017,0.0295125,-1.72613e-05,-0.000113594,5.34984e-05,-4.87208e-05,2.28038e-05,-0.00135453,-1.72612e-05,0.0466632,
0.00386595,-0.000229611,-0.00134023,3.78446e-05,-0.000152498,0.0010774,-0.000113073,-0.000229611,0.00116936,-0.000199028,0.00129557,-6.90377e-05,-0.000626296,5.35424e-05,-0.00134023,-0.000199028,0.00241558,-0.000163645,0.000883911,0.00141002,-4.88518e-05,3.78446e-05,0.00129557,-0.000163645,0.00321247,0.000280585,0.0018734,2.34395e-05,-0.000152498,-6.90377e-05,0.000883911,0.000280585,0.031221,0.00100572,-0.00134873,0.0010774,-0.000626296,0.00141002,0.0018734,0.00100572,0.0295157,-1.56271e-05,-0.000113073,5.35424e-05,-4.88518e-05,2.34395e-05,-0.00134873,-1.56271e-05,0.0466626,
0.00386019,-0.000230919,-0.0013469,3.64397e-05,-0.000143088,0.00108286,-0.000112555,-0.000230919,0.00116956,-0.000199869,0.00129502,-6.47772e-05,-0.000627472,5.35849e-05,-0.0013469,-0.000199869,0.00242017,-0.000165419,0.000888018,0.0014127,-4.8978e-05,3.64397e-05,0.00129502,-0.000165419,0.00321001,0.000277289,0.0018676,2.40732e-05,-0.000143088,-6.47771e-05,0.000888018,0.000277289,0.0311878,0.00100132,-0.00134294,0.00108286,-0.000627472,0.0014127,0.0018676,0.00100132,0.0295187,-1.39926e-05,-0.000112555,5.35849e-05,-4.8978e-05,2.40732e-05,-0.00134294,-1.39927e-05,0.046662,
0.00385445,-0.000232208,-0.0013535,3.50246e-05,-0.000133763,0.00108826,-0.000112037,-0.000232208,0.00116976,-0.000200698,0.00129447,-6.05365e-05,-0.00062865,5.36257e-05,-0.0013535,-0.000200698,0.00242475,-0.000167175,0.000891985,0.00141532,-4.90994e-05,3.50246e-05,0.00129447,-0.000167175,0.00320755,0.000273975,0.00186178,2.4705e-05,-0.000133763,-6.05366e-05,0.000891985,0.000273975,0.0311547,0.000996967,-0.00133716,0.00108826,-0.00062865,0.00141532,0.00186178,0.000996967,0.0295217,-1.23582e-05,-0.000112037,5.36258e-05,-4.90993e-05,2.4705e-05,-0.00133716,-1.23582e-05,0.0466615,
0.00384871,-0.00023348,-0.00136001,3.35997e-05,-0.000124524,0.00109359,-0.000111521,-0.00023348,0.00116996,-0.000201516,0.00129393,-5.6316e-05,-0.000629829,5.3665e-05,-0.00136001,-0.000201516,0.00242932,-0.000168912,0.000895816,0.00141787,-4.9216e-05,3.35997e-05,0.00129393,-0.000168912,0.0032051,0.000270644,0.00185592,2.53347e-05,-0.000124524,-5.6316e-05,0.000895816,0.000270644,0.0311218,0.000992652,-0.00133138,0.00109359,-0.000629829,0.00141787,0.00185592,0.000992652,0.0295247,-1.07237e-05,-0.000111521,5.3665e-05,-4.9216e-05,2.53347e-05,-0.00133138,-1.07236e-05,0.046661,
0.00384298,-0.000234733,-0.00136644,3.21654e-05,-0.000115372,0.00109885,-0.000111006,-0.000234733,0.00117016,-0.000202323,0.00129338,-5.21154e-05,-0.00063101,5.37028e-05,-0.00136644,-0.000202323,0.00243388,-0.00017063,0.000899512,0.00142036,-4.93281e-05,3.21654e-05,0.00129338,-0.00017063,0.00320266,0.000267296,0.00185004,2.59622e-05,-0.000115371,-5.21154e-05,0.000899512,0.000267296,0.0310892,0.00098838,-0.00132561,0.00109885,-0.00063101,0.00142036,0.00185004,0.00098838,0.0295275,-9.08912e-06,-0.000111006,5.37028e-05,-4.93281e-05,2.59622e-05,-0.00132561,-9.08906e-06,0.0466604,
0.00383725,-0.000235969,-0.00137278,3.07219e-05,-0.000106304,0.00110405,-0.000110493,-0.000235969,0.00117037,-0.000203118,0.00129284,-4.79348e-05,-0.000632192,5.37391e-05,-0.00137278,-0.000203118,0.00243843,-0.00017233,0.000903077,0.00142279,-4.94355e-05,3.07219e-05,0.00129284,-0.00017233,0.00320022,0.000263932,0.00184413,2.65876e-05,-0.000106304,-4.79348e-05,0.000903077,0.000263932,0.0310568,0.000984148,-0.00131986,0.00110405,-0.000632192,0.00142279,0.00184413,0.000984148,0.0295303,-7.45448e-06,-0.000110493,5.37391e-05,-4.94355e-05,2.65876e-05,-0.00131986,-7.45454e-06,0.0466599,
0.00383154,-0.000237188,-0.00137905,2.92696e-05,-9.7323e-05,0.00110919,-0.000109981,-0.000237188,0.00117057,-0.000203903,0.0012923,-4.37741e-05,-0.000633375,5.3774e-05,-0.00137905,-0.000203903,0.00244296,-0.000174012,0.000906513,0.00142515,-4.95383e-05,2.92696e-05,0.0012923,-0.000174012,0.00319778,0.000260551,0.0018382,2.72107e-05,-9.7323e-05,-4.37742e-05,0.000906513,0.000260551,0.0310245,0.000979956,-0.00131411,0.00110919,-0.000633375,0.00142515,0.0018382,0.000979956,0.0295329,-5.81996e-06,-0.000109981,5.37739e-05,-4.95383e-05,2.72106e-05,-0.00131411,-5.81996e-06,0.0466593,
0.00382584,-0.000238389,-0.00138524,2.78089e-05,-8.84272e-05,0.00111426,-0.00010947,-0.000238389,0.00117078,-0.000204677,0.00129175,-3.96335e-05,-0.00063456,5.38075e-05,-0.00138524,-0.000204677,0.00244748,-0.000175676,0.000909823,0.00142746,-4.96366e-05,2.78089e-05,0.00129175,-0.000175676,0.00319535,0.000257155,0.00183223,2.78314e-05,-8.84272e-05,-3.96335e-05,0.000909823,0.000257155,0.0309925,0.000975804,-0.00130837,0.00111426,-0.00063456,0.00142746,0.00183223,0.000975804,0.0295355,-4.18549e-06,-0.00010947,5.38075e-05,-4.96366e-05,2.78315e-05,-0.00130837,-4.18549e-06,0.0466588,
0.00382014,-0.000239573,-0.00139136,2.63402e-05,-7.96168e-05,0.00111926,-0.000108961,-0.000239573,0.00117099,-0.000205441,0.00129121,-3.55128e-05,-0.000635747,5.38396e-05,-0.00139136,-0.000205441,0.00245199,-0.000177322,0.000913008,0.0014297,-4.97304e-05,2.63402e-05,0.00129121,-0.000177322,0.00319292,0.000253743,0.00182624,2.84498e-05,-7.96168e-05,-3.55128e-05,0.000913008,0.000253743,0.0309607,0.000971691,-0.00130264,0.00111926,-0.000635747,0.0014297,0.00182624,0.000971691,0.0295381,-2.55113e-06,-0.000108961,5.38397e-05,-4.97304e-05,2.84499e-05,-0.00130264,-2.55107e-06,0.0466583,
0.00381446,-0.000240739,-0.00139739,2.48636e-05,-7.08918e-05,0.00112421,-0.000108453,-0.000240739,0.0011712,-0.000206196,0.00129067,-3.14121e-05,-0.000636934,5.38705e-05,-0.00139739,-0.000206196,0.00245649,-0.000178951,0.000916072,0.00143189,-4.98199e-05,2.48636e-05,0.00129067,-0.000178951,0.0031905,0.000250316,0.00182022,2.90658e-05,-7.08917e-05,-3.14121e-05,0.000916072,0.000250316,0.030929,0.000967616,-0.00129692,0.00112421,-0.000636934,0.00143189,0.00182022,0.000967616,0.0295405,-9.16878e-07,-0.000108453,5.38705e-05,-4.98199e-05,2.90657e-05,-0.00129692,-9.16878e-07,0.0466577,
0.00380878,-0.000241889,-0.00140336,2.33796e-05,-6.22518e-05,0.00112909,-0.000107946,-0.000241889,0.00117141,-0.00020694,0.00129014,-2.73313e-05,-0.000638123,5.39001e-05,-0.00140336,-0.00020694,0.00246097,-0.000180561,0.000919017,0.00143403,-4.99049e-05,2.33796e-05,0.00129014,-0.000180561,0.00318809,0.000246874,0.00181418,2.96793e-05,-6.22518e-05,-2.73313e-05,0.000919017,0.000246874,0.0308976,0.000963578,-0.00129122,0.00112909,-0.000638123,0.00143403,0.00181418,0.000963578,0.0295429,7.17149e-07,-0.000107946,5.39001e-05,-4.99049e-05,2.96793e-05,-0.00129122,7.17149e-07,0.0466572,
0.00380312,-0.000243022,-0.00140924,2.18885e-05,-5.36967e-05,0.0011339,-0.00010744,-0.000243022,0.00117162,-0.000207675,0.0012896,-2.32705e-05,-0.000639314,5.39284e-05,-0.00140924,-0.000207675,0.00246544,-0.000182154,0.000921844,0.0014361,-4.99857e-05,2.18885e-05,0.0012896,-0.000182154,0.00318567,0.000243418,0.00180812,3.02902e-05,-5.36967e-05,-2.32704e-05,0.000921844,0.000243418,0.0308664,0.000959577,-0.00128552,0.0011339,-0.000639314,0.0014361,0.00180812,0.000959577,0.0295452,2.35101e-06,-0.00010744,5.39284e-05,-4.99856e-05,3.02902e-05,-0.00128552,2.35095e-06,0.0466567,
0.00379747,-0.000244138,-0.00141506,2.03905e-05,-4.52263e-05,0.00113866,-0.000106936,-0.000244138,0.00117183,-0.000208401,0.00128906,-1.92296e-05,-0.000640505,5.39556e-05,-0.00141506,-0.000208401,0.00246989,-0.00018373,0.000924557,0.00143812,-5.00621e-05,2.03905e-05,0.00128906,-0.00018373,0.00318327,0.000239948,0.00180203,3.08985e-05,-4.52263e-05,-1.92296e-05,0.000924557,0.000239948,0.0308354,0.000955613,-0.00127984,0.00113866,-0.000640505,0.00143812,0.00180203,0.000955613,0.0295474,3.98453e-06,-0.000106936,5.39556e-05,-5.00622e-05,3.08985e-05,-0.00127984,3.98448e-06,0.0466561,
0.00379183,-0.000245237,-0.0014208,1.8886e-05,-3.68403e-05,0.00114335,-0.000106432,-0.000245237,0.00117205,-0.000209117,0.00128853,-1.52086e-05,-0.000641698,5.39815e-05,-0.0014208,-0.000209117,0.00247432,-0.000185288,0.000927157,0.00144009,-5.01344e-05,1.8886e-05,0.00128853,-0.000185288,0.00318087,0.000236463,0.00179592,3.15042e-05,-3.68403e-05,-1.52086e-05,0.000927157,0.000236463,0.0308046,0.000951684,-0.00127417,0.00114335,-0.000641698,0.00144009,0.00179592,0.000951684,0.0295495,5.61778e-06,-0.000106432,5.39815e-05,-5.01345e-05,3.15042e-05,-0.00127417,5.61773e-06,0.0466556,
0.00378621,-0.000246321,-0.00142647,1.73753e-05,-2.85385e-05,0.00114797,-0.00010593,-0.000246321,0.00117227,-0.000209825,0.001288,-1.12075e-05,-0.000642891,5.40064e-05,-0.00142647,-0.000209825,0.00247874,-0.00018683,0.000929647,0.001442,-5.02026e-05,1.73753e-05,0.001288,-0.00018683,0.00317848,0.000232966,0.00178979,3.21072e-05,-2.85385e-05,-1.12075e-05,0.000929647,0.000232966,0.0307739,0.000947789,-0.00126851,0.00114797,-0.000642891,0.001442,0.00178979,0.000947789,0.0295516,7.2507e-06,-0.00010593,5.40064e-05,-5.02026e-05,3.21072e-05,-0.00126851,7.2507e-06,0.0466551,
0.0037806,-0.000247388,-0.00143208,1.58586e-05,-2.03206e-05,0.00115254,-0.000105429,-0.000247388,0.00117249,-0.000210525,0.00128746,-7.22616e-06,-0.000644086,5.40302e-05,-0.00143208,-0.000210525,0.00248315,-0.000188354,0.000932029,0.00144387,-5.02667e-05,1.58586e-05,0.00128746,-0.000188354,0.00317609,0.000229455,0.00178363,3.27074e-05,-2.03206e-05,-7.22616e-06,0.000932029,0.000229455,0.0307435,0.000943929,-0.00126286,0.00115254,-0.000644086,0.00144387,0.00178363,0.000943929,0.0295536,8.88317e-06,-0.000105429,5.40302e-05,-5.02667e-05,3.27074e-05,-0.00126286,8.88317e-06,0.0466546,
0.003775,-0.000248438,-0.00143761,1.43363e-05,-1.21863e-05,0.00115704,-0.00010493,-0.000248438,0.0011727,-0.000211215,0.00128693,-3.26469e-06,-0.000645282,5.40529e-05,-0.00143761,-0.000211215,0.00248753,-0.000189861,0.000934305,0.00144568,-5.03267e-05,1.43363e-05,0.00128693,-0.000189861,0.00317371,0.000225931,0.00177746,3.33049e-05,-1.21863e-05,-3.26472e-06,0.000934305,0.000225931,0.0307133,0.000940102,-0.00125723,0.00115704,-0.000645282,0.00144568,0.00177746,0.000940102,0.0295555,1.05153e-05,-0.00010493,5.40529e-05,-5.03267e-05,3.33049e-05,-0.00125723,1.05153e-05,0.0466541,
0.00376942,-0.000249473,-0.00144307,1.28086e-05,-4.13525e-06,0.00116149,-0.000104431,-0.000249473,0.00117292,-0.000211898,0.0012864,6.77014e-07,-0.000646478,5.40746e-05,-0.00144307,-0.000211898,0.0024919,-0.000191352,0.000936477,0.00144744,-5.03828e-05,1.28086e-05,0.0012864,-0.000191352,0.00317134,0.000222396,0.00177126,3.38995e-05,-4.13525e-06,6.77014e-07,0.000936477,0.000222396,0.0306833,0.000936308,-0.00125161,0.00116149,-0.000646478,0.00144744,0.00177126,0.000936308,0.0295573,1.2147e-05,-0.000104431,5.40745e-05,-5.03828e-05,3.38995e-05,-0.00125161,1.2147e-05,0.0466536,
0.00376385,-0.000250493,-0.00144847,1.12758e-05,3.83288e-06,0.00116587,-0.000103934,-0.000250493,0.00117315,-0.000212573,0.00128587,4.59896e-06,-0.000647676,5.40952e-05,-0.00144847,-0.000212573,0.00249626,-0.000192826,0.000938547,0.00144915,-5.0435e-05,1.12758e-05,0.00128587,-0.000192826,0.00316897,0.000218848,0.00176505,3.44912e-05,3.83288e-06,4.59899e-06,0.000938547,0.000218848,0.0306535,0.000932547,-0.001246,0.00116587,-0.000647676,0.00144915,0.00176505,0.000932547,0.0295591,1.37781e-05,-0.000103934,5.40952e-05,-5.04349e-05,3.44913e-05,-0.001246,1.37781e-05,0.046653,
0.0037583,-0.000251496,-0.0014538,9.73824e-06,1.17184e-05,0.00117019,-0.000103438,-0.000251496,0.00117337,-0.00021324,0.00128534,8.5012e-06,-0.000648874,5.41149e-05,-0.0014538,-0.00021324,0.00250059,-0.000194283,0.000940517,0.00145081,-5.04833e-05,9.73821e-06,0.00128534,-0.000194283,0.00316661,0.000215288,0.00175881,3.50801e-05,1.17184e-05,8.5012e-06,0.000940517,0.000215288,0.0306238,0.000928816,-0.0012404,0.00117019,-0.000648874,0.00145081,0.00175881,0.000928816,0.0295607,1.54087e-05,-0.000103438,5.41149e-05,-5.04833e-05,3.50801e-05,-0.0012404,1.54086e-05,0.0466525,
0.00375276,-0.000252484,-0.00145906,8.19605e-06,1.95217e-05,0.00117445,-0.000102943,-0.000252484,0.00117359,-0.0002139,0.00128482,1.23838e-05,-0.000650073,5.41336e-05,-0.00145906,-0.000213899,0.00250491,-0.000195724,0.00094239,0.00145243,-5.05278e-05,8.19605e-06,0.00128482,-0.000195724,0.00316426,0.000211717,0.00175256,3.5666e-05,1.95218e-05,1.23838e-05,0.00094239,0.000211717,0.0305944,0.000925117,-0.00123483,0.00117445,-0.000650073,0.00145243,0.00175256,0.000925117,0.0295624,1.70386e-05,-0.000102943,5.41336e-05,-5.05279e-05,3.5666e-05,-0.00123483,1.70386e-05,0.046652,
0.00374724,-0.000253457,-0.00146427,6.6496e-06,2.72433e-05,0.00117865,-0.000102449,-0.000253457,0.00117382,-0.000214552,0.00128429,1.62467e-05,-0.000651273,5.41514e-05,-0.00146427,-0.000214552,0.0025092,-0.000197149,0.000944166,0.00145399,-5.05686e-05,6.6496e-06,0.00128429,-0.000197149,0.00316191,0.000208135,0.00174629,3.62489e-05,2.72432e-05,1.62467e-05,0.000944166,0.000208135,0.0305651,0.000921448,-0.00122926,0.00117865,-0.000651273,0.00145399,0.00174629,0.000921448,0.0295639,1.8668e-05,-0.000102449,5.41515e-05,-5.05686e-05,3.62489e-05,-0.00122926,1.8668e-05,0.0466515,
0.00374173,-0.000254415,-0.0014694,5.09909e-06,3.48833e-05,0.0011828,-0.000101956,-0.000254415,0.00117405,-0.000215196,0.00128376,2.00901e-05,-0.000652473,5.41683e-05,-0.0014694,-0.000215196,0.00251348,-0.000198557,0.000945849,0.00145552,-5.06058e-05,5.09909e-06,0.00128376,-0.000198557,0.00315957,0.000204543,0.00174,3.68288e-05,3.48834e-05,2.00901e-05,0.000945849,0.000204543,0.0305361,0.000917809,-0.00122371,0.0011828,-0.000652473,0.00145552,0.00174,0.000917809,0.0295654,2.02967e-05,-0.000101956,5.41683e-05,-5.06058e-05,3.68288e-05,-0.00122371,2.02967e-05,0.046651,
0.00373624,-0.000255357,-0.00147448,3.5448e-06,4.24424e-05,0.00118688,-0.000101465,-0.000255357,0.00117427,-0.000215834,0.00128324,2.39139e-05,-0.000653675,5.41844e-05,-0.00147448,-0.000215834,0.00251775,-0.00019995,0.00094744,0.00145699,-5.06393e-05,3.5448e-06,0.00128324,-0.00019995,0.00315724,0.00020094,0.0017337,3.74057e-05,4.24424e-05,2.39139e-05,0.00094744,0.00020094,0.0305072,0.000914198,-0.00121817,0.00118688,-0.000653675,0.00145699,0.0017337,0.000914198,0.0295668,2.19246e-05,-0.000101465,5.41844e-05,-5.06393e-05,3.74057e-05,-0.00121817,2.19246e-05,0.0466505,
0.00373077,-0.000256285,-0.00147949,1.98694e-06,4.99208e-05,0.0011909,-0.000100975,-0.000256285,0.0011745,-0.000216465,0.00128272,2.77183e-05,-0.000654876,5.41996e-05,-0.00147949,-0.000216465,0.00252199,-0.000201327,0.000948941,0.00145843,-5.06693e-05,1.98694e-06,0.00128272,-0.000201327,0.00315491,0.000197327,0.00172738,3.79795e-05,4.99208e-05,2.77183e-05,0.000948941,0.000197327,0.0304785,0.000910616,-0.00121265,0.0011909,-0.000654876,0.00145843,0.00172738,0.000910616,0.0295681,2.35518e-05,-0.000100975,5.41996e-05,-5.06693e-05,3.79795e-05,-0.00121265,2.35518e-05,0.04665,
0.00372531,-0.000257198,-0.00148444,4.25771e-07,5.73191e-05,0.00119487,-0.000100486,-0.000257198,0.00117473,-0.00021709,0.0012822,3.15032e-05,-0.000656078,5.4214e-05,-0.00148444,-0.00021709,0.00252621,-0.000202688,0.000950353,0.00145982,-5.06958e-05,4.25771e-07,0.0012822,-0.000202688,0.0031526,0.000193705,0.00172105,3.85501e-05,5.73191e-05,3.15032e-05,0.000950353,0.000193705,0.03045,0.000907062,-0.00120714,0.00119487,-0.000656078,0.00145982,0.00172105,0.000907062,0.0295693,2.51782e-05,-0.000100486,5.4214e-05,-5.06957e-05,3.85501e-05,-0.00120714,2.51782e-05,0.0466495,
0.00371988,-0.000258097,-0.00148933,-1.13845e-06,6.46378e-05,0.00119878,-9.99979e-05,-0.000258097,0.00117496,-0.000217708,0.00128167,3.52687e-05,-0.000657281,5.42276e-05,-0.00148933,-0.000217708,0.00253041,-0.000204033,0.000951679,0.00146116,-5.07188e-05,-1.13848e-06,0.00128167,-0.000204033,0.00315029,0.000190073,0.0017147,3.91176e-05,6.46377e-05,3.52687e-05,0.000951679,0.000190073,0.0304218,0.000903535,-0.00120165,0.00119878,-0.000657281,0.00146116,0.0017147,0.000903535,0.0295705,2.68038e-05,-9.9998e-05,5.42276e-05,-5.07188e-05,3.91177e-05,-0.00120165,2.68038e-05,0.0466491,
0.00371445,-0.000258981,-0.00149416,-2.70553e-06,7.18771e-05,0.00120263,-9.95112e-05,-0.000258981,0.00117519,-0.000218319,0.00128116,3.9015e-05,-0.000658484,5.42404e-05,-0.00149416,-0.000218319,0.00253459,-0.000205363,0.00095292,0.00146247,-5.07384e-05,-2.70553e-06,0.00128116,-0.000205363,0.00314798,0.000186432,0.00170833,3.9682e-05,7.18771e-05,3.9015e-05,0.00095292,0.000186432,0.0303936,0.000900034,-0.00119618,0.00120263,-0.000658484,0.00146247,0.00170833,0.000900034,0.0295716,2.84285e-05,-9.95112e-05,5.42404e-05,-5.07385e-05,3.9682e-05,-0.00119618,2.84285e-05,0.0466486,
0.00370905,-0.000259851,-0.00149893,-4.27525e-06,7.90377e-05,0.00120642,-9.90257e-05,-0.000259851,0.00117543,-0.000218924,0.00128064,4.27419e-05,-0.000659688,5.42525e-05,-0.00149893,-0.000218924,0.00253876,-0.000206677,0.000954078,0.00146373,-5.07548e-05,-4.27525e-06,0.00128064,-0.000206677,0.00314569,0.000182783,0.00170196,4.02431e-05,7.90377e-05,4.27419e-05,0.000954078,0.000182783,0.0303657,0.00089656,-0.00119072,0.00120642,-0.000659688,0.00146373,0.00170196,0.00089656,0.0295727,3.00523e-05,-9.90257e-05,5.42525e-05,-5.07547e-05,4.02431e-05,-0.00119072,3.00523e-05,0.0466481,
0.00370367,-0.000260706,-0.00150365,-5.84735e-06,8.612e-05,0.00121016,-9.85415e-05,-0.000260706,0.00117566,-0.000219524,0.00128012,4.64497e-05,-0.000660891,5.42639e-05,-0.00150365,-0.000219524,0.0025429,-0.000207976,0.000955155,0.00146495,-5.07678e-05,-5.84735e-06,0.00128012,-0.000207976,0.0031434,0.000179125,0.00169557,4.0801e-05,8.61199e-05,4.64497e-05,0.000955155,0.000179125,0.030338,0.000893111,-0.00118527,0.00121016,-0.000660891,0.00146495,0.00169557,0.000893111,0.0295736,3.16752e-05,-9.85414e-05,5.42639e-05,-5.07678e-05,4.0801e-05,-0.00118527,3.16752e-05,0.0466476,
0.0036983,-0.000261548,-0.0015083,-7.42162e-06,9.31245e-05,0.00121384,-9.80583e-05,-0.000261548,0.00117589,-0.000220117,0.0012796,5.01383e-05,-0.000662095,5.42745e-05,-0.0015083,-0.000220117,0.00254702,-0.00020926,0.000956153,0.00146614,-5.07777e-05,-7.42165e-06,0.0012796,-0.00020926,0.00314112,0.000175459,0.00168917,4.13557e-05,9.31245e-05,5.01383e-05,0.000956153,0.000175459,0.0303104,0.000889687,-0.00117984,0.00121384,-0.000662095,0.00146614,0.00168917,0.000889687,0.0295745,3.3297e-05,-9.80583e-05,5.42745e-05,-5.07777e-05,4.13556e-05,-0.00117984,3.3297e-05,0.0466471,
0.00369295,-0.000262376,-0.0015129,-8.99791e-06,0.000100052,0.00121747,-9.75764e-05,-0.000262376,0.00117613,-0.000220705,0.00127909,5.38078e-05,-0.0006633,5.42845e-05,-0.0015129,-0.000220705,0.00255113,-0.000210529,0.000957072,0.00146728,-5.07843e-05,-8.99789e-06,0.00127909,-0.000210529,0.00313885,0.000171786,0.00168275,4.19071e-05,0.000100052,5.38078e-05,0.000957072,0.000171786,0.0302831,0.000886287,-0.00117443,0.00121747,-0.0006633,0.00146728,0.00168275,0.000886287,0.0295754,3.49178e-05,-9.75764e-05,5.42845e-05,-5.07844e-05,4.1907e-05,-0.00117443,3.49178e-05,0.0466466,
0.00368762,-0.00026319,-0.00151745,-1.05759e-05,0.000106902,0.00122104,-9.70957e-05,-0.00026319,0.00117637,-0.000221287,0.00127857,5.74583e-05,-0.000664504,5.42938e-05,-0.00151745,-0.000221287,0.00255521,-0.000211783,0.000957915,0.00146839,-5.07879e-05,-1.05759e-05,0.00127857,-0.000211783,0.00313659,0.000168106,0.00167633,4.24552e-05,0.000106902,5.74583e-05,0.000957915,0.000168106,0.0302559,0.000882911,-0.00116903,0.00122104,-0.000664504,0.00146839,0.00167633,0.000882911,0.0295762,3.65376e-05,-9.70957e-05,5.42938e-05,-5.07879e-05,4.24552e-05,-0.00116903,3.65376e-05,0.0466462,
0.00368231,-0.000263991,-0.00152194,-1.21555e-05,0.000113676,0.00122456,-9.66162e-05,-0.000263991,0.0011766,-0.000221864,0.00127806,6.10899e-05,-0.000665708,5.43025e-05,-0.00152194,-0.000221864,0.00255927,-0.000213022,0.000958684,0.00146946,-5.07885e-05,-1.21555e-05,0.00127806,-0.000213022,0.00313433,0.000164418,0.00166989,4.29999e-05,0.000113676,6.10899e-05,0.000958684,0.000164418,0.0302289,0.000879559,-0.00116365,0.00122456,-0.000665708,0.00146946,0.00166989,0.000879559,0.0295769,3.81561e-05,-9.66162e-05,5.43025e-05,-5.07884e-05,4.3e-05,-0.00116365,3.81562e-05,0.0466457,
0.00367702,-0.000264779,-0.00152638,-1.37365e-05,0.000120374,0.00122802,-9.61379e-05,-0.000264779,0.00117684,-0.000222436,0.00127754,6.47025e-05,-0.000666913,5.43105e-05,-0.00152638,-0.000222436,0.00256331,-0.000214247,0.000959379,0.00147049,-5.0786e-05,-1.37365e-05,0.00127754,-0.000214247,0.00313209,0.000160724,0.00166344,4.35414e-05,0.000120374,6.47025e-05,0.000959379,0.000160724,0.030202,0.000876229,-0.00115829,0.00122802,-0.000666913,0.00147049,0.00166344,0.000876229,0.0295775,3.97736e-05,-9.61379e-05,5.43105e-05,-5.0786e-05,4.35413e-05,-0.00115829,3.97736e-05,0.0466452,
