0.00388718,0.000728443,-0.00104367,7.39643e-05,-0.000778198,0.000573325,3.88331e-05,0.000728443,0.00134207,0.000687369,-0.000981353,-0.000993374,-0.00043322,-4.43293e-06,-0.00104367,0.000687369,0.00274275,-0.000867196,-0.000443066,0.000290484,9.30629e-05,7.39643e-05,-0.000981353,-0.000867196,0.00267369,-0.000307809,-0.00244405,8.65318e-05,-0.000778198,-0.000993374,-0.000443066,-0.000307809,0.0344007,0.001442,-0.00143971,0.000573325,-0.00043322,0.000290484,-0.00244405,0.001442,0.0290295,-0.000210964,3.88331e-05,-4.43293e-06,9.30629e-05,8.65318e-05,-0.00143971,-0.000210964,0.0466761,
0.00388476,0.000729267,-0.00104853,7.1525e-05,-0.000779698,0.000569275,3.96652e-05,0.000729267,0.00134286,0.000687293,-0.000981051,-0.000992865,-0.000431411,-4.30581e-06,-0.00104853,0.000687293,0.00274501,-0.000866063,-0.000448883,0.000285888,9.35277e-05,7.1525e-05,-0.000981051,-0.000866063,0.00267253,-0.000310826,-0.00244787,8.63483e-05,-0.000779698,-0.000992865,-0.000448883,-0.000310826,0.0343952,0.00144357,-0.00143552,0.000569275,-0.000431411,0.000285888,-0.00244787,0.00144357,0.0290223,-0.00020941,3.96653e-05,-4.30578e-06,9.35276e-05,8.63484e-05,-0.00143552,-0.00020941,0.0466758,
0.00388103,0.000730895,-0.00105478,6.89818e-05,-0.000780897,0.0005645,4.06902e-05,0.000730895,0.00134442,0.000687585,-0.000980113,-0.00099249,-0.000428764,-4.11943e-06,-0.00105478,0.000687585,0.00274784,-0.000864751,-0.000455683,0.000280092,9.40663e-05,6.89818e-05,-0.000980113,-0.000864752,0.00267011,-0.000314851,-0.00245305,8.60694e-05,-0.000780897,-0.00099249,-0.000455683,-0.000314851,0.0343881,0.00144478,-0.00143064,0.0005645,-0.000428764,0.000280092,-0.00245305,0.00144478,0.0290141,-0.000207844,4.06902e-05,-4.11943e-06,9.40663e-05,8.60693e-05,-0.00143064,-0.000207844,0.0466754,
0.00387673,0.000732506,-0.00106201,6.59763e-05,-0.000783222,0.000559277,4.19755e-05,0.000732506,0.00134609,0.000687625,-0.000979312,-0.000991877,-0.000425581,-3.84642e-06,-0.00106201,0.000687625,0.00275062,-0.000863157,-0.000464274,0.000274383,9.47746e-05,6.59763e-05,-0.000979312,-0.000863157,0.00266772,-0.000319721,-0.00245849,8.57435e-05,-0.000783222,-0.000991877,-0.000464274,-0.000319721,0.0343772,0.0014449,-0.00142387,0.000559277,-0.000425581,0.000274383,-0.00245849,0.0014449,0.0290042,-0.000206187,4.19755e-05,-3.84642e-06,9.47747e-05,8.57435e-05,-0.00142387,-0.000206187,0.0466749,
0.00387218,0.000734053,-0.00106975,6.25959e-05,-0.000786657,0.000553813,4.34383e-05,0.000734053,0.00134774,0.00068754,-0.000978612,-0.00099114,-0.00042205,-3.52035e-06,-0.00106975,0.00068754,0.00275362,-0.000861398,-0.000474461,0.000268992,9.5597e-05,6.25959e-05,-0.000978612,-0.000861398,0.00266536,-0.000325127,-0.00246392,8.53985e-05,-0.000786657,-0.00099114,-0.000474461,-0.000325127,0.034363,0.00144407,-0.00141555,0.000553813,-0.00042205,0.000268992,-0.00246392,0.00144407,0.0289929,-0.000204451,4.34383e-05,-3.52035e-06,9.5597e-05,8.53985e-05,-0.00141555,-0.000204451,0.0466742,
0.00386749,0.000735536,-0.00107786,5.89132e-05,-0.0007895,0.00054815,4.48387e-05,0.000735536,0.00134941,0.000687345,-0.000978,-0.000990374,-0.000418683,-3.20405e-06,-0.00107786,0.000687345,0.00275678,-0.000859497,-0.000483786,0.00026336,9.63351e-05,5.89132e-05,-0.000978,-0.000859497,0.00266303,-0.000330144,-0.00246941,8.50228e-05,-0.0007895,-0.000990374,-0.000483786,-0.000330144,0.0343496,0.0014437,-0.0014079,0.00054815,-0.000418683,0.00026336,-0.00246941,0.0014437,0.0289821,-0.000202716,4.48387e-05,-3.20405e-06,9.63351e-05,8.50228e-05,-0.0014079,-0.000202716,0.0466736,
0.0038627,0.000736948,-0.00108614,5.50622e-05,-0.00079257,0.000542439,4.62658e-05,0.000736948,0.00135107,0.00068707,-0.00097746,-0.000989565,-0.000415261,-2.87262e-06,-0.00108614,0.00068707,0.00276,-0.000857503,-0.000493305,0.000257922,9.7075e-05,5.50622e-05,-0.00097746,-0.000857503,0.00266074,-0.000335157,-0.0024748,8.46331e-05,-0.00079257,-0.000989565,-0.000493305,-0.000335157,0.0343353,0.00144311,-0.00139994,0.000542439,-0.000415261,0.000257922,-0.0024748,0.00144311,0.028971,-0.000200957,4.62658e-05,-2.87259e-06,9.7075e-05,8.46331e-05,-0.00139994,-0.000200957,0.046673,
0.00385784,0.000738304,-0.00109452,5.10929e-05,-0.00079554,0.000536632,4.76694e-05,0.000738304,0.00135272,0.000686745,-0.000976967,-0.000988737,-0.000411886,-2.54149e-06,-0.00109452,0.000686745,0.00276331,-0.000855427,-0.00050258,0.000252467,9.77791e-05,5.10929e-05,-0.000976967,-0.000855427,0.00265848,-0.000340009,-0.00248016,8.42235e-05,-0.00079554,-0.000988737,-0.00050258,-0.00034001,0.034321,0.00144261,-0.00139214,0.000536632,-0.000411886,0.000252467,-0.00248016,0.00144261,0.0289599,-0.000199189,4.76694e-05,-2.54147e-06,9.77791e-05,8.42235e-05,-0.00139214,-0.000199189,0.0466725,
0.00385292,0.000739608,-0.00110293,4.70605e-05,-0.00079858,0.000530792,4.90647e-05,0.000739608,0.00135437,0.000686386,-0.00097651,-0.000987895,-0.000408513,-2.20615e-06,-0.00110293,0.000686386,0.00276667,-0.00085329,-0.000511817,0.000247112,9.84645e-05,4.70605e-05,-0.00097651,-0.00085329,0.00265624,-0.000344776,-0.00248543,8.37996e-05,-0.00079858,-0.000987895,-0.000511817,-0.000344776,0.0343063,0.00144205,-0.0013843,0.000530792,-0.000408513,0.000247112,-0.00248543,0.00144205,0.0289488,-0.000197409,4.90647e-05,-2.20612e-06,9.84645e-05,8.37996e-05,-0.0013843,-0.00019741,0.0466719,
0.00384796,0.000740864,-0.00111132,4.29948e-05,-0.000801632,0.000524915,5.0441e-05,0.000740864,0.00135601,0.000686006,-0.000976078,-0.000987047,-0.00040516,-1.87023e-06,-0.00111132,0.000686006,0.00277007,-0.000851102,-0.000520939,0.000241815,9.91249e-05,4.29949e-05,-0.000976078,-0.000851101,0.00265403,-0.000349431,-0.00249062,8.3361e-05,-0.000801632,-0.000987047,-0.000520939,-0.000349431,0.0342913,0.00144149,-0.00137651,0.000524915,-0.00040516,0.000241815,-0.00249062,0.00144149,0.0289376,-0.000195623,5.04409e-05,-1.87023e-06,9.91249e-05,8.3361e-05,-0.00137651,-0.000195623,0.0466714,
0.00384298,0.000742077,-0.00111967,3.89208e-05,-0.000804736,0.000519015,5.18007e-05,0.000742077,0.00135764,0.000685615,-0.000975665,-0.000986195,-0.000401817,-1.53327e-06,-0.00111967,0.000685615,0.00277351,-0.00084887,-0.000529996,0.000236594,9.97648e-05,3.89208e-05,-0.000975665,-0.00084887,0.00265183,-0.000353994,-0.00249573,8.29091e-05,-0.000804736,-0.000986195,-0.000529996,-0.000353994,0.0342761,0.00144092,-0.00136873,0.000519015,-0.000401817,0.000236594,-0.00249573,0.00144092,0.0289265,-0.00019383,5.18006e-05,-1.53327e-06,9.97648e-05,8.29091e-05,-0.00136873,-0.00019383,0.0466709,
0.00383797,0.000743249,-0.00112796,3.48523e-05,-0.000807872,0.000513106,5.31399e-05,0.000743249,0.00135926,0.000685218,-0.000975264,-0.000985344,-0.00039849,-1.19649e-06,-0.00112796,0.000685218,0.00277697,-0.000846603,-0.000538959,0.000231449,0.000100382,3.48523e-05,-0.000975264,-0.000846603,0.00264965,-0.000358454,-0.00250076,8.2445e-05,-0.000807872,-0.000985344,-0.000538959,-0.000358454,0.0342606,0.00144033,-0.00136099,0.000513106,-0.00039849,0.000231449,-0.00250076,0.00144033,0.0289153,-0.000192034,5.31399e-05,-1.19649e-06,0.000100382,8.2445e-05,-0.00136099,-0.000192034,0.0466704,
0.00383294,0.000744383,-0.00113616,3.08026e-05,-0.000811068,0.000507184,5.44613e-05,0.000744383,0.00136088,0.00068482,-0.000974872,-0.000984494,-0.000395171,-8.59479e-07,-0.00113616,0.00068482,0.00278046,-0.000844303,-0.000547868,0.000226376,0.000100982,3.08025e-05,-0.000974872,-0.000844303,0.00264748,-0.000362829,-0.0025057,8.19686e-05,-0.000811068,-0.000984494,-0.000547868,-0.000362829,0.0342449,0.00143971,-0.00135326,0.000507184,-0.000395171,0.000226376,-0.0025057,0.00143971,0.0289041,-0.000190233,5.44613e-05,-8.59424e-07,0.000100982,8.19686e-05,-0.00135326,-0.000190233,0.0466699,
0.0038279,0.000745479,-0.00114428,2.67747e-05,-0.000814275,0.000501269,5.57587e-05,0.000745479,0.0013625,0.000684423,-0.000974488,-0.00098365,-0.000391874,-5.23859e-07,-0.00114428,0.000684423,0.00278397,-0.000841975,-0.000556656,0.000221384,0.000101558,2.67747e-05,-0.000974488,-0.000841975,0.00264532,-0.000367094,-0.00251055,8.14821e-05,-0.000814275,-0.00098365,-0.000556656,-0.000367094,0.0342291,0.0014391,-0.0013456,0.000501269,-0.000391874,0.000221384,-0.00251055,0.0014391,0.0288929,-0.000188433,5.57587e-05,-5.23859e-07,0.000101558,8.14821e-05,-0.0013456,-0.000188433,0.0466694,
0.00382285,0.00074654,-0.0011523,2.27792e-05,-0.000817564,0.000495346,5.70405e-05,0.00074654,0.0013641,0.000684031,-0.000974109,-0.000982808,-0.00038858,-1.87711e-07,-0.0011523,0.000684031,0.0027875,-0.000839621,-0.000565422,0.000216465,0.000102119,2.27792e-05,-0.000974109,-0.000839621,0.00264318,-0.000371285,-0.00251532,8.09839e-05,-0.000817564,-0.000982808,-0.000565422,-0.000371285,0.0342129,0.00143845,-0.00133792,0.000495346,-0.00038858,0.000216465,-0.00251532,0.00143845,0.0288816,-0.000186632,5.70405e-05,-1.87683e-07,0.000102119,8.09839e-05,-0.00133792,-0.000186632,0.046669,
0.00381779,0.000747566,-0.00116022,1.88135e-05,-0.000820855,0.000489436,5.82976e-05,0.000747566,0.0013657,0.000683645,-0.000973733,-0.000981974,-0.000385309,1.46438e-07,-0.00116022,0.000683645,0.00279104,-0.000837243,-0.000574061,0.000211622,0.000102659,1.88134e-05,-0.000973733,-0.000837243,0.00264104,-0.000375367,-0.00252,8.04765e-05,-0.000820855,-0.000981974,-0.000574061,-0.000375367,0.0341967,0.00143781,-0.00133032,0.000489436,-0.000385309,0.000211622,-0.00252,0.00143781,0.0288704,-0.000184834,5.82975e-05,1.46438e-07,0.000102659,8.04765e-05,-0.00133032,-0.000184834,0.0466686,
0.00381274,0.000748558,-0.00116805,1.48849e-05,-0.000824225,0.000483523,5.95389e-05,0.000748558,0.00136729,0.000683265,-0.000973361,-0.000981143,-0.00038204,4.80949e-07,-0.00116805,0.000683265,0.00279459,-0.000834842,-0.000582677,0.000206853,0.000103185,1.48849e-05,-0.000973361,-0.000834842,0.00263891,-0.000379375,-0.00252459,7.99584e-05,-0.000824225,-0.000981143,-0.000582678,-0.000379375,0.0341801,0.00143714,-0.0013227,0.000483523,-0.00038204,0.000206853,-0.00252459,0.00143714,0.0288592,-0.000183036,5.95389e-05,4.80949e-07,0.000103185,7.99584e-05,-0.0013227,-0.000183036,0.0466681,
0.00380768,0.000749518,-0.00117577,1.09896e-05,-0.000827599,0.000477626,6.07566e-05,0.000749518,0.00136888,0.000682892,-0.000972991,-0.000980319,-0.000378793,8.1346e-07,-0.00117577,0.000682892,0.00279816,-0.000832421,-0.000591175,0.000202156,0.000103691,1.09896e-05,-0.000972991,-0.000832421,0.00263679,-0.000383279,-0.00252909,7.94317e-05,-0.000827599,-0.000980319,-0.000591175,-0.000383279,0.0341635,0.00143647,-0.00131515,0.000477626,-0.000378793,0.000202156,-0.00252909,0.00143647,0.028848,-0.000181244,6.07566e-05,8.1346e-07,0.000103691,7.94317e-05,-0.00131515,-0.000181244,0.0466677,
0.00380262,0.000750446,-0.00118339,7.13224e-06,-0.000831031,0.000471735,6.19572e-05,0.000750446,0.00137046,0.000682528,-0.000972624,-0.000979501,-0.000375553,1.14572e-06,-0.00118339,0.000682528,0.00280173,-0.000829979,-0.000599628,0.000197535,0.000104183,7.13221e-06,-0.000972624,-0.000829979,0.00263468,-0.000387104,-0.00253351,7.88955e-05,-0.000831031,-0.000979501,-0.000599628,-0.000387104,0.0341467,0.00143577,-0.00130761,0.000471735,-0.000375553,0.000197535,-0.00253351,0.00143577,0.0288368,-0.000179455,6.19571e-05,1.14569e-06,0.000104183,7.88955e-05,-0.00130761,-0.000179455,0.0466673,
0.00379756,0.000751342,-0.00119091,3.31007e-06,-0.00083448,0.000465859,6.31362e-05,0.000751342,0.00137204,0.000682172,-0.000972258,-0.000978689,-0.00037233,1.4764e-06,-0.00119091,0.000682172,0.00280531,-0.00082752,-0.000607983,0.000192984,0.000104657,3.31007e-06,-0.000972258,-0.00082752,0.00263258,-0.000390832,-0.00253784,7.83511e-05,-0.00083448,-0.000978689,-0.000607983,-0.000390832,0.0341297,0.00143508,-0.00130012,0.000465859,-0.00037233,0.000192984,-0.00253784,0.00143508,0.0288256,-0.000177671,6.31362e-05,1.47637e-06,0.000104657,7.8351e-05,-0.00130012,-0.000177671,0.0466669,
0.00379251,0.000752208,-0.00119832,-4.75175e-07,-0.000837966,0.000459996,6.42968e-05,0.000752208,0.00137361,0.000681824,-0.000971893,-0.000977883,-0.000369118,1.80628e-06,-0.00119832,0.000681824,0.0028089,-0.000825042,-0.000616272,0.000188505,0.000105118,-4.75175e-07,-0.000971893,-0.000825042,0.00263048,-0.000394475,-0.00254208,7.77983e-05,-0.000837966,-0.000977883,-0.000616272,-0.000394475,0.0341125,0.00143437,-0.00129265,0.000459996,-0.000369118,0.000188505,-0.00254208,0.00143437,0.0288144,-0.000175894,6.42968e-05,1.80628e-06,0.000105118,7.77983e-05,-0.00129265,-0.000175894,0.0466666,
0.00378746,0.000753043,-0.00120564,-4.22537e-06,-0.000841468,0.00045415,6.54368e-05,0.000753043,0.00137517,0.000681485,-0.000971529,-0.000977085,-0.000365923,2.13463e-06,-0.00120564,0.000681485,0.0028125,-0.000822548,-0.000624468,0.000184097,0.000105562,-4.22537e-06,-0.000971529,-0.000822548,0.0026284,-0.000398025,-0.00254624,7.72379e-05,-0.000841468,-0.000977085,-0.000624468,-0.000398025,0.0340952,0.00143366,-0.00128524,0.00045415,-0.000365923,0.000184097,-0.00254624,0.00143366,0.0288032,-0.000174124,6.54368e-05,2.13463e-06,0.000105562,7.72379e-05,-0.00128524,-0.000174124,0.0466662,
0.00378242,0.000753849,-0.00121286,-7.93896e-06,-0.000845005,0.000448319,6.6559e-05,0.000753849,0.00137673,0.000681155,-0.000971167,-0.000976292,-0.000362739,2.46214e-06,-0.00121286,0.000681155,0.0028161,-0.000820037,-0.0006326,0.000179759,0.000105993,-7.93893e-06,-0.000971167,-0.000820037,0.00262631,-0.000401491,-0.00255031,7.66697e-05,-0.000845005,-0.000976292,-0.0006326,-0.000401491,0.0340777,0.00143294,-0.00127784,0.000448319,-0.000362739,0.000179759,-0.00255031,0.00143294,0.028792,-0.000172362,6.6559e-05,2.46214e-06,0.000105993,7.66697e-05,-0.00127784,-0.000172362,0.0466658,
0.00377738,0.000754626,-0.00121998,-1.16178e-05,-0.000848557,0.000442507,6.76616e-05,0.000754626,0.00137828,0.000680834,-0.000970804,-0.000975505,-0.000359571,2.78821e-06,-0.00121998,0.000680834,0.0028197,-0.000817511,-0.000640644,0.000175489,0.00010641,-1.16178e-05,-0.000970804,-0.000817511,0.00262424,-0.000404868,-0.0025543,7.60943e-05,-0.000848557,-0.000975505,-0.000640644,-0.000404868,0.0340602,0.00143221,-0.00127049,0.000442507,-0.000359571,0.000175489,-0.0025543,0.00143221,0.0287808,-0.000170607,6.76616e-05,2.78821e-06,0.00010641,7.60942e-05,-0.00127049,-0.000170607,0.0466655,
0.00377224,0.000755365,-0.00122703,-1.5124e-05,-0.000852723,0.000435024,6.91265e-05,0.000755443,0.00137983,0.000680533,-0.00097053,-0.000974355,-0.000355351,2.87395e-06,-0.00122707,0.000680518,0.0028233,-0.000814898,-0.000648925,0.000170406,0.000107013,-1.53976e-05,-0.000970454,-0.00081499,0.00262234,-0.000408891,-0.00256031,7.59844e-05,-0.000852753,-0.000974773,-0.00064871,-0.000407385,0.0340391,0.00142196,-0.00126102,0.000433994,-0.000356627,0.000170885,-0.0025548,0.00141691,0.0287278,-0.000159431,6.87667e-05,3.11495e-06,0.000106817,7.54864e-05,-0.00126305,-0.00016855,0.0466651,
0.00376722,0.000756085,-0.00123396,-1.87337e-05,-0.000856308,0.000429265,7.01994e-05,0.000756162,0.00138137,0.00068023,-0.00097017,-0.000973578,-0.000352201,3.20119e-06,-0.00123399,0.000680216,0.00282691,-0.000812344,-0.000656808,0.000166294,0.000107412,-1.90034e-05,-0.000970093,-0.000812434,0.00262028,-0.000412091,-0.00256412,7.53861e-05,-0.000856336,-0.000973997,-0.000656599,-0.000410593,0.0340213,0.00142122,-0.00125369,0.000428253,-0.000353483,0.000166761,-0.0025586,0.00141616,0.0287164,-0.000157792,6.98466e-05,3.44141e-06,0.000107224,7.4898e-05,-0.0012557,-0.000166847,0.0466647,
0.00376217,0.000756774,-0.0012408,-2.22547e-05,-0.000860137,0.000422855,7.14123e-05,0.000756881,0.00138291,0.00067994,-0.000969847,-0.000972655,-0.000348628,3.43225e-06,-0.00124085,0.000679921,0.00283052,-0.000809749,-0.000664725,0.000161909,0.000107884,-2.26284e-05,-0.000969736,-0.000809872,0.00261829,-0.000415497,-0.00256868,7.49663e-05,-0.000860171,-0.000973246,-0.000664441,-0.000413399,0.0340021,0.00141663,-0.00124551,0.000421455,-0.00035044,0.000162549,-0.0025609,0.00140949,0.028688,-0.000152404,7.09259e-05,3.76926e-06,0.000107631,7.42937e-05,-0.00124831,-0.000165051,0.0466643,
0.00375717,0.00075744,-0.00124754,-2.57983e-05,-0.000863742,0.000417146,7.24703e-05,0.000757546,0.00138444,0.000679656,-0.000969489,-0.000971889,-0.000345505,3.76191e-06,-0.00124759,0.000679637,0.00283413,-0.00080717,-0.000672442,0.000157935,0.000108283,-2.61664e-05,-0.000969376,-0.000807289,0.00261624,-0.000418531,-0.00257232,7.4353e-05,-0.000863772,-0.000972481,-0.000672166,-0.000416442,0.0339841,0.00141588,-0.00123817,0.000415771,-0.000347326,0.000158558,-0.00256453,0.00140872,0.0286766,-0.000150861,7.19936e-05,4.09789e-06,0.000108039,7.36941e-05,-0.00124093,-0.000163418,0.046664,
0.00375218,0.000758078,-0.00125419,-2.93096e-05,-0.000867354,0.00041146,7.35219e-05,0.000758183,0.00138596,0.00067938,-0.00096913,-0.000971128,-0.000342397,4.09256e-06,-0.00125424,0.000679362,0.00283774,-0.000804579,-0.000680076,0.000154024,0.000108683,-2.96722e-05,-0.000969015,-0.000804694,0.0026142,-0.000421482,-0.00257589,7.37344e-05,-0.00086738,-0.000971721,-0.000679809,-0.000419404,0.0339661,0.00141512,-0.00123081,0.000410109,-0.000344227,0.00015463,-0.00256808,0.00140794,0.0286652,-0.000149352,7.30548e-05,4.42751e-06,0.000108449,7.30889e-05,-0.00123353,-0.000161818,0.0466636,
0.0037472,0.000758691,-0.00126076,-3.27888e-05,-0.000870974,0.000405797,7.45653e-05,0.000758794,0.00138748,0.000679115,-0.000968772,-0.000970373,-0.000339305,4.42385e-06,-0.0012608,0.000679097,0.00284135,-0.000801976,-0.000687631,0.000150175,0.000109081,-3.31458e-05,-0.000968655,-0.000802088,0.00261216,-0.000424354,-0.00257937,7.31103e-05,-0.000870996,-0.000970967,-0.000687372,-0.000422286,0.033948,0.00141435,-0.00122344,0.00040447,-0.000341144,0.000150763,-0.00257155,0.00140715,0.0286538,-0.00014787,7.41078e-05,4.75769e-06,0.000108856,7.24781e-05,-0.00122613,-0.000160245,0.0466632,
0.00374223,0.000759277,-0.00126723,-3.62364e-05,-0.000874602,0.000400159,7.55991e-05,0.00075938,0.00138899,0.000678858,-0.000968413,-0.000969624,-0.000336227,4.75539e-06,-0.00126727,0.000678841,0.00284496,-0.000799361,-0.000695107,0.000146386,0.000109476,-3.65879e-05,-0.000968294,-0.00079947,0.00261013,-0.000427146,-0.00258278,7.24809e-05,-0.00087462,-0.000970218,-0.000694857,-0.000425089,0.0339298,0.00141359,-0.00121608,0.000398856,-0.000338074,0.000146957,-0.00257495,0.00140636,0.0286424,-0.000146412,7.51511e-05,5.0881e-06,0.000109261,7.18617e-05,-0.00121873,-0.000158695,0.0466628,
0.00373727,0.000759838,-0.00127361,-3.96527e-05,-0.000878236,0.000394545,7.66222e-05,0.00075994,0.0013905,0.000678611,-0.000968055,-0.000968879,-0.000333164,5.08696e-06,-0.00127365,0.000678595,0.00284856,-0.000796737,-0.000702505,0.000142658,0.000109868,-3.99987e-05,-0.000967934,-0.000796842,0.0026081,-0.000429858,-0.00258612,7.18461e-05,-0.00087825,-0.000969475,-0.000702264,-0.000427812,0.0339116,0.00141282,-0.00120872,0.000393266,-0.000335019,0.000143211,-0.00257827,0.00140557,0.028631,-0.000144975,7.61835e-05,5.41844e-06,0.000109661,7.12397e-05,-0.00121134,-0.000157166,0.0466623,
0.00373233,0.000760375,-0.00127991,-4.30382e-05,-0.000881875,0.000388957,7.76336e-05,0.000760475,0.001392,0.000678374,-0.000967696,-0.00096814,-0.000330115,5.41839e-06,-0.00127995,0.000678358,0.00285216,-0.000794101,-0.000709827,0.000138988,0.000110254,-4.33787e-05,-0.000967573,-0.000794203,0.00260608,-0.000432493,-0.00258938,7.12059e-05,-0.000881886,-0.000968737,-0.000709594,-0.000430457,0.0338933,0.00141205,-0.00120137,0.000387701,-0.000331979,0.000139523,-0.00258152,0.00140479,0.0286196,-0.000143558,7.72042e-05,5.74868e-06,0.000110056,7.06123e-05,-0.00120395,-0.000155654,0.0466619,
0.00372739,0.000760887,-0.00128612,-4.63933e-05,-0.000885519,0.000383395,7.86326e-05,0.000760986,0.0013935,0.000678146,-0.000967337,-0.000967407,-0.000327081,5.74943e-06,-0.00128616,0.000678131,0.00285576,-0.000791457,-0.000717073,0.000135376,0.000110634,-4.67284e-05,-0.000967212,-0.000791555,0.00260406,-0.000435049,-0.00259257,7.05606e-05,-0.000885526,-0.000968004,-0.000716849,-0.000433025,0.0338749,0.00141128,-0.00119403,0.000382163,-0.000328952,0.000135893,-0.0025847,0.001404,0.0286082,-0.000142156,7.82125e-05,6.07842e-06,0.000110445,6.99796e-05,-0.00119658,-0.000154158,0.0466615,
0.00372248,0.000761374,-0.00129225,-4.97184e-05,-0.000889167,0.000377859,7.96188e-05,0.000761472,0.00139499,0.000677928,-0.000966978,-0.000966678,-0.00032406,6.07997e-06,-0.00129229,0.000677913,0.00285935,-0.000788802,-0.000724245,0.000131821,0.000111008,-5.0048e-05,-0.000966851,-0.000788898,0.00260205,-0.000437528,-0.00259568,6.99103e-05,-0.00088917,-0.000967276,-0.000724029,-0.000435516,0.0338564,0.00141052,-0.00118671,0.00037665,-0.000325939,0.000132319,-0.0025878,0.00140322,0.0285969,-0.00014077,7.9208e-05,6.4076e-06,0.000110828,6.93416e-05,-0.00118922,-0.000152676,0.0466611,
0.00371757,0.000761839,-0.0012983,-5.30139e-05,-0.000892817,0.00037235,8.05918e-05,0.000761936,0.00139647,0.000677719,-0.000966618,-0.000965955,-0.000321053,6.4099e-06,-0.00129833,0.000677705,0.00286294,-0.000786139,-0.000731342,0.000128322,0.000111375,-5.33382e-05,-0.000966489,-0.000786232,0.00260004,-0.00043993,-0.00259872,6.92551e-05,-0.000892817,-0.000966553,-0.000731135,-0.00043793,0.0338378,0.00140976,-0.0011794,0.000371165,-0.000322939,0.000128801,-0.00259083,0.00140245,0.0285855,-0.000139397,8.019e-05,6.73611e-06,0.000111203,6.86985e-05,-0.00118188,-0.000151207,0.0466607,
0.00371269,0.00076228,-0.00130426,-5.62804e-05,-0.000896469,0.000366869,8.15511e-05,0.000762376,0.00139795,0.00067752,-0.000966258,-0.000965236,-0.000318059,6.73911e-06,-0.00130429,0.000677506,0.00286652,-0.000783468,-0.000738366,0.000124878,0.000111735,-5.65992e-05,-0.000966127,-0.000783557,0.00259804,-0.000442257,-0.00260168,6.8595e-05,-0.000896465,-0.000965835,-0.000738168,-0.00044027,0.0338192,0.00140901,-0.00117211,0.000365707,-0.000319953,0.000125338,-0.00259378,0.00140168,0.0285742,-0.000138038,8.11584e-05,7.06391e-06,0.000111571,6.80505e-05,-0.00117456,-0.00014975,0.0466603,
0.00370781,0.000762698,-0.00131014,-5.95181e-05,-0.000900121,0.000361415,8.24967e-05,0.000762793,0.00139942,0.00067733,-0.000965897,-0.000964523,-0.00031508,7.06749e-06,-0.00131017,0.000677317,0.00287009,-0.000780789,-0.000745318,0.000121487,0.000112088,-5.98315e-05,-0.000965764,-0.000780875,0.00259604,-0.00044451,-0.00260458,6.79304e-05,-0.000900115,-0.000965121,-0.000745128,-0.000442535,0.0338005,0.00140827,-0.00116485,0.000360276,-0.000316981,0.000121929,-0.00259667,0.00140093,0.028563,-0.000136689,8.2113e-05,7.39081e-06,0.000111932,6.73977e-05,-0.00116726,-0.000148304,0.0466599,
0.00370296,0.000763095,-0.00131594,-6.27275e-05,-0.000903773,0.00035599,8.34283e-05,0.000763188,0.00140089,0.00067715,-0.000965535,-0.000963814,-0.000312113,7.39495e-06,-0.00131597,0.000677137,0.00287366,-0.000778102,-0.000752198,0.00011815,0.000112433,-6.30355e-05,-0.000965401,-0.000778185,0.00259405,-0.000446688,-0.0026074,6.72613e-05,-0.000903764,-0.000964413,-0.000752017,-0.000444726,0.0337817,0.00140753,-0.00115761,0.000354874,-0.000314022,0.000118572,-0.00259949,0.00140018,0.0285517,-0.000135352,8.30535e-05,7.71677e-06,0.000112285,6.67403e-05,-0.00115998,-0.000146869,0.0466595,
0.00369812,0.000763469,-0.00132166,-6.5909e-05,-0.000907424,0.000350594,8.43459e-05,0.000763561,0.00140236,0.000676979,-0.000965173,-0.00096311,-0.00030916,7.72143e-06,-0.00132169,0.000676967,0.00287722,-0.000775408,-0.000759008,0.000114864,0.000112771,-6.62117e-05,-0.000965036,-0.000775488,0.00259206,-0.000448793,-0.00261015,6.65879e-05,-0.000907411,-0.000963709,-0.000758835,-0.000446844,0.0337628,0.00140681,-0.00115039,0.0003495,-0.000311076,0.000115267,-0.00260223,0.00139944,0.0285405,-0.000134024,8.39799e-05,8.04162e-06,0.00011263,6.60783e-05,-0.00115272,-0.000145443,0.0466591,
0.00369329,0.000763822,-0.00132731,-6.9063e-05,-0.000911073,0.000345226,8.52495e-05,0.000763912,0.00140382,0.000676818,-0.00096481,-0.000962411,-0.000306221,8.04695e-06,-0.00132733,0.000676806,0.00288077,-0.000772708,-0.000765747,0.000111629,0.000113101,-6.93604e-05,-0.000964671,-0.000772784,0.00259007,-0.000450826,-0.00261283,6.59104e-05,-0.000911057,-0.000963009,-0.000765582,-0.00044889,0.0337439,0.00140609,-0.00114319,0.000344155,-0.000308143,0.000112013,-0.00260491,0.0013987,0.0285293,-0.000132707,8.48921e-05,8.36553e-06,0.000112968,6.54121e-05,-0.00114549,-0.000144026,0.0466587,
0.00368849,0.000764153,-0.00133287,-7.21899e-05,-0.000914718,0.000339888,8.6139e-05,0.000764243,0.00140527,0.000676667,-0.000964446,-0.000961716,-0.000303294,8.37133e-06,-0.00133289,0.000676655,0.00288431,-0.000770001,-0.000772417,0.000108445,0.000113424,-7.2482e-05,-0.000964306,-0.000770075,0.00258809,-0.000452787,-0.00261545,6.52289e-05,-0.0009147,-0.000962314,-0.000772261,-0.000450865,0.0337249,0.00140538,-0.00113602,0.00033884,-0.000305223,0.000108809,-0.00260752,0.00139798,0.0285181,-0.000131398,8.57902e-05,8.68833e-06,0.000113298,6.47417e-05,-0.00113829,-0.000142618,0.0466583,
0.0036837,0.000764464,-0.00133836,-7.52901e-05,-0.00091836,0.00033458,8.70143e-05,0.000764552,0.00140672,0.000676525,-0.000964081,-0.000961025,-0.000300381,8.69466e-06,-0.00133838,0.000676514,0.00288785,-0.000767289,-0.000779019,0.000105309,0.000113739,-7.55769e-05,-0.000963939,-0.000767359,0.00258612,-0.000454678,-0.00261799,6.45435e-05,-0.000918339,-0.000961624,-0.00077887,-0.000452769,0.0337059,0.00140468,-0.00112888,0.000333554,-0.000302316,0.000105654,-0.00261006,0.00139727,0.028507,-0.000130099,8.66741e-05,9.00996e-06,0.00011362,6.40673e-05,-0.00113111,-0.000141219,0.0466579,
0.00367892,0.000764755,-0.00134378,-7.8364e-05,-0.000921996,0.000329302,8.78757e-05,0.000764842,0.00140816,0.000676392,-0.000963715,-0.000960339,-0.00029748,9.01682e-06,-0.0013438,0.000676382,0.00289137,-0.000764571,-0.000785552,0.000102221,0.000114048,-7.86455e-05,-0.000963571,-0.000764638,0.00258414,-0.000456499,-0.00262047,6.38545e-05,-0.000921973,-0.000960937,-0.000785412,-0.000454604,0.0336868,0.00140399,-0.00112176,0.000328298,-0.000299422,0.000102547,-0.00261253,0.00139657,0.0284959,-0.000128808,8.75438e-05,9.33043e-06,0.000113935,6.3389e-05,-0.00112396,-0.000139828,0.0466575,
0.00367417,0.000765025,-0.00134912,-8.14118e-05,-0.000925627,0.000324055,8.87232e-05,0.000765111,0.0014096,0.00067627,-0.000963348,-0.000959657,-0.000294592,9.33781e-06,-0.00134914,0.00067626,0.00289488,-0.000761847,-0.000792019,9.91812e-05,0.000114349,-8.16882e-05,-0.000963202,-0.000761911,0.00258218,-0.000458251,-0.00262288,6.31619e-05,-0.000925601,-0.000960255,-0.000791886,-0.00045637,0.0336676,0.00140331,-0.00111467,0.000323072,-0.000296541,9.94866e-05,-0.00261493,0.00139588,0.0284848,-0.000127525,8.83995e-05,9.64961e-06,0.000114243,6.2707e-05,-0.00111683,-0.000138445,0.0466572,
0.00366943,0.000765276,-0.00135439,-8.44341e-05,-0.000929251,0.000318838,8.95567e-05,0.000765361,0.00141103,0.000676156,-0.00096298,-0.00095898,-0.000291718,9.65755e-06,-0.0013544,0.000676147,0.00289839,-0.000759119,-0.000798418,9.61873e-05,0.000114643,-8.47053e-05,-0.000962832,-0.00075918,0.00258021,-0.000459935,-0.00262522,6.24661e-05,-0.000929223,-0.000959577,-0.000798294,-0.000458068,0.0336484,0.00140265,-0.0011076,0.000317876,-0.000293672,9.64728e-05,-0.00261727,0.0013952,0.0284737,-0.000126251,8.92413e-05,9.96764e-06,0.000114543,6.20214e-05,-0.00110973,-0.00013707,0.0466568,
0.00366472,0.000765508,-0.00135958,-8.74312e-05,-0.000932868,0.000313652,9.03765e-05,0.000765591,0.00141246,0.000676052,-0.00096261,-0.000958306,-0.000288856,9.97613e-06,-0.0013596,0.000676043,0.00290188,-0.000756387,-0.000804752,9.32388e-05,0.00011493,-8.76972e-05,-0.000962461,-0.000756445,0.00257825,-0.000461552,-0.0026275,6.1767e-05,-0.000932838,-0.000958903,-0.000804636,-0.000459699,0.0336291,0.00140199,-0.00110057,0.000312712,-0.000290816,9.35044e-05,-0.00261955,0.00139454,0.0284627,-0.000124984,9.00692e-05,1.02844e-05,0.000114837,6.13326e-05,-0.00110266,-0.000135703,0.0466564,
0.00366002,0.000765721,-0.00136471,-9.04034e-05,-0.000936477,0.000308497,9.11827e-05,0.000765803,0.00141389,0.000675958,-0.00096224,-0.000957636,-0.000286006,1.02935e-05,-0.00136472,0.000675949,0.00290536,-0.00075365,-0.000811021,9.03348e-05,0.00011521,-9.06643e-05,-0.000962089,-0.000753705,0.0025763,-0.000463102,-0.00262971,6.10648e-05,-0.000936445,-0.000958232,-0.000810913,-0.000461264,0.0336098,0.00140135,-0.00109356,0.000307578,-0.000287973,9.05804e-05,-0.00262176,0.00139388,0.0284517,-0.000123725,9.08833e-05,1.05999e-05,0.000115123,6.06404e-05,-0.00109561,-0.000134344,0.0466561,
0.00365534,0.000765916,-0.00136976,-9.33512e-05,-0.000940077,0.000303374,9.19753e-05,0.000765996,0.00141531,0.000675873,-0.000961868,-0.00095697,-0.00028317,1.06095e-05,-0.00136978,0.000675864,0.00290883,-0.00075091,-0.000817226,8.74745e-05,0.000115483,-9.3607e-05,-0.000961715,-0.000750962,0.00257434,-0.000464587,-0.00263186,6.03598e-05,-0.000940043,-0.000957566,-0.000817125,-0.000462763,0.0335904,0.00140071,-0.00108657,0.000302476,-0.000285142,8.77e-05,-0.00262391,0.00139324,0.0284408,-0.000122474,9.16838e-05,1.09141e-05,0.000115402,5.99452e-05,-0.00108859,-0.000132992,0.0466557,
0.00365068,0.000766092,-0.00137475,-9.62747e-05,-0.000943668,0.000298283,9.27546e-05,0.000766171,0.00141672,0.000675797,-0.000961494,-0.000956308,-0.000280346,1.09243e-05,-0.00137476,0.000675789,0.00291229,-0.000748166,-0.000823367,8.4657e-05,0.00011575,-9.65255e-05,-0.00096134,-0.000748215,0.00257239,-0.000466007,-0.00263394,5.96519e-05,-0.000943632,-0.000956903,-0.000823273,-0.000464198,0.033571,0.00140009,-0.00107961,0.000297405,-0.000282324,8.48623e-05,-0.00262599,0.00139261,0.0284299,-0.00012123,9.24708e-05,1.1227e-05,0.000115675,5.9247e-05,-0.0010816,-0.000131648,0.0466554,
0.00364604,0.000766251,-0.00137966,-9.91746e-05,-0.000947248,0.000293223,9.35206e-05,0.000766329,0.00141813,0.000675731,-0.00096112,-0.00095565,-0.000277534,1.12378e-05,-0.00137968,0.000675723,0.00291574,-0.000745419,-0.000829444,8.18815e-05,0.000116011,-9.94203e-05,-0.000960964,-0.000745466,0.00257045,-0.000467363,-0.00263597,5.89414e-05,-0.00094721,-0.000956244,-0.000829359,-0.000465569,0.0335515,0.00139948,-0.00107269,0.000292366,-0.000279518,8.20666e-05,-0.00262801,0.00139199,0.028419,-0.000119994,9.32444e-05,1.15386e-05,0.000115941,5.8546e-05,-0.00107464,-0.000130312,0.046655,
0.00364142,0.000766392,-0.00138451,-0.000102051,-0.000950818,0.000288196,9.42735e-05,0.000766469,0.00141953,0.000675674,-0.000960744,-0.000954995,-0.000274735,1.155e-05,-0.00138452,0.000675666,0.00291917,-0.000742669,-0.00083546,7.91471e-05,0.000116265,-0.000102292,-0.000960586,-0.000742713,0.00256851,-0.000468657,-0.00263793,5.82284e-05,-0.000950778,-0.000955588,-0.000835382,-0.000466877,0.033532,0.00139889,-0.00106578,0.000287359,-0.000276725,7.9312e-05,-0.00262997,0.00139139,0.0284081,-0.000118765,9.40047e-05,1.18489e-05,0.000116201,5.78423e-05,-0.00106771,-0.000128982,0.0466547,
0.00363682,0.000766516,-0.0013893,-0.000104904,-0.000954376,0.000283201,9.50133e-05,0.000766591,0.00142093,0.000675626,-0.000960366,-0.000954343,-0.000271949,1.18609e-05,-0.0013893,0.000675619,0.00292259,-0.000739917,-0.000841414,7.6453e-05,0.000116514,-0.00010514,-0.000960207,-0.000739958,0.00256657,-0.000469888,-0.00263983,5.75131e-05,-0.000954334,-0.000954936,-0.000841343,-0.000468123,0.0335125,0.0013983,-0.00105891,0.000282384,-0.000273944,7.65977e-05,-0.00263187,0.0013908,0.0283973,-0.000117543,9.4752e-05,1.21578e-05,0.000116455,5.71361e-05,-0.0010608,-0.00012766,0.0466543,
0.00363224,0.000766623,-0.00139401,-0.000107735,-0.000957922,0.000278238,9.57404e-05,0.000766697,0.00142233,0.000675588,-0.000959987,-0.000953695,-0.000269174,1.21705e-05,-0.00139402,0.000675581,0.002926,-0.000737163,-0.000847307,7.37983e-05,0.000116756,-0.000107965,-0.000959826,-0.000737201,0.00256464,-0.000471057,-0.00264166,5.67955e-05,-0.000957879,-0.000954287,-0.000847243,-0.000469308,0.0334929,0.00139773,-0.00105206,0.000277441,-0.000271175,7.39228e-05,-0.00263371,0.00139022,0.0283866,-0.000116329,9.54863e-05,1.24655e-05,0.000116702,5.64275e-05,-0.00105392,-0.000126346,0.046654,
0.00362769,0.000766714,-0.00139867,-0.000110543,-0.000961455,0.000273309,9.64547e-05,0.000766787,0.00142372,0.000675559,-0.000959606,-0.000953051,-0.000266412,1.24788e-05,-0.00139867,0.000675552,0.00292939,-0.000734406,-0.00085314,7.11824e-05,0.000116993,-0.000110769,-0.000959444,-0.000734442,0.00256271,-0.000472166,-0.00264344,5.60758e-05,-0.00096141,-0.000953642,-0.000853084,-0.000470432,0.0334733,0.00139717,-0.00104524,0.000272531,-0.000268419,7.12866e-05,-0.00263549,0.00138965,0.0283758,-0.000115121,9.62078e-05,1.27717e-05,0.000116944,5.57165e-05,-0.00104706,-0.000125038,0.0466537,
0.00362315,0.000766788,-0.00140325,-0.000113328,-0.000964974,0.000268412,9.71565e-05,0.00076686,0.00142511,0.000675538,-0.000959224,-0.00095241,-0.000263663,1.27858e-05,-0.00140326,0.000675532,0.00293277,-0.000731649,-0.000858913,6.86044e-05,0.000117224,-0.00011355,-0.00095906,-0.000731681,0.00256078,-0.000473215,-0.00264516,5.53541e-05,-0.000964929,-0.000953,-0.000858864,-0.000471496,0.0334536,0.00139663,-0.00103845,0.000267653,-0.000265674,6.86883e-05,-0.00263721,0.0013891,0.0283651,-0.000113921,9.69168e-05,1.30767e-05,0.00011718,5.50034e-05,-0.00104024,-0.000123738,0.0466534,
0.00361863,0.000766847,-0.00140778,-0.000116092,-0.00096848,0.000263547,9.7846e-05,0.000766917,0.00142649,0.000675527,-0.00095884,-0.000951772,-0.000260925,1.30914e-05,-0.00140778,0.000675521,0.00293613,-0.000728889,-0.000864627,6.60635e-05,0.00011745,-0.000116309,-0.000958675,-0.000728919,0.00255885,-0.000474205,-0.00264682,5.46305e-05,-0.000968433,-0.00095236,-0.000864585,-0.000472502,0.033434,0.0013961,-0.00103168,0.000262808,-0.000262942,6.61273e-05,-0.00263887,0.00138856,0.0283545,-0.000112728,9.76131e-05,1.33803e-05,0.00011741,5.42884e-05,-0.00103344,-0.000122445,0.046653,
0.00361414,0.00076689,-0.00141224,-0.000118835,-0.000971972,0.000258716,9.85232e-05,0.000766959,0.00142786,0.000675525,-0.000958454,-0.000951137,-0.0002582,1.33958e-05,-0.00141225,0.000675519,0.00293948,-0.000726129,-0.000870284,6.3559e-05,0.00011767,-0.000119047,-0.000958287,-0.000726156,0.00255693,-0.000475138,-0.00264843,5.39052e-05,-0.000971924,-0.000951724,-0.000870248,-0.00047345,0.0334143,0.00139558,-0.00102494,0.000257996,-0.000260222,6.36025e-05,-0.00264048,0.00138803,0.0283438,-0.000111541,9.82971e-05,1.36826e-05,0.000117635,5.35714e-05,-0.00102667,-0.000121159,0.0466527,
0.00360966,0.000766918,-0.00141664,-0.000121556,-0.000975448,0.000253918,9.91882e-05,0.000766986,0.00142924,0.000675532,-0.000958067,-0.000950505,-0.000255487,1.36988e-05,-0.00141665,0.000675526,0.00294282,-0.000723367,-0.000875882,6.109e-05,0.000117885,-0.000121763,-0.000957898,-0.000723392,0.00255502,-0.000476012,-0.00264997,5.31782e-05,-0.000975399,-0.000951091,-0.000875854,-0.00047434,0.0333945,0.00139507,-0.00101823,0.000253216,-0.000257513,6.11134e-05,-0.00264203,0.00138752,0.0283332,-0.000110361,9.89689e-05,1.39834e-05,0.000117854,5.28525e-05,-0.00101993,-0.00011988,0.0466524,
0.00360521,0.000766932,-0.00142098,-0.000124257,-0.00097891,0.000249153,9.98414e-05,0.000766998,0.0014306,0.000675548,-0.000957678,-0.000949876,-0.000252785,1.40004e-05,-0.00142099,0.000675542,0.00294614,-0.000720605,-0.000881424,5.8656e-05,0.000118095,-0.000124459,-0.000957508,-0.000720627,0.0025531,-0.00047683,-0.00265146,5.24497e-05,-0.00097886,-0.000950461,-0.000881402,-0.000475174,0.0333748,0.00139458,-0.00101155,0.00024847,-0.000254817,5.86592e-05,-0.00264352,0.00138702,0.0283227,-0.000109189,9.96286e-05,1.4283e-05,0.000118069,5.2132e-05,-0.00101321,-0.000118608,0.0466521,
0.00360078,0.00076693,-0.00142526,-0.000126937,-0.000982355,0.000244422,0.000100483,0.000766995,0.00143197,0.000675573,-0.000957287,-0.00094925,-0.000250096,1.43008e-05,-0.00142527,0.000675567,0.00294945,-0.000717843,-0.000886909,5.62561e-05,0.0001183,-0.000127134,-0.000957115,-0.000717862,0.0025512,-0.000477593,-0.00265289,5.17198e-05,-0.000982304,-0.000949834,-0.000886894,-0.000475952,0.033355,0.0013941,-0.00100489,0.000243756,-0.000252133,5.62392e-05,-0.00264496,0.00138654,0.0283122,-0.000108022,0.000100277,1.45812e-05,0.000118278,5.14099e-05,-0.00100652,-0.000117342,0.0466518,
0.00359637,0.000766914,-0.00142949,-0.000129596,-0.000985784,0.000239724,0.000101112,0.000766978,0.00143333,0.000675606,-0.000956894,-0.000948626,-0.000247419,1.45998e-05,-0.00142949,0.000675601,0.00295274,-0.00071508,-0.000892339,5.38896e-05,0.000118501,-0.000129789,-0.000956721,-0.000715097,0.00254929,-0.0004783,-0.00265427,5.09885e-05,-0.000985733,-0.000949209,-0.000892331,-0.000476675,0.0333352,0.00139363,-0.00099826,0.000239076,-0.00024946,5.38527e-05,-0.00264634,0.00138607,0.0283017,-0.000106863,0.000100913,1.48781e-05,0.000118483,5.06864e-05,-0.000999861,-0.000116084,0.0466515,
0.00359198,0.000766884,-0.00143365,-0.000132236,-0.000989197,0.000235059,0.000101731,0.000766947,0.00143468,0.000675648,-0.000956499,-0.000948006,-0.000244754,1.48975e-05,-0.00143365,0.000675643,0.00295601,-0.000712318,-0.000897714,5.15559e-05,0.000118697,-0.000132425,-0.000956325,-0.000712332,0.00254739,-0.000478953,-0.00265559,5.02561e-05,-0.000989145,-0.000948587,-0.000897712,-0.000477343,0.0333153,0.00139318,-0.000991656,0.000234428,-0.0002468,5.14989e-05,-0.00264766,0.00138561,0.0282912,-0.00010571,0.000101537,1.51736e-05,0.000118682,4.99615e-05,-0.000993226,-0.000114832,0.0466512,
0.00358762,0.000766841,-0.00143776,-0.000134856,-0.000992592,0.000230428,0.000102337,0.000766902,0.00143603,0.000675699,-0.000956103,-0.000947388,-0.0002421,1.51938e-05,-0.00143775,0.000675695,0.00295927,-0.000709556,-0.000903035,4.92542e-05,0.000118888,-0.00013504,-0.000955927,-0.000709568,0.00254549,-0.000479553,-0.00265686,4.95226e-05,-0.000992539,-0.000947968,-0.000903039,-0.000477959,0.0332955,0.00139274,-0.000985078,0.000229814,-0.000244151,4.91773e-05,-0.00264894,0.00138517,0.0282808,-0.000104563,0.00010215,1.54678e-05,0.000118877,4.92354e-05,-0.000986618,-0.000113587,0.0466509,
0.00358327,0.000766784,-0.0014418,-0.000137456,-0.00099597,0.00022583,0.000102933,0.000766844,0.00143738,0.000675759,-0.000955704,-0.000946773,-0.000239459,1.54889e-05,-0.0014418,0.000675754,0.00296251,-0.000706794,-0.000908302,4.69839e-05,0.000119075,-0.000137636,-0.000955528,-0.000706804,0.00254359,-0.000480099,-0.00265808,4.87881e-05,-0.000995917,-0.000947351,-0.000908312,-0.000478522,0.0332757,0.00139231,-0.000978527,0.000225234,-0.000241514,4.6887e-05,-0.00265016,0.00138474,0.0282705,-0.000103423,0.000102751,1.57606e-05,0.000119068,4.85081e-05,-0.000980038,-0.000112349,0.0466506,
0.00357895,0.000766713,-0.0014458,-0.000140038,-0.00099933,0.000221266,0.000103517,0.000766772,0.00143872,0.000675827,-0.000955304,-0.00094616,-0.000236829,1.57825e-05,-0.0014458,0.000675823,0.00296574,-0.000704033,-0.000913516,4.47442e-05,0.000119258,-0.000140213,-0.000955126,-0.00070404,0.0025417,-0.000480594,-0.00265924,4.80527e-05,-0.000999277,-0.000946737,-0.000913532,-0.000479033,0.0332558,0.0013919,-0.000972003,0.000220686,-0.000238888,4.46276e-05,-0.00265132,0.00138432,0.0282602,-0.000102289,0.000103342,1.6052e-05,0.000119254,4.77798e-05,-0.000973483,-0.000111117,0.0466503,
0.00357465,0.00076663,-0.00144974,-0.0001426,-0.00100267,0.000216735,0.000104091,0.000766688,0.00144006,0.000675904,-0.000954901,-0.00094555,-0.000234211,1.60749e-05,-0.00144973,0.000675899,0.00296895,-0.000701273,-0.000918678,4.25345e-05,0.000119436,-0.000142771,-0.000954722,-0.000701278,0.00253981,-0.000481038,-0.00266035,4.73164e-05,-0.00100262,-0.000946125,-0.0009187,-0.000479492,0.0332359,0.0013915,-0.000965505,0.000216172,-0.000236275,4.23983e-05,-0.00265244,0.00138392,0.0282499,-0.000101161,0.000103921,1.63421e-05,0.000119436,4.70505e-05,-0.000966956,-0.000109891,0.0466501,
