0.00277549,-0.000168147,-0.00182793,0.000286428,-0.00126388,-0.0010086,5.63187e-05,-0.000168147,0.0011462,-0.000217523,-0.0012924,0.000187973,0.00015824,4.13977e-06,-0.00182793,-0.000217523,0.0033084,0.000230475,-0.00148385,-0.00103538,7.01693e-05,0.000286428,-0.0012924,0.000230475,0.0032009,0.00037317,-0.00154523,-0.000116347,-0.00126388,0.000187973,-0.00148385,0.00037317,0.02856,0.00149417,0.000225998,-0.0010086,0.00015824,-0.00103538,-0.00154523,0.00149417,0.026784,-0.000274164,5.63187e-05,4.13977e-06,7.01693e-05,-0.000116347,0.000225998,-0.000274164,0.0466253,
0.0027745,-0.000169387,-0.00182823,0.00028804,-0.00126255,-0.00101005,5.60185e-05,-0.000169387,0.00114653,-0.00021931,-0.0012916,0.00019124,0.000161771,3.91734e-06,-0.00182823,-0.00021931,0.00330848,0.000231324,-0.00148304,-0.00103722,6.99722e-05,0.00028804,-0.0012916,0.000231324,0.00319881,0.000376524,-0.00154189,-0.000116435,-0.00126255,0.00019124,-0.00148304,0.000376524,0.0285468,0.00149745,0.000230875,-0.00101005,0.000161771,-0.00103722,-0.00154189,0.00149745,0.0267771,-0.000273012,5.60185e-05,3.91731e-06,6.99721e-05,-0.000116435,0.000230875,-0.000273012,0.0466254,
0.00277221,-0.00017045,-0.0018288,0.000289583,-0.00126034,-0.00101133,5.56186e-05,-0.00017045,0.00114682,-0.000221069,-0.0012907,0.000194837,0.000166083,3.69454e-06,-0.0018288,-0.000221069,0.00330894,0.000231858,-0.00148205,-0.00103895,6.97328e-05,0.000289583,-0.0012907,0.000231858,0.0031966,0.000380512,-0.00153827,-0.00011651,-0.00126034,0.000194836,-0.00148205,0.000380512,0.0285294,0.00150074,0.000236599,-0.00101133,0.000166083,-0.00103895,-0.00153827,0.00150074,0.0267694,-0.000271913,5.56186e-05,3.6946e-06,6.97328e-05,-0.00011651,0.000236599,-0.000271913,0.0466255,
0.0027682,-0.000171335,-0.00182942,0.000291314,-0.00125744,-0.00101192,5.51802e-05,-0.000171334,0.00114712,-0.000222859,-0.00128984,0.000198153,0.000170215,3.47336e-06,-0.00182942,-0.000222859,0.00331045,0.000232139,-0.00148138,-0.00103994,6.95305e-05,0.000291314,-0.00128984,0.000232139,0.00319457,0.000384026,-0.00153514,-0.000116522,-0.00125744,0.000198153,-0.00148138,0.000384026,0.0285113,0.00150341,0.000242455,-0.00101192,0.000170215,-0.00103994,-0.00153514,0.00150341,0.0267608,-0.000270728,5.51802e-05,3.47333e-06,6.95306e-05,-0.000116522,0.000242455,-0.000270728,0.0466256,
0.00276275,-0.00017208,-0.00183007,0.000293214,-0.00125364,-0.00101273,5.46744e-05,-0.00017208,0.0011474,-0.000224697,-0.001289,0.000201541,0.000174249,3.26134e-06,-0.00183007,-0.000224697,0.00331281,0.000232215,-0.00148066,-0.00104113,6.93123e-05,0.000293214,-0.001289,0.000232215,0.00319259,0.000387909,-0.00153149,-0.000116584,-0.00125364,0.000201541,-0.00148066,0.000387909,0.0284935,0.0015064,0.000248091,-0.00101273,0.000174249,-0.00104113,-0.00153149,0.0015064,0.0267531,-0.000269509,5.46744e-05,3.26134e-06,6.93124e-05,-0.000116584,0.000248091,-0.000269509,0.0466257,
0.00275645,-0.000172701,-0.0018308,0.000295141,-0.00124946,-0.00101301,5.41399e-05,-0.000172701,0.00114768,-0.000226528,-0.00128814,0.000204825,0.000178425,3.04756e-06,-0.0018308,-0.000226528,0.00331557,0.000232108,-0.00148008,-0.00104181,6.91111e-05,0.000295141,-0.00128814,0.000232108,0.00319067,0.00039158,-0.00152822,-0.000116592,-0.00124946,0.000204825,-0.00148008,0.00039158,0.0284741,0.00150895,0.000254078,-0.00101301,0.000178425,-0.00104182,-0.00152822,0.00150895,0.0267445,-0.000268268,5.414e-05,3.04756e-06,6.91111e-05,-0.000116592,0.000254078,-0.000268268,0.0466259,
0.00274961,-0.000173228,-0.00183159,0.000297079,-0.00124482,-0.00101336,5.35823e-05,-0.000173228,0.00114795,-0.000228346,-0.00128727,0.00020809,0.000182587,2.83817e-06,-0.00183159,-0.000228346,0.00331851,0.000231886,-0.00147932,-0.00104262,6.89058e-05,0.000297079,-0.00128727,0.000231886,0.0031887,0.000395351,-0.0015249,-0.000116623,-0.00124482,0.00020809,-0.00147932,0.000395351,0.0284552,0.00151165,0.000259812,-0.00101336,0.000182587,-0.00104262,-0.0015249,0.00151165,0.0267367,-0.000267013,5.35824e-05,2.83817e-06,6.89058e-05,-0.000116623,0.000259812,-0.000267013,0.0466261,
0.00274245,-0.000173684,-0.00183241,0.000299007,-0.00123999,-0.0010135,5.30122e-05,-0.000173684,0.00114822,-0.000230153,-0.00128638,0.000211302,0.00018681,2.62873e-06,-0.00183241,-0.000230153,0.00332157,0.00023157,-0.0014786,-0.00104325,6.87078e-05,0.000299007,-0.00128638,0.000231571,0.00318674,0.000399053,-0.00152174,-0.000116635,-0.00123999,0.000211302,-0.0014786,0.000399053,0.0284358,0.00151419,0.000265649,-0.0010135,0.00018681,-0.00104325,-0.00152174,0.00151419,0.0267287,-0.000265753,5.30122e-05,2.62873e-06,6.87078e-05,-0.000116635,0.000265649,-0.000265753,0.0466262,
0.00273509,-0.000174086,-0.00183322,0.000300931,-0.00123499,-0.00101362,5.24328e-05,-0.000174086,0.00114849,-0.000231952,-0.00128549,0.000214487,0.000191023,2.4214e-06,-0.00183322,-0.000231952,0.00332469,0.000231192,-0.00147782,-0.00104389,6.85113e-05,0.000300931,-0.00128549,0.000231192,0.00318478,0.000402777,-0.00151859,-0.000116651,-0.00123499,0.000214486,-0.00147782,0.000402777,0.0284166,0.00151676,0.000271394,-0.00101362,0.000191023,-0.00104389,-0.00151859,0.00151676,0.0267209,-0.000264491,5.24329e-05,2.4214e-06,6.85113e-05,-0.000116651,0.000271394,-0.000264491,0.0466264,
0.00272763,-0.000174447,-0.00183403,0.000302841,-0.0012299,-0.00101365,5.18482e-05,-0.000174447,0.00114876,-0.000233745,-0.00128459,0.000217639,0.000195252,2.21451e-06,-0.00183403,-0.000233745,0.00332783,0.000230762,-0.00147706,-0.00104449,6.83189e-05,0.000302841,-0.00128459,0.000230762,0.00318282,0.000406482,-0.00151549,-0.000116659,-0.0012299,0.000217639,-0.00147706,0.000406482,0.0283973,0.00151928,0.000277159,-0.00101365,0.000195252,-0.00104449,-0.00151549,0.00151928,0.0267131,-0.00026323,5.18481e-05,2.21456e-06,6.83189e-05,-0.000116659,0.000277159,-0.00026323,0.0466265,
0.00272012,-0.000174774,-0.00183481,0.000304739,-0.00122476,-0.00101364,5.12603e-05,-0.000174774,0.00114903,-0.000235533,-0.00128369,0.000220767,0.000199471,2.00884e-06,-0.00183481,-0.000235533,0.00333098,0.000230296,-0.00147629,-0.00104508,6.8129e-05,0.000304739,-0.00128369,0.000230296,0.00318087,0.00041019,-0.0015124,-0.000116666,-0.00122476,0.000220767,-0.00147629,0.00041019,0.028378,0.00152179,0.000282887,-0.00101364,0.000199471,-0.00104508,-0.0015124,0.00152178,0.0267055,-0.000261972,5.12603e-05,2.00884e-06,6.8129e-05,-0.000116666,0.000282887,-0.000261972,0.0466267,
0.00271261,-0.000175074,-0.00183556,0.000306622,-0.0012196,-0.00101357,5.06707e-05,-0.000175074,0.00114931,-0.000237317,-0.00128279,0.000223871,0.000203688,1.80383e-06,-0.00183556,-0.000237317,0.00333412,0.000229799,-0.00147553,-0.00104566,6.79423e-05,0.000306622,-0.00128279,0.000229799,0.00317894,0.000413892,-0.00150933,-0.000116669,-0.0012196,0.000223871,-0.00147553,0.000413891,0.0283587,0.00152427,0.00028861,-0.00101357,0.000203688,-0.00104566,-0.00150933,0.00152427,0.0266979,-0.000260718,5.06707e-05,1.80383e-06,6.79423e-05,-0.000116669,0.00028861,-0.000260718,0.0466268,
0.00270513,-0.00017535,-0.00183628,0.000308491,-0.00121444,-0.00101348,5.00807e-05,-0.00017535,0.00114958,-0.000239098,-0.00128188,0.000226952,0.000207892,1.59966e-06,-0.00183628,-0.000239098,0.00333723,0.000229278,-0.00147478,-0.00104624,6.77581e-05,0.000308491,-0.00128188,0.000229278,0.00317701,0.000417591,-0.00150627,-0.000116669,-0.00121444,0.000226951,-0.00147478,0.000417591,0.0283395,0.00152674,0.00029431,-0.00101348,0.000207892,-0.00104624,-0.00150627,0.00152674,0.0266903,-0.000259467,5.00807e-05,1.59961e-06,6.77581e-05,-0.000116669,0.00029431,-0.000259467,0.046627,
0.00269768,-0.000175606,-0.00183697,0.000310344,-0.00120928,-0.00101335,4.94909e-05,-0.000175606,0.00114986,-0.000240875,-0.00128097,0.000230011,0.000212085,1.39605e-06,-0.00183697,-0.000240875,0.00334031,0.000228737,-0.00147404,-0.00104682,6.75766e-05,0.000310344,-0.00128097,0.000228737,0.00317509,0.000421287,-0.00150321,-0.000116666,-0.00120928,0.000230011,-0.00147404,0.000421287,0.0283204,0.0015292,0.000299995,-0.00101335,0.000212085,-0.00104682,-0.00150321,0.0015292,0.0266828,-0.000258221,4.9491e-05,1.39611e-06,6.75767e-05,-0.000116666,0.000299995,-0.000258221,0.0466272,
0.00269029,-0.000175843,-0.00183763,0.000312183,-0.00120414,-0.00101319,4.89019e-05,-0.000175843,0.00115015,-0.000242651,-0.00128007,0.000233049,0.000216264,1.19321e-06,-0.00183763,-0.000242651,0.00334335,0.000228178,-0.0014733,-0.00104741,6.73977e-05,0.000312183,-0.00128007,0.000228178,0.00317318,0.00042498,-0.00150016,-0.000116659,-0.00120414,0.000233049,-0.0014733,0.00042498,0.0283013,0.00153164,0.000305661,-0.00101319,0.000216264,-0.00104741,-0.00150016,0.00153164,0.0266753,-0.00025698,4.89019e-05,1.19321e-06,6.73977e-05,-0.00011666,0.000305661,-0.00025698,0.0466273,
0.00268296,-0.000176063,-0.00183825,0.000314007,-0.00119901,-0.001013,4.8314e-05,-0.000176063,0.00115043,-0.000244424,-0.00127916,0.000236067,0.000220428,9.90985e-07,-0.00183825,-0.000244424,0.00334636,0.000227603,-0.00147258,-0.00104799,6.72212e-05,0.000314007,-0.00127916,0.000227603,0.00317128,0.000428669,-0.00149711,-0.00011665,-0.00119901,0.000236067,-0.00147258,0.000428669,0.0282823,0.00153408,0.000311308,-0.001013,0.000220428,-0.00104799,-0.00149711,0.00153408,0.0266679,-0.000255743,4.8314e-05,9.90985e-07,6.72212e-05,-0.00011665,0.000311308,-0.000255743,0.0466275,
0.0026757,-0.000176267,-0.00183884,0.000315815,-0.00119391,-0.00101279,4.77276e-05,-0.000176267,0.00115072,-0.000246194,-0.00127825,0.000239065,0.000224577,7.8948e-07,-0.00183884,-0.000246194,0.00334933,0.000227014,-0.00147187,-0.00104858,6.7047e-05,0.000315815,-0.00127825,0.000227014,0.00316939,0.000432355,-0.00149406,-0.000116639,-0.00119391,0.000239065,-0.00147187,0.000432355,0.0282633,0.0015365,0.000316935,-0.00101279,0.000224577,-0.00104858,-0.00149406,0.0015365,0.0266606,-0.00025451,4.77275e-05,7.8948e-07,6.7047e-05,-0.000116639,0.000316935,-0.00025451,0.0466276,
0.0026685,-0.000176455,-0.0018394,0.000317609,-0.00118884,-0.00101256,4.71427e-05,-0.000176455,0.00115101,-0.000247963,-0.00127735,0.000242043,0.000228709,5.88585e-07,-0.0018394,-0.000247963,0.00335225,0.000226412,-0.00147116,-0.00104917,6.68752e-05,0.000317609,-0.00127735,0.000226412,0.00316751,0.000436036,-0.00149101,-0.000116624,-0.00118884,0.000242043,-0.00147116,0.000436036,0.0282445,0.00153892,0.000322541,-0.00101256,0.000228709,-0.00104917,-0.00149101,0.00153892,0.0266533,-0.000253282,4.71427e-05,5.88529e-07,6.68752e-05,-0.000116624,0.000322541,-0.000253282,0.0466278,
0.00266138,-0.000176629,-0.00183992,0.000319388,-0.00118379,-0.0010123,4.65596e-05,-0.000176629,0.00115131,-0.000249729,-0.00127644,0.000245001,0.000232825,3.88301e-07,-0.00183992,-0.000249729,0.00335514,0.000225797,-0.00147047,-0.00104977,6.67056e-05,0.000319388,-0.00127644,0.000225797,0.00316565,0.000439714,-0.00148796,-0.000116607,-0.00118379,0.000245001,-0.00147047,0.000439714,0.0282257,0.00154132,0.000328126,-0.0010123,0.000232825,-0.00104977,-0.00148796,0.00154132,0.026646,-0.000252058,4.65596e-05,3.88356e-07,6.67056e-05,-0.000116607,0.000328126,-0.000252058,0.0466279,
0.00265432,-0.000176788,-0.00184041,0.000321152,-0.00117877,-0.00101202,4.59783e-05,-0.000176788,0.00115161,-0.000251494,-0.00127553,0.000247939,0.000236924,1.88682e-07,-0.00184041,-0.000251494,0.00335798,0.00022517,-0.00146978,-0.00105038,6.65381e-05,0.000321152,-0.00127553,0.00022517,0.00316379,0.000443387,-0.00148491,-0.000116587,-0.00117877,0.000247939,-0.00146978,0.000443387,0.0282071,0.00154372,0.000333688,-0.00101202,0.000236924,-0.00105038,-0.00148491,0.00154372,0.0266388,-0.000250839,4.59783e-05,1.88738e-07,6.65381e-05,-0.000116587,0.000333688,-0.000250838,0.0466281,
0.00264734,-0.000176934,-0.00184087,0.000322901,-0.00117378,-0.00101172,4.5399e-05,-0.000176934,0.00115191,-0.000253256,-0.00127463,0.000250858,0.000241006,-1.02696e-08,-0.00184087,-0.000253256,0.00336078,0.000224532,-0.0014691,-0.00105099,6.63726e-05,0.000322901,-0.00127463,0.000224532,0.00316195,0.000447055,-0.00148186,-0.000116565,-0.00117378,0.000250858,-0.0014691,0.000447055,0.0281885,0.00154611,0.000339228,-0.00101172,0.000241006,-0.00105099,-0.00148186,0.00154611,0.0266317,-0.000249622,4.5399e-05,-1.02696e-08,6.63726e-05,-0.000116565,0.000339228,-0.000249622,0.0466283,
0.00264042,-0.000177065,-0.0018413,0.000324636,-0.00116882,-0.0010114,4.48217e-05,-0.000177065,0.00115221,-0.000255017,-0.00127372,0.000253757,0.00024507,-2.08555e-07,-0.0018413,-0.000255017,0.00336354,0.000223883,-0.00146843,-0.0010516,6.62093e-05,0.000324636,-0.00127372,0.000223883,0.00316011,0.000450719,-0.00147881,-0.00011654,-0.00116882,0.000253757,-0.00146843,0.000450719,0.02817,0.00154849,0.000344744,-0.0010114,0.00024507,-0.0010516,-0.00147881,0.00154849,0.0266246,-0.00024841,4.48217e-05,-2.08555e-07,6.62093e-05,-0.00011654,0.000344744,-0.00024841,0.0466284,
0.00263358,-0.000177183,-0.00184169,0.000326357,-0.00116388,-0.00101106,4.42464e-05,-0.000177183,0.00115252,-0.000256775,-0.00127282,0.000256637,0.000249116,-4.06175e-07,-0.00184169,-0.000256775,0.00336626,0.000223223,-0.00146777,-0.00105222,6.60479e-05,0.000326357,-0.00127282,0.000223223,0.00315829,0.000454378,-0.00147576,-0.000116513,-0.00116388,0.000256637,-0.00146777,0.000454378,0.0281516,0.00155086,0.000350237,-0.00101106,0.000249116,-0.00105222,-0.00147576,0.00155086,0.0266176,-0.000247201,4.42464e-05,-4.06175e-07,6.60479e-05,-0.000116513,0.000350237,-0.000247201,0.0466286,
0.0026268,-0.000177288,-0.00184206,0.000328064,-0.00115897,-0.0010107,4.36733e-05,-0.000177288,0.00115283,-0.000258532,-0.00127191,0.000259498,0.000253145,-6.03129e-07,-0.00184206,-0.000258532,0.00336894,0.000222553,-0.00146711,-0.00105284,6.58885e-05,0.000328064,-0.00127191,0.000222553,0.00315647,0.000458031,-0.00147272,-0.000116483,-0.00115897,0.000259498,-0.00146711,0.000458031,0.0281333,0.00155322,0.000355705,-0.0010107,0.000253145,-0.00105284,-0.00147272,0.00155322,0.0266106,-0.000245996,4.36733e-05,-6.03129e-07,6.58885e-05,-0.000116483,0.000355705,-0.000245996,0.0466287,
0.00262009,-0.00017738,-0.0018424,0.000329757,-0.00115409,-0.00101032,4.31023e-05,-0.000177379,0.00115315,-0.000260286,-0.00127101,0.00026234,0.000257157,-7.99416e-07,-0.0018424,-0.000260286,0.00337157,0.000221873,-0.00146646,-0.00105347,6.57309e-05,0.000329757,-0.00127101,0.000221873,0.00315467,0.000461679,-0.00146967,-0.000116452,-0.00115409,0.00026234,-0.00146646,0.000461679,0.0281151,0.00155558,0.000361149,-0.00101032,0.000257157,-0.00105347,-0.00146967,0.00155558,0.0266037,-0.000244793,4.31024e-05,-7.99472e-07,6.57309e-05,-0.000116452,0.000361149,-0.000244793,0.0466289,
0.00261345,-0.000177458,-0.00184271,0.000331437,-0.00114924,-0.00100992,4.25336e-05,-0.000177458,0.00115347,-0.000262039,-0.0012701,0.000265163,0.00026115,-9.95093e-07,-0.00184271,-0.000262039,0.00337417,0.000221183,-0.00146581,-0.00105411,6.55752e-05,0.000331437,-0.0012701,0.000221183,0.00315287,0.000465322,-0.00146662,-0.000116417,-0.00114924,0.000265163,-0.00146581,0.000465322,0.028097,0.00155793,0.000366569,-0.00100992,0.00026115,-0.00105411,-0.00146662,0.00155793,0.0265968,-0.000243594,4.25336e-05,-9.95093e-07,6.55752e-05,-0.000116417,0.000366569,-0.000243594,0.046629,
0.00260688,-0.000177525,-0.001843,0.000333102,-0.00114441,-0.00100951,4.1967e-05,-0.000177525,0.00115379,-0.000263789,-0.0012692,0.000267966,0.000265126,-1.1901e-06,-0.001843,-0.000263789,0.00337673,0.000220484,-0.00146517,-0.00105474,6.54212e-05,0.000333102,-0.0012692,0.000220484,0.00315109,0.000468959,-0.00146357,-0.000116381,-0.00114441,0.000267966,-0.00146517,0.000468959,0.028079,0.00156027,0.000371963,-0.00100951,0.000265126,-0.00105474,-0.00146357,0.00156027,0.02659,-0.000242399,4.1967e-05,-1.1901e-06,6.54212e-05,-0.000116381,0.000371963,-0.000242399,0.0466292,
0.00260037,-0.000177579,-0.00184326,0.000334755,-0.00113962,-0.00100908,4.14028e-05,-0.000177579,0.00115411,-0.000265538,-0.00126829,0.000270751,0.000269084,-1.38439e-06,-0.00184326,-0.000265538,0.00337925,0.000219775,-0.00146454,-0.00105538,6.5269e-05,0.000334755,-0.00126829,0.000219775,0.00314932,0.00047259,-0.00146053,-0.000116342,-0.00113962,0.000270751,-0.00146454,0.00047259,0.0280611,0.0015626,0.000377332,-0.00100908,0.000269084,-0.00105538,-0.00146053,0.0015626,0.0265832,-0.000241206,4.14028e-05,-1.38439e-06,6.5269e-05,-0.000116342,0.000377332,-0.000241206,0.0466294,
0.00259392,-0.000177621,-0.00184349,0.000336394,-0.00113484,-0.00100864,4.08408e-05,-0.00017762,0.00115443,-0.000267284,-0.00126739,0.000273518,0.000273024,-1.57802e-06,-0.00184349,-0.000267284,0.00338173,0.000219058,-0.00146391,-0.00105603,6.51184e-05,0.000336394,-0.00126739,0.000219058,0.00314756,0.000476215,-0.00145748,-0.000116301,-0.00113484,0.000273518,-0.00146391,0.000476215,0.0280433,0.00156492,0.000382677,-0.00100864,0.000273024,-0.00105603,-0.00145748,0.00156492,0.0265766,-0.000240016,4.08408e-05,-1.57802e-06,6.51184e-05,-0.000116301,0.000382677,-0.000240016,0.0466295,
0.00258753,-0.00017765,-0.0018437,0.000338019,-0.0011301,-0.00100818,4.02812e-05,-0.00017765,0.00115476,-0.000269029,-0.00126649,0.000276265,0.000276946,-1.77097e-06,-0.0018437,-0.000269029,0.00338417,0.000218332,-0.00146328,-0.00105668,6.49695e-05,0.000338019,-0.00126649,0.000218332,0.0031458,0.000479834,-0.00145443,-0.000116258,-0.0011301,0.000276265,-0.00146328,0.000479834,0.0280256,0.00156723,0.000387995,-0.00100818,0.000276946,-0.00105668,-0.00145443,0.00156723,0.0265699,-0.000238829,4.02812e-05,-1.77097e-06,6.49695e-05,-0.000116258,0.000387995,-0.000238829,0.0466297,
0.00258121,-0.000177668,-0.00184388,0.000339632,-0.00112538,-0.0010077,3.97239e-05,-0.000177668,0.00115509,-0.000270771,-0.00126558,0.000278994,0.00028085,-1.96326e-06,-0.00184388,-0.000270771,0.00338658,0.000217597,-0.00146266,-0.00105733,6.48222e-05,0.000339632,-0.00126558,0.000217597,0.00314406,0.000483446,-0.00145139,-0.000116213,-0.00112538,0.000278994,-0.00146266,0.000483446,0.028008,0.00156954,0.000393289,-0.0010077,0.00028085,-0.00105733,-0.00145139,0.00156954,0.0265633,-0.000237644,3.97239e-05,-1.96326e-06,6.48222e-05,-0.000116213,0.000393289,-0.000237644,0.0466298,
0.00257495,-0.000177674,-0.00184404,0.000341232,-0.00112068,-0.00100721,3.91691e-05,-0.000177674,0.00115543,-0.000272512,-0.00126468,0.000281705,0.000284737,-2.15483e-06,-0.00184404,-0.000272512,0.00338894,0.000216854,-0.00146204,-0.00105799,6.46765e-05,0.000341232,-0.00126468,0.000216854,0.00314233,0.000487053,-0.00144835,-0.000116166,-0.00112068,0.000281705,-0.00146204,0.000487053,0.0279905,0.00157183,0.000398557,-0.00100721,0.000284737,-0.00105799,-0.00144835,0.00157183,0.0265568,-0.000236463,3.91691e-05,-2.15489e-06,6.46765e-05,-0.000116166,0.000398557,-0.000236463,0.04663,
0.00256875,-0.000177669,-0.00184418,0.000342819,-0.00111602,-0.0010067,3.86166e-05,-0.000177669,0.00115577,-0.00027425,-0.00126378,0.000284398,0.000288605,-2.34579e-06,-0.00184418,-0.00027425,0.00339128,0.000216104,-0.00146142,-0.00105864,6.45323e-05,0.000342819,-0.00126378,0.000216104,0.00314061,0.000490653,-0.0014453,-0.000116117,-0.00111602,0.000284398,-0.00146142,0.000490653,0.027973,0.00157412,0.000403799,-0.0010067,0.000288605,-0.00105864,-0.0014453,0.00157412,0.0265503,-0.000235284,3.86166e-05,-2.34579e-06,6.45323e-05,-0.000116117,0.000403799,-0.000235284,0.0466302,
0.00256262,-0.000177653,-0.00184429,0.000344394,-0.00111137,-0.00100618,3.80666e-05,-0.000177653,0.00115611,-0.000275987,-0.00126288,0.000287072,0.000292456,-2.53603e-06,-0.00184429,-0.000275987,0.00339357,0.000215345,-0.00146081,-0.0010593,6.43895e-05,0.000344394,-0.00126288,0.000215345,0.0031389,0.000494246,-0.00144226,-0.000116065,-0.00111137,0.000287072,-0.00146081,0.000494246,0.0279557,0.0015764,0.000409016,-0.00100618,0.000292456,-0.0010593,-0.00144226,0.0015764,0.0265439,-0.000234108,3.80666e-05,-2.53603e-06,6.43895e-05,-0.000116065,0.000409016,-0.000234108,0.0466303,
0.00255654,-0.000177625,-0.00184438,0.000345956,-0.00110676,-0.00100565,3.7519e-05,-0.000177625,0.00115645,-0.000277721,-0.00126198,0.000289728,0.00029629,-2.7256e-06,-0.00184438,-0.000277721,0.00339583,0.000214579,-0.0014602,-0.00105997,6.42482e-05,0.000345956,-0.00126198,0.000214579,0.00313719,0.000497832,-0.00143922,-0.000116012,-0.00110676,0.000289728,-0.0014602,0.000497832,0.0279385,0.00157867,0.000414207,-0.00100565,0.00029629,-0.00105997,-0.00143922,0.00157867,0.0265376,-0.000232934,3.7519e-05,-2.7256e-06,6.42482e-05,-0.000116012,0.000414207,-0.000232934,0.0466305,
0.00255051,-0.000177587,-0.00184445,0.000347506,-0.00110217,-0.0010051,3.6974e-05,-0.000177587,0.00115679,-0.000279453,-0.00126107,0.000292367,0.000300105,-2.9145e-06,-0.00184445,-0.000279453,0.00339805,0.000213805,-0.00145959,-0.00106063,6.41083e-05,0.000347506,-0.00126107,0.000213805,0.0031355,0.000501412,-0.00143618,-0.000115957,-0.00110217,0.000292367,-0.00145959,0.000501412,0.0279214,0.00158093,0.000419373,-0.0010051,0.000300105,-0.00106063,-0.00143618,0.00158093,0.0265313,-0.000231763,3.6974e-05,-2.9145e-06,6.41084e-05,-0.000115957,0.000419373,-0.000231763,0.0466306,
0.00254455,-0.000177538,-0.0018445,0.000349044,-0.0010976,-0.00100454,3.64314e-05,-0.000177538,0.00115714,-0.000281183,-0.00126017,0.000294988,0.000303903,-3.10268e-06,-0.0018445,-0.000281183,0.00340024,0.000213025,-0.00145899,-0.0010613,6.39698e-05,0.000349044,-0.00126017,0.000213025,0.00313382,0.000504985,-0.00143315,-0.0001159,-0.0010976,0.000294988,-0.00145899,0.000504985,0.0279043,0.00158318,0.000424513,-0.00100454,0.000303903,-0.0010613,-0.00143315,0.00158318,0.026525,-0.000230595,3.64314e-05,-3.10274e-06,6.39698e-05,-0.0001159,0.000424513,-0.000230595,0.0466308,
0.00253864,-0.000177478,-0.00184453,0.000350569,-0.00109306,-0.00100397,3.58914e-05,-0.000177478,0.00115749,-0.000282912,-0.00125927,0.000297591,0.000307683,-3.29026e-06,-0.00184453,-0.000282912,0.0034024,0.000212237,-0.00145839,-0.00106197,6.38327e-05,0.000350569,-0.00125927,0.000212237,0.00313215,0.000508551,-0.00143011,-0.000115841,-0.00109306,0.000297591,-0.00145839,0.000508551,0.0278874,0.00158543,0.000429628,-0.00100397,0.000307683,-0.00106197,-0.00143011,0.00158543,0.0265188,-0.000229429,3.58914e-05,-3.29026e-06,6.38326e-05,-0.000115841,0.000429628,-0.000229429,0.046631,
0.00253279,-0.000177408,-0.00184454,0.000352083,-0.00108855,-0.00100339,3.53539e-05,-0.000177408,0.00115785,-0.000284638,-0.00125837,0.000300177,0.000311446,-3.47711e-06,-0.00184454,-0.000284638,0.00340451,0.000211443,-0.00145779,-0.00106264,6.36967e-05,0.000352083,-0.00125837,0.000211443,0.00313048,0.00051211,-0.00142707,-0.00011578,-0.00108855,0.000300177,-0.00145779,0.00051211,0.0278705,0.00158766,0.000434718,-0.00100339,0.000311446,-0.00106264,-0.00142707,0.00158766,0.0265127,-0.000228266,3.53539e-05,-3.47711e-06,6.36967e-05,-0.00011578,0.000434718,-0.000228266,0.0466311,
0.002527,-0.000177328,-0.00184453,0.000353585,-0.00108406,-0.00100279,3.4819e-05,-0.000177328,0.0011582,-0.000286362,-0.00125747,0.000302745,0.000315191,-3.66329e-06,-0.00184453,-0.000286362,0.0034066,0.000210642,-0.00145719,-0.00106332,6.35621e-05,0.000353585,-0.00125747,0.000210642,0.00312883,0.000515662,-0.00142404,-0.000115717,-0.00108406,0.000302745,-0.00145719,0.000515662,0.0278538,0.00158989,0.000439782,-0.00100279,0.000315191,-0.00106332,-0.00142404,0.00158989,0.0265066,-0.000227105,3.4819e-05,-3.66329e-06,6.35621e-05,-0.000115717,0.000439782,-0.000227105,0.0466313,
0.00252126,-0.000177237,-0.0018445,0.000355075,-0.00107959,-0.00100218,3.42867e-05,-0.000177237,0.00115856,-0.000288084,-0.00125657,0.000305296,0.000318919,-3.84881e-06,-0.0018445,-0.000288084,0.00340865,0.000209835,-0.00145659,-0.00106399,6.34287e-05,0.000355075,-0.00125657,0.000209835,0.00312719,0.000519206,-0.00142101,-0.000115653,-0.00107959,0.000305296,-0.00145659,0.000519206,0.0278371,0.0015921,0.000444821,-0.00100218,0.000318919,-0.00106399,-0.00142101,0.0015921,0.0265005,-0.000225947,3.42866e-05,-3.84881e-06,6.34287e-05,-0.000115653,0.000444821,-0.000225947,0.0466314,
0.00251557,-0.000177137,-0.00184445,0.000356554,-0.00107515,-0.00100156,3.37569e-05,-0.000177137,0.00115892,-0.000289803,-0.00125568,0.00030783,0.000322629,-4.03361e-06,-0.00184445,-0.000289803,0.00341067,0.000209022,-0.00145599,-0.00106467,6.32965e-05,0.000356554,-0.00125568,0.000209022,0.00312556,0.000522743,-0.00141798,-0.000115587,-0.00107515,0.00030783,-0.00145599,0.000522743,0.0278206,0.00159431,0.000449835,-0.00100156,0.000322629,-0.00106467,-0.00141798,0.00159431,0.0264946,-0.000224792,3.37569e-05,-4.03366e-06,6.32964e-05,-0.000115587,0.000449835,-0.000224792,0.0466316,
0.00250994,-0.000177028,-0.00184438,0.000358021,-0.00107074,-0.00100093,3.32298e-05,-0.000177028,0.00115928,-0.000291521,-0.00125478,0.000310347,0.000326322,-4.21779e-06,-0.00184438,-0.000291521,0.00341265,0.000208203,-0.0014554,-0.00106535,6.31654e-05,0.000358021,-0.00125478,0.000208203,0.00312393,0.000526273,-0.00141495,-0.000115519,-0.00107074,0.000310347,-0.0014554,0.000526272,0.0278041,0.00159651,0.000454823,-0.00100093,0.000326322,-0.00106535,-0.00141495,0.00159651,0.0264886,-0.000223639,3.32298e-05,-4.21785e-06,6.31654e-05,-0.000115519,0.000454823,-0.000223638,0.0466318,
0.00250436,-0.000176908,-0.0018443,0.000359477,-0.00106635,-0.00100029,3.27053e-05,-0.000176908,0.00115965,-0.000293236,-0.00125388,0.000312848,0.000329998,-4.40126e-06,-0.0018443,-0.000293236,0.00341461,0.000207378,-0.0014548,-0.00106603,6.30355e-05,0.000359477,-0.00125388,0.000207378,0.00312232,0.000529794,-0.00141192,-0.000115449,-0.00106635,0.000312848,-0.0014548,0.000529794,0.0277878,0.00159869,0.000459787,-0.00100029,0.000329998,-0.00106603,-0.00141192,0.00159869,0.0264827,-0.000222488,3.27053e-05,-4.40131e-06,6.30355e-05,-0.000115449,0.000459787,-0.000222488,0.0466319,
0.00249883,-0.00017678,-0.0018442,0.000360922,-0.00106198,-0.00099964,3.21835e-05,-0.00017678,0.00116001,-0.000294949,-0.00125298,0.000315331,0.000333656,-4.58414e-06,-0.0018442,-0.000294949,0.00341653,0.000206548,-0.00145421,-0.00106671,6.29067e-05,0.000360922,-0.00125298,0.000206548,0.00312071,0.000533309,-0.0014089,-0.000115377,-0.00106198,0.000315331,-0.00145421,0.000533309,0.0277715,0.00160087,0.000464726,-0.00099964,0.000333656,-0.00106671,-0.0014089,0.00160087,0.0264769,-0.00022134,3.21835e-05,-4.58411e-06,6.29067e-05,-0.000115377,0.000464726,-0.00022134,0.0466321,
0.00249336,-0.000176642,-0.00184408,0.000362356,-0.00105764,-0.000998978,3.16643e-05,-0.000176642,0.00116038,-0.00029666,-0.00125209,0.000317798,0.000337297,-4.76627e-06,-0.00184408,-0.00029666,0.00341842,0.000205713,-0.00145362,-0.00106739,6.27789e-05,0.000362356,-0.00125209,0.000205713,0.00311912,0.000536815,-0.00140587,-0.000115304,-0.00105764,0.000317798,-0.00145362,0.000536815,0.0277553,0.00160304,0.00046964,-0.000998978,0.000337297,-0.00106739,-0.00140587,0.00160304,0.0264711,-0.000220194,3.16642e-05,-4.7663e-06,6.27789e-05,-0.000115304,0.00046964,-0.000220194,0.0466323,
0.00248793,-0.000176496,-0.00184394,0.000363779,-0.00105332,-0.000998307,3.11478e-05,-0.000176496,0.00116076,-0.000298369,-0.00125119,0.000320249,0.000340921,-4.94774e-06,-0.00184394,-0.000298369,0.00342027,0.000204872,-0.00145302,-0.00106807,6.26522e-05,0.000363779,-0.00125119,0.000204872,0.00311754,0.000540314,-0.00140285,-0.00011523,-0.00105332,0.000320249,-0.00145302,0.000540314,0.0277392,0.0016052,0.000474529,-0.000998307,0.000340921,-0.00106807,-0.00140285,0.0016052,0.0264654,-0.000219051,3.11478e-05,-4.94776e-06,6.26522e-05,-0.00011523,0.000474529,-0.000219051,0.0466324,
0.00248256,-0.00017634,-0.00184379,0.000365191,-0.00104902,-0.000997626,3.06339e-05,-0.00017634,0.00116113,-0.000300076,-0.00125029,0.000322683,0.000344528,-5.12854e-06,-0.00184379,-0.000300076,0.0034221,0.000204027,-0.00145243,-0.00106875,6.25265e-05,0.000365191,-0.00125029,0.000204027,0.00311596,0.000543805,-0.00139983,-0.000115153,-0.00104902,0.000322683,-0.00145243,0.000543805,0.0277232,0.00160735,0.000479394,-0.000997626,0.000344528,-0.00106875,-0.00139983,0.00160735,0.0264597,-0.00021791,3.06339e-05,-5.12856e-06,6.25265e-05,-0.000115153,0.000479394,-0.00021791,0.0466326,
0.00247723,-0.000176176,-0.00184363,0.000366593,-0.00104475,-0.000996936,3.01228e-05,-0.000176176,0.00116151,-0.00030178,-0.0012494,0.000325101,0.000348118,-5.30873e-06,-0.00184363,-0.00030178,0.0034239,0.000203176,-0.00145184,-0.00106943,6.24018e-05,0.000366593,-0.0012494,0.000203176,0.00311439,0.000547288,-0.00139682,-0.000115075,-0.00104475,0.000325101,-0.00145184,0.000547288,0.0277073,0.00160949,0.000484234,-0.000996936,0.000348118,-0.00106943,-0.00139682,0.00160949,0.0264541,-0.000216772,3.01227e-05,-5.3087e-06,6.24018e-05,-0.000115075,0.000484234,-0.000216772,0.0466327,
0.00247196,-0.000176003,-0.00184344,0.000367983,-0.00104051,-0.000996237,2.96143e-05,-0.000176003,0.00116189,-0.000303482,-0.0012485,0.000327503,0.000351691,-5.48817e-06,-0.00184344,-0.000303482,0.00342566,0.000202321,-0.00145124,-0.00107011,6.22781e-05,0.000367983,-0.0012485,0.000202321,0.00311284,0.000550763,-0.0013938,-0.000114996,-0.00104051,0.000327503,-0.00145124,0.000550763,0.0276915,0.00161162,0.00048905,-0.000996237,0.000351691,-0.00107011,-0.0013938,0.00161162,0.0264485,-0.000215637,2.96143e-05,-5.48817e-06,6.22781e-05,-0.000114996,0.00048905,-0.000215637,0.0466329,
0.00246673,-0.000175822,-0.00184325,0.000369364,-0.00103628,-0.000995529,2.91085e-05,-0.000175822,0.00116227,-0.000305182,-0.00124761,0.000329889,0.000355247,-5.66699e-06,-0.00184325,-0.000305182,0.0034274,0.000201462,-0.00145065,-0.00107079,6.21553e-05,0.000369364,-0.00124761,0.000201462,0.00311129,0.00055423,-0.00139079,-0.000114915,-0.00103628,0.000329889,-0.00145065,0.00055423,0.0276758,0.00161374,0.000493842,-0.000995529,0.000355247,-0.00107079,-0.00139079,0.00161374,0.026443,-0.000214504,2.91085e-05,-5.66702e-06,6.21553e-05,-0.000114915,0.000493842,-0.000214504,0.0466331,
0.00246155,-0.000175633,-0.00184304,0.000370734,-0.00103208,-0.000994813,2.86055e-05,-0.000175633,0.00116265,-0.000306879,-0.00124672,0.000332259,0.000358787,-5.84513e-06,-0.00184304,-0.000306879,0.0034291,0.000200598,-0.00145005,-0.00107147,6.20334e-05,0.000370734,-0.00124672,0.000200598,0.00310975,0.000557688,-0.00138778,-0.000114832,-0.00103208,0.000332259,-0.00145005,0.000557688,0.0276602,0.00161585,0.000498609,-0.000994813,0.000358787,-0.00107147,-0.00138778,0.00161585,0.0264375,-0.000213373,2.86055e-05,-5.84516e-06,6.20334e-05,-0.000114832,0.000498609,-0.000213373,0.0466332,
0.00245642,-0.000175436,-0.00184281,0.000372094,-0.00102791,-0.000994089,2.81051e-05,-0.000175436,0.00116304,-0.000308574,-0.00124582,0.000334614,0.000362309,-6.02265e-06,-0.00184281,-0.000308574,0.00343078,0.000199731,-0.00144946,-0.00107215,6.19124e-05,0.000372094,-0.00124582,0.000199731,0.00310822,0.000561138,-0.00138477,-0.000114748,-0.00102791,0.000334614,-0.00144946,0.000561139,0.0276446,0.00161795,0.000503353,-0.000994089,0.000362309,-0.00107215,-0.00138477,0.00161795,0.0264321,-0.000212245,2.81051e-05,-6.02263e-06,6.19124e-05,-0.000114748,0.000503353,-0.000212245,0.0466334,
0.00245133,-0.000175231,-0.00184257,0.000373444,-0.00102376,-0.000993357,2.76075e-05,-0.000175231,0.00116343,-0.000310267,-0.00124493,0.000336953,0.000365815,-6.19949e-06,-0.00184257,-0.000310267,0.00343243,0.000198859,-0.00144886,-0.00107283,6.17922e-05,0.000373444,-0.00124493,0.000198859,0.0031067,0.00056458,-0.00138176,-0.000114662,-0.00102376,0.000336953,-0.00144886,0.00056458,0.0276292,0.00162004,0.000508072,-0.000993357,0.000365815,-0.00107283,-0.00138176,0.00162004,0.0264267,-0.000211119,2.76075e-05,-6.19949e-06,6.17922e-05,-0.000114662,0.000508072,-0.000211119,0.0466336,
0.0024463,-0.000175018,-0.00184232,0.000374783,-0.00101963,-0.000992617,2.71126e-05,-0.000175018,0.00116381,-0.000311958,-0.00124404,0.000339276,0.000369304,-6.37568e-06,-0.00184232,-0.000311958,0.00343404,0.000197983,-0.00144827,-0.0010735,6.16729e-05,0.000374783,-0.00124404,0.000197983,0.00310519,0.000568014,-0.00137876,-0.000114575,-0.00101963,0.000339276,-0.00144827,0.000568014,0.0276138,0.00162211,0.000512768,-0.000992617,0.000369304,-0.0010735,-0.00137876,0.00162211,0.0264213,-0.000209996,2.71126e-05,-6.37568e-06,6.16729e-05,-0.000114575,0.000512768,-0.000209996,0.0466337,
0.0024413,-0.000174797,-0.00184205,0.000376113,-0.00101552,-0.00099187,2.66205e-05,-0.000174797,0.00116421,-0.000313646,-0.00124315,0.000341584,0.000372777,-6.55118e-06,-0.00184205,-0.000313646,0.00343563,0.000197104,-0.00144767,-0.00107418,6.15544e-05,0.000376113,-0.00124315,0.000197104,0.00310369,0.000571439,-0.00137576,-0.000114487,-0.00101552,0.000341584,-0.00144767,0.000571439,0.0275986,0.00162418,0.00051744,-0.00099187,0.000372777,-0.00107418,-0.00137576,0.00162418,0.026416,-0.000208876,2.66205e-05,-6.5512e-06,6.15544e-05,-0.000114487,0.00051744,-0.000208876,0.0466339,
0.00243636,-0.000174569,-0.00184177,0.000377433,-0.00101144,-0.000991116,2.61311e-05,-0.000174569,0.0011646,-0.000315331,-0.00124225,0.000343877,0.000376233,-6.72606e-06,-0.00184177,-0.000315331,0.0034372,0.000196222,-0.00144707,-0.00107486,6.14367e-05,0.000377433,-0.00124225,0.000196222,0.0031022,0.000574855,-0.00137276,-0.000114397,-0.00101144,0.000343877,-0.00144707,0.000574855,0.0275834,0.00162624,0.000522088,-0.000991116,0.000376232,-0.00107486,-0.00137276,0.00162624,0.0264108,-0.000207758,2.6131e-05,-6.72606e-06,6.14367e-05,-0.000114397,0.000522088,-0.000207758,0.046634,
0.00243145,-0.000174334,-0.00184148,0.000378744,-0.00100738,-0.000990354,2.56444e-05,-0.000174334,0.001165,-0.000317015,-0.00124136,0.000346155,0.000379672,-6.90029e-06,-0.00184148,-0.000317015,0.00343873,0.000195336,-0.00144647,-0.00107553,6.13198e-05,0.000378744,-0.00124136,0.000195336,0.00310072,0.000578263,-0.00136976,-0.000114306,-0.00100738,0.000346155,-0.00144647,0.000578263,0.0275683,0.00162829,0.000526713,-0.000990354,0.000379672,-0.00107553,-0.00136976,0.00162829,0.0264056,-0.000206643,2.56444e-05,-6.90026e-06,6.13198e-05,-0.000114306,0.000526713,-0.000206642,0.0466342,
0.0024266,-0.000174091,-0.00184118,0.000380045,-0.00100334,-0.000989586,2.51605e-05,-0.000174091,0.00116539,-0.000318695,-0.00124047,0.000348418,0.000383095,-7.07387e-06,-0.00184118,-0.000318695,0.00344024,0.000194446,-0.00144587,-0.00107621,6.12036e-05,0.000380045,-0.00124047,0.000194447,0.00309924,0.000581662,-0.00136677,-0.000114213,-0.00100334,0.000348418,-0.00144587,0.000581662,0.0275533,0.00163033,0.000531315,-0.000989586,0.000383095,-0.00107621,-0.00136677,0.00163033,0.0264005,-0.00020553,2.51604e-05,-7.0739e-06,6.12036e-05,-0.000114213,0.000531315,-0.00020553,0.0466344,
0.00242178,-0.000173842,-0.00184086,0.000381336,-0.000999323,-0.000988811,2.46793e-05,-0.000173842,0.00116579,-0.000320374,-0.00123959,0.000350666,0.000386502,-7.24681e-06,-0.00184086,-0.000320374,0.00344172,0.000193554,-0.00144527,-0.00107688,6.10882e-05,0.000381336,-0.00123959,0.000193554,0.00309778,0.000585053,-0.00136378,-0.000114119,-0.000999323,0.000350666,-0.00144527,0.000585053,0.0275384,0.00163236,0.000535893,-0.000988811,0.000386502,-0.00107688,-0.00136378,0.00163236,0.0263953,-0.000204419,2.46793e-05,-7.24676e-06,6.10882e-05,-0.000114119,0.000535893,-0.000204419,0.0466345,
0.00241701,-0.000173585,-0.00184053,0.000382618,-0.00099533,-0.00098803,2.42008e-05,-0.000173585,0.0011662,-0.000322049,-0.0012387,0.000352899,0.000389893,-7.41909e-06,-0.00184053,-0.000322049,0.00344317,0.000192659,-0.00144467,-0.00107755,6.09734e-05,0.000382618,-0.0012387,0.000192659,0.00309632,0.000588434,-0.00136079,-0.000114024,-0.00099533,0.000352899,-0.00144467,0.000588434,0.0275236,0.00163438,0.000540449,-0.00098803,0.000389893,-0.00107755,-0.00136079,0.00163438,0.0263903,-0.000203312,2.42008e-05,-7.41912e-06,6.09734e-05,-0.000114024,0.000540448,-0.000203312,0.0466347,
0.00241228,-0.000173322,-0.00184019,0.000383891,-0.000991359,-0.000987243,2.37251e-05,-0.000173322,0.0011666,-0.000323723,-0.00123781,0.000355117,0.000393267,-7.59073e-06,-0.00184019,-0.000323723,0.00344459,0.000191761,-0.00144406,-0.00107822,6.08594e-05,0.000383891,-0.00123781,0.000191761,0.00309488,0.000591807,-0.00135781,-0.000113927,-0.000991359,0.000355117,-0.00144406,0.000591807,0.0275088,0.00163639,0.000544981,-0.000987243,0.000393267,-0.00107822,-0.00135781,0.00163639,0.0263853,-0.000202207,2.37251e-05,-7.59076e-06,6.08594e-05,-0.000113927,0.000544981,-0.000202207,0.0466349,
0.0024076,-0.000173052,-0.00183984,0.000385154,-0.000987411,-0.00098645,2.32522e-05,-0.000173052,0.001167,-0.000325393,-0.00123692,0.000357321,0.000396625,-7.76174e-06,-0.00183984,-0.000325393,0.00344599,0.00019086,-0.00144346,-0.00107888,6.0746e-05,0.000385154,-0.00123692,0.00019086,0.00309344,0.000595171,-0.00135483,-0.000113829,-0.000987411,0.000357321,-0.00144346,0.000595171,0.0274942,0.00163839,0.000549491,-0.00098645,0.000396625,-0.00107888,-0.00135483,0.00163839,0.0263803,-0.000201104,2.32522e-05,-7.76174e-06,6.0746e-05,-0.000113829,0.000549491,-0.000201104,0.046635,
0.00240295,-0.000172776,-0.00183948,0.000386409,-0.000983485,-0.000985652,2.2782e-05,-0.000172776,0.00116741,-0.000327061,-0.00123604,0.000359511,0.000399967,-7.9321e-06,-0.00183948,-0.000327061,0.00344737,0.000189957,-0.00144285,-0.00107955,6.06333e-05,0.000386409,-0.00123604,0.000189957,0.00309201,0.000598526,-0.00135185,-0.00011373,-0.000983485,0.000359511,-0.00144285,0.000598526,0.0274796,0.00164037,0.000553977,-0.000985652,0.000399967,-0.00107955,-0.00135185,0.00164037,0.0263754,-0.000200004,2.2782e-05,-7.9321e-06,6.06333e-05,-0.00011373,0.000553977,-0.000200004,0.0466352,
0.00239835,-0.000172493,-0.00183911,0.000387654,-0.000979581,-0.000984847,2.23145e-05,-0.000172493,0.00116782,-0.000328727,-0.00123515,0.000361686,0.000403293,-8.10182e-06,-0.00183911,-0.000328727,0.00344872,0.000189052,-0.00144224,-0.00108021,6.05212e-05,0.000387654,-0.00123515,0.000189052,0.00309059,0.000601871,-0.00134887,-0.00011363,-0.000979581,0.000361686,-0.00144224,0.000601871,0.0274651,0.00164235,0.000558442,-0.000984847,0.000403293,-0.00108021,-0.00134887,0.00164235,0.0263705,-0.000198907,2.23145e-05,-8.10185e-06,6.05211e-05,-0.00011363,0.000558442,-0.000198907,0.0466354,
0.00239379,-0.000172204,-0.00183873,0.000388891,-0.0009757,-0.000984038,2.18498e-05,-0.000172204,0.00116823,-0.00033039,-0.00123426,0.000363847,0.000406603,-8.27094e-06,-0.00183873,-0.00033039,0.00345004,0.000188144,-0.00144163,-0.00108087,6.04097e-05,0.000388891,-0.00123426,0.000188144,0.00308918,0.000605208,-0.0013459,-0.000113528,-0.0009757,0.000363847,-0.00144163,0.000605208,0.0274508,0.00164432,0.000562884,-0.000984038,0.000406603,-0.00108087,-0.0013459,0.00164432,0.0263656,-0.000197812,2.18498e-05,-8.27094e-06,6.04097e-05,-0.000113528,0.000562884,-0.000197812,0.0466355,
0.00238927,-0.000171908,-0.00183834,0.000390119,-0.000971839,-0.000983223,2.13878e-05,-0.000171908,0.00116864,-0.00033205,-0.00123338,0.000365994,0.000409898,-8.43942e-06,-0.00183834,-0.00033205,0.00345134,0.000187234,-0.00144101,-0.00108153,6.02988e-05,0.000390119,-0.00123338,0.000187234,0.00308778,0.000608535,-0.00134293,-0.000113425,-0.000971839,0.000365994,-0.00144101,0.000608535,0.0274365,0.00164627,0.000567303,-0.000983223,0.000409898,-0.00108153,-0.00134293,0.00164627,0.0263608,-0.00019672,2.13878e-05,-8.43942e-06,6.02988e-05,-0.000113425,0.000567303,-0.00019672,0.0466357,
0.00238478,-0.000171607,-0.00183793,0.000391338,-0.000968001,-0.000982403,2.09285e-05,-0.000171607,0.00116906,-0.000333708,-0.0012325,0.000368127,0.000413176,-8.60723e-06,-0.00183793,-0.000333708,0.00345261,0.000186322,-0.0014404,-0.00108219,6.01885e-05,0.000391338,-0.0012325,0.000186322,0.00308638,0.000611854,-0.00133996,-0.000113321,-0.000968001,0.000368127,-0.0014404,0.000611854,0.0274222,0.00164822,0.0005717,-0.000982403,0.000413176,-0.00108219,-0.00133996,0.00164822,0.0263561,-0.00019563,2.09285e-05,-8.60723e-06,6.01885e-05,-0.000113321,0.0005717,-0.00019563,0.0466359,
