0.00258009,-6.81552e-05,-0.00170206,-0.000247409,3.50899e-05,0.00125998,-3.04367e-05,-6.81552e-05,0.00115815,-8.45727e-05,0.00137291,0.000533878,0.000427639,4.80021e-06,-0.00170206,-8.45727e-05,0.0036266,-0.000187839,-0.000504117,0.00121908,-4.27046e-05,-0.000247409,0.00137291,-0.000187839,0.00336412,-0.000495321,-0.00157211,6.36086e-05,3.50899e-05,0.000533878,-0.000504117,-0.000495321,0.0322826,0.00124735,-0.00137518,0.00125998,0.000427639,0.00121908,-0.00157211,0.00124735,0.0288102,-0.000209644,-3.04367e-05,4.80021e-06,-4.27046e-05,6.36086e-05,-0.00137518,-0.000209644,0.046667,
0.00258139,-6.85907e-05,-0.001704,-0.000247517,2.80894e-05,0.00125464,-3.00355e-05,-6.85907e-05,0.00115804,-8.50784e-05,0.00137243,0.000535318,0.000425838,4.75608e-06,-0.001704,-8.50784e-05,0.00362313,-0.000188157,-0.000508007,0.00121527,-4.20989e-05,-0.000247517,0.00137243,-0.000188157,0.00336419,-0.000498702,-0.00157679,6.37266e-05,2.80893e-05,0.000535318,-0.000508007,-0.000498702,0.0322638,0.00124438,-0.00136989,0.00125464,0.000425838,0.00121527,-0.00157679,0.00124438,0.0288017,-0.000207933,-3.00356e-05,4.75608e-06,-4.20989e-05,6.37266e-05,-0.00136989,-0.000207933,0.0466666,
0.00258336,-6.92123e-05,-0.00170615,-0.000247854,2.02088e-05,0.0012485,-2.96275e-05,-6.92123e-05,0.00115792,-8.58e-05,0.00137186,0.000537008,0.000424088,4.70078e-06,-0.00170615,-8.58e-05,0.00361904,-0.000188678,-0.000511983,0.0012109,-4.1464e-05,-0.000247854,0.00137186,-0.000188678,0.00336421,-0.000501951,-0.00158226,6.38209e-05,2.02088e-05,0.000537008,-0.000511983,-0.000501951,0.0322449,0.00124154,-0.00136454,0.0012485,0.000424088,0.0012109,-0.00158226,0.00124154,0.0287929,-0.000206147,-2.96275e-05,4.7008e-06,-4.1464e-05,6.38209e-05,-0.00136454,-0.000206147,0.0466661,
0.00258571,-6.99655e-05,-0.00170822,-0.000248412,1.23918e-05,0.00124282,-2.92452e-05,-6.99654e-05,0.0011578,-8.6677e-05,0.00137127,0.000538768,0.000422252,4.66047e-06,-0.00170822,-8.6677e-05,0.00361487,-0.000189355,-0.000515697,0.00120695,-4.08533e-05,-0.000248412,0.00137127,-0.000189355,0.00336411,-0.00050497,-0.00158718,6.39202e-05,1.23918e-05,0.000538768,-0.000515697,-0.00050497,0.0322258,0.00123843,-0.00135928,0.00124282,0.000422252,0.00120695,-0.00158718,0.00123843,0.0287842,-0.000204422,-2.92452e-05,4.66049e-06,-4.08533e-05,6.39203e-05,-0.00135928,-0.000204422,0.0466657,
0.00258833,-7.08087e-05,-0.00171026,-0.000249094,4.23492e-06,0.00123698,-2.88678e-05,-7.08087e-05,0.00115768,-8.76538e-05,0.00137067,0.000540638,0.000420452,4.61932e-06,-0.00171026,-8.76538e-05,0.00361061,-0.000190126,-0.00051953,0.00120286,-4.02431e-05,-0.000249094,0.00137067,-0.000190126,0.003364,-0.000507865,-0.00159222,6.40105e-05,4.23489e-06,0.000540638,-0.00051953,-0.000507865,0.0322066,0.00123526,-0.001354,0.00123698,0.000420452,0.00120286,-0.00159222,0.00123526,0.0287752,-0.000202698,-2.88678e-05,4.6193e-06,-4.02431e-05,6.40105e-05,-0.001354,-0.000202698,0.0466652,
0.0025912,-7.17134e-05,-0.00171225,-0.000249864,-4.02953e-06,0.00123124,-2.85017e-05,-7.17134e-05,0.00115756,-8.86992e-05,0.00137005,0.000542548,0.000418637,4.58238e-06,-0.00171225,-8.86992e-05,0.00360629,-0.000190969,-0.000523329,0.00119884,-3.96431e-05,-0.000249864,0.00137005,-0.000190969,0.00336385,-0.00051064,-0.00159714,6.40968e-05,-4.0295e-06,0.000542548,-0.000523329,-0.00051064,0.0321873,0.00123196,-0.00134874,0.00123124,0.000418637,0.00119884,-0.00159714,0.00123196,0.0287661,-0.000200993,-2.85018e-05,4.58233e-06,-3.96432e-05,6.40968e-05,-0.00134874,-0.000200994,0.0466647,
0.00259426,-7.26594e-05,-0.00171419,-0.000250684,-1.24188e-05,0.00122552,-2.81438e-05,-7.26594e-05,0.00115744,-8.97892e-05,0.00136943,0.000544483,0.000416821,4.54714e-06,-0.00171419,-8.97892e-05,0.00360194,-0.000191858,-0.000527131,0.00119481,-3.90505e-05,-0.000250684,0.00136943,-0.000191858,0.00336368,-0.000513319,-0.00160201,6.41766e-05,-1.24187e-05,0.000544483,-0.00052713,-0.000513319,0.0321679,0.00122856,-0.00134352,0.00122552,0.000416821,0.00119481,-0.00160201,0.00122856,0.0287569,-0.000199299,-2.81438e-05,4.54714e-06,-3.90505e-05,6.41767e-05,-0.00134352,-0.000199299,0.0466642,
0.0025975,-7.36336e-05,-0.00171609,-0.000251535,-2.08874e-05,0.00121986,-2.77938e-05,-7.36336e-05,0.00115732,-9.09087e-05,0.00136881,0.000546423,0.000414995,4.51397e-06,-0.00171609,-9.09087e-05,0.00359755,-0.000192782,-0.000530917,0.00119081,-3.84659e-05,-0.000251534,0.00136881,-0.000192782,0.00336349,-0.000515916,-0.00160683,6.42508e-05,-2.08873e-05,0.000546423,-0.000530917,-0.000515916,0.0321486,0.00122507,-0.00133832,0.00121986,0.000414995,0.00119081,-0.00160683,0.00122507,0.0287476,-0.000197616,-2.77938e-05,4.51394e-06,-3.84659e-05,6.42508e-05,-0.00133832,-0.000197616,0.0466637,
0.00260088,-7.46269e-05,-0.00171795,-0.000252399,-2.94192e-05,0.00121424,-2.74507e-05,-7.46269e-05,0.00115719,-9.20472e-05,0.00136818,0.000548359,0.00041316,4.4823e-06,-0.00171795,-9.20472e-05,0.00359313,-0.000193728,-0.000534692,0.00118682,-3.78888e-05,-0.000252399,0.00136818,-0.000193728,0.00336329,-0.000518442,-0.00161159,6.4319e-05,-2.94192e-05,0.000548359,-0.000534692,-0.000518442,0.0321292,0.0012215,-0.00133315,0.00121424,0.00041316,0.00118682,-0.00161159,0.0012215,0.0287382,-0.000195942,-2.74507e-05,4.4823e-06,-3.78889e-05,6.43191e-05,-0.00133315,-0.000195942,0.0466632,
0.00260438,-7.56332e-05,-0.00171976,-0.000253269,-3.79962e-05,0.00120867,-2.7114e-05,-7.56332e-05,0.00115707,-9.31977e-05,0.00136756,0.000550281,0.000411313,4.45213e-06,-0.00171976,-9.31977e-05,0.0035887,-0.00019469,-0.000538452,0.00118286,-3.73192e-05,-0.000253269,0.00136756,-0.00019469,0.00336308,-0.000520905,-0.0016163,6.43815e-05,-3.79962e-05,0.000550281,-0.000538452,-0.000520905,0.0321099,0.00121786,-0.00132801,0.00120867,0.000411313,0.00118286,-0.0016163,0.00121786,0.0287288,-0.000194276,-2.7114e-05,4.45211e-06,-3.73191e-05,6.43814e-05,-0.00132801,-0.000194276,0.0466627,
0.00260799,-7.66482e-05,-0.00172155,-0.000254137,-4.6606e-05,0.00120315,-2.67831e-05,-7.66482e-05,0.00115696,-9.43554e-05,0.00136693,0.000552186,0.000409452,4.42318e-06,-0.00172155,-9.43554e-05,0.00358425,-0.000195663,-0.0005422,0.0011789,-3.67567e-05,-0.000254137,0.00136693,-0.000195663,0.00336286,-0.00052331,-0.00162096,6.44382e-05,-4.66059e-05,0.000552186,-0.0005422,-0.00052331,0.0320905,0.00121414,-0.0013229,0.00120315,0.000409452,0.0011789,-0.00162096,0.00121414,0.0287193,-0.000192617,-2.67831e-05,4.42318e-06,-3.67567e-05,6.44382e-05,-0.0013229,-0.000192617,0.0466622,
0.00261169,-7.76689e-05,-0.00172329,-0.000254998,-5.52379e-05,0.00119767,-2.64574e-05,-7.76689e-05,0.00115684,-9.55169e-05,0.00136631,0.00055407,0.000407579,4.39543e-06,-0.00172329,-9.55169e-05,0.00357979,-0.000196644,-0.000545935,0.00117496,-3.62011e-05,-0.000254998,0.00136631,-0.000196644,0.00336263,-0.000525661,-0.00162558,6.44893e-05,-5.52379e-05,0.00055407,-0.000545935,-0.000525661,0.0320712,0.00121037,-0.00131782,0.00119767,0.000407579,0.00117496,-0.00162558,0.00121037,0.0287097,-0.000190966,-2.64574e-05,4.39543e-06,-3.6201e-05,6.44894e-05,-0.00131782,-0.000190966,0.0466617,
0.00261547,-7.86933e-05,-0.001725,-0.00025585,-6.38836e-05,0.00119223,-2.61366e-05,-7.86932e-05,0.00115672,-9.668e-05,0.00136569,0.000555931,0.000405691,4.36878e-06,-0.001725,-9.668e-05,0.00357532,-0.000197629,-0.000549659,0.00117102,-3.56521e-05,-0.00025585,0.00136569,-0.000197629,0.00336239,-0.000527963,-0.00163015,6.4535e-05,-6.38836e-05,0.00055593,-0.000549659,-0.000527963,0.0320519,0.00120653,-0.00131277,0.00119223,0.000405691,0.00117102,-0.00163015,0.00120653,0.0287,-0.00018932,-2.61366e-05,4.36878e-06,-3.56521e-05,6.4535e-05,-0.00131277,-0.00018932,0.0466612,
0.00261931,-7.97198e-05,-0.00172668,-0.000256691,-7.2536e-05,0.00118684,-2.58202e-05,-7.97198e-05,0.0011566,-9.78432e-05,0.00136507,0.000557766,0.000403788,4.34316e-06,-0.00172668,-9.78432e-05,0.00357086,-0.000198618,-0.000553373,0.0011671,-3.51098e-05,-0.000256691,0.00136507,-0.000198618,0.00336215,-0.000530218,-0.00163468,6.45754e-05,-7.2536e-05,0.000557766,-0.000553373,-0.000530218,0.0320326,0.00120264,-0.00130775,0.00118684,0.000403788,0.0011671,-0.00163468,0.00120264,0.0286903,-0.000187681,-2.58202e-05,4.34314e-06,-3.51098e-05,6.45754e-05,-0.00130775,-0.000187681,0.0466606,
0.00262321,-8.07476e-05,-0.00172833,-0.000257519,-8.11891e-05,0.00118148,-2.5508e-05,-8.07476e-05,0.00115648,-9.90053e-05,0.00136445,0.000559576,0.00040187,4.31852e-06,-0.00172833,-9.90053e-05,0.00356639,-0.000199607,-0.000557077,0.00116319,-3.45738e-05,-0.000257519,0.00136445,-0.000199607,0.0033619,-0.000532428,-0.00163917,6.46105e-05,-8.11891e-05,0.000559576,-0.000557077,-0.000532428,0.0320134,0.0011987,-0.00130275,0.00118148,0.00040187,0.00116319,-0.00163917,0.0011987,0.0286806,-0.000186046,-2.5508e-05,4.31855e-06,-3.45737e-05,6.46105e-05,-0.00130275,-0.000186046,0.0466601,
0.00262715,-8.17758e-05,-0.00172995,-0.000258333,-8.98379e-05,0.00117617,-2.51996e-05,-8.17758e-05,0.00115636,-0.000100166,0.00136383,0.000561359,0.000399937,4.29479e-06,-0.00172995,-0.000100166,0.00356193,-0.000200596,-0.000560773,0.00115928,-3.40439e-05,-0.000258333,0.00136383,-0.000200596,0.00336164,-0.000534595,-0.00164362,6.46406e-05,-8.98379e-05,0.000561359,-0.000560773,-0.000534595,0.0319942,0.00119471,-0.00129778,0.00117617,0.000399937,0.00115928,-0.00164362,0.00119471,0.0286708,-0.000184417,-2.51996e-05,4.29479e-06,-3.40439e-05,6.46407e-05,-0.00129778,-0.000184417,0.0466596,
0.00263114,-8.28038e-05,-0.00173154,-0.000259133,-9.84781e-05,0.00117089,-2.48949e-05,-8.28038e-05,0.00115625,-0.000101324,0.00136322,0.000563115,0.000397988,4.27192e-06,-0.00173154,-0.000101324,0.00355747,-0.000201585,-0.000564461,0.00115538,-3.35202e-05,-0.000259133,0.00136322,-0.000201585,0.00336138,-0.000536721,-0.00164802,6.46658e-05,-9.84781e-05,0.000563115,-0.000564461,-0.000536721,0.031975,0.00119068,-0.00129284,0.00117089,0.000397988,0.00115539,-0.00164802,0.00119068,0.028661,-0.000182792,-2.48949e-05,4.27192e-06,-3.35202e-05,6.46658e-05,-0.00129284,-0.000182792,0.0466591,
0.00263516,-8.38312e-05,-0.00173309,-0.000259919,-0.000107106,0.00116564,-2.45935e-05,-8.38312e-05,0.00115613,-0.000102479,0.00136261,0.000564845,0.000396024,4.24991e-06,-0.00173309,-0.000102479,0.00355301,-0.000202572,-0.000568142,0.00115149,-3.30023e-05,-0.000259919,0.00136261,-0.000202572,0.00336111,-0.000538806,-0.00165239,6.4686e-05,-0.000107106,0.000564845,-0.000568142,-0.000538806,0.0319558,0.00118661,-0.00128792,0.00116564,0.000396024,0.00115149,-0.00165239,0.00118661,0.0286511,-0.000181172,-2.45935e-05,4.24993e-06,-3.30023e-05,6.4686e-05,-0.00128792,-0.000181172,0.0466586,
0.0026392,-8.48578e-05,-0.00173462,-0.00026069,-0.000115718,0.00116043,-2.42953e-05,-8.48578e-05,0.00115601,-0.000103631,0.00136199,0.000566547,0.000394045,4.2287e-06,-0.00173462,-0.000103631,0.00354857,-0.000203557,-0.000571816,0.00114761,-3.24903e-05,-0.00026069,0.00136199,-0.000203557,0.00336083,-0.000540852,-0.00165672,6.47016e-05,-0.000115718,0.000566547,-0.000571816,-0.000540852,0.0319366,0.0011825,-0.00128303,0.00116043,0.000394045,0.00114761,-0.00165672,0.0011825,0.0286412,-0.000179556,-2.42953e-05,4.22873e-06,-3.24902e-05,6.47016e-05,-0.00128303,-0.000179556,0.0466581,
0.00264327,-8.58833e-05,-0.00173613,-0.000261446,-0.000124312,0.00115526,-2.40002e-05,-8.58833e-05,0.0011559,-0.00010478,0.00136138,0.000568223,0.000392051,4.20827e-06,-0.00173613,-0.00010478,0.00354413,-0.00020454,-0.000575485,0.00114373,-3.19839e-05,-0.000261446,0.00136138,-0.00020454,0.00336054,-0.000542861,-0.00166101,6.47125e-05,-0.000124312,0.000568223,-0.000575485,-0.000542861,0.0319175,0.00117836,-0.00127816,0.00115526,0.000392051,0.00114373,-0.00166101,0.00117836,0.0286313,-0.000177944,-2.40002e-05,4.20824e-06,-3.19839e-05,6.47125e-05,-0.00127816,-0.000177944,0.0466576,
0.00264736,-8.69075e-05,-0.0017376,-0.000262187,-0.000132886,0.00115011,-2.37079e-05,-8.69075e-05,0.00115578,-0.000105926,0.00136078,0.000569872,0.000390042,4.18854e-06,-0.0017376,-0.000105926,0.00353971,-0.00020552,-0.000579147,0.00113985,-3.14831e-05,-0.000262187,0.00136078,-0.00020552,0.00336025,-0.000544832,-0.00166527,6.47189e-05,-0.000132886,0.000569872,-0.000579147,-0.000544832,0.0318985,0.00117418,-0.00127332,0.00115011,0.000390042,0.00113985,-0.00166527,0.00117418,0.0286213,-0.000176336,-2.37079e-05,4.18854e-06,-3.14831e-05,6.47189e-05,-0.00127332,-0.000176336,0.0466571,
0.00265146,-8.79302e-05,-0.00173905,-0.000262914,-0.000141436,0.001145,-2.34183e-05,-8.79302e-05,0.00115567,-0.000107068,0.00136017,0.000571494,0.000388017,4.16955e-06,-0.00173905,-0.000107068,0.00353529,-0.000206497,-0.000582804,0.00113598,-3.09879e-05,-0.000262914,0.00136017,-0.000206497,0.00335995,-0.000546767,-0.00166949,6.47209e-05,-0.000141436,0.000571494,-0.000582804,-0.000546767,0.0318794,0.00116998,-0.0012685,0.001145,0.000388017,0.00113598,-0.00166949,0.00116998,0.0286113,-0.000174731,-2.34183e-05,4.16955e-06,-3.09879e-05,6.4721e-05,-0.0012685,-0.000174731,0.0466566,
0.00265557,-8.89513e-05,-0.00174048,-0.000263626,-0.000149961,0.00113992,-2.31314e-05,-8.89512e-05,0.00115555,-0.000108206,0.00135957,0.00057309,0.000385978,4.15126e-06,-0.00174048,-0.000108206,0.00353089,-0.00020747,-0.000586456,0.00113212,-3.0498e-05,-0.000263626,0.00135957,-0.00020747,0.00335964,-0.000548666,-0.00167367,6.47186e-05,-0.000149961,0.00057309,-0.000586456,-0.000548666,0.0318604,0.00116575,-0.0012637,0.00113992,0.000385978,0.00113212,-0.00167367,0.00116575,0.0286012,-0.00017313,-2.31314e-05,4.15129e-06,-3.0498e-05,6.47186e-05,-0.0012637,-0.00017313,0.0466561,
0.00265969,-8.99706e-05,-0.00174188,-0.000264323,-0.00015846,0.00113487,-2.28471e-05,-8.99706e-05,0.00115544,-0.000109341,0.00135896,0.000574659,0.000383925,4.13361e-06,-0.00174188,-0.000109341,0.0035265,-0.00020844,-0.000590102,0.00112826,-3.00135e-05,-0.000264323,0.00135896,-0.00020844,0.00335933,-0.000550531,-0.00167781,6.4712e-05,-0.00015846,0.000574659,-0.000590102,-0.000550531,0.0318415,0.00116149,-0.00125893,0.00113487,0.000383925,0.00112826,-0.00167781,0.00116149,0.0285912,-0.000171533,-2.28471e-05,4.13364e-06,-3.00135e-05,6.4712e-05,-0.00125893,-0.000171533,0.0466556,
0.00266382,-9.09881e-05,-0.00174325,-0.000265006,-0.000166932,0.00112985,-2.25651e-05,-9.09881e-05,0.00115533,-0.000110471,0.00135836,0.000576203,0.000381857,4.11665e-06,-0.00174325,-0.000110471,0.00352213,-0.000209406,-0.000593743,0.0011244,-2.95342e-05,-0.000265006,0.00135836,-0.000209406,0.00335901,-0.000552361,-0.00168193,6.47013e-05,-0.000166932,0.000576203,-0.000593743,-0.000552361,0.0318225,0.0011572,-0.00125418,0.00112985,0.000381857,0.0011244,-0.00168193,0.0011572,0.0285811,-0.000169939,-2.25651e-05,4.11665e-06,-2.95342e-05,6.47013e-05,-0.00125418,-0.000169939,0.0466551,
0.00266795,-9.20038e-05,-0.0017446,-0.000265674,-0.000175374,0.00112487,-2.22855e-05,-9.20038e-05,0.00115521,-0.000111598,0.00135776,0.000577721,0.000379775,4.10025e-06,-0.0017446,-0.000111598,0.00351777,-0.000210368,-0.000597379,0.00112055,-2.90601e-05,-0.000265674,0.00135776,-0.000210368,0.00335869,-0.000554158,-0.001686,6.46865e-05,-0.000175374,0.000577721,-0.000597379,-0.000554158,0.0318036,0.0011529,-0.00124946,0.00112487,0.000379775,0.00112055,-0.001686,0.0011529,0.028571,-0.000168348,-2.22855e-05,4.10022e-06,-2.90601e-05,6.46865e-05,-0.00124946,-0.000168348,0.0466547,
0.00267208,-9.30175e-05,-0.00174593,-0.000266328,-0.000183785,0.00111991,-2.20081e-05,-9.30175e-05,0.0011551,-0.00011272,0.00135717,0.000579214,0.00037768,4.08443e-06,-0.00174593,-0.00011272,0.00351342,-0.000211327,-0.00060101,0.0011167,-2.85911e-05,-0.000266328,0.00135717,-0.000211327,0.00335835,-0.000555922,-0.00169005,6.46677e-05,-0.000183785,0.000579214,-0.00060101,-0.000555922,0.0317848,0.00114857,-0.00124476,0.00111991,0.00037768,0.0011167,-0.00169005,0.00114857,0.0285609,-0.000166761,-2.20081e-05,4.08445e-06,-2.85911e-05,6.46678e-05,-0.00124476,-0.000166761,0.0466542,
0.00267621,-9.40292e-05,-0.00174723,-0.000266967,-0.000192166,0.00111498,-2.1733e-05,-9.40292e-05,0.00115499,-0.000113839,0.00135657,0.000580682,0.000375571,4.06919e-06,-0.00174723,-0.000113839,0.00350909,-0.000212281,-0.000604636,0.00111286,-2.81272e-05,-0.000266967,0.00135657,-0.000212281,0.00335801,-0.000557654,-0.00169406,6.46451e-05,-0.000192166,0.000580682,-0.000604636,-0.000557654,0.031766,0.00114422,-0.00124008,0.00111498,0.000375571,0.00111286,-0.00169406,0.00114422,0.0285507,-0.000165176,-2.17331e-05,4.06919e-06,-2.81272e-05,6.46451e-05,-0.00124008,-0.000165176,0.0466537,
0.00268034,-9.50388e-05,-0.00174851,-0.000267593,-0.000200514,0.00111008,-2.146e-05,-9.50388e-05,0.00115488,-0.000114954,0.00135597,0.000582125,0.000373449,4.05453e-06,-0.00174851,-0.000114954,0.00350478,-0.000213231,-0.000608257,0.00110903,-2.76682e-05,-0.000267593,0.00135597,-0.000213231,0.00335767,-0.000559354,-0.00169803,6.46186e-05,-0.000200514,0.000582125,-0.000608257,-0.000559354,0.0317472,0.00113985,-0.00123542,0.00111008,0.000373449,0.00110903,-0.00169803,0.00113985,0.0285405,-0.000163595,-2.146e-05,4.05453e-06,-2.76682e-05,6.46186e-05,-0.00123542,-0.000163595,0.0466532,
0.00268447,-9.60463e-05,-0.00174977,-0.000268204,-0.00020883,0.0011052,-2.11891e-05,-9.60463e-05,0.00115477,-0.000116064,0.00135538,0.000583544,0.000371314,4.04035e-06,-0.00174977,-0.000116064,0.00350048,-0.000214177,-0.000611872,0.00110519,-2.72142e-05,-0.000268204,0.00135538,-0.000214177,0.00335731,-0.000561023,-0.00170198,6.45884e-05,-0.00020883,0.000583544,-0.000611872,-0.000561023,0.0317285,0.00113546,-0.00123079,0.0011052,0.000371314,0.00110519,-0.00170198,0.00113546,0.0285304,-0.000162017,-2.11891e-05,4.04038e-06,-2.72142e-05,6.45884e-05,-0.00123079,-0.000162017,0.0466527,
0.0026886,-9.70517e-05,-0.001751,-0.000268802,-0.000217112,0.00110036,-2.09202e-05,-9.70517e-05,0.00115466,-0.00011717,0.00135479,0.000584939,0.000369166,4.0267e-06,-0.001751,-0.00011717,0.00349619,-0.000215119,-0.000615482,0.00110137,-2.67651e-05,-0.000268802,0.00135479,-0.000215119,0.00335695,-0.000562661,-0.00170589,6.45546e-05,-0.000217112,0.000584939,-0.000615482,-0.000562661,0.0317098,0.00113106,-0.00122618,0.00110036,0.000369166,0.00110137,-0.00170589,0.00113106,0.0285202,-0.000160442,-2.09202e-05,4.02667e-06,-2.67651e-05,6.45545e-05,-0.00122618,-0.000160442,0.0466522,
0.00269272,-9.80549e-05,-0.00175221,-0.000269386,-0.00022536,0.00109555,-2.06533e-05,-9.80549e-05,0.00115455,-0.000118272,0.0013542,0.00058631,0.000367007,4.01354e-06,-0.00175221,-0.000118272,0.00349193,-0.000216057,-0.000619087,0.00109755,-2.63208e-05,-0.000269386,0.0013542,-0.000216057,0.00335659,-0.000564268,-0.00170976,6.45171e-05,-0.00022536,0.00058631,-0.000619087,-0.000564268,0.0316912,0.00112664,-0.00122159,0.00109555,0.000367007,0.00109755,-0.00170976,0.00112664,0.0285099,-0.00015887,-2.06533e-05,4.01357e-06,-2.63208e-05,6.45171e-05,-0.00122159,-0.00015887,0.0466517,
0.00269683,-9.90559e-05,-0.00175341,-0.000269956,-0.000233573,0.00109076,-2.03883e-05,-9.90558e-05,0.00115444,-0.000119369,0.00135361,0.000587658,0.000364835,4.00086e-06,-0.00175341,-0.000119369,0.00348768,-0.00021699,-0.000622685,0.00109373,-2.58813e-05,-0.000269956,0.00135361,-0.00021699,0.00335621,-0.000565846,-0.00171361,6.44761e-05,-0.000233573,0.000587658,-0.000622685,-0.000565846,0.0316726,0.00112221,-0.00121702,0.00109076,0.000364835,0.00109373,-0.00171361,0.00112221,0.0284997,-0.000157301,-2.03883e-05,4.00086e-06,-2.58812e-05,6.44761e-05,-0.00121702,-0.000157301,0.0466513,
0.00270094,-0.000100055,-0.00175457,-0.000270513,-0.000241751,0.001086,-2.01253e-05,-0.000100055,0.00115433,-0.000120463,0.00135303,0.000588982,0.000362652,3.98859e-06,-0.00175457,-0.000120463,0.00348345,-0.000217919,-0.000626278,0.00108992,-2.54465e-05,-0.000270513,0.00135303,-0.000217919,0.00335583,-0.000567394,-0.00171742,6.44316e-05,-0.000241751,0.000588982,-0.000626278,-0.000567394,0.031654,0.00111776,-0.00121248,0.001086,0.000362652,0.00108992,-0.00171742,0.00111776,0.0284895,-0.000155735,-2.01252e-05,3.98859e-06,-2.54465e-05,6.44316e-05,-0.00121248,-0.000155735,0.0466508,
0.00270503,-0.000101051,-0.00175572,-0.000271057,-0.000249894,0.00108127,-1.9864e-05,-0.000101051,0.00115422,-0.000121552,0.00135244,0.000590284,0.000360457,3.97679e-06,-0.00175572,-0.000121552,0.00347923,-0.000218844,-0.000629865,0.00108612,-2.50164e-05,-0.000271057,0.00135244,-0.000218844,0.00335545,-0.000568913,-0.0017212,6.43838e-05,-0.000249894,0.000590284,-0.000629865,-0.000568913,0.0316355,0.00111331,-0.00120795,0.00108127,0.000360457,0.00108612,-0.0017212,0.00111331,0.0284792,-0.000154172,-1.9864e-05,3.97682e-06,-2.50163e-05,6.43838e-05,-0.00120795,-0.000154172,0.0466503,
0.00270913,-0.000102045,-0.00175685,-0.000271587,-0.000258001,0.00107656,-1.96046e-05,-0.000102045,0.00115412,-0.000122636,0.00135186,0.000591564,0.000358252,3.96541e-06,-0.00175685,-0.000122636,0.00347503,-0.000219765,-0.000633446,0.00108232,-2.45909e-05,-0.000271587,0.00135186,-0.000219765,0.00335505,-0.000570404,-0.00172495,6.43326e-05,-0.000258001,0.000591564,-0.000633446,-0.000570404,0.0316171,0.00110883,-0.00120345,0.00107656,0.000358252,0.00108232,-0.00172495,0.00110883,0.028469,-0.000152612,-1.96046e-05,3.96544e-06,-2.45908e-05,6.43327e-05,-0.00120345,-0.000152612,0.0466498,
0.00271321,-0.000103037,-0.00175795,-0.000272105,-0.000266072,0.00107189,-1.9347e-05,-0.000103037,0.00115401,-0.000123716,0.00135128,0.000592821,0.000356035,3.95442e-06,-0.00175795,-0.000123716,0.00347085,-0.000220681,-0.00063702,0.00107853,-2.417e-05,-0.000272105,0.00135128,-0.000220681,0.00335465,-0.000571867,-0.00172867,6.42782e-05,-0.000266072,0.000592821,-0.00063702,-0.000571867,0.0315987,0.00110435,-0.00119897,0.00107189,0.000356035,0.00107853,-0.00172867,0.00110435,0.0284587,-0.000151055,-1.9347e-05,3.95445e-06,-2.41699e-05,6.42782e-05,-0.00119897,-0.000151055,0.0466494,
0.00271728,-0.000104027,-0.00175904,-0.000272609,-0.000274107,0.00106724,-1.90912e-05,-0.000104027,0.00115391,-0.000124792,0.0013507,0.000594056,0.000353809,3.94382e-06,-0.00175904,-0.000124792,0.00346669,-0.000221593,-0.000640589,0.00107474,-2.37536e-05,-0.000272609,0.0013507,-0.000221593,0.00335425,-0.000573301,-0.00173236,6.42206e-05,-0.000274107,0.000594056,-0.000640589,-0.000573301,0.0315803,0.00109986,-0.00119451,0.00106724,0.000353809,0.00107474,-0.00173236,0.00109986,0.0284485,-0.0001495,-1.90912e-05,3.94385e-06,-2.37536e-05,6.42206e-05,-0.00119451,-0.0001495,0.0466489,
0.00272135,-0.000105014,-0.0017601,-0.000273101,-0.000282105,0.00106262,-1.88371e-05,-0.000105014,0.0011538,-0.000125863,0.00135012,0.000595271,0.000351572,3.9336e-06,-0.0017601,-0.000125863,0.00346254,-0.000222501,-0.00064415,0.00107096,-2.33418e-05,-0.000273101,0.00135012,-0.000222501,0.00335383,-0.000574709,-0.00173601,6.41598e-05,-0.000282105,0.000595271,-0.00064415,-0.000574709,0.031562,0.00109536,-0.00119007,0.00106262,0.000351572,0.00107096,-0.00173601,0.00109536,0.0284382,-0.000147949,-1.88371e-05,3.93363e-06,-2.33418e-05,6.41598e-05,-0.00119007,-0.000147949,0.0466484,
0.00272541,-0.000105999,-0.00176114,-0.00027358,-0.000290066,0.00105802,-1.85847e-05,-0.000105999,0.0011537,-0.000126929,0.00134955,0.000596464,0.000349326,3.92375e-06,-0.00176114,-0.000126929,0.00345841,-0.000223405,-0.000647705,0.00106719,-2.29344e-05,-0.00027358,0.00134955,-0.000223405,0.00335342,-0.000576089,-0.00173964,6.4096e-05,-0.000290066,0.000596464,-0.000647705,-0.000576089,0.0315437,0.00109085,-0.00118565,0.00105802,0.000349326,0.00106719,-0.00173964,0.00109085,0.0284279,-0.000146401,-1.85847e-05,3.92375e-06,-2.29344e-05,6.4096e-05,-0.00118565,-0.000146401,0.0466479,
0.00272945,-0.000106982,-0.00176217,-0.000274047,-0.00029799,0.00105345,-1.8334e-05,-0.000106982,0.0011536,-0.000127991,0.00134897,0.000597636,0.00034707,3.91423e-06,-0.00176217,-0.000127991,0.0034543,-0.000224304,-0.000651252,0.00106342,-2.25314e-05,-0.000274047,0.00134897,-0.000224304,0.00335299,-0.000577443,-0.00174323,6.40291e-05,-0.00029799,0.000597636,-0.000651252,-0.000577443,0.0315255,0.00108634,-0.00118125,0.00105345,0.00034707,0.00106342,-0.00174323,0.00108634,0.0284176,-0.000144856,-1.83339e-05,3.91426e-06,-2.25314e-05,6.40291e-05,-0.00118125,-0.000144856,0.0466475,
0.00273349,-0.000107963,-0.00176317,-0.000274501,-0.000305877,0.00104891,-1.80849e-05,-0.000107963,0.0011535,-0.000129049,0.0013484,0.000598787,0.000344805,3.90504e-06,-0.00176317,-0.000129049,0.00345021,-0.000225199,-0.000654793,0.00105967,-2.21329e-05,-0.000274501,0.0013484,-0.000225199,0.00335256,-0.00057877,-0.0017468,6.39593e-05,-0.000305877,0.000598787,-0.000654793,-0.00057877,0.0315074,0.00108181,-0.00117687,0.00104891,0.000344805,0.00105967,-0.0017468,0.00108181,0.0284073,-0.000143313,-1.80849e-05,3.90504e-06,-2.21329e-05,6.39593e-05,-0.00117687,-0.000143313,0.046647,
0.00273751,-0.000108941,-0.00176415,-0.000274943,-0.000313727,0.0010444,-1.78375e-05,-0.000108941,0.0011534,-0.000130102,0.00134783,0.000599919,0.000342531,3.89616e-06,-0.00176415,-0.000130102,0.00344613,-0.000226091,-0.000658326,0.00105592,-2.17387e-05,-0.000274943,0.00134783,-0.000226091,0.00335212,-0.000580072,-0.00175033,6.38865e-05,-0.000313727,0.000599919,-0.000658326,-0.000580072,0.0314893,0.00107728,-0.00117252,0.0010444,0.000342531,0.00105592,-0.00175033,0.00107728,0.0283971,-0.000141774,-1.78375e-05,3.89616e-06,-2.17387e-05,6.38865e-05,-0.00117252,-0.000141774,0.0466466,
0.00274153,-0.000109916,-0.00176512,-0.000275373,-0.00032154,0.00103991,-1.75917e-05,-0.000109916,0.0011533,-0.00013115,0.00134726,0.00060103,0.000340249,3.88761e-06,-0.00176512,-0.00013115,0.00344208,-0.000226978,-0.000661852,0.00105217,-2.13488e-05,-0.000275373,0.00134726,-0.000226978,0.00335168,-0.000581348,-0.00175384,6.38109e-05,-0.00032154,0.00060103,-0.000661852,-0.000581348,0.0314712,0.00107275,-0.00116818,0.00103991,0.000340249,0.00105217,-0.00175384,0.00107275,0.0283868,-0.000140238,-1.75917e-05,3.88761e-06,-2.13488e-05,6.38109e-05,-0.00116818,-0.000140238,0.0466461,
0.00274553,-0.00011089,-0.00176606,-0.00027579,-0.000329316,0.00103545,-1.73474e-05,-0.00011089,0.0011532,-0.000132194,0.00134669,0.000602122,0.000337958,3.87931e-06,-0.00176606,-0.000132194,0.00343804,-0.000227861,-0.00066537,0.00104844,-2.09631e-05,-0.00027579,0.00134669,-0.000227861,0.00335123,-0.000582599,-0.00175731,6.37325e-05,-0.000329316,0.000602123,-0.00066537,-0.000582599,0.0314532,0.00106821,-0.00116386,0.00103545,0.000337958,0.00104844,-0.00175731,0.00106821,0.0283765,-0.000138704,-1.73474e-05,3.87929e-06,-2.09631e-05,6.37325e-05,-0.00116386,-0.000138704,0.0466456,
0.00274953,-0.000111861,-0.00176699,-0.000276196,-0.000337054,0.00103102,-1.71047e-05,-0.000111861,0.0011531,-0.000133233,0.00134613,0.000603195,0.00033566,3.87132e-06,-0.00176699,-0.000133233,0.00343401,-0.00022874,-0.00066888,0.00104471,-2.05818e-05,-0.000276196,0.00134613,-0.00022874,0.00335077,-0.000583825,-0.00176076,6.36514e-05,-0.000337054,0.000603195,-0.000668881,-0.000583825,0.0314353,0.00106366,-0.00115957,0.00103102,0.00033566,0.00104471,-0.00176076,0.00106366,0.0283662,-0.000137174,-1.71047e-05,3.87135e-06,-2.05818e-05,6.36514e-05,-0.00115957,-0.000137174,0.0466452,
0.00275351,-0.00011283,-0.00176789,-0.00027659,-0.000344754,0.00102661,-1.68636e-05,-0.00011283,0.00115301,-0.000134268,0.00134556,0.000604249,0.000333354,3.86358e-06,-0.00176789,-0.000134268,0.00343001,-0.000229615,-0.000672383,0.001041,-2.02046e-05,-0.00027659,0.00134556,-0.000229615,0.00335031,-0.000585027,-0.00176417,6.35675e-05,-0.000344754,0.000604249,-0.000672383,-0.000585027,0.0314174,0.00105912,-0.00115529,0.00102661,0.000333354,0.001041,-0.00176417,0.00105912,0.028356,-0.000135646,-1.68636e-05,3.86358e-06,-2.02046e-05,6.35675e-05,-0.00115529,-0.000135646,0.0466447,
0.00275748,-0.000113796,-0.00176878,-0.000276973,-0.000352417,0.00102223,-1.6624e-05,-0.000113796,0.00115291,-0.000135298,0.001345,0.000605284,0.00033104,3.85608e-06,-0.00176878,-0.000135298,0.00342602,-0.000230486,-0.000675877,0.00103729,-1.98316e-05,-0.000276973,0.001345,-0.000230486,0.00334984,-0.000586204,-0.00176756,6.34811e-05,-0.000352417,0.000605284,-0.000675877,-0.000586204,0.0313995,0.00105456,-0.00115104,0.00102223,0.00033104,0.00103729,-0.00176756,0.00105456,0.0283457,-0.000134122,-1.6624e-05,3.85614e-06,-1.98315e-05,6.34811e-05,-0.00115104,-0.000134122,0.0466443,
0.00276144,-0.00011476,-0.00176965,-0.000277344,-0.000360042,0.00101788,-1.63859e-05,-0.00011476,0.00115282,-0.000136323,0.00134444,0.000606301,0.00032872,3.84887e-06,-0.00176965,-0.000136323,0.00342205,-0.000231354,-0.000679363,0.00103359,-1.94627e-05,-0.000277344,0.00134444,-0.000231354,0.00334937,-0.000587358,-0.00177092,6.33919e-05,-0.000360042,0.000606301,-0.000679363,-0.000587358,0.0313817,0.00105001,-0.0011468,0.00101788,0.00032872,0.00103359,-0.00177092,0.00105001,0.0283354,-0.000132601,-1.63859e-05,3.84887e-06,-1.94627e-05,6.3392e-05,-0.0011468,-0.000132601,0.0466438,
0.00276539,-0.000115722,-0.0017705,-0.000277703,-0.00036763,0.00101355,-1.61494e-05,-0.000115722,0.00115273,-0.000137344,0.00134388,0.0006073,0.000326392,3.84184e-06,-0.0017705,-0.000137344,0.0034181,-0.000232217,-0.000682841,0.0010299,-1.90979e-05,-0.000277703,0.00134388,-0.000232217,0.00334889,-0.000588488,-0.00177425,6.33003e-05,-0.00036763,0.0006073,-0.000682841,-0.000588488,0.031364,0.00104546,-0.00114259,0.00101355,0.000326392,0.0010299,-0.00177425,0.00104546,0.0283252,-0.000131082,-1.61494e-05,3.84187e-06,-1.90979e-05,6.33003e-05,-0.00114259,-0.000131082,0.0466434,
0.00276933,-0.000116682,-0.00177133,-0.000278051,-0.00037518,0.00100925,-1.59142e-05,-0.000116682,0.00115263,-0.00013836,0.00134332,0.00060828,0.000324058,3.83507e-06,-0.00177133,-0.00013836,0.00341417,-0.000233077,-0.00068631,0.00102621,-1.87372e-05,-0.000278051,0.00134332,-0.000233077,0.0033484,-0.000589595,-0.00177755,6.32062e-05,-0.00037518,0.000608281,-0.00068631,-0.000589595,0.0313463,0.0010409,-0.00113839,0.00100925,0.000324058,0.00102621,-0.00177755,0.0010409,0.0283149,-0.000129567,-1.59143e-05,3.8351e-06,-1.87372e-05,6.32062e-05,-0.00113839,-0.000129567,0.0466429,
0.00277325,-0.000117639,-0.00177215,-0.000278389,-0.000382693,0.00100497,-1.56806e-05,-0.000117639,0.00115254,-0.000139371,0.00134277,0.000609244,0.000321718,3.82852e-06,-0.00177215,-0.000139371,0.00341025,-0.000233932,-0.00068977,0.00102254,-1.83805e-05,-0.000278389,0.00134277,-0.000233932,0.00334791,-0.000590679,-0.00178082,6.31096e-05,-0.000382693,0.000609244,-0.00068977,-0.000590679,0.0313287,0.00103635,-0.00113421,0.00100497,0.000321718,0.00102254,-0.00178082,0.00103635,0.0283047,-0.000128055,-1.56806e-05,3.82849e-06,-1.83805e-05,6.31096e-05,-0.00113421,-0.000128055,0.0466425,
0.00277716,-0.000118594,-0.00177294,-0.000278715,-0.000390168,0.00100072,-1.54484e-05,-0.000118594,0.00115245,-0.000140378,0.00134221,0.00061019,0.000319372,3.82216e-06,-0.00177294,-0.000140378,0.00340635,-0.000234784,-0.000693222,0.00101888,-1.80278e-05,-0.000278715,0.00134221,-0.000234784,0.00334742,-0.00059174,-0.00178407,6.30106e-05,-0.000390168,0.00061019,-0.000693222,-0.00059174,0.0313111,0.00103179,-0.00113006,0.00100072,0.000319372,0.00101888,-0.00178407,0.00103179,0.0282945,-0.000126546,-1.54484e-05,3.82216e-06,-1.80278e-05,6.30106e-05,-0.00113006,-0.000126546,0.046642,
0.00278106,-0.000119547,-0.00177372,-0.00027903,-0.000397606,0.000996495,-1.52176e-05,-0.000119547,0.00115236,-0.000141379,0.00134166,0.000611119,0.00031702,3.81598e-06,-0.00177372,-0.000141379,0.00340247,-0.000235633,-0.000696664,0.00101522,-1.76791e-05,-0.00027903,0.00134166,-0.000235633,0.00334691,-0.000592779,-0.00178728,6.29092e-05,-0.000397606,0.000611119,-0.000696664,-0.000592779,0.0312936,0.00102723,-0.00112592,0.000996495,0.00031702,0.00101522,-0.00178728,0.00102723,0.0282842,-0.00012504,-1.52176e-05,3.81595e-06,-1.76791e-05,6.29092e-05,-0.00112592,-0.00012504,0.0466416,
0.00278495,-0.000120497,-0.00177448,-0.000279334,-0.000405006,0.000992297,-1.49882e-05,-0.000120497,0.00115228,-0.000142377,0.00134111,0.000612032,0.000314663,3.80998e-06,-0.00177448,-0.000142377,0.0033986,-0.000236477,-0.000700098,0.00101158,-1.73343e-05,-0.000279334,0.00134111,-0.000236477,0.00334641,-0.000593797,-0.00179047,6.28055e-05,-0.000405006,0.000612032,-0.000700097,-0.000593797,0.0312762,0.00102268,-0.0011218,0.000992297,0.000314663,0.00101158,-0.00179047,0.00102268,0.028274,-0.000123537,-1.49882e-05,3.80995e-06,-1.73343e-05,6.28055e-05,-0.0011218,-0.000123537,0.0466411,
0.00278883,-0.000121445,-0.00177523,-0.000279628,-0.000412368,0.000988124,-1.47602e-05,-0.000121445,0.00115219,-0.000143369,0.00134056,0.000612928,0.0003123,3.80415e-06,-0.00177523,-0.000143369,0.00339476,-0.000237318,-0.000703522,0.00100795,-1.69934e-05,-0.000279628,0.00134056,-0.000237318,0.00334589,-0.000594792,-0.00179363,6.26996e-05,-0.000412368,0.000612928,-0.000703522,-0.000594792,0.0312588,0.00101813,-0.0011177,0.000988124,0.0003123,0.00100795,-0.00179363,0.00101813,0.0282638,-0.000122037,-1.47602e-05,3.80412e-06,-1.69934e-05,6.26996e-05,-0.0011177,-0.000122037,0.0466407,
0.0027927,-0.000122391,-0.00177595,-0.000279911,-0.000419694,0.000983976,-1.45336e-05,-0.000122391,0.00115211,-0.000144357,0.00134002,0.000613807,0.000309933,3.79849e-06,-0.00177595,-0.000144357,0.00339093,-0.000238156,-0.000706936,0.00100432,-1.66564e-05,-0.000279911,0.00134002,-0.000238156,0.00334537,-0.000595766,-0.00179676,6.25914e-05,-0.000419694,0.000613807,-0.000706936,-0.000595766,0.0312414,0.00101357,-0.00111362,0.000983977,0.000309933,0.00100432,-0.00179676,0.00101357,0.0282537,-0.00012054,-1.45336e-05,3.79846e-06,-1.66564e-05,6.25914e-05,-0.00111362,-0.00012054,0.0466403,
0.00279655,-0.000123334,-0.00177666,-0.000280183,-0.000426981,0.000979855,-1.43084e-05,-0.000123334,0.00115202,-0.00014534,0.00133947,0.000614671,0.00030756,3.79297e-06,-0.00177666,-0.00014534,0.00338711,-0.00023899,-0.000710342,0.00100071,-1.63232e-05,-0.000280183,0.00133947,-0.00023899,0.00334485,-0.000596719,-0.00179987,6.2481e-05,-0.000426981,0.000614671,-0.000710342,-0.000596719,0.0312242,0.00100903,-0.00110956,0.000979855,0.00030756,0.00100071,-0.00179987,0.00100903,0.0282435,-0.000119047,-1.43083e-05,3.79297e-06,-1.63232e-05,6.2481e-05,-0.00110956,-0.000119047,0.0466398,
0.00280039,-0.000124275,-0.00177736,-0.000280445,-0.000434232,0.000975758,-1.40844e-05,-0.000124275,0.00115194,-0.000146318,0.00133893,0.00061552,0.000305184,3.78758e-06,-0.00177736,-0.000146318,0.00338332,-0.00023982,-0.000713737,0.00099711,-1.59938e-05,-0.000280446,0.00133893,-0.00023982,0.00334432,-0.000597652,-0.00180295,6.23685e-05,-0.000434232,0.00061552,-0.000713737,-0.000597652,0.0312069,0.00100448,-0.00110552,0.000975758,0.000305184,0.00099711,-0.00180295,0.00100448,0.0282333,-0.000117556,-1.40844e-05,3.78764e-06,-1.59938e-05,6.23685e-05,-0.00110552,-0.000117556,0.0466394,
0.00280422,-0.000125214,-0.00177803,-0.000280697,-0.000441445,0.000971686,-1.38619e-05,-0.000125214,0.00115186,-0.000147292,0.00133838,0.000616353,0.000302803,3.78236e-06,-0.00177803,-0.000147292,0.00337954,-0.000240647,-0.000717123,0.000993519,-1.56682e-05,-0.000280697,0.00133838,-0.000240647,0.00334379,-0.000598564,-0.001806,6.22539e-05,-0.000441445,0.000616353,-0.000717123,-0.000598564,0.0311898,0.000999938,-0.0011015,0.000971686,0.000302803,0.000993519,-0.001806,0.000999938,0.0282232,-0.000116069,-1.38619e-05,3.78236e-06,-1.56682e-05,6.22539e-05,-0.0011015,-0.000116069,0.0466389,
0.00280804,-0.000126151,-0.00177869,-0.000280939,-0.000448621,0.00096764,-1.36406e-05,-0.000126151,0.00115178,-0.000148261,0.00133784,0.00061717,0.000300418,3.77726e-06,-0.00177869,-0.000148261,0.00337578,-0.00024147,-0.000720499,0.000989939,-1.53463e-05,-0.000280939,0.00133784,-0.00024147,0.00334324,-0.000599455,-0.00180903,6.21372e-05,-0.000448621,0.00061717,-0.000720499,-0.000599455,0.0311727,0.000995399,-0.0010975,0.00096764,0.000300418,0.000989939,-0.00180903,0.000995399,0.0282131,-0.000114585,-1.36406e-05,3.77726e-06,-1.53463e-05,6.21372e-05,-0.0010975,-0.000114585,0.0466385,
0.00281184,-0.000127086,-0.00177933,-0.000281171,-0.00045576,0.000963619,-1.34207e-05,-0.000127086,0.0011517,-0.000149225,0.0013373,0.000617973,0.000298029,3.77229e-06,-0.00177933,-0.000149225,0.00337204,-0.00024229,-0.000723866,0.000986369,-1.50282e-05,-0.000281171,0.0013373,-0.00024229,0.0033427,-0.000600327,-0.00181202,6.20184e-05,-0.00045576,0.000617973,-0.000723866,-0.000600327,0.0311556,0.000990866,-0.00109352,0.000963619,0.000298029,0.000986369,-0.00181202,0.000990866,0.0282029,-0.000113104,-1.34207e-05,3.77226e-06,-1.50282e-05,6.20184e-05,-0.00109352,-0.000113104,0.0466381,
0.00281563,-0.000128018,-0.00177996,-0.000281393,-0.000462862,0.000959622,-1.3202e-05,-0.000128018,0.00115162,-0.000150185,0.00133677,0.000618762,0.000295637,3.7674e-06,-0.00177996,-0.000150185,0.00336831,-0.000243107,-0.000727222,0.000982811,-1.47137e-05,-0.000281393,0.00133677,-0.000243107,0.00334215,-0.000601179,-0.00181499,6.18977e-05,-0.000462862,0.000618762,-0.000727222,-0.000601179,0.0311386,0.000986336,-0.00108955,0.000959622,0.000295637,0.000982811,-0.00181499,0.000986336,0.0281928,-0.000111626,-1.3202e-05,3.76743e-06,-1.47137e-05,6.18978e-05,-0.00108955,-0.000111626,0.0466377,
0.00281941,-0.000128948,-0.00178057,-0.000281605,-0.000469927,0.00095565,-1.29846e-05,-0.000128948,0.00115155,-0.00015114,0.00133623,0.000619535,0.000293241,3.76263e-06,-0.00178057,-0.00015114,0.0033646,-0.00024392,-0.000730568,0.000979265,-1.44029e-05,-0.000281605,0.00133623,-0.00024392,0.00334159,-0.000602011,-0.00181794,6.17751e-05,-0.000469927,0.000619535,-0.000730568,-0.000602011,0.0311217,0.000981812,-0.0010856,0.00095565,0.000293241,0.000979265,-0.00181794,0.000981812,0.0281828,-0.000110152,-1.29846e-05,3.7626e-06,-1.44029e-05,6.1775e-05,-0.0010856,-0.000110152,0.0466372,
0.00282318,-0.000129876,-0.00178116,-0.000281807,-0.000476954,0.000951703,-1.27685e-05,-0.000129876,0.00115147,-0.00015209,0.0013357,0.000620295,0.000290842,3.75797e-06,-0.00178116,-0.00015209,0.00336091,-0.000244731,-0.000733904,0.000975729,-1.40957e-05,-0.000281807,0.0013357,-0.000244731,0.00334103,-0.000602825,-0.00182086,6.16505e-05,-0.000476954,0.000620295,-0.000733904,-0.000602825,0.0311048,0.000977294,-0.00108168,0.000951703,0.000290842,0.000975729,-0.00182086,0.000977294,0.0281727,-0.00010868,-1.27685e-05,3.75794e-06,-1.40957e-05,6.16505e-05,-0.00108168,-0.00010868,0.0466368,
0.00282694,-0.000130802,-0.00178174,-0.000282,-0.000483945,0.000947781,-1.25536e-05,-0.000130802,0.0011514,-0.000153035,0.00133517,0.000621041,0.000288441,3.75336e-06,-0.00178174,-0.000153035,0.00335723,-0.000245537,-0.000737229,0.000972206,-1.37921e-05,-0.000282,0.00133517,-0.000245537,0.00334047,-0.000603619,-0.00182375,6.1524e-05,-0.000483945,0.000621041,-0.000737229,-0.000603619,0.031088,0.000972782,-0.00107777,0.000947781,0.000288441,0.000972206,-0.00182375,0.000972782,0.0281627,-0.000107212,-1.25536e-05,3.75339e-06,-1.37921e-05,6.15241e-05,-0.00107777,-0.000107212,0.0466364,
0.00283068,-0.000131725,-0.00178231,-0.000282183,-0.0004909,0.000943882,-1.234e-05,-0.000131725,0.00115133,-0.000153976,0.00133464,0.000621773,0.000286036,3.74886e-06,-0.00178231,-0.000153976,0.00335357,-0.000246341,-0.000740544,0.000968694,-1.3492e-05,-0.000282183,0.00133464,-0.000246341,0.0033399,-0.000604395,-0.00182662,6.13957e-05,-0.0004909,0.000621773,-0.000740544,-0.000604395,0.0310713,0.000968276,-0.00107388,0.000943882,0.000286036,0.000968694,-0.00182662,0.000968276,0.0281526,-0.000105747,-1.234e-05,3.74889e-06,-1.3492e-05,6.13958e-05,-0.00107388,-0.000105747,0.046636,
0.00283441,-0.000132646,-0.00178285,-0.000282357,-0.000497817,0.000940008,-1.21276e-05,-0.000132646,0.00115126,-0.000154912,0.00133411,0.000622491,0.00028363,3.74442e-06,-0.00178285,-0.000154912,0.00334993,-0.000247141,-0.000743849,0.000965194,-1.31955e-05,-0.000282357,0.00133411,-0.000247141,0.00333932,-0.000605153,-0.00182946,6.12657e-05,-0.000497817,0.000622491,-0.000743849,-0.000605153,0.0310546,0.000963777,-0.00107,0.000940008,0.00028363,0.000965194,-0.00182946,0.000963777,0.0281426,-0.000104286,-1.21276e-05,3.74445e-06,-1.31955e-05,6.12657e-05,-0.00107,-0.000104286,0.0466355,
