0.00305046,0.000126125,0.000245506,-0.00125043,-0.000702511,0.000417934,1.82289e-05,0.000126125,0.000820916,0.000716207,0.000480898,-0.00103068,0.00045017,-2.53837e-05,0.000245506,0.000716207,0.00426332,0.000500301,-0.00202362,-0.000608912,-2.83353e-05,-0.00125043,0.000480898,0.000500301,0.00278036,0.00152749,0.00172875,-4.264e-05,-0.000702511,-0.00103068,-0.00202362,0.00152749,0.0272299,0.00139222,0.000117822,0.000417934,0.00045017,-0.000608912,0.00172875,0.00139222,0.0262621,-2.89883e-05,1.82289e-05,-2.53836e-05,-2.83353e-05,-4.26401e-05,0.000117822,-2.89883e-05,0.046606,
0.00304918,0,0.000247862,-0.00124942,0,0,1.81528e-05,0.000125679,0,0.000716902,0.000483742,0,0,-2.54257e-05,0.000247862,0,0.00426115,0.000501023,0,0,-2.85556e-05,-0.00124942,0,0.000501023,0.00278258,0,0,-4.28621e-05,-0.000702516,0,-0.00202422,0.00152755,0,0,0.000115561,0.000419495,0,-0.000613157,0.00172677,0,0,-2.78961e-05,1.81527e-05,0,-2.85557e-05,-4.28621e-05,0,0,0.0466059,
0.00304965,0,0.000250342,-0.00124788,0,0.000421124,1.79227e-05,0.000126238,0,0.000718634,0.000486777,0,0.000451763,-2.54975e-05,0.000250342,0,0.00425777,0.00050241,0,-0.000619282,-2.89285e-05,-0.00124788,0,0.00050241,0.00278449,0,0.00172522,-4.3122e-05,-0.000703328,0,-0.00202385,0.00152726,0,0.00139194,0.000112311,0.000421124,0,-0.000619282,0.00172522,0,0.0262628,-2.69287e-05,1.79228e-05,0,-2.89284e-05,-4.3122e-05,0,-2.69287e-05,0.0466057,
0.00305182,0,0.000252532,-0.00124596,0,0.00042263,1.75922e-05,0.000127584,0,0.000720944,0.000489652,0,0.000452705,-2.55784e-05,0.000252532,0,0.00425381,0.000504197,0,-0.000626511,-2.94063e-05,-0.00124596,0,0.000504197,0.0027858,0,0.00172405,-4.3408e-05,-0.000704632,0,-0.00202299,0.00152714,0,0.00139301,0.000108233,0.00042263,0,-0.000626511,0.00172405,0,0.0262652,-2.60054e-05,1.75922e-05,0,-2.94063e-05,-4.34079e-05,0,-2.60054e-05,0.0466055,
0.00305543,0,0.000254361,-0.00124368,0,0.000423589,1.72897e-05,0.000129281,0,0.000723307,0.000492413,0,0.000453779,-2.56561e-05,0.000254361,0,0.00424971,0.000506217,0,-0.000634048,-2.98583e-05,-0.00124368,0,0.000506216,0.0027866,0,0.00172255,-4.36892e-05,-0.000706381,0,-0.00202239,0.00152749,0,0.00139397,0.000104328,0.000423589,0,-0.000634048,0.00172255,0,0.0262665,-2.50766e-05,1.72897e-05,0,-2.98583e-05,-4.36892e-05,0,-2.50766e-05,0.0466054,
0.00306046,0,0.000255799,-0.00124109,-0.000708825,0.000424356,1.69365e-05,0.000131266,0,0.000725654,0.000495033,-0.00102289,0.000454902,-2.57365e-05,0.000255799,0,0.00424558,0.0005084,-0.00202158,-0.000641634,-3.03421e-05,-0.00124109,0,0.0005084,0.00278681,0.00152779,0.00172161,-4.39638e-05,-0.000708825,0,-0.00202158,0.00152779,0.0272607,0.00139504,0.000100143,0.000424356,0,-0.000641634,0.00172161,0.00139504,0.0262686,-2.41693e-05,1.69365e-05,0,-3.0342e-05,-4.39638e-05,0.000100143,-2.41693e-05,0.0466052,
0.0030667,0,0.000256874,-0.00123823,-0.000711822,0.000424791,1.65692e-05,0.000133502,0,0.000727972,0.000497515,-0.00102143,0.000456041,-2.5817e-05,0.000256874,0,0.00424145,0.000510733,-0.00202074,-0.000649237,-3.08262e-05,-0.00123823,0,0.000510733,0.00278654,0.00152817,0.00172091,-4.42268e-05,-0.000711822,0,-0.00202074,0.00152817,0.0272685,0.0013961,9.59472e-05,0.000424791,0,-0.000649237,0.00172091,0.0013961,0.0262706,-2.32642e-05,1.65692e-05,0,-3.08262e-05,-4.42268e-05,9.59471e-05,-2.32642e-05,0.046605,
0.00307405,0,0.000257613,-0.00123511,-0.000715364,0.000424991,1.61714e-05,0.000135961,0,0.000730257,0.000499871,-0.0010201,0.000457185,-2.58993e-05,0.000257613,0,0.00423731,0.000513192,-0.00201978,-0.000656828,-3.13236e-05,-0.00123511,0,0.000513192,0.0027858,0.00152851,0.0017206,-4.44805e-05,-0.000715364,0,-0.00201978,0.00152851,0.0272767,0.00139721,9.16345e-05,0.000424991,0,-0.000656827,0.0017206,0.00139721,0.0262729,-2.23679e-05,1.61714e-05,0,-3.13236e-05,-4.44805e-05,9.16345e-05,-2.2368e-05,0.0466048,
0.00308237,0,0.000258044,-0.00123177,-0.000719358,0.000424925,1.57562e-05,0.00013862,0,0.00073251,0.000502119,-0.00101885,0.000458332,-2.59824e-05,0.000258044,0,0.00423316,0.000515765,-0.00201875,-0.000664418,-3.18242e-05,-0.00123177,0,0.000515765,0.00278467,0.00152887,0.00172054,-4.47254e-05,-0.000719358,0,-0.00201875,0.00152887,0.0272852,0.00139834,8.72854e-05,0.000424925,0,-0.000664418,0.00172054,0.00139834,0.0262753,-2.14751e-05,1.57562e-05,0,-3.18243e-05,-4.47254e-05,8.72854e-05,-2.14752e-05,0.0466047,
0.00309154,0,0.000258193,-0.00122821,-0.000723768,0.000424628,1.53198e-05,0.000141458,0,0.000734731,0.000504269,-0.00101768,0.000459478,-2.60672e-05,0.000258193,0,0.00422901,0.00051844,-0.00201763,-0.000672002,-3.23312e-05,-0.00122821,0,0.00051844,0.00278319,0.00152922,0.00172075,-4.4963e-05,-0.000723768,0,-0.00201763,0.00152922,0.0272941,0.00139949,8.28745e-05,0.000424628,0,-0.000672002,0.00172075,0.00139949,0.0262779,-2.05871e-05,1.53198e-05,0,-3.23311e-05,-4.4963e-05,8.28745e-05,-2.05871e-05,0.0466045,
0.00310147,0,0.000258081,-0.00122446,-0.000728541,0.000424098,1.48669e-05,0.000144458,0,0.000736921,0.000506335,-0.00101659,0.000460618,-2.61534e-05,0.000258081,0,0.00422486,0.000521204,-0.00201645,-0.000679582,-3.28407e-05,-0.00122446,0,0.000521204,0.00278139,0.00152955,0.00172118,-4.51939e-05,-0.000728541,0,-0.00201645,0.00152955,0.0273032,0.00140067,7.84309e-05,0.000424098,0,-0.000679582,0.00172118,0.00140067,0.0262806,-1.97018e-05,1.48669e-05,0,-3.28407e-05,-4.5194e-05,7.84309e-05,-1.97017e-05,0.0466043,
0.00311198,0.000147591,0.000257779,-0.00122053,-0.000733597,0.000423363,1.44011e-05,0.000147591,0.000838656,0.000739099,0.000508364,-0.00101556,0.000461733,-2.6242e-05,0.000257779,0.000739099,0.00422066,0.000524051,-0.00201522,-0.000687208,-3.33511e-05,-0.00122053,0.000508364,0.000524051,0.00277939,0.00152985,0.00172175,-4.54209e-05,-0.000733597,-0.00101556,-0.00201522,0.00152985,0.0273124,0.00140188,7.39743e-05,0.000423363,0.000461733,-0.000687208,0.00172175,0.00140188,0.0262833,-1.88172e-05,1.44011e-05,-2.6242e-05,-3.3351e-05,-4.54209e-05,7.39743e-05,-1.88172e-05,0.0466041,
0.00312283,0.000150823,0.000257362,-0.00121647,-0.000738837,0.000422455,1.39278e-05,0.000150823,0.00084039,0.00074128,0.000510393,-0.00101457,0.000462805,-2.63335e-05,0.000257362,0.00074128,0.00421638,0.000526964,-0.00201395,-0.000694918,-3.38592e-05,-0.00121647,0.000510393,0.000526964,0.00277729,0.00153013,0.00172235,-4.56466e-05,-0.000738837,-0.00101457,-0.00201395,0.00153013,0.0273218,0.00140313,6.95325e-05,0.000422455,0.000462805,-0.000694918,0.00172235,0.00140313,0.0262859,-1.79313e-05,1.39278e-05,-2.63335e-05,-3.38592e-05,-4.56466e-05,6.95325e-05,-1.79313e-05,0.0466039,
0.00313392,0.000154125,0.000256849,-0.00121229,-0.000744196,0.0004214,1.34481e-05,0.000154125,0.000842144,0.000743456,0.000512424,-0.00101362,0.000463838,-2.64275e-05,0.000256849,0.000743456,0.00421206,0.000529918,-0.00201264,-0.000702687,-3.43648e-05,-0.00121229,0.000512424,0.000529918,0.00277511,0.00153037,0.00172297,-4.58716e-05,-0.000744196,-0.00101362,-0.00201264,0.00153037,0.0273312,0.00140442,6.51024e-05,0.0004214,0.000463838,-0.000702687,0.00172297,0.00140442,0.0262885,-1.70439e-05,1.34481e-05,-2.64275e-05,-3.43648e-05,-4.58716e-05,6.51024e-05,-1.70439e-05,0.0466037,
0.00314515,0.000157476,0.000256254,-0.00120804,-0.000749628,0.000420216,1.29639e-05,0.000157476,0.000843913,0.000745619,0.000514457,-0.00101269,0.000464837,-2.65239e-05,0.000256254,0.000745619,0.00420769,0.000532898,-0.00201132,-0.000710499,-3.48666e-05,-0.00120804,0.000514457,0.000532898,0.0027729,0.00153057,0.00172359,-4.60967e-05,-0.000749628,-0.00101269,-0.00201132,0.00153057,0.0273407,0.00140573,6.06882e-05,0.000420216,0.000464837,-0.000710499,0.00172359,0.00140573,0.026291,-1.61549e-05,1.29639e-05,-2.65239e-05,-3.48666e-05,-4.60967e-05,6.06882e-05,-1.61549e-05,0.0466035,
0.00315646,0.000160863,0.000255588,-0.00120372,-0.000755104,0.000418914,1.24759e-05,0.000160863,0.000845692,0.000747765,0.000516494,-0.00101177,0.000465804,-2.66224e-05,0.000255588,0.000747765,0.00420328,0.000535893,-0.00200997,-0.000718342,-3.53644e-05,-0.00120372,0.000516494,0.000535893,0.00277067,0.00153075,0.00172422,-4.63222e-05,-0.000755104,-0.00101177,-0.00200997,0.00153075,0.0273502,0.00140706,5.62884e-05,0.000418914,0.000465804,-0.000718342,0.00172422,0.00140706,0.0262935,-1.52641e-05,1.24759e-05,-2.66224e-05,-3.53644e-05,-4.63222e-05,5.62884e-05,-1.52641e-05,0.0466034,
0.00316782,0.000164276,0.000254857,-0.00119934,-0.000760606,0.000417504,1.19848e-05,0.000164276,0.00084748,0.00074989,0.000518536,-0.00101087,0.000466741,-2.67229e-05,0.000254857,0.00074989,0.00419885,0.000538895,-0.00200862,-0.000726208,-3.58577e-05,-0.00119934,0.000518536,0.000538895,0.00276843,0.00153089,0.00172483,-4.65484e-05,-0.000760606,-0.00101087,-0.00200862,0.00153089,0.0273598,0.00140841,5.1904e-05,0.000417504,0.000466741,-0.000726208,0.00172483,0.00140841,0.026296,-1.43714e-05,1.19848e-05,-2.67229e-05,-3.58577e-05,-4.65484e-05,5.1904e-05,-1.43714e-05,0.0466032,
0.0031792,0.000167708,0.000254065,-0.0011949,-0.000766121,0.000415991,1.14911e-05,0.000167708,0.000849274,0.000751991,0.000520582,-0.00100997,0.00046765,-2.68253e-05,0.000254065,0.000751991,0.0041944,0.000541899,-0.00200726,-0.00073409,-3.63463e-05,-0.0011949,0.000520582,0.000541899,0.00276619,0.001531,0.00172544,-4.67754e-05,-0.000766121,-0.00100997,-0.00200726,0.001531,0.0273694,0.00140977,4.75347e-05,0.000415991,0.00046765,-0.00073409,0.00172544,0.00140977,0.0262984,-1.34769e-05,1.1491e-05,-2.68253e-05,-3.63463e-05,-4.67755e-05,4.75347e-05,-1.34768e-05,0.046603,
0.00319058,0.000171155,0.000253216,-0.00119043,-0.000771638,0.000414379,1.0995e-05,0.000171155,0.000851073,0.000754067,0.000522634,-0.00100907,0.000468532,-2.69296e-05,0.000253216,0.000754067,0.00418993,0.000544902,-0.00200589,-0.000741984,-3.68301e-05,-0.00119043,0.000522634,0.000544902,0.00276396,0.00153108,0.00172603,-4.70035e-05,-0.000771638,-0.00100907,-0.00200589,0.00153108,0.027379,0.00141115,4.31807e-05,0.000414379,0.000468532,-0.000741984,0.00172603,0.00141115,0.0263008,-1.25803e-05,1.0995e-05,-2.69296e-05,-3.68301e-05,-4.70035e-05,4.31807e-05,-1.25803e-05,0.0466028,
0.00320195,0.000174613,0.00025231,-0.00118591,-0.000777154,0.000412672,1.04969e-05,0.000174613,0.000852877,0.000756116,0.000524691,-0.00100818,0.000469386,-2.70356e-05,0.00025231,0.000756116,0.00418545,0.000547901,-0.00200452,-0.000749888,-3.7309e-05,-0.00118591,0.000524691,0.000547901,0.00276173,0.00153113,0.0017266,-4.72326e-05,-0.000777154,-0.00100818,-0.00200452,0.00153113,0.0273886,0.00141254,3.8842e-05,0.000412672,0.000469386,-0.000749888,0.0017266,0.00141254,0.0263031,-1.16817e-05,1.04969e-05,-2.70356e-05,-3.7309e-05,-4.72326e-05,3.8842e-05,-1.16817e-05,0.0466026,
0.0032133,0.000178081,0.00025135,-0.00118134,-0.000782664,0.000410872,9.99684e-06,0.000178081,0.000854685,0.00075814,0.000526754,-0.0010073,0.000470212,-2.71434e-05,0.00025135,0.00075814,0.00418095,0.000550895,-0.00200314,-0.000757799,-3.77829e-05,-0.00118134,0.000526754,0.000550895,0.00275952,0.00153115,0.00172715,-4.74627e-05,-0.000782664,-0.0010073,-0.00200314,0.00153115,0.0273983,0.00141394,3.45184e-05,0.000410872,0.000470212,-0.000757799,0.00172715,0.00141394,0.0263055,-1.0781e-05,9.99684e-06,-2.71435e-05,-3.7783e-05,-4.74628e-05,3.45184e-05,-1.0781e-05,0.0466025,
0.00322463,0.000181557,0.000250337,-0.00117675,-0.000788166,0.000408979,9.49502e-06,0.000181557,0.000856496,0.000760136,0.000528822,-0.00100641,0.000471011,-2.72529e-05,0.000250337,0.000760136,0.00417644,0.000553882,-0.00200175,-0.000765714,-3.82519e-05,-0.00117675,0.000528822,0.000553882,0.00275733,0.00153114,0.00172768,-4.76939e-05,-0.000788166,-0.00100641,-0.00200175,0.00153114,0.0274079,0.00141535,3.02101e-05,0.000408979,0.000471012,-0.000765714,0.00172768,0.00141535,0.0263078,-9.87821e-06,9.49502e-06,-2.72529e-05,-3.82519e-05,-4.76939e-05,3.02101e-05,-9.87821e-06,0.0466023,
0.00323593,0.00018504,0.00024927,-0.00117211,-0.000793657,0.000406995,8.99153e-06,0.00018504,0.00085831,0.000762104,0.000530895,-0.00100553,0.000471783,-2.73641e-05,0.00024927,0.000762104,0.00417191,0.000556861,-0.00200036,-0.000773633,-3.87158e-05,-0.00117211,0.000530895,0.000556861,0.00275515,0.00153109,0.0017282,-4.79262e-05,-0.000793657,-0.00100553,-0.00200036,0.00153109,0.0274176,0.00141678,2.5917e-05,0.000406995,0.000471783,-0.000773633,0.0017282,0.00141678,0.0263101,-8.97327e-06,8.99153e-06,-2.73641e-05,-3.87159e-05,-4.79262e-05,2.5917e-05,-8.97327e-06,0.0466021,
0.0032472,0.000188528,0.000248151,-0.00116744,-0.000799138,0.00040492,8.48649e-06,0.000188528,0.000860127,0.000764046,0.000532973,-0.00100465,0.000472528,-2.74769e-05,0.000248151,0.000764046,0.00416738,0.000559832,-0.00199896,-0.000781554,-3.91747e-05,-0.00116744,0.000532973,0.000559832,0.00275299,0.00153101,0.0017287,-4.81595e-05,-0.000799138,-0.00100465,-0.00199896,0.00153101,0.0274274,0.00141821,2.1639e-05,0.00040492,0.000472528,-0.000781554,0.0017287,0.00141821,0.0263123,-8.0661e-06,8.48649e-06,-2.74769e-05,-3.91747e-05,-4.81595e-05,2.1639e-05,-8.0661e-06,0.046602,
0.00325844,0.000192022,0.000246979,-0.00116273,-0.000804606,0.000402757,7.97992e-06,0.000192022,0.000861946,0.000765959,0.000535057,-0.00100378,0.000473244,-2.75913e-05,0.000246979,0.000765959,0.00416283,0.000562795,-0.00199755,-0.000789476,-3.96285e-05,-0.00116273,0.000535057,0.000562795,0.00275084,0.00153091,0.00172917,-4.83939e-05,-0.000804606,-0.00100378,-0.00199755,0.00153091,0.0274371,0.00141966,1.73762e-05,0.000402756,0.000473244,-0.000789476,0.00172917,0.00141966,0.0263145,-7.15672e-06,7.97995e-06,-2.75913e-05,-3.96285e-05,-4.83938e-05,1.73762e-05,-7.15672e-06,0.0466018,
0.00326965,0.00019552,0.000245755,-0.00115799,-0.000810062,0.000400504,7.47191e-06,0.00019552,0.000863768,0.000767846,0.000537146,-0.00100291,0.000473933,-2.77074e-05,0.000245755,0.000767846,0.00415827,0.000565748,-0.00199614,-0.000797397,-4.00773e-05,-0.00115799,0.000537146,0.000565748,0.00274871,0.00153077,0.00172963,-4.86293e-05,-0.000810062,-0.00100291,-0.00199614,0.00153077,0.0274468,0.00142113,1.31283e-05,0.000400504,0.000473933,-0.000797397,0.00172963,0.00142113,0.0263168,-6.24506e-06,7.47197e-06,-2.77074e-05,-4.00773e-05,-4.86293e-05,1.31283e-05,-6.24506e-06,0.0466016,
0.00328082,0.000199022,0.000244478,-0.00115321,-0.000815504,0.000398162,6.9626e-06,0.000199022,0.000865593,0.000769704,0.00053924,-0.00100204,0.000474594,-2.7825e-05,0.000244478,0.000769704,0.00415371,0.000568691,-0.00199472,-0.000805318,-4.05209e-05,-0.00115321,0.00053924,0.000568691,0.0027466,0.0015306,0.00173006,-4.88657e-05,-0.000815504,-0.00100204,-0.00199472,0.0015306,0.0274566,0.0014226,8.89544e-06,0.000398162,0.000474594,-0.000805318,0.00173006,0.0014226,0.0263189,-5.33118e-06,6.9626e-06,-2.7825e-05,-4.05209e-05,-4.88657e-05,8.89544e-06,-5.33112e-06,0.0466015,
0.00329195,0.000202527,0.00024315,-0.0011484,-0.000820933,0.000395732,6.45201e-06,0.000202527,0.000867419,0.000771535,0.00054134,-0.00100117,0.000475227,-2.79442e-05,0.00024315,0.000771535,0.00414913,0.000571624,-0.0019933,-0.000813237,-4.09595e-05,-0.0011484,0.00054134,0.000571624,0.0027445,0.0015304,0.00173047,-4.91032e-05,-0.000820933,-0.00100117,-0.0019933,0.0015304,0.0274664,0.00142409,4.67748e-06,0.000395732,0.000475227,-0.000813237,0.00173047,0.00142409,0.0263211,-4.41486e-06,6.45201e-06,-2.79442e-05,-4.09595e-05,-4.91032e-05,4.67748e-06,-4.41491e-06,0.0466013,
0.00330305,0.000206036,0.000241768,-0.00114355,-0.000826349,0.000393215,5.94017e-06,0.000206036,0.000869247,0.000773338,0.000543444,-0.00100031,0.000475832,-2.80649e-05,0.000241768,0.000773338,0.00414455,0.000574547,-0.00199187,-0.000821153,-4.1393e-05,-0.00114355,0.000543444,0.000574547,0.00274242,0.00153017,0.00173086,-4.93417e-05,-0.000826349,-0.00100031,-0.00199187,0.00153017,0.0274762,0.00142559,4.74398e-07,0.000393215,0.000475832,-0.000821153,0.00173086,0.00142559,0.0263233,-3.49631e-06,5.94019e-06,-2.80649e-05,-4.13931e-05,-4.93417e-05,4.74398e-07,-3.49626e-06,0.0466011,
0.0033141,0.000209548,0.000240335,-0.00113867,-0.00083175,0.000390611,5.42721e-06,0.000209548,0.000871078,0.000775114,0.000545554,-0.000999455,0.000476409,-2.81871e-05,0.000240335,0.000775114,0.00413995,0.000577459,-0.00199043,-0.000829065,-4.18215e-05,-0.00113867,0.000545554,0.000577459,0.00274037,0.00152991,0.00173124,-4.95812e-05,-0.00083175,-0.000999455,-0.00199043,0.00152991,0.027486,0.0014271,-3.71392e-06,0.000390611,0.000476409,-0.000829065,0.00173124,0.0014271,0.0263254,-2.57527e-06,5.42721e-06,-2.81871e-05,-4.18215e-05,-4.95812e-05,-3.71397e-06,-2.57527e-06,0.046601,
0.00332512,0.000213062,0.00023885,-0.00113376,-0.000837137,0.00038792,4.91321e-06,0.000213062,0.000872909,0.000776862,0.000547669,-0.000998601,0.000476957,-2.83108e-05,0.00023885,0.000776862,0.00413535,0.000580361,-0.00198898,-0.000836974,-4.22448e-05,-0.00113376,0.000547669,0.000580361,0.00273832,0.00152961,0.00173158,-4.98217e-05,-0.000837137,-0.000998601,-0.00198898,0.00152961,0.0274958,0.00142863,-7.88763e-06,0.00038792,0.000476957,-0.000836973,0.00173158,0.00142863,0.0263275,-1.6519e-06,4.91318e-06,-2.83107e-05,-4.22448e-05,-4.98217e-05,-7.88763e-06,-1.6519e-06,0.0466008,
0.0033361,0.000216578,0.000237312,-0.00112882,-0.000842509,0.000385142,4.39818e-06,0.000216578,0.000874743,0.000778583,0.000549789,-0.000997751,0.000477477,-2.84359e-05,0.000237312,0.000778583,0.00413074,0.000583251,-0.00198753,-0.000844877,-4.26631e-05,-0.00112882,0.000549789,0.000583251,0.0027363,0.00152929,0.00173191,-5.00632e-05,-0.000842509,-0.000997751,-0.00198753,0.00152929,0.0275057,0.00143017,-1.20466e-05,0.000385142,0.000477477,-0.000844877,0.00173191,0.00143017,0.0263296,-7.26086e-07,4.39815e-06,-2.84359e-05,-4.26631e-05,-5.00632e-05,-1.20466e-05,-7.26086e-07,0.0466007,
0.00334703,0.000220096,0.000235722,-0.00112384,-0.000847867,0.000382279,3.8822e-06,0.000220096,0.000876578,0.000780276,0.000551914,-0.000996905,0.000477969,-2.85624e-05,0.000235722,0.000780276,0.00412613,0.00058613,-0.00198607,-0.000852774,-4.30762e-05,-0.00112384,0.000551914,0.00058613,0.0027343,0.00152894,0.00173222,-5.03056e-05,-0.000847866,-0.000996905,-0.00198607,0.00152894,0.0275155,0.00143172,-1.61911e-05,0.000382279,0.000477969,-0.000852774,0.00173222,0.00143172,0.0263317,2.02172e-07,3.88223e-06,-2.85624e-05,-4.30762e-05,-5.03056e-05,-1.6191e-05,2.02227e-07,0.0466005,
0.00335793,0.000223614,0.000234081,-0.00111884,-0.000853209,0.000379331,3.36542e-06,0.000223614,0.000878414,0.000781942,0.000554044,-0.000996062,0.000478432,-2.86904e-05,0.000234081,0.000781942,0.00412151,0.000588997,-0.0019846,-0.000860665,-4.34843e-05,-0.00111884,0.000554044,0.000588997,0.00273231,0.00152855,0.0017325,-5.0549e-05,-0.000853209,-0.000996062,-0.0019846,0.00152855,0.0275254,0.00143329,-2.0321e-05,0.000379331,0.000478432,-0.000860665,0.0017325,0.00143329,0.0263338,1.13293e-06,3.36536e-06,-2.86904e-05,-4.34843e-05,-5.0549e-05,-2.03211e-05,1.13287e-06,0.0466004,
0.00336878,0.000227134,0.000232387,-0.0011138,-0.000858535,0.000376297,2.84781e-06,0.000227134,0.000880252,0.000783581,0.000556179,-0.000995224,0.000478867,-2.88197e-05,0.000232387,0.000783581,0.00411688,0.000591851,-0.00198312,-0.000868548,-4.38873e-05,-0.0011138,0.000556179,0.000591851,0.00273034,0.00152814,0.00173276,-5.07934e-05,-0.000858535,-0.000995224,-0.00198312,0.00152814,0.0275352,0.00143487,-2.44366e-05,0.000376297,0.000478867,-0.000868549,0.00173276,0.00143487,0.0263359,2.06613e-06,2.84783e-06,-2.88197e-05,-4.38873e-05,-5.07933e-05,-2.44366e-05,2.06618e-06,0.0466002,
0.00337958,0.000230654,0.000230642,-0.00110873,-0.000863846,0.00037318,2.32953e-06,0.000230654,0.00088209,0.000785192,0.000558319,-0.000994389,0.000479273,-2.89503e-05,0.000230642,0.000785192,0.00411225,0.000594694,-0.00198164,-0.000876424,-4.42852e-05,-0.00110873,0.000558319,0.000594694,0.00272839,0.00152769,0.001733,-5.10387e-05,-0.000863846,-0.000994389,-0.00198164,0.00152769,0.0275451,0.00143647,-2.85379e-05,0.00037318,0.000479273,-0.000876424,0.001733,0.00143647,0.0263379,3.00182e-06,2.32953e-06,-2.89503e-05,-4.42852e-05,-5.10387e-05,-2.85378e-05,3.00182e-06,0.0466001,
0.00339035,0.000234174,0.000228845,-0.00110363,-0.000869141,0.000369979,1.81058e-06,0.000234174,0.00088393,0.000786775,0.000560464,-0.000993559,0.000479651,-2.90823e-05,0.000228845,0.000786775,0.00410761,0.000597524,-0.00198014,-0.000884291,-4.46781e-05,-0.00110363,0.000560464,0.000597524,0.00272647,0.00152722,0.00173321,-5.12849e-05,-0.000869141,-0.000993559,-0.00198014,0.00152722,0.027555,0.00143808,-3.26248e-05,0.000369979,0.000479651,-0.000884291,0.00173321,0.00143808,0.0263399,3.94013e-06,1.81055e-06,-2.90823e-05,-4.4678e-05,-5.12849e-05,-3.26248e-05,3.94007e-06,0.0465999,
0.00340106,0.000237693,0.000226996,-0.0010985,-0.000874419,0.000366694,1.29108e-06,0.000237693,0.00088577,0.000788332,0.000562614,-0.000992732,0.000480001,-2.92155e-05,0.000226996,0.000788332,0.00410297,0.000600341,-0.00197864,-0.000892148,-4.50658e-05,-0.0010985,0.000562614,0.000600341,0.00272455,0.00152672,0.0017334,-5.15321e-05,-0.000874419,-0.000992732,-0.00197864,0.00152672,0.0275649,0.00143971,-3.66975e-05,0.000366694,0.000480001,-0.000892148,0.0017334,0.00143971,0.026342,4.88087e-06,1.29108e-06,-2.92155e-05,-4.50658e-05,-5.15321e-05,-3.66975e-05,4.88087e-06,0.0465998,
0.00341173,0.000241212,0.000225096,-0.00109335,-0.000879681,0.000363327,7.7105e-07,0.000241212,0.000887611,0.000789861,0.000564769,-0.000991909,0.000480322,-2.935e-05,0.000225096,0.000789861,0.00409832,0.000603145,-0.00197713,-0.000899995,-4.54484e-05,-0.00109335,0.000564769,0.000603145,0.00272266,0.00152618,0.00173357,-5.17802e-05,-0.000879681,-0.000991909,-0.00197713,0.00152618,0.0275748,0.00144135,-4.07561e-05,0.000363327,0.000480322,-0.000899995,0.00173357,0.00144135,0.026344,5.82417e-06,7.71105e-07,-2.935e-05,-4.54484e-05,-5.17802e-05,-4.07561e-05,5.82417e-06,0.0465996,
0.00342235,0.00024473,0.000223144,-0.00108816,-0.000884925,0.000359878,2.50633e-07,0.00024473,0.000889453,0.000791363,0.000566929,-0.000991089,0.000480615,-2.94857e-05,0.000223144,0.000791363,0.00409367,0.000605935,-0.00197561,-0.000907832,-4.5826e-05,-0.00108816,0.000566929,0.000605935,0.00272079,0.00152562,0.00173371,-5.20292e-05,-0.000884925,-0.000991089,-0.00197561,0.00152562,0.0275847,0.001443,-4.48006e-05,0.000359878,0.000480615,-0.000907832,0.00173371,0.001443,0.026346,6.77003e-06,2.50633e-07,-2.94857e-05,-4.5826e-05,-5.20292e-05,-4.48006e-05,6.77003e-06,0.0465995,
0.00343293,0.000248246,0.000221142,-0.00108294,-0.000890152,0.000356348,-2.7009e-07,0.000248246,0.000891295,0.000792837,0.000569094,-0.000990274,0.000480879,-2.96226e-05,0.000221142,0.000792837,0.00408902,0.000608712,-0.00197408,-0.000915656,-4.61985e-05,-0.00108294,0.000569094,0.000608712,0.00271894,0.00152503,0.00173383,-5.22791e-05,-0.000890152,-0.000990274,-0.00197408,0.00152503,0.0275947,0.00144467,-4.88311e-05,0.000356348,0.000480879,-0.000915656,0.00173383,0.00144467,0.026348,7.71849e-06,-2.70117e-07,-2.96227e-05,-4.61985e-05,-5.22791e-05,-4.88311e-05,7.71844e-06,0.0465993,
0.00344345,0.00025176,0.000219088,-0.0010777,-0.000895362,0.000352737,-7.91145e-07,0.00025176,0.000893137,0.000794285,0.000571263,-0.000989462,0.000481115,-2.97607e-05,0.000219088,0.000794285,0.00408436,0.000611474,-0.00197254,-0.000923469,-4.65659e-05,-0.0010777,0.000571263,0.000611474,0.00271711,0.00152441,0.00173392,-5.25299e-05,-0.000895362,-0.000989462,-0.00197254,0.00152441,0.0276046,0.00144635,-5.28476e-05,0.000352737,0.000481115,-0.000923469,0.00173392,0.00144635,0.02635,8.66951e-06,-7.91089e-07,-2.97607e-05,-4.65659e-05,-5.25299e-05,-5.28476e-05,8.66951e-06,0.0465992,
0.00345393,0.000255272,0.000216984,-0.00107243,-0.000900553,0.000349046,-1.31234e-06,0.000255272,0.000894979,0.000795706,0.000573437,-0.000988653,0.000481324,-2.98999e-05,0.000216984,0.000795706,0.0040797,0.000614223,-0.001971,-0.000931268,-4.69282e-05,-0.00107243,0.000573437,0.000614223,0.00271529,0.00152377,0.00173399,-5.27816e-05,-0.000900553,-0.000988653,-0.001971,0.00152377,0.0276145,0.00144805,-5.68502e-05,0.000349046,0.000481324,-0.000931268,0.00173399,0.00144805,0.026352,9.62314e-06,-1.31234e-06,-2.98999e-05,-4.69282e-05,-5.27816e-05,-5.68502e-05,9.62308e-06,0.046599,
0.00346435,0.000258781,0.000214829,-0.00106713,-0.000905726,0.000345275,-1.83367e-06,0.000258781,0.000896821,0.000797099,0.000575616,-0.000987848,0.000481504,-3.00402e-05,0.000214829,0.000797099,0.00407504,0.000616956,-0.00196944,-0.000939054,-4.72855e-05,-0.00106713,0.000575616,0.000616957,0.0027135,0.00152309,0.00173404,-5.30342e-05,-0.000905726,-0.000987848,-0.00196944,0.00152309,0.0276245,0.00144976,-6.08389e-05,0.000345275,0.000481504,-0.000939054,0.00173404,0.00144976,0.026354,1.05793e-05,-1.8337e-06,-3.00402e-05,-4.72855e-05,-5.30342e-05,-6.08389e-05,1.05793e-05,0.0465989,
0.00347472,0.000262287,0.000212623,-0.00106181,-0.00091088,0.000341425,-2.35509e-06,0.000262287,0.000898664,0.000798466,0.000577799,-0.000987047,0.000481656,-3.01817e-05,0.000212624,0.000798466,0.00407037,0.000619676,-0.00196788,-0.000946825,-4.76376e-05,-0.00106181,0.000577799,0.000619676,0.00271173,0.00152239,0.00173405,-5.32876e-05,-0.00091088,-0.000987047,-0.00196788,0.00152239,0.0276344,0.00145149,-6.48139e-05,0.000341425,0.000481656,-0.000946825,0.00173405,0.00145149,0.026356,1.1538e-05,-2.35506e-06,-3.01816e-05,-4.76376e-05,-5.32876e-05,-6.48139e-05,1.1538e-05,0.0465988,
0.00348504,0.000265789,0.000210368,-0.00105645,-0.000916015,0.000337498,-2.87642e-06,0.000265789,0.000900505,0.000799806,0.000579987,-0.000986249,0.00048178,-3.03241e-05,0.000210368,0.000799806,0.00406571,0.00062238,-0.0019663,-0.000954582,-4.79847e-05,-0.00105645,0.000579987,0.00062238,0.00270997,0.00152165,0.00173405,-5.35419e-05,-0.000916015,-0.000986249,-0.0019663,0.00152165,0.0276444,0.00145323,-6.87752e-05,0.000337498,0.00048178,-0.000954582,0.00173405,0.00145323,0.026358,1.24994e-05,-2.87642e-06,-3.03241e-05,-4.79847e-05,-5.35419e-05,-6.87752e-05,1.24994e-05,0.0465986,
0.0034953,0.000269287,0.000208062,-0.00105108,-0.000921131,0.000333493,-3.39767e-06,0.000269287,0.000902347,0.000801119,0.00058218,-0.000985454,0.000481876,-3.04675e-05,0.000208062,0.000801119,0.00406105,0.000625068,-0.00196472,-0.000962322,-4.83268e-05,-0.00105108,0.00058218,0.000625068,0.00270824,0.0015209,0.00173401,-5.3797e-05,-0.000921131,-0.000985454,-0.00196472,0.0015209,0.0276543,0.00145499,-7.27227e-05,0.000333493,0.000481876,-0.000962322,0.00173401,0.00145499,0.02636,1.34634e-05,-3.39767e-06,-3.04675e-05,-4.83268e-05,-5.3797e-05,-7.27227e-05,1.34634e-05,0.0465985,
0.00350551,0.000272781,0.000205707,-0.00104568,-0.000926227,0.000329411,-3.91873e-06,0.000272781,0.000904188,0.000802405,0.000584377,-0.000984663,0.000481945,-3.0612e-05,0.000205707,0.000802405,0.00405638,0.000627742,-0.00196313,-0.000970046,-4.86638e-05,-0.00104568,0.000584377,0.000627742,0.00270653,0.00152011,0.00173395,-5.4053e-05,-0.000926227,-0.000984663,-0.00196313,0.00152011,0.0276643,0.00145676,-7.66566e-05,0.000329411,0.000481945,-0.000970046,0.00173395,0.00145676,0.026362,1.443e-05,-3.91875e-06,-3.0612e-05,-4.86638e-05,-5.4053e-05,-7.66566e-05,1.44299e-05,0.0465984,
0.00351567,0.00027627,0.000203302,-0.00104025,-0.000931303,0.000325253,-4.43953e-06,0.00027627,0.000906028,0.000803664,0.000586578,-0.000983875,0.000481986,-3.07573e-05,0.000203302,0.000803664,0.00405172,0.000630399,-0.00196153,-0.000977754,-4.89957e-05,-0.00104025,0.000586578,0.000630399,0.00270483,0.0015193,0.00173387,-5.43097e-05,-0.000931303,-0.000983875,-0.00196153,0.0015193,0.0276742,0.00145855,-8.05769e-05,0.000325253,0.000481986,-0.000977754,0.00173387,0.00145855,0.0263639,1.53991e-05,-4.43956e-06,-3.07573e-05,-4.89958e-05,-5.43097e-05,-8.0577e-05,1.53991e-05,0.0465982,
0.00352577,0.000279754,0.000200848,-0.0010348,-0.000936358,0.00032102,-4.96006e-06,0.000279754,0.000907868,0.000804897,0.000588784,-0.00098309,0.000481999,-3.09037e-05,0.000200848,0.000804897,0.00404705,0.00063304,-0.00195992,-0.000985443,-4.93226e-05,-0.0010348,0.000588784,0.00063304,0.00270316,0.00151846,0.00173376,-5.45673e-05,-0.000936358,-0.00098309,-0.00195992,0.00151846,0.0276842,0.00146036,-8.44838e-05,0.00032102,0.000481999,-0.000985443,0.00173376,0.00146036,0.0263659,1.63708e-05,-4.96003e-06,-3.09037e-05,-4.93227e-05,-5.45673e-05,-8.44838e-05,1.63708e-05,0.0465981,
0.00353581,0.000283233,0.000198345,-0.00102933,-0.000941393,0.000316713,-5.48014e-06,0.000283233,0.000909706,0.000806104,0.000590994,-0.000982307,0.000481985,-3.10509e-05,0.000198345,0.000806104,0.00404239,0.000635665,-0.0019583,-0.000993115,-4.96445e-05,-0.00102933,0.000590994,0.000635665,0.00270151,0.00151759,0.00173362,-5.48257e-05,-0.000941393,-0.000982307,-0.0019583,0.00151759,0.0276942,0.00146217,-8.83771e-05,0.000316713,0.000481985,-0.000993115,0.00173362,0.00146217,0.0263679,1.73452e-05,-5.48012e-06,-3.10509e-05,-4.96445e-05,-5.48256e-05,-8.83771e-05,1.73452e-05,0.0465979,
0.00354579,0.000286706,0.000195794,-0.00102383,-0.000946407,0.000312331,-5.99978e-06,0.000286706,0.000911544,0.000807284,0.000593209,-0.000981528,0.000481943,-3.1199e-05,0.000195794,0.000807284,0.00403773,0.000638274,-0.00195667,-0.00100077,-4.99614e-05,-0.00102383,0.000593209,0.000638274,0.00269988,0.0015167,0.00173345,-5.50848e-05,-0.000946407,-0.000981528,-0.00195667,0.0015167,0.0277041,0.00146401,-9.2257e-05,0.000312331,0.000481943,-0.00100077,0.00173345,0.00146401,0.0263699,1.83221e-05,-5.99976e-06,-3.11989e-05,-4.99614e-05,-5.50848e-05,-9.2257e-05,1.83221e-05,0.0465978,
0.00355572,0.000290172,0.000193194,-0.00101831,-0.0009514,0.000307877,-6.51887e-06,0.000290172,0.00091338,0.000808437,0.000595427,-0.000980752,0.000481875,-3.13478e-05,0.000193194,0.000808437,0.00403307,0.000640865,-0.00195503,-0.0010084,-5.02732e-05,-0.00101831,0.000595427,0.000640865,0.00269827,0.00151578,0.00173326,-5.53447e-05,-0.0009514,-0.000980752,-0.00195503,0.00151578,0.0277141,0.00146585,-9.61236e-05,0.000307877,0.000481875,-0.0010084,0.00173326,0.00146585,0.0263719,1.93016e-05,-6.51884e-06,-3.13478e-05,-5.02732e-05,-5.53447e-05,-9.61236e-05,1.93017e-05,0.0465977,
0.00356559,0.000293632,0.000190546,-0.00101277,-0.000956371,0.000303351,-7.03732e-06,0.000293632,0.000915215,0.000809565,0.00059765,-0.000979979,0.000481779,-3.14976e-05,0.000190546,0.000809565,0.00402842,0.00064344,-0.00195339,-0.00101601,-5.05801e-05,-0.00101277,0.00059765,0.00064344,0.00269668,0.00151484,0.00173304,-5.56054e-05,-0.000956371,-0.000979979,-0.00195339,0.00151484,0.027724,0.00146772,-9.99767e-05,0.000303351,0.000481779,-0.00101601,0.00173304,0.00146772,0.0263739,2.02837e-05,-7.03732e-06,-3.14975e-05,-5.058e-05,-5.56054e-05,-9.99767e-05,2.02837e-05,0.0465976,
0.00357539,0.000297085,0.00018785,-0.0010072,-0.000961319,0.000298753,-7.5551e-06,0.000297085,0.000917048,0.000810666,0.000599877,-0.000979208,0.000481657,-3.1648e-05,0.00018785,0.000810666,0.00402376,0.000645998,-0.00195173,-0.0010236,-5.08819e-05,-0.0010072,0.000599877,0.000645998,0.00269511,0.00151387,0.00173279,-5.58668e-05,-0.000961319,-0.000979208,-0.00195173,0.00151387,0.027734,0.0014696,-0.000103817,0.000298753,0.000481657,-0.0010236,0.00173279,0.0014696,0.0263759,2.12683e-05,-7.55507e-06,-3.1648e-05,-5.08819e-05,-5.58668e-05,-0.000103817,2.12683e-05,0.0465974,
0.00358514,0.00030053,0.000185107,-0.00100162,-0.000966246,0.000294084,-8.07213e-06,0.00030053,0.00091888,0.000811741,0.000602107,-0.00097844,0.000481508,-3.17992e-05,0.000185107,0.000811741,0.00401911,0.000648538,-0.00195007,-0.00103117,-5.11788e-05,-0.00100162,0.000602107,0.000648538,0.00269357,0.00151287,0.00173251,-5.6129e-05,-0.000966246,-0.00097844,-0.00195007,0.00151287,0.027744,0.00147149,-0.000107643,0.000294084,0.000481508,-0.00103117,0.00173251,0.00147149,0.0263779,2.22555e-05,-8.07215e-06,-3.17993e-05,-5.11788e-05,-5.6129e-05,-0.000107643,2.22555e-05,0.0465973,
0.00359483,0.000303968,0.000182316,-0.000996011,-0.00097115,0.000289346,-8.58835e-06,0.000303968,0.00092071,0.00081279,0.000604342,-0.000977674,0.000481332,-3.19512e-05,0.000182316,0.00081279,0.00401447,0.00065106,-0.00194839,-0.00103872,-5.14707e-05,-0.000996011,0.000604342,0.00065106,0.00269204,0.00151185,0.00173221,-5.63918e-05,-0.00097115,-0.000977674,-0.00194839,0.00151185,0.0277539,0.0014734,-0.000111457,0.000289346,0.000481332,-0.00103872,0.00173221,0.0014734,0.0263799,2.32452e-05,-8.58835e-06,-3.19512e-05,-5.14707e-05,-5.63918e-05,-0.000111457,2.32452e-05,0.0465972,
0.00360445,0.000307398,0.000179479,-0.000990385,-0.000976032,0.000284539,-9.10363e-06,0.000307398,0.000922538,0.000813813,0.00060658,-0.000976911,0.00048113,-3.21038e-05,0.000179479,0.000813813,0.00400982,0.000653565,-0.00194671,-0.00104625,-5.17576e-05,-0.000990385,0.00060658,0.000653565,0.00269054,0.00151081,0.00173188,-5.66553e-05,-0.000976032,-0.000976911,-0.00194671,0.00151081,0.0277639,0.00147532,-0.000115257,0.000284539,0.00048113,-0.00104625,0.00173188,0.00147532,0.0263819,2.42375e-05,-9.10361e-06,-3.21038e-05,-5.17576e-05,-5.66553e-05,-0.000115257,2.42374e-05,0.046597,
0.00361401,0.000310819,0.000176595,-0.00098474,-0.00098089,0.000279664,-9.61797e-06,0.000310819,0.000924365,0.000814811,0.000608822,-0.00097615,0.000480901,-3.2257e-05,0.000176595,0.000814811,0.00400519,0.000656051,-0.00194501,-0.00105375,-5.20396e-05,-0.00098474,0.000608822,0.000656051,0.00268905,0.00150974,0.00173152,-5.69196e-05,-0.00098089,-0.00097615,-0.00194501,0.00150974,0.0277738,0.00147726,-0.000119044,0.000279664,0.000480901,-0.00105375,0.00173152,0.00147726,0.0263839,2.52322e-05,-9.61797e-06,-3.2257e-05,-5.20396e-05,-5.69196e-05,-0.000119044,2.52322e-05,0.0465969,
0.0036235,0.000314231,0.000173666,-0.000979075,-0.000985724,0.000274721,-1.01313e-05,0.000314231,0.000926189,0.000815783,0.000611068,-0.000975392,0.000480646,-3.24109e-05,0.000173666,0.000815783,0.00400055,0.000658519,-0.00194331,-0.00106123,-5.23167e-05,-0.000979075,0.000611068,0.000658519,0.00268759,0.00150865,0.00173113,-5.71845e-05,-0.000985724,-0.000975392,-0.00194331,0.00150865,0.0277838,0.00147921,-0.000122819,0.000274721,0.000480646,-0.00106123,0.00173113,0.00147921,0.026386,2.62295e-05,-1.01313e-05,-3.24109e-05,-5.23167e-05,-5.71845e-05,-0.000122819,2.62294e-05,0.0465968,
0.00363294,0.000317634,0.00017069,-0.000973392,-0.000990535,0.000269713,-1.06435e-05,0.000317634,0.000928011,0.000816729,0.000613317,-0.000974635,0.000480366,-3.25654e-05,0.00017069,0.000816729,0.00399593,0.000660969,-0.0019416,-0.00106868,-5.25888e-05,-0.000973392,0.000613317,0.000660969,0.00268615,0.00150753,0.00173071,-5.745e-05,-0.000990535,-0.000974635,-0.0019416,0.00150753,0.0277937,0.00148117,-0.00012658,0.000269713,0.000480366,-0.00106868,0.00173071,0.00148117,0.026388,2.72292e-05,-1.06435e-05,-3.25653e-05,-5.25888e-05,-5.745e-05,-0.00012658,2.72292e-05,0.0465967,
0.0036423,0.000321028,0.000167669,-0.000967691,-0.000995322,0.000264638,-1.11545e-05,0.000321028,0.00092983,0.00081765,0.00061557,-0.000973881,0.000480059,-3.27204e-05,0.000167669,0.00081765,0.00399131,0.0006634,-0.00193987,-0.00107611,-5.28561e-05,-0.000967691,0.00061557,0.0006634,0.00268473,0.00150639,0.00173026,-5.77162e-05,-0.000995322,-0.000973881,-0.00193987,0.00150639,0.0278037,0.00148316,-0.000130328,0.000264638,0.000480059,-0.00107611,0.00173026,0.00148316,0.02639,2.82313e-05,-1.11545e-05,-3.27204e-05,-5.28561e-05,-5.77162e-05,-0.000130328,2.82313e-05,0.0465965,
0.00365161,0.000324412,0.000164604,-0.000961973,-0.00100008,0.000259499,-1.16643e-05,0.000324412,0.000931647,0.000818545,0.000617826,-0.000973129,0.000479727,-3.28759e-05,0.000164604,0.000818545,0.00398669,0.000665812,-0.00193814,-0.00108351,-5.31185e-05,-0.000961973,0.000617826,0.000665812,0.00268333,0.00150523,0.00172979,-5.7983e-05,-0.00100008,-0.000973129,-0.00193814,0.00150523,0.0278136,0.00148515,-0.000134063,0.000259499,0.000479727,-0.00108351,0.00172979,0.00148515,0.0263921,2.92359e-05,-1.16643e-05,-3.2876e-05,-5.31185e-05,-5.7983e-05,-0.000134063,2.92359e-05,0.0465964,
0.00366084,0.000327785,0.000161493,-0.000956238,-0.00100482,0.000254296,-1.21728e-05,0.000327785,0.000933461,0.000819415,0.000620085,-0.000972379,0.000479369,-3.3032e-05,0.000161493,0.000819415,0.00398208,0.000668205,-0.0019364,-0.00109089,-5.33759e-05,-0.000956238,0.000620085,0.000668205,0.00268195,0.00150404,0.00172928,-5.82504e-05,-0.00100482,-0.000972379,-0.0019364,0.00150404,0.0278236,0.00148716,-0.000137786,0.000254296,0.000479369,-0.00109089,0.00172928,0.00148716,0.0263942,3.0243e-05,-1.21728e-05,-3.3032e-05,-5.33759e-05,-5.82503e-05,-0.000137786,3.0243e-05,0.0465963,
0.00367001,0.000331148,0.000158339,-0.000950486,-0.00100954,0.00024903,-1.26799e-05,0.000331148,0.000935273,0.00082026,0.000622348,-0.00097163,0.000478987,-3.31885e-05,0.000158339,0.00082026,0.00397748,0.000670578,-0.00193465,-0.00109824,-5.36286e-05,-0.000950486,0.000622348,0.000670578,0.0026806,0.00150284,0.00172875,-5.85184e-05,-0.00100954,-0.00097163,-0.00193465,0.00150284,0.0278335,0.00148919,-0.000141495,0.00024903,0.000478987,-0.00109824,0.00172875,0.00148919,0.0263963,3.12524e-05,-1.26799e-05,-3.31885e-05,-5.36286e-05,-5.85184e-05,-0.000141495,3.12524e-05,0.0465962,
0.00367911,0.000334501,0.00015514,-0.000944719,-0.00101422,0.000243702,-1.31856e-05,0.000334501,0.000937081,0.00082108,0.000624614,-0.000970884,0.000478579,-3.33455e-05,0.00015514,0.00082108,0.00397289,0.000672933,-0.00193289,-0.00110556,-5.38764e-05,-0.000944719,0.000624614,0.000672933,0.00267926,0.0015016,0.00172818,-5.87869e-05,-0.00101422,-0.000970884,-0.00193289,0.0015016,0.0278434,0.00149123,-0.000145192,0.000243702,0.000478579,-0.00110556,0.00172818,0.00149123,0.0263983,3.22642e-05,-1.31856e-05,-3.33455e-05,-5.38764e-05,-5.87869e-05,-0.000145192,3.22642e-05,0.0465961,
0.00368815,0.000337842,0.000151898,-0.000938936,-0.00101889,0.000238313,-1.36899e-05,0.000337842,0.000938887,0.000821875,0.000626882,-0.000970139,0.000478146,-3.35029e-05,0.000151898,0.000821875,0.0039683,0.000675267,-0.00193113,-0.00111286,-5.41194e-05,-0.000938936,0.000626882,0.000675267,0.00267795,0.00150035,0.00172759,-5.9056e-05,-0.00101889,-0.000970139,-0.00193113,0.00150035,0.0278533,0.00149328,-0.000148876,0.000238313,0.000478146,-0.00111286,0.00172759,0.00149328,0.0264005,3.32784e-05,-1.36898e-05,-3.35029e-05,-5.41194e-05,-5.9056e-05,-0.000148876,3.32784e-05,0.0465959,
0.00369711,0.000341171,0.000148614,-0.000933138,-0.00102352,0.000232864,-1.41925e-05,0.000341171,0.000940689,0.000822646,0.000629154,-0.000969395,0.000477689,-3.36607e-05,0.000148614,0.000822646,0.00396373,0.000677582,-0.00192935,-0.00112012,-5.43576e-05,-0.000933138,0.000629154,0.000677582,0.00267666,0.00149908,0.00172697,-5.93256e-05,-0.00102352,-0.000969395,-0.00192935,0.00149908,0.0278632,0.00149535,-0.000152547,0.000232864,0.000477689,-0.00112012,0.00172697,0.00149535,0.0264026,3.42948e-05,-1.41925e-05,-3.36606e-05,-5.43576e-05,-5.93256e-05,-0.000152547,3.42949e-05,0.0465958,
0.00370601,0.000344489,0.000145286,-0.000927326,-0.00102813,0.000227356,-1.46935e-05,0.000344489,0.000942488,0.000823392,0.000631428,-0.000968654,0.000477207,-3.38188e-05,0.000145286,0.000823392,0.00395916,0.000679877,-0.00192756,-0.00112736,-5.45911e-05,-0.000927326,0.000631428,0.000679877,0.00267539,0.00149778,0.00172632,-5.95957e-05,-0.00102813,-0.000968654,-0.00192756,0.00149778,0.0278731,0.00149743,-0.000156206,0.000227356,0.000477207,-0.00112736,0.00172632,0.00149743,0.0264047,3.53136e-05,-1.46935e-05,-3.38188e-05,-5.45911e-05,-5.95957e-05,-0.000156206,3.53136e-05,0.0465957,
0.00371483,0.000347794,0.000141917,-0.000921501,-0.00103272,0.000221789,-1.51929e-05,0.000347794,0.000944284,0.000824113,0.000633705,-0.000967913,0.000476701,-3.39773e-05,0.000141917,0.000824113,0.0039546,0.000682152,-0.00192577,-0.00113457,-5.48198e-05,-0.000921501,0.000633705,0.000682152,0.00267414,0.00149646,0.00172563,-5.98664e-05,-0.00103272,-0.000967913,-0.00192577,0.00149646,0.027883,0.00149952,-0.000159852,0.000221789,0.000476701,-0.00113457,0.00172563,0.00149952,0.0264069,3.63347e-05,-1.51928e-05,-3.39773e-05,-5.48198e-05,-5.98663e-05,-0.000159852,3.63347e-05,0.0465956,
